,0,1,2,3,4,5,6,7,8,9,10,11,12,13,14,15,16,17,18,19,20,21,22,23,24,25,26,27,28,29,30,31,32,33,34,35,36,37,38,39,40,41,42,43,44,45,46,47,48,49,50,51,52,53,54,55,56,57,58,59,60,61,62,63,64,65,66,67,68,69,70,71,72,73,74,75,76,77,78,79,80,81,82,83,84,85,86,87,88,89,90,91,92,93,94,95,96,97,98,99,100,101,102,103,104,105,106,107,108,109,110,111,112,113,114,115,116,117,118,119,120,121,122,123,124,125,126,127,128,129,130,131,132,133,134,135,136,137,138,139,140,141,142,143,144,145,146,147,148,149,150,151,152,153,154,155,156,157,158,159,160,161,162,163,164,165,166,167,168,169,170,171,172,173,174,175,176,177,178,179,180,181,182,183,184,185,186,187,188,189,190,191,192,193,194,195,196,197,198,199,200,201,202,203,204,205,206,207,208,209,210,211,212,213,214,215,216,217,218,219,220,221,222,223,224,225,226,227,228,229,230,231,232,233,234,235,236,237,238,239,240,241,242,243,244,245,246,247,248,249,250,251,252,253,254,255,256,257,258,259,260,261,262,263,264,265,266,267,268,269,270,271,272,273,274,275,276,277,278,279,280,281,282,283,284,285,286,287,288,289,290,291,292,293,294,295,296,297,298,299,300,301,302,303,304,305,306,307,308,309,310,311,312,313,314,315,316,317,318,319,320,321,322,323,324,325,326,327,328,329,330,331,332,333,334,335,336,337,338,339,340,341,342,343,344,345,346,347,348,349,350,351,352,353,354,355,356,357,358,359,360,361,362,363,364,365,366,367,368,369,370,371,372,373,374,375,376,377,378,379,380,381,382,383,384,385,386,387,388,389,390,391,392,393,394,395,396,397,398,399,400,401,402,403,404,405,406,407,408,409,410,411,412,413,414,415,416,417,418,419,420,421,422,423,424,425,426,427,428,429,430,431,432,433,434,435,436,437,438,439,440,441,442,443,444,445,446,447,448,449,450,451,452,453,454,455,456,457,458,459,460,461,462,463,464,465,466,467,468,469,470,471,472,473,474,475,476,477,478,479,480,481,482,483,484,485,486,487,488,489,490,491,492,493,494,495,496,497,498,499,500,501,502,503,504,505,506,507,508,509,510,511,512,513,514,515,516,517,518,519,520,521,522,523,524,525,526,527,528,529,530,531,532,533,534,535,536,537,538,539,540,541,542,543,544,545,546,547,548,549,550,551,552,553,554,555,556,557,558,559,560,561,562,563,564,565,566,567,568,569,570,571,572,573,574,575,576,577,578,579,580,581,582,583,584,585,586,587,588,589,590,591,592,593,594,595,596,597,598,599,600,601,602,603,604,605,606,607,608,609,610,611,612,613,614,615,616,617,618,619,620,621,622,623,624,625,626,627,628,629,630,631,632,633,634,635,636,637,638,639,640,641,642,643,644,645,646,647,648,649,650,651,652,653,654,655,656,657,658,659,660,661,662,663,664,665,666,667,668,669,670,671,672,673,674,675,676,677,678,679,680,681,682,683,684,685,686,687,688,689,690,691,692,693,694,695,696,697,698,699,700,701,702,703,704,705,706,707,708,709,710,711,712,713,714,715,716,717,718,719,720,721,722,723,724,725,726,727,728,729,730,731,732,733,734,735,736,737,738,739,740,741,742,743,744,745,746,747,748,749,750,751,752,753,754,755,756,757,758,759,760,761,762,763,764,765,766,767,768,769,770,771,772,773,774,775,776,777,778,779,780,781,782,783,784,785,786,787,788,789,790,791,792,793,794,795,796,797,798,799,800,801,802,803,804,805,806,807,808,809,810,811,812,813,814,815,816,817,818,819,820,821,822,823,824,825,826,827,828,829,830,831,832,833,834,835,836,837,838,839,840,841,842,843,844,845,846,847,848,849,850,851,852,853,854,855,856,857,858,859,860,861,862,863,864,865,866,867,868,869,870,871,872,873,874,875,876,877,878,879,880,881,882,883,884,885,886,887,888,889,890,891,892,893,894,895,896,897,898,899,900
0,0.11134401708841324,0.03647176921367645,0.0,0.0,0.0,0.0,0.17191481590270996,0.07056143879890442,0.0,0.14149805903434753,0.20300723612308502,0.03349851071834564,0.0,0.19250436127185822,0.3503038287162781,0.021290471777319908,0.0009642578661441803,0.2556535005569458,0.1121664047241211,0.0,0.039822109043598175,0.06129957735538483,0.0,0.5820100903511047,0.20658603310585022,0.0,0.0,0.43088868260383606,0.013500324450433254,0.010893180966377258,0.0,0.2844684422016144,0.0001321898598689586,0.13115717470645905,0.0,0.0,0.0,0.04849565774202347,0.32425594329833984,0.2276691347360611,0.16044993698596954,0.029913097620010376,0.10288923233747482,0.0,0.1580210030078888,0.0,0.2971082031726837,0.006088886875659227,0.0,0.2528356909751892,0.0,0.015278611332178116,0.722912609577179,0.0,0.0,0.19318000972270966,0.001937571563757956,0.6003533601760864,0.10417098551988602,0.04395179823040962,0.0,0.1032523438334465,0.1474563628435135,0.1558137685060501,0.0,0.0,0.0,0.7173817753791809,0.18132056295871735,0.08879882842302322,0.0,0.005019551608711481,0.11362045258283615,0.6121194362640381,0.0,0.03684977814555168,0.354778915643692,0.007953540422022343,0.0,0.0,0.18664458394050598,0.005199391394853592,0.0843380019068718,0.1856423318386078,0.5455053448677063,0.027331914752721786,0.0,0.26064416766166687,0.5308283567428589,0.1357373744249344,0.03862462937831879,0.39824873208999634,0.017414061352610588,0.060927681624889374,0.013028864748775959,0.13163794577121735,0.19219300150871277,0.0,0.0,0.013101966120302677,0.398832231760025,0.1724168360233307,0.0,0.521311342716217,0.03561054542660713,0.0,0.0034319923724979162,0.48372989892959595,0.013260476291179657,0.0,0.2968652844429016,0.024102887138724327,0.0002660834288690239,0.2661992609500885,0.0963263213634491,0.011067231185734272,0.04465872421860695,0.40434667468070984,0.0,0.027406880632042885,0.1947300285100937,0.21155321598052979,0.006892366334795952,0.0,0.17051778733730316,0.06107572093605995,0.0,0.0,0.2527128756046295,0.0,0.004267246928066015,0.11830674111843109,0.0,0.030277298763394356,0.007201485335826874,0.19052177667617798,0.07515481114387512,0.0,0.08809475600719452,0.0,0.0,0.0,0.0,0.0,0.03181629255414009,0.05150219798088074,0.04751049727201462,0.0,0.0,0.0,0.0,0.006499860901385546,0.007400515954941511,0.0,0.002901093102991581,0.16651690006256104,0.05023684352636337,0.0,0.0,0.004277663305401802,0.012171633541584015,0.008930547162890434,0.07610659301280975,0.002223402261734009,0.006403806619346142,0.10458870232105255,0.003244836116209626,0.0,0.1269545555114746,0.003013682784512639,0.07920712977647781,0.06595709919929504,0.0,0.0,0.1787603199481964,0.32325008511543274,0.0,0.0,0.2471953183412552,0.0004856702289544046,0.09861825406551361,0.0032379503827542067,0.04427728429436684,0.016017181798815727,0.024699527770280838,0.04825865104794502,0.14504191279411316,0.0,0.0,0.0,0.0,0.42152026295661926,0.1882982850074768,0.0,0.0936059057712555,0.18610528111457825,0.0,0.11202772706747055,0.49552884697914124,0.0,0.16329015791416168,0.0,0.0,0.013474092818796635,0.0,0.0,0.012575368396937847,0.8687257766723633,0.28520017862319946,0.0,0.22977082431316376,0.21489045023918152,0.0,0.0,0.27667680382728577,0.048823654651641846,0.05786345526576042,0.0,0.0,0.05726166442036629,0.0,0.11410529166460037,0.37206602096557617,0.0,0.1445809155702591,0.0013328945497050881,0.35336393117904663,0.262187659740448,0.07629036903381348,0.35088497400283813,0.06086321547627449,0.21863099932670593,0.2760104238986969,0.0065058087930083275,0.1575356125831604,0.0,0.0,0.0,0.0,0.014347326941788197,0.0,0.0,0.015094412490725517,0.005324672441929579,0.2736263573169708,0.11848185211420059,0.029433760792016983,0.0,0.0,0.0,0.0,0.6440237164497375,0.0,0.0,0.004623372573405504,0.0,0.0,0.0,0.03236476704478264,0.0,0.0,0.11239078640937805,0.14353090524673462,0.0,0.0,0.8146477937698364,0.0026972044724971056,0.1360054910182953,0.03697935491800308,0.0,0.0,0.127252459526062,0.2309778481721878,0.0,0.1716720163822174,0.0,0.03360705450177193,0.0,0.22845908999443054,0.0,0.2540074586868286,0.0,0.0,0.42641502618789673,0.014872067607939243,0.13736648857593536,0.0,0.0,0.2812066674232483,0.0336177833378315,0.04287974163889885,0.0,0.0,0.5031542778015137,0.3068658709526062,0.0,0.036804843693971634,0.6712118983268738,0.18047769367694855,0.040350526571273804,0.0,0.0718313679099083,0.018015746027231216,0.0,0.0,0.0,0.27275359630584717,0.1484372317790985,0.0,0.04810498282313347,0.23883986473083496,0.08213353902101517,0.0,0.3438971936702728,0.05982000008225441,0.011388599872589111,0.028157232329249382,0.07750417292118073,0.05924059823155403,0.0,0.002380573423579335,0.1660003364086151,0.0,0.43671858310699463,0.0969560369849205,0.0004222821444272995,0.0,0.4044864773750305,0.0,0.061714231967926025,0.0,0.23739129304885864,0.0,0.3317923843860626,0.0,0.012111199088394642,0.10466913878917694,0.04430151730775833,0.03414890542626381,0.34039628505706787,0.0021153967827558517,0.04705500602722168,0.21547701954841614,0.03313590586185455,0.2593705654144287,0.0,0.2605705261230469,0.0,0.0,0.007680184207856655,0.014085175469517708,0.0,0.4680076837539673,0.0,0.0,0.21748021245002747,0.0,0.60603928565979,0.020715897902846336,0.0,0.0,0.3038233518600464,0.07953238487243652,0.07468600571155548,0.0,0.0,0.0,0.45460745692253113,0.06094856187701225,0.07827237993478775,0.0,0.0,0.1453871876001358,0.5115773677825928,0.0,0.13626709580421448,0.08127165585756302,0.001099820714443922,0.0,0.23603108525276184,0.08673365414142609,0.0,0.0,0.2766192555427551,0.1743638515472412,0.0566718652844429,0.0,0.12071898579597473,0.5774126052856445,0.19518035650253296,0.02300511673092842,0.25596287846565247,0.06499116867780685,0.0,0.01682307943701744,0.005121075548231602,0.31888657808303833,0.0,0.0,0.057738326489925385,0.1272357851266861,0.17527979612350464,0.0,0.3455555737018585,0.23426182568073273,0.0,0.006296487059444189,0.1500864326953888,0.0,0.0,0.2169247418642044,0.075194351375103,0.0008769985288381577,0.12476226687431335,0.0,0.0,0.050379134714603424,0.06835015118122101,0.0,0.0,0.19863377511501312,0.03713062405586243,0.0019576363265514374,0.01824670098721981,0.08958455175161362,0.3599623143672943,0.0,0.0,0.09352298825979233,0.0,0.0,0.12442252039909363,0.0,0.058977313339710236,0.00037275534123182297,0.0,0.003391912905499339,0.0,0.17401908338069916,0.00017512543126940727,0.0,0.0,0.0,0.0,0.012215862981975079,0.03597531467676163,0.0,0.014968039467930794,0.32988476753234863,0.007807489484548569,0.0,0.0,0.010811915621161461,0.0,0.0,0.0,0.026828959584236145,0.028103286400437355,0.0,0.0,0.0,0.0,0.11636733263731003,0.0,0.10042742639780045,0.11306113749742508,0.0,0.0,0.08137521892786026,0.0,0.0031723137944936752,0.0068951016291975975,0.02660832181572914,0.0,0.01646443083882332,0.11741676181554794,0.0,0.0,0.23626336455345154,0.058516088873147964,0.015859682112932205,0.0,0.09229208528995514,0.0,0.0382094569504261,0.016981543973088264,0.1646217405796051,0.0,0.0,0.0,0.0,0.20850582420825958,0.26482605934143066,0.0,0.12287725508213043,0.016954101622104645,0.12109429389238358,0.05967216193675995,0.33016467094421387,0.0,0.05029129981994629,0.0,0.006418854463845491,0.03462160751223564,0.0,0.0,0.025000300258398056,0.06415598839521408,0.09579421579837799,0.00025176769122481346,0.13698385655879974,0.31837087869644165,0.0,0.0017071757465600967,0.22953689098358154,0.10200367867946625,0.16366511583328247,0.0,0.0,0.22016337513923645,0.0,0.010801752097904682,0.05580870434641838,0.0,0.13287918269634247,0.0,0.02135327458381653,0.027810702100396156,0.08158235251903534,0.29202699661254883,0.0,0.0,0.1307883858680725,0.022524086758494377,0.34814223647117615,0.03767762333154678,0.0,0.0,0.015569942072033882,0.010074217803776264,0.0,0.0,0.005402669310569763,0.09957554936408997,0.1258181780576706,0.01557752676308155,0.08796361833810806,0.0,0.0,0.0,0.0,0.4819853901863098,0.0,0.0,0.0,0.0,0.0,0.014751162379980087,0.010422985069453716,0.0,0.019477246329188347,0.07646943628787994,0.03518082946538925,0.0046099768951535225,0.0,0.6674237251281738,9.071826934814453e-05,0.10810166597366333,0.11234479397535324,0.0,0.0,0.0782475620508194,0.22346803545951843,0.0,0.08553983271121979,0.13421198725700378,0.18070892989635468,0.0,0.0296291783452034,0.0,0.08457081764936447,0.0910295620560646,0.0014741243794560432,0.20309726893901825,2.7766101993620396e-05,0.18787220120429993,0.0,0.0,0.449084997177124,0.285952627658844,0.01666386052966118,0.0,0.0,0.25322893261909485,0.3359697461128235,0.0,0.34385913610458374,0.38525599241256714,0.043353121727705,0.0,0.0398072749376297,0.034870535135269165,0.0,0.0,0.0,0.0,0.2328173816204071,0.16796612739562988,0.002884856192395091,0.07479100674390793,0.23001757264137268,0.09493361413478851,0.0,0.3326025605201721,0.2827039062976837,0.009532664902508259,0.01365499384701252,0.17691758275032043,0.04445074498653412,0.0,0.024846885353326797,0.13779421150684357,0.0,0.5261284112930298,0.12364239990711212,0.0,0.0,0.5256996154785156,0.005368051119148731,0.01760377362370491,0.0,0.3347969055175781,0.0,0.2340989112854004,0.0,0.033869653940200806,0.0,0.027369609102606773,0.21505361795425415,0.3302082419395447,0.12497804313898087,0.11579835414886475,0.13564766943454742,0.005529489833861589,0.2971869111061096,0.0,0.29195812344551086,0.0,0.0,0.11725592613220215,0.0,0.005223729647696018,0.6914884448051453,0.0,0.0,0.24730657041072845,0.0,0.6946802139282227,0.056183770298957825,0.03239356726408005,0.0,0.23806826770305634,0.15103210508823395,0.14572882652282715,0.0,0.0,0.0,0.6576535105705261,0.1714693009853363,0.1061902642250061,0.0,0.0,0.09284927695989609,0.5767820477485657,0.0,0.1724192202091217,0.24047434329986572,0.002880577463656664,0.0,0.04853621870279312,0.10569022595882416,0.0,0.03725603222846985,0.24358278512954712,0.385345458984375,0.020963303744792938,0.0,0.24608230590820312,0.532386839389801,0.13640089333057404,0.016415175050497055,0.37216731905937195,0.016857527196407318,0.014387916773557663,0.03139654919505119,0.09167152643203735,0.30389440059661865,0.0,0.0,0.11474443972110748,0.24474695324897766,0.17537660896778107,0.0,0.29598483443260193,0.14338724315166473,0.002759456867352128,0.0,0.2626519203186035,0.01311500184237957,0.0,0.2968776822090149,0.011196097359061241,0.0,0.2149387001991272,0.05962749943137169,0.0,0.04141480475664139,0.2393203228712082,0.0,0.0020477711223065853,0.3049910068511963,0.12703830003738403,0.00034684687852859497,0.0,0.19774523377418518,0.17650175094604492,0.0,0.0,0.2110373079776764,0.0,0.0,0.1106070876121521,0.0,0.012993032112717628,0.01625961810350418,0.096315898001194,0.022580774500966072,0.0,0.08974742889404297,0.0093535752967,0.0,0.0,0.0,0.0,0.014231905341148376,0.02197151444852352,0.03319989889860153,0.0,0.012674336321651936,0.0,0.0,0.012672916054725647,0.0,0.0,0.0,0.056387580931186676,0.11017387360334396,0.0,0.0017232461832463741,0.005771854892373085,0.011496376246213913,0.0,0.058934517204761505,0.0,0.07837033271789551,0.1467820703983307,0.001866008504293859,0.0,0.11316899955272675,0.0,0.01887047104537487,0.04372803121805191,0.0,0.0,0.11928944289684296,0.2148360013961792,0.0,0.0,0.2356787770986557,0.0015658829361200333,0.040066272020339966,0.001938252942636609,0.02073056437075138,0.00897878035902977,0.005905603989958763,0.05634761229157448,0.1731240153312683,0.0,0.0,0.0,0.0,0.3653721511363983,0.20618969202041626,0.0,0.12284629046916962,0.08434127271175385,0.013598529621958733,0.06242843344807625,0.4159911274909973,0.0,0.08810906112194061,0.0,0.0004086566623300314,0.017229799181222916,0.0,0.0,0.0025158384814858437,0.5329347848892212,0.22813454270362854,0.0,0.26653602719306946,0.23473204672336578,0.0,0.0,0.34525734186172485,0.02261446788907051,0.09880988299846649,0.0,0.0,0.14731699228286743,0.003040572628378868,0.09093479067087173,0.21173864603042603,0.0,0.08662836998701096,0.0,0.18290962278842926,0.17798948287963867,0.11753473430871964,0.3451584279537201,0.04670530930161476,0.12425509095191956,0.18421724438667297,0.02679366245865822,0.3576786518096924,0.0006106209475547075,0.0,0.0,0.003117891028523445,0.0068742865696549416,0.0,0.0,0.016588851809501648,0.0173355583101511,0.21372970938682556,0.11071033030748367,0.009503464214503765,0.0,0.0,0.0,0.0,0.6294865608215332,0.0,0.0,0.003589021973311901,0.0,0.0,0.0,0.010881511494517326,0.0,0.0,0.1025165542960167,0.07930094748735428,0.002812869381159544,0.0,0.8005109429359436,0.0023594885133206844,0.09005764126777649,0.025494378060102463,0.0,0.0,0.09340322762727737,0.3188459575176239,0.0,0.1950685679912567,0.0571364164352417,0.06515680998563766,0.0,0.14210830628871918,0.0,0.17292463779449463,0.0055654048919677734,0.0,0.31885024905204773,0.01382533274590969,0.15994389355182648,0.0,0.0,0.41995155811309814,0.1923876404762268,0.016423434019088745,0.0,0.0,0.35871005058288574,0.31905269622802734,0.0,0.1419432908296585,0.5405779480934143,0.11390801519155502,0.008980046026408672,1.330017328262329
1,0.08120213449001312,0.1303044557571411,0.05614428594708443,0.0,0.0,0.0,0.4657604694366455,0.08160395920276642,0.0,0.00893077626824379,0.05371366813778877,0.005408296827226877,0.0,0.31616899371147156,0.0,0.0762060359120369,0.023982413113117218,0.0,0.0,0.0,0.0,0.048933543264865875,0.0,0.33606788516044617,0.018604183569550514,0.0,0.0,0.4859839379787445,0.003901021322235465,0.09569519013166428,0.08327259123325348,0.28170046210289,0.0,0.28129372000694275,0.05252150446176529,0.07941029220819473,0.04895946756005287,0.2457580864429474,0.01459022518247366,0.12646321952342987,0.0290630254894495,0.1579252928495407,0.09229430556297302,0.10650097578763962,0.2649237811565399,0.10685159265995026,0.24489863216876984,0.015249825082719326,0.0,0.079450324177742,0.07814570516347885,0.0,0.17641587555408478,0.011969591490924358,0.02249750867486,0.00258762389421463,0.19156889617443085,0.6275901198387146,0.15899594128131866,0.06053537875413895,0.0,0.09595711529254913,0.09278234094381332,0.0,0.0,0.0016510207206010818,0.0,0.02643250860273838,0.14876008033752441,0.1176595464348793,0.021569736301898956,0.0,0.15344731509685516,0.09905482083559036,0.024313820526003838,0.04224366322159767,0.0022109299898147583,0.0960937961935997,0.0,0.12524724006652832,0.009819984436035156,0.0851726084947586,0.0,0.1525096446275711,0.04185156896710396,0.010015621781349182,0.05855005979537964,0.2139759510755539,0.3658679723739624,0.35693150758743286,0.04692491888999939,0.0,0.027036001905798912,0.07493535429239273,0.0017390616703778505,0.011998635716736317,0.4661988317966461,0.0,0.0,0.00020403116650413722,0.0,0.2859749495983124,0.0,0.2993674576282501,0.33247002959251404,0.14678405225276947,0.04184485971927643,0.01421617902815342,0.01534201204776764,0.0,0.0038635660894215107,0.06860636919736862,0.04346666485071182,0.17835476994514465,0.02248631976544857,0.0,0.03580044209957123,0.0,0.06682675331830978,0.005717145744711161,0.0,0.03592634201049805,0.013540834188461304,0.00432470440864563,0.0,0.3360396921634674,0.0,0.0,0.0,0.011448300443589687,0.0,0.12430936098098755,0.009467394091188908,0.005269590299576521,0.017151964828372,0.06783848255872726,0.0,0.0,0.08215072005987167,0.004887905903160572,0.0,0.0,0.017149480059742928,0.0,0.15547490119934082,0.0,0.019313856959342957,0.0,0.03935524821281433,0.00317838485352695,0.041736673563718796,0.19729216396808624,0.10070152580738068,0.0,0.0,0.23633182048797607,0.013459390960633755,0.0,0.02757866680622101,0.02972792647778988,0.2613396942615509,0.1305529922246933,0.02036074735224247,0.0,0.12192290276288986,0.09541302174329758,0.0023180998396128416,0.12332741171121597,0.0,0.0,0.0,0.0,0.03177539259195328,0.014760809950530529,0.12408708781003952,0.12142997235059738,0.003929405938833952,0.11349055916070938,0.03281562402844429,0.02858777716755867,0.0071045816875994205,0.0,0.2538747489452362,0.0,0.0,0.11947806924581528,0.23713140189647675,0.0,0.07387560606002808,0.0,0.0,0.01841636747121811,0.09041149914264679,0.0003650309517979622,0.19290977716445923,0.14959712326526642,0.035637300461530685,0.1977800875902176,0.012557456269860268,0.0073917158879339695,0.0898975282907486,0.0,0.02048194408416748,0.028229687362909317,0.0,0.0,0.0,0.0,0.0,0.040967874228954315,0.03307187184691429,0.31902021169662476,0.015229100361466408,0.21342897415161133,0.014648223295807838,0.04423965886235237,0.337442010641098,0.002534981817007065,0.02206924930214882,0.2408500760793686,0.0,0.02603243850171566,0.0,0.0,0.01418642420321703,0.0,0.03804829344153404,0.0015783228445798159,0.25969117879867554,0.0347227118909359,0.01027507334947586,0.0,0.33571165800094604,0.09664485603570938,0.09475000202655792,0.07593008130788803,0.015383817255496979,0.0,0.04559536650776863,0.051946382969617844,0.017387060448527336,0.0,0.0,0.3693423271179199,0.0,0.023310484364628792,0.06271734088659286,0.0,0.0,0.0,0.0,0.2725619375705719,0.0,0.0,0.004104651510715485,0.09570030868053436,0.0,0.06033584475517273,0.046977318823337555,0.001778542879037559,0.1484697461128235,0.0,0.0,0.17775216698646545,0.10696136951446533,0.19870944321155548,0.08497017621994019,0.0,0.16998045146465302,0.005583915859460831,0.0,0.07512134313583374,0.004493981134146452,0.0,0.35937753319740295,0.4346179962158203,0.21493013203144073,0.01654529944062233,0.0,0.0,0.0,0.0010078269988298416,0.031332727521657944,0.025586146861314774,0.04807702824473381,0.33628615736961365,0.0,0.0192159004509449,0.2949715852737427,0.1516961306333542,0.014058979228138924,0.0,0.0,0.0,0.25324681401252747,0.0,0.45099517703056335,0.06970153003931046,0.0026036840863525867,0.02218029461801052,0.0061040217988193035,0.06880408525466919,0.03536578640341759,0.0,0.0,0.0,0.38780492544174194,0.1197165697813034,0.0,0.037508003413677216,0.0989476814866066,0.038345493376255035,0.0,0.3549444079399109,0.0,0.010442896746098995,0.03110593929886818,0.0,0.017921235412359238,0.0,0.0,0.12734220921993256,0.0,0.26567530632019043,0.060257814824581146,0.004238154739141464,0.0,0.43624138832092285,0.0,0.05555219575762749,0.0,0.25408488512039185,0.0,0.3310168981552124,0.014484088867902756,0.04183720052242279,0.11549732089042664,0.08893012255430222,0.0008634947007521987,0.2331138700246811,0.012251738458871841,0.1367436945438385,0.10559754818677902,0.05391998589038849,0.21893440186977386,0.0023542249109596014,0.28774502873420715,0.0,0.0,0.0390886627137661,0.0347495898604393,0.0,0.2516728341579437,0.0,0.0,0.03227931261062622,0.027715671807527542,0.6574223637580872,0.09216894954442978,0.022818010300397873,0.0,0.30619174242019653,0.1149662509560585,0.0,0.0,0.0006019067368470132,0.0,0.13910387456417084,0.0604010745882988,0.13013148307800293,0.0,0.0,0.19044454395771027,0.2438884675502777,0.011499328538775444,0.09304179251194,0.015279917046427727,0.02995450235903263,0.0,0.2654597759246826,0.061622001230716705,0.0,0.0,0.24329522252082825,0.03231249377131462,0.067192941904068,0.0047441525384783745,0.1709526926279068,0.43928128480911255,0.21904276311397552,0.036556318402290344,0.01682674139738083,0.06547475606203079,0.02170504629611969,0.00616228673607111,0.0,0.3912597596645355,0.0,0.0,0.0,0.0,0.155173659324646,0.0,0.19655488431453705,0.29826802015304565,0.03490891680121422,0.020281072705984116,0.06284711509943008,0.0,0.0,0.02441662922501564,0.10121722519397736,0.025487303733825684,0.1208670511841774,0.0,0.0,0.054783064872026443,0.016851600259542465,0.005510414019227028,0.0,0.0019397186115384102,0.02654799446463585,0.0,0.014069408178329468,0.0,0.3297421932220459,0.0,0.0,0.0,0.0,0.0,0.07833869755268097,0.0,0.04074191302061081,0.0015957769937813282,0.005140172317624092,0.0,0.0,0.21260638535022736,0.025064630433917046,0.0,0.0005513011710718274,0.0,0.0,0.011334110051393509,0.0,0.002112343907356262,0.02691890113055706,0.26221030950546265,0.0,0.01916671358048916,0.000654387753456831,0.011511769145727158,0.0,0.0,0.017419010400772095,0.025748280808329582,0.010655480436980724,0.015295667573809624,0.0,0.0,0.021305276080965996,0.07994918525218964,0.0,0.1852964460849762,0.11069299280643463,0.0,0.011153636500239372,0.009267576038837433,0.0,0.0,0.0,0.018165409564971924,0.0,0.05316299945116043,0.0407886765897274,0.0,0.0024412870407104492,0.07059203088283539,0.07790489494800568,0.0,0.0,0.08876419067382812,0.0,0.017266735434532166,0.05404057726264,0.2415611296892166,0.0,0.0016466537490487099,0.0,0.0,0.041088443249464035,0.25360390543937683,0.0,0.12383871525526047,0.011304434388875961,0.1350174844264984,0.07054778933525085,0.1372537910938263,0.0,0.024835286661982536,0.0,0.03753321245312691,0.025175828486680984,0.0,0.0,0.017825089395046234,0.0,0.0,0.014215787872672081,0.08739546686410904,0.2943885326385498,0.0,0.11430039256811142,0.021238163113594055,0.10470309108495712,0.339995801448822,0.0,0.0,0.1982286423444748,0.0,0.01071952749043703,0.0,0.0,0.09740602970123291,0.0,0.011751427315175533,0.0,0.15634271502494812,0.08540341258049011,0.0,0.0,0.14748695492744446,0.09395583719015121,0.25663721561431885,0.07406147569417953,0.0,0.0,0.020387625321745872,0.01538551039993763,0.0,0.00719385826960206,0.0,0.16996608674526215,0.026659458875656128,0.0,0.07360130548477173,0.0,0.0,0.0,0.0,0.32359611988067627,0.0,0.0,0.0,0.010584025643765926,0.0,0.011825509369373322,0.03790057450532913,0.0,0.04889298975467682,0.0,0.013431636616587639,0.039945073425769806,0.0,0.34531912207603455,0.018624737858772278,0.020474392920732498,0.14828287065029144,0.0,0.0,0.0892474427819252,0.09451217949390411,0.0,0.21196463704109192,0.35531309247016907,0.2530839443206787,0.0,0.0,0.0,0.0,0.068316251039505,0.01290583610534668,0.05122509226202965,0.03257610648870468,0.22381067276000977,0.0013890471309423447,0.0,0.3367077112197876,0.2896602153778076,0.0205904059112072,0.0,0.0,0.0071034301072359085,0.2525218725204468,0.0,0.4131990075111389,0.16086408495903015,0.014720653183758259,0.0,0.040539152920246124,0.07508549094200134,0.01695437915623188,0.0,0.0,0.0,0.4614294767379761,0.1083797961473465,0.0,0.029397500678896904,0.03498260676860809,0.04371669515967369,0.0,0.39569413661956787,0.0,0.037192583084106445,0.05812700837850571,0.0,0.0,0.0,0.0,0.08607722818851471,0.003996903542429209,0.28495898842811584,0.021602554246783257,0.0007961291703395545,0.0,0.5625658631324768,0.0010022278875112534,0.037937361747026443,0.04345642775297165,0.3474937379360199,0.0,0.30191770195961,0.012054556980729103,0.11637319624423981,0.019133446738123894,0.15146321058273315,0.0006508406950160861,0.20007164776325226,0.037973977625370026,0.25944334268569946,0.07199429720640182,0.13730144500732422,0.304132342338562,0.05916557088494301,0.3761405050754547,0.005972167942672968,0.0,0.03586915507912636,0.07963775098323822,0.0,0.2926744520664215,0.0029921126551926136,0.0031199201475828886,0.012561780400574207,0.10824534296989441,0.7818077206611633,0.13265058398246765,0.09335446357727051,0.0,0.2110186219215393,0.1611359566450119,0.0,0.0,0.012894408777356148,0.0,0.03604383021593094,0.1804690659046173,0.17605233192443848,0.012038334272801876,0.0,0.13509318232536316,0.21903733909130096,0.023324457928538322,0.16685836017131805,0.007834888994693756,0.05908554419875145,0.0,0.16454072296619415,0.012001986615359783,0.020994151011109352,0.0,0.2193276435136795,0.0019738550763577223,0.011496436782181263,0.03570347651839256,0.2873344123363495,0.31079405546188354,0.27539190649986267,0.02149283140897751,0.0,0.029288694262504578,0.06808687001466751,0.0370180681347847,0.026504304260015488,0.5215118527412415,0.0,0.003511738730594516,0.0547235906124115,0.0,0.18802286684513092,0.0,0.1457912176847458,0.36350083351135254,0.06210369989275932,0.03859761729836464,0.00788130797445774,0.012032403610646725,0.0,0.004382483195513487,0.05886794626712799,0.02392486482858658,0.1823577880859375,0.015869835391640663,0.0,0.03810238093137741,0.0,0.040518324822187424,0.0,0.02565915696322918,0.0485096350312233,0.008103334344923496,0.005243188235908747,0.0005713595892302692,0.25646400451660156,0.0012216957984492183,0.0,0.0,0.0,0.0,0.08205900341272354,0.002266055904328823,0.0024629468098282814,0.008757167495787144,0.07161281257867813,0.0,0.0,0.11939059942960739,0.0769120529294014,0.0,0.0020388388074934483,0.006634171586483717,0.0,0.06315158307552338,0.0,0.019361022859811783,0.0,0.009020970202982426,0.0,0.03233262896537781,0.07551777362823486,0.05921749398112297,0.0,0.0,0.12120310217142105,0.06835942715406418,0.0,0.021078679710626602,0.026331499218940735,0.10668816417455673,0.10927263647317886,0.017172595486044884,0.0,0.2059401273727417,0.15671439468860626,0.000732799235265702,0.08309701830148697,0.0,0.0,0.0007838492747396231,0.0,0.031067010015249252,0.0027595998253673315,0.14484544098377228,0.07698428630828857,0.0,0.0635894313454628,0.0396282896399498,0.021292420104146004,0.002617135178297758,0.0,0.15465205907821655,0.0032039538491517305,0.0,0.18987604975700378,0.29731521010398865,0.0,0.03705902025103569,0.0,0.0,0.002230053534731269,0.15014171600341797,0.0,0.2091560959815979,0.05260920152068138,0.03181839734315872,0.10119520872831345,0.0,0.0,0.047025684267282486,0.0,0.05648839473724365,0.018629329279065132,0.0,0.0,0.0,0.0,0.0,0.0015829389449208975,0.13563211262226105,0.33305370807647705,0.008637386374175549,0.16014060378074646,0.037316013127565384,0.04944659397006035,0.3631542921066284,0.0,0.005470936186611652,0.2010180652141571,0.0,0.043395817279815674,0.0,0.0,0.01494781207293272,0.0,0.031180640682578087,0.0,0.31787458062171936,0.0037536744493991137,0.0066871922463178635,0.0008081300766207278,0.2274455726146698,0.10682458430528641,0.30207696557044983,0.11320940405130386,0.000429244595579803,0.0038622994907200336,0.041398849338293076,0.01630755327641964,0.005541143007576466,0.0,0.0,0.2299136072397232,0.0,0.0025367196649312973,0.018774479627609253,0.0,0.0,0.0,0.0,0.3774637281894684,0.0,0.0,0.0,0.06616801768541336,0.0,0.029718967154622078,0.04839550703763962,0.004828644450753927,0.10608860850334167,0.0,0.0,0.11121238768100739,0.059140872210264206,0.26821526885032654,0.04287301376461983,0.0,0.14144083857536316,0.0,0.0,0.08171777427196503,0.0896349623799324,0.0,0.3577430248260498,0.46355703473091125,0.22860285639762878,0.016577979549765587,0.0,0.0019030895782634616,0.0,0.038442306220531464,0.015892794355750084,0.0076927016489207745,0.10118160396814346,0.3391427993774414,0.0,0.005258600693196058,0.3213970959186554,0.30393126606941223,0.01998894102871418,0.0,0.00014001262024976313,0.003664333838969469,0.22894267737865448,0.0,0.414700448513031,0.12700632214546204,0.0013677508104592562,0.0072557576932013035,-0.15005335211753845
2,0.0,0.051973167806863785,0.04251860827207565,0.0,0.0,0.0,0.374125599861145,0.14216656982898712,0.0,0.0040811956860125065,0.09431400895118713,0.017819851636886597,0.0,0.29399585723876953,0.0,0.039432745426893234,0.03681717813014984,0.0,0.0,0.0,0.0,0.1578187495470047,0.0,0.41451725363731384,0.01986616477370262,0.0,0.0,0.48449692130088806,0.0,0.08300506323575974,0.0054086958989501,0.19898410141468048,0.0,0.3540365993976593,0.0194373968988657,0.0721130296587944,0.06405611336231232,0.13096949458122253,0.025078976526856422,0.26948991417884827,0.0,0.1324494332075119,0.09867749363183975,0.08083540201187134,0.3007005453109741,0.0016554880421608686,0.1957714557647705,0.023145906627178192,0.0,0.056970443576574326,0.05095796287059784,0.0,0.16955578327178955,0.0004183888668194413,0.0,0.045961473137140274,0.02872515842318535,0.5510819554328918,0.07492052018642426,0.01114168856292963,0.0,0.25655293464660645,0.03855755925178528,0.0,0.0,0.0,0.0,0.11635904014110565,0.029739145189523697,0.0467229038476944,0.0,0.0,0.15046115219593048,0.19532327353954315,0.0063833752647042274,0.10067253559827805,0.018646208569407463,0.14216896891593933,0.0,0.19709330797195435,0.055219605565071106,0.01228279247879982,0.0,0.17042741179466248,0.11007602512836456,0.025109078735113144,0.0036139762960374355,0.09222759306430817,0.4374137222766876,0.26507556438446045,0.03621470555663109,0.0007431092672049999,0.0431426540017128,0.10100138932466507,0.0032201786525547504,0.0,0.35634124279022217,0.0,0.0,0.04209904000163078,0.0,0.15440671145915985,0.0,0.3538205921649933,0.37624940276145935,0.03539677709341049,0.027875801548361778,0.03694229945540428,0.0,0.0,0.023932084441184998,0.06683731079101562,0.03857230395078659,0.1472746878862381,0.0,0.0,0.017448564991354942,0.013682099059224129,0.025355223566293716,0.006073353346437216,0.03446206450462341,0.009634767659008503,0.0,0.0,0.001365523785352707,0.453683078289032,0.0,0.0,0.0,0.0,0.0,0.06829015165567398,0.0,0.01485480647534132,0.02680688351392746,0.0,0.0,0.0,0.08103808015584946,0.0005295251030474901,0.0,0.0022249852772802114,0.049172986298799515,0.0,0.09714701771736145,0.019205620512366295,0.0,0.019666390493512154,0.22130335867404938,0.0,0.016542360186576843,0.08633645623922348,0.06526223570108414,0.0,0.0,0.01124546118080616,0.016609493643045425,0.0,0.002631234936416149,0.0,0.19052299857139587,0.010351099073886871,0.018687792122364044,0.0,0.1437768191099167,0.0823761597275734,0.0,0.05980518087744713,0.0,0.0,0.0,0.0,0.003995286766439676,0.0,0.0035435683093965054,0.17521341145038605,0.0,0.015063242986798286,0.06885284930467606,0.013816693797707558,0.0037424853071570396,0.0,0.20376841723918915,0.0,0.009998228400945663,0.014962038025259972,0.16113132238388062,0.0,0.0,0.0,0.0,0.043708041310310364,0.146917924284935,0.0,0.11688414216041565,0.0921238511800766,0.03623949736356735,0.20228376984596252,0.11532709747552872,0.0,0.057911910116672516,0.0,0.010865967720746994,0.00974353775382042,0.0,0.0,0.004322890192270279,0.0,0.0,0.0,0.03683800995349884,0.21097195148468018,0.0,0.143644779920578,0.05646635591983795,0.11994148790836334,0.2913605570793152,0.0,0.0,0.31385964155197144,0.0,0.0,0.0,0.0,0.059383608400821686,0.0,0.033296652138233185,0.0024948623031377792,0.12513220310211182,0.149562805891037,0.0,0.0,0.24316763877868652,0.0874001681804657,0.2258383333683014,0.14218159019947052,0.0,0.0,0.04263334721326828,0.012110619805753231,0.0,0.020973414182662964,0.0,0.3544909954071045,0.002842002548277378,0.017507443204522133,0.07326656579971313,0.0,0.0,0.0,0.0,0.30254319310188293,0.0,0.0,0.0,0.05001820623874664,0.0,0.0428989976644516,0.022103480994701385,0.0,0.09038493037223816,0.001189625822007656,0.0,0.09171472489833832,0.0028025973588228226,0.4413549304008484,0.06589047610759735,0.019589312374591827,0.14487068355083466,0.0,0.0,0.06787454336881638,0.04462876170873642,0.0,0.22305046021938324,0.31650078296661377,0.24462813138961792,0.0,0.0,0.0,0.002750006504356861,0.012781224213540554,0.022631794214248657,0.06413773447275162,0.0022484525106847286,0.23865260183811188,0.0,0.008802637457847595,0.44734811782836914,0.2614743411540985,0.02725202776491642,0.0,0.0,0.0,0.30494624376296997,0.0,0.42476630210876465,0.09705168753862381,0.025927359238266945,0.0035884156823158264,0.21135397255420685,0.16368333995342255,0.3006960451602936,0.002022149972617626,0.0,0.0,0.6620597839355469,0.007338314782828093,0.01444399543106556,0.2242066115140915,0.11454814672470093,0.0,0.006280526518821716,0.4398556649684906,0.0,0.009850467555224895,0.01355209480971098,0.0,0.029359210282564163,0.002865022514015436,0.0,0.008065898902714252,0.04125101491808891,0.22342093288898468,0.15631404519081116,0.0,0.0,0.5896819829940796,0.051792412996292114,0.03436441347002983,0.020618952810764313,0.3704442083835602,0.0,0.03597940132021904,0.2675250470638275,0.03427460417151451,0.024952037259936333,0.41178885102272034,0.06738121807575226,0.0063053942285478115,0.45375940203666687,0.1704915314912796,0.24578538537025452,0.06500820815563202,0.14888985455036163,0.37461671233177185,0.365071564912796,0.00728614954277873,0.0,0.08387341350317001,0.049301937222480774,0.024698102846741676,0.33403024077415466,0.0024955717381089926,0.04790530726313591,0.0,0.6341126561164856,1.0662723779678345,0.47533494234085083,0.07243207842111588,0.0,0.0,0.29114994406700134,0.0,0.0,0.030841363593935966,0.003048443468287587,0.11773202568292618,0.39951276779174805,0.3035438358783722,0.2064230740070343,0.0,0.2849150598049164,0.35565266013145447,0.1292908489704132,0.0032504878472536802,0.16454321146011353,0.027914052829146385,0.05700276419520378,0.07382573932409286,0.09183510392904282,0.0,0.004968573804944754,0.16115079820156097,0.15292750298976898,0.036931272596120834,0.006592522840946913,0.4098944365978241,0.4637494683265686,0.23136471211910248,0.1696758270263672,0.17911551892757416,0.13305436074733734,0.19771039485931396,0.0,0.3549935817718506,0.6166591644287109,0.0,0.0038551469333469868,0.0,0.12752480804920197,0.4324106276035309,0.0,0.23713107407093048,0.27916571497917175,0.35417088866233826,0.13047058880329132,0.20352843403816223,0.13989180326461792,0.0,0.011352458968758583,0.10612738132476807,0.127827450633049,0.32633140683174133,0.511719822883606,0.0,0.1708398014307022,0.1291632205247879,0.08304929733276367,0.05834691599011421,0.0,0.5261316299438477,0.21322683990001678,0.0,0.0,0.011463630944490433,0.0,0.28547045588493347,0.019630268216133118,0.0,0.0,0.0010322887683287263,0.3106068968772888,0.07316531985998154,0.054214298725128174,0.3361462354660034,0.0,0.0,0.2943195402622223,0.03190044313669205,0.0,0.0,0.10404369980096817,0.0,0.1476890742778778,0.005969866644591093,0.2932624816894531,0.01536628883332014,0.09134518355131149,0.0,0.0,0.40263253450393677,0.020653344690799713,0.0,0.0,0.8684978485107422,0.075149767100811,0.018069501966238022,0.010028261691331863,0.042474403977394104,0.4163159430027008,0.22669334709644318,0.17270304262638092,0.0,0.07547541707754135,0.1286180317401886,0.0013771954691037536,0.20559315383434296,0.005333349108695984,0.0,0.06609470397233963,0.004401098471134901,0.02549971640110016,0.02965303137898445,0.781672477722168,0.07660334557294846,0.02138376608490944,0.16806825995445251,0.01080312766134739,0.018513699993491173,0.0,0.042925164103507996,0.12901437282562256,0.04174438863992691,0.01700666919350624,0.2911026179790497,0.46161794662475586,0.0,0.521885335445404,0.0,0.0,0.016904396936297417,0.10552322864532471,0.0,0.1781127154827118,0.4355640411376953,0.22152642905712128,0.1534048169851303,0.09620432555675507,0.2731040120124817,0.11747045814990997,0.0,0.09102772921323776,0.3304016590118408,0.0,0.0018539518350735307,0.03087480179965496,0.0,0.0910230204463005,0.21245895326137543,0.09627927094697952,0.4468301832675934,0.000563003879506141,0.39303451776504517,0.05527415871620178,0.0703425481915474,0.5113773345947266,0.018741104751825333,0.09145786613225937,0.12788067758083344,0.005904513876885176,0.3377918004989624,0.1075432226061821,0.1490030288696289,0.05730927735567093,0.0050107515417039394,0.5648149251937866,0.07215465605258942,0.5766286849975586,0.007657333742827177,0.2248346358537674,0.06827103346586227,0.44339719414711,0.17542152106761932,0.024963874369859695,0.1377827674150467,0.23502187430858612,0.0,0.01472224947065115,0.007736827712506056,0.1735798716545105,0.01623666286468506,0.005489659495651722,0.12048237770795822,0.07032069563865662,0.1927460879087448,0.07577567547559738,0.0,0.0,0.0,0.0,0.394935667514801,0.0,0.0,0.07308560609817505,0.49655094742774963,0.0072781117632985115,0.04997655376791954,0.054081499576568604,0.09324093908071518,0.023699847981333733,0.0,0.07982303202152252,0.19840936362743378,0.4267433285713196,0.1031820997595787,0.12373550236225128,0.05542928725481033,0.13857121765613556,0.0,0.0081739891320467,0.17589424550533295,0.0,0.0,0.8221926093101501,0.5827541947364807,0.23567628860473633,0.2619774043560028,0.003103991039097309,0.0,0.04674599692225456,0.08386930078268051,0.060932695865631104,0.17490558326244354,0.23034024238586426,0.47793886065483093,0.006964626256376505,0.06950539350509644,0.08496613800525665,0.092059426009655,0.1277420073747635,0.0,0.005977871362119913,0.05714227631688118,0.0987311527132988,0.03154429420828819,0.3692677915096283,0.1976015567779541,0.12157999724149704,0.06478565186262131,0.1234586238861084,0.09349225461483002,0.12267163395881653,0.005283118225634098,0.0,0.0,0.5399842262268066,0.06900867819786072,0.010662825778126717,0.13566039502620697,0.0915815681219101,0.0024547374341636896,0.0,0.44236987829208374,0.0,0.0033870809711515903,0.04210715740919113,0.010659066028892994,0.009481244720518589,0.013342820107936859,0.0,0.03972123563289642,0.032392557710409164,0.24296392500400543,0.07367483526468277,0.0014110602205619216,0.0,0.618345320224762,0.03195125609636307,0.022311823442578316,0.02893100492656231,0.3549972176551819,0.0,0.11346058547496796,0.1869531124830246,0.08461801707744598,0.0027772088069468737,0.22535893321037292,0.08263425529003143,0.10875716805458069,0.24575132131576538,0.22352756559848785,0.17696744203567505,0.0988316461443901,0.2591635286808014,0.21976852416992188,0.3753798305988312,0.0017671848181635141,0.0,0.07367131859064102,0.02856392413377762,0.018775414675474167,0.40308716893196106,0.004814833868294954,0.012899699620902538,0.023951882496476173,0.40672099590301514,0.9628917574882507,0.3568265438079834,0.08313484489917755,0.0,0.07555566728115082,0.29560011625289917,0.0,0.0,0.04621657356619835,0.0018538254080340266,0.1755947768688202,0.3363993167877197,0.2852293848991394,0.05238144472241402,0.0,0.20116735994815826,0.3536975681781769,0.12063825875520706,0.09424558281898499,0.10627875477075577,0.052215490490198135,0.049618449062108994,0.09085395932197571,0.06925863772630692,0.0,0.016052396968007088,0.20411013066768646,0.1860983520746231,0.018365228548645973,0.0029903727117925882,0.38987165689468384,0.35967257618904114,0.2460472732782364,0.09466280043125153,0.14952729642391205,0.06496541202068329,0.07380257546901703,0.003398294560611248,0.15750367939472198,0.5973167419433594,0.0,0.015715889632701874,0.016501449048519135,0.07679135352373123,0.3740115463733673,0.0,0.21301805973052979,0.2898930311203003,0.27312207221984863,0.0892602950334549,0.1315232813358307,0.0568140484392643,0.0,0.04587087407708168,0.03721242770552635,0.05653509125113487,0.26072239875793457,0.2484217882156372,0.0,0.11540338397026062,0.12280761450529099,0.04068763926625252,0.02740720473229885,0.0018679131753742695,0.26710939407348633,0.1158282458782196,0.0,0.013469504192471504,0.04009530693292618,0.0,0.1007356196641922,0.05487691983580589,0.0031966031529009342,0.0,0.024885328486561775,0.1442015916109085,0.033716149628162384,0.0484616756439209,0.2288646697998047,0.0,0.0,0.2529156506061554,0.04491038993000984,0.0,0.0,0.015080336481332779,0.0,0.08518166095018387,0.0,0.13998708128929138,0.021032696589827538,0.06456370651721954,0.0,0.0,0.2123490571975708,0.022183947265148163,0.0,0.0,0.46386078000068665,0.13381996750831604,0.0,0.019745487719774246,0.010954350233078003,0.26696649193763733,0.1973017007112503,0.08025012165307999,0.0,0.1493351310491562,0.13159418106079102,4.56933157693129e-05,0.10826458781957626,0.03500406816601753,0.0,0.024538055062294006,0.0013851168332621455,0.020474748685956,0.03516439348459244,0.5196424722671509,0.09877417236566544,0.015108652412891388,0.10041861236095428,0.016431214287877083,0.0040977755561470985,0.0,0.022895172238349915,0.1372019499540329,0.02661011926829815,0.008032641373574734,0.25587376952171326,0.4029284417629242,0.0,0.2508385181427002,0.0,0.0,0.03939691558480263,0.12622791528701782,0.0014489422319456935,0.21145954728126526,0.25474855303764343,0.10286381840705872,0.130501389503479,0.1465194672346115,0.1745513528585434,0.05188711732625961,0.0,0.1060313954949379,0.18959951400756836,0.0,0.0016121886437758803,0.00878132414072752,0.002882795874029398,0.10117081552743912,0.13883736729621887,0.1210303008556366,0.38681817054748535,0.003055768785998225,0.24285678565502167,0.0876617580652237,0.07783029973506927,0.42850640416145325,0.01170335989445448,0.04298868775367737,0.15157395601272583,0.0,0.1993808150291443,0.04793082922697067,0.059112828224897385,0.05539175495505333,0.0023324971552938223,0.2634260952472687,0.10258530080318451,0.47428765892982483,0.0708659365773201,0.0875256285071373,0.04017568379640579,0.28468057513237,0.14001289010047913,0.12372558563947678,0.15265750885009766,0.15236853063106537,0.0,0.007699319627135992,0.005444784183055162,0.1126260980963707,0.009572995826601982,0.005522019229829311,0.13070107996463776,0.08397161960601807,0.1671513020992279,0.036428507417440414,0.0,0.0,0.0013112995075061917,0.0,0.4556223750114441,0.0,0.0,0.042446985840797424,0.20467951893806458,0.0,0.03953058272600174,0.0818479061126709,0.025332842022180557,0.02203618548810482,0.0,0.042868927121162415,0.11586790531873703,0.2626422047615051,0.2870751619338989,0.0748002901673317,0.03481980785727501,0.14888423681259155,0.0,0.003160705091431737,0.14967744052410126,0.005214974749833345,0.0,0.6074676513671875,0.45380014181137085,0.21150162816047668,0.12646913528442383,0.0,0.0,0.032059989869594574,0.06358068436384201,0.034001972526311874,0.14119625091552734,0.19174082577228546,0.4185972213745117,0.0,0.036894794553518295,0.19482290744781494,0.2043135166168213,0.06521683931350708,0.0,0.02886473946273327,0.05144127458333969,0.14539609849452972,0.04574338719248772,0.29943200945854187,0.21551154553890228,0.07924415171146393,0.04051941633224487,0.2463962882757187
3,0.13153815269470215,0.12858760356903076,0.03004780039191246,0.0,0.0,0.0,0.5562533140182495,0.05380178242921829,0.0,0.010689820162951946,0.03480154275894165,0.00260109337978065,0.0,0.3128419816493988,0.0,0.10133884102106094,0.05611870810389519,0.0,0.0,0.0,0.0,0.05313727259635925,0.0,0.23703445494174957,0.02067524753510952,0.0,0.0,0.4913625419139862,0.011280184611678123,0.09143953025341034,0.11721061915159225,0.31382495164871216,0.0,0.282706618309021,0.09305407851934433,0.054687339812517166,0.008726174011826515,0.21744012832641602,0.001476589939557016,0.07102115452289581,0.06225984916090965,0.16409090161323547,0.08353523164987564,0.11004164069890976,0.1733936071395874,0.16816218197345734,0.2776561677455902,0.026863113045692444,0.0,0.046216439455747604,0.16113682091236115,0.0,0.15428856015205383,0.019062049686908722,0.04703988507390022,0.0,0.30243420600891113,0.7333893775939941,0.2095789760351181,0.06671468168497086,0.0,0.08180157095193863,0.14018121361732483,0.0,0.0,0.009148037992417812,0.0,0.0,0.2182289958000183,0.15299701690673828,0.0365862138569355,0.0,0.17397506535053253,0.1411513388156891,0.0771331712603569,0.04741378873586655,0.009152904152870178,0.0588875412940979,0.0,0.1588183045387268,0.00938901025801897,0.06765460968017578,0.0,0.13808095455169678,0.0011169823119416833,0.0,0.058433063328266144,0.28909072279930115,0.33238694071769714,0.41317516565322876,0.03734861686825752,0.0,0.02431419864296913,0.07341345399618149,0.0,0.016532711684703827,0.5905753374099731,0.0,0.005387780722230673,0.0,0.0,0.3674263060092926,0.0,0.26546066999435425,0.41535863280296326,0.2449435591697693,0.05567939952015877,0.008707800880074501,0.005539460573345423,0.0,0.0,0.06696517765522003,0.04628325626254082,0.2565564215183258,0.0803874060511589,0.0,0.03540181741118431,0.0,0.09012733399868011,0.021488627418875694,0.0,0.056905072182416916,0.0,0.008996901102364063,0.0,0.32387545704841614,0.0,0.027254806831479073,0.0,0.033114347606897354,0.0,0.16968075931072235,0.03239649161696434,0.0028584820684045553,0.0330452062189579,0.13951373100280762,0.0,0.0,0.05075351893901825,0.010137014091014862,0.0,0.0,0.013710932806134224,0.0,0.14939726889133453,0.0,0.04916941747069359,0.0,0.007824589498341084,0.0,0.05180671811103821,0.15970702469348907,0.09217426925897598,0.0,0.0,0.31081023812294006,0.01859320141375065,0.0,0.03400709107518196,0.03834942728281021,0.30184850096702576,0.2095961570739746,0.013509219512343407,0.0,0.13388940691947937,0.11398546397686005,0.0,0.1704460084438324,0.0,0.0,0.0,0.002265953691676259,0.022037873044610023,0.02868298813700676,0.2555587887763977,0.11340128630399704,0.026940813288092613,0.1474878191947937,0.0,0.02282305806875229,0.0,0.0,0.22601720690727234,0.0,0.0,0.2037024348974228,0.33564332127571106,0.0,0.08683321624994278,0.0,0.0,0.0,0.14073991775512695,0.008201501332223415,0.28719282150268555,0.09654376655817032,0.02784579247236252,0.21012119948863983,0.0,0.04135638475418091,0.12204794585704803,0.0,0.03324095532298088,0.09259480237960815,0.0,0.0,0.0,0.0,0.0,0.09389567375183105,0.05115225166082382,0.37553492188453674,0.04071866348385811,0.2569482922554016,0.0,0.07176444679498672,0.40695667266845703,0.0007231479394249618,0.028414223343133926,0.2533780038356781,0.0,0.07320413738489151,0.0,0.0003991533594671637,0.013262348249554634,0.0,0.058382511138916016,0.0,0.36639687418937683,0.0,0.010631314478814602,0.0,0.33714237809181213,0.07933700084686279,0.07300762087106705,0.13905219733715057,0.05063137784600258,0.0,0.03970684856176376,0.08612551540136337,0.0627865344285965,0.0,0.0,0.34194737672805786,0.0,0.019089147448539734,0.05012441426515579,0.0,0.0,0.0,0.0,0.2785615026950836,0.0,0.0,0.01285085640847683,0.15001901984214783,0.0,0.07677320390939713,0.05956804007291794,0.005413317121565342,0.15919899940490723,0.0,0.0,0.16626282036304474,0.21273648738861084,0.10866978019475937,0.11625723540782928,0.0,0.18332929909229279,0.0,0.006549063138663769,0.08812972158193588,0.0012092192191630602,0.0,0.3314476013183594,0.5888422727584839,0.21927380561828613,0.06503534317016602,0.0,0.0,0.0,0.002769127953797579,0.013730060309171677,0.007652553729712963,0.046891529113054276,0.4589390456676483,0.0,0.06468583643436432,0.23182375729084015,0.16791141033172607,0.021466994658112526,0.0,0.003176826983690262,0.0,0.23012106120586395,0.0,0.5445550084114075,0.04758678004145622,0.002124018734320998,0.024829111993312836,0.0,0.07715131342411041,0.05232983082532883,0.0,0.0,0.0,0.310663104057312,0.15392254292964935,0.0,0.01219667587429285,0.18673762679100037,0.032605379819869995,0.0,0.337782621383667,0.0,0.01334286667406559,0.008154273964464664,0.0032038409262895584,0.021348144859075546,0.0,0.0,0.15904100239276886,0.0,0.46441662311553955,0.02930719032883644,0.003027751110494137,0.0,0.4817729890346527,0.0,0.013680960983037949,0.0,0.21863679587841034,0.0,0.3533931374549866,0.0022717833053320646,0.06205572187900543,0.11029936373233795,0.11406728625297546,0.0,0.24545162916183472,0.0,0.18827638030052185,0.12693683803081512,0.11970527470111847,0.3095019459724426,0.0,0.21057769656181335,0.0024565402418375015,0.0,0.06287043541669846,0.03188205137848854,0.0,0.247951477766037,0.0,0.0,0.12278907001018524,0.006440106313675642,0.5465894937515259,0.020954106003046036,0.0,0.0,0.3211436867713928,0.020438045263290405,0.0,0.0,0.0,0.0,0.21987640857696533,0.011007602326571941,0.013535289093852043,0.0,0.0,0.14861829578876495,0.2389986515045166,0.0,0.18078170716762543,0.059144966304302216,0.09459415078163147,0.0,0.22166655957698822,0.07209870964288712,0.0010217460803687572,0.0,0.26106858253479004,0.10125657916069031,0.033884476870298386,0.0,0.05174585431814194,0.4755078852176666,0.16851824522018433,0.01760760322213173,0.05401819571852684,0.047684796154499054,0.084811732172966,0.02635398879647255,0.0,0.2716040015220642,0.0,0.0,0.04767611622810364,0.0,0.02444402500987053,0.0,0.3277808427810669,0.2992042601108551,0.002136480063199997,0.0344037190079689,0.043878939002752304,0.0,0.0,0.06868065893650055,0.05602439492940903,0.03498957306146622,0.0974908322095871,0.0,0.0,0.011711889877915382,0.03701594099402428,0.011926300823688507,0.0,0.07171474397182465,0.019456567242741585,0.0,0.0027722585946321487,0.015057944692671299,0.3793424963951111,0.0,0.0,0.0,0.0,0.0,0.03432650864124298,0.0,0.029309134930372238,1.6522593796253204e-05,0.0,0.0,0.0,0.16029669344425201,0.016595372930169106,0.0,0.005128323100507259,0.0029658153653144836,0.0,0.046634696424007416,0.0,0.0,0.039433613419532776,0.24594806134700775,0.0,0.01906036213040352,0.005710459314286709,0.03054220788180828,0.0,0.0,0.014565307646989822,0.091872438788414,0.0,0.0069878678768873215,0.0,0.020789818838238716,0.0,0.0456404946744442,0.0,0.1563643366098404,0.07951807975769043,0.012288779951632023,0.018985800445079803,0.01504499837756157,0.0,0.0,0.0,0.027386462315917015,0.0,0.0,0.15413713455200195,0.0,0.0,0.11530216038227081,0.03289139270782471,0.0,0.0,0.15222322940826416,0.0,0.005469050258398056,0.015165169723331928,0.13095541298389435,0.0,0.0,0.0,0.0,0.06668292731046677,0.16969649493694305,0.0,0.0885346531867981,0.06863614916801453,0.07514263689517975,0.14102643728256226,0.19817766547203064,0.0,0.051476139575242996,0.0,0.017494631931185722,0.004756416194140911,0.0,0.0,0.002987462095916271,0.0,0.0,0.0,0.08167773485183716,0.19234919548034668,0.0,0.09764408320188522,0.1373240202665329,0.09468267858028412,0.27345219254493713,0.0,0.0,0.28750672936439514,0.0,0.0029862523078918457,0.0,0.0,0.038355886936187744,0.0,0.020915476605296135,0.0,0.04871159791946411,0.14840592443943024,0.0,0.0,0.20769047737121582,0.11387951672077179,0.3251568675041199,0.08889150619506836,0.0,0.0005190700758248568,0.03109733574092388,0.0,0.0,0.016940981149673462,0.0,0.28948327898979187,0.018049929291009903,0.0046009765937924385,0.046175915747880936,0.0,0.0,0.0,0.0,0.2889400124549866,0.0,0.0,0.0,0.03175976127386093,0.0,0.018369141966104507,0.00909520499408245,0.0,0.07756859809160233,0.0,0.0009705177508294582,0.045897819101810455,0.0,0.4560942053794861,0.043459415435791016,0.026999972760677338,0.13595324754714966,0.0,0.0,0.08842077106237411,0.13452334702014923,0.0,0.35038304328918457,0.2066914588212967,0.26008033752441406,0.0,0.0,0.013458575122058392,0.002414525020867586,0.0322391502559185,0.020351234823465347,0.08766894787549973,0.003427803749218583,0.17532342672348022,0.0,0.0,0.44411665201187134,0.3336230516433716,0.02015344426035881,0.0,0.0,0.012637097388505936,0.34250372648239136,0.0,0.3864288628101349,0.1599828600883484,0.06144672632217407,0.0,0.06848064810037613,0.08827699720859528,0.017292162403464317,0.0,0.0,0.0,0.4505287706851959,0.11545436829328537,0.0,0.01872507482767105,0.05881953984498978,0.04654988273978233,0.0,0.351663738489151,0.0,0.05586984381079674,0.06100534275174141,0.0,0.0,0.0,0.0,0.10157687962055206,0.00043012338574044406,0.33211368322372437,0.02397221513092518,0.0012226315448060632,0.0,0.5629357099533081,0.006800725124776363,0.03248359262943268,0.0813513696193695,0.3433217406272888,0.0,0.3092920184135437,0.033095210790634155,0.108028843998909,0.002214958192780614,0.12725035846233368,0.006748777348548174,0.18863025307655334,0.03651044890284538,0.24630028009414673,0.09337836503982544,0.14853668212890625,0.2763124108314514,0.08083564788103104,0.3023241460323334,0.026629114523530006,0.0,0.04388802498579025,0.11983802914619446,0.0,0.28206127882003784,0.0018439553678035736,0.026697851717472076,0.02739313803613186,0.12705640494823456,0.7425228953361511,0.12429121136665344,0.08309454470872879,0.0,0.2169651985168457,0.12416880577802658,0.0,0.0,0.006475489120930433,0.0,0.0808657631278038,0.17625591158866882,0.14161916077136993,0.02555973269045353,0.0,0.10317500680685043,0.19454458355903625,0.012606998905539513,0.17965954542160034,0.015391298569738865,0.06886762380599976,0.0,0.13687177002429962,0.014457253739237785,0.026715749874711037,0.0,0.22154302895069122,0.0096030468121171,0.004806725773960352,0.04340934008359909,0.26226377487182617,0.33542004227638245,0.27802547812461853,0.018795961514115334,0.0,0.02797066606581211,0.08929449319839478,0.03256157040596008,0.0362936407327652,0.5151207447052002,0.0,0.008256380446255207,0.066477932035923,0.0,0.2132800966501236,0.0,0.21653467416763306,0.3743700087070465,0.09175138175487518,0.04177265614271164,0.015947045758366585,0.01505273301154375,0.0,0.024652117863297462,0.052320290356874466,0.028557347133755684,0.21649013459682465,0.055618155747652054,0.0,0.02217218279838562,0.0,0.06151404604315758,0.010632816702127457,0.04503043368458748,0.06843332201242447,0.02214931882917881,0.008714527823030949,0.007805350702255964,0.2798895239830017,0.0019536756444722414,0.013010484166443348,0.0,0.0,0.0,0.09240356087684631,0.008475222624838352,0.00015261319640558213,0.030192077159881592,0.09876929968595505,0.0,0.0,0.0696316808462143,0.055281803011894226,0.0,0.00037533583235926926,0.004614667035639286,0.0,0.09576509147882462,0.0,0.03904615715146065,9.510624659014866e-05,0.019085533916950226,0.0,0.05078231915831566,0.07008498162031174,0.06405895948410034,0.0,0.0,0.1752392202615738,0.07245559245347977,0.0,0.018341055139899254,0.03187587484717369,0.15242037177085876,0.12099381536245346,0.009879827499389648,0.0,0.17976053059101105,0.12390270829200745,0.0003952259721700102,0.10713770240545273,0.0,0.0,0.008489538915455341,0.0025066619273275137,0.014299844391644001,0.021400578320026398,0.1256278157234192,0.10211316496133804,0.0017038207734003663,0.09188929945230484,0.03678371384739876,0.015557383187115192,0.0,0.001376449828967452,0.18809790909290314,0.004009927157312632,0.0,0.1936284452676773,0.27557072043418884,0.0,0.043300531804561615,0.0,0.0,0.007224007043987513,0.13228309154510498,0.003951143007725477,0.21001119911670685,0.06407355517148972,0.026914916932582855,0.14074884355068207,0.005647695157676935,0.008678589947521687,0.07287439703941345,0.0,0.04301249235868454,0.0327693410217762,0.0,0.0,0.0,0.0,0.0,0.010604743845760822,0.12433329969644547,0.3002031445503235,0.021395569667220116,0.14523130655288696,0.05950166657567024,0.04451768100261688,0.3526418209075928,5.1565468311309814e-05,0.030523354187607765,0.23809923231601715,0.0,0.05303989723324776,0.0,0.0,0.014759749174118042,0.009528963826596737,0.070491723716259,0.0,0.3139268457889557,0.009519168175756931,0.010591354221105576,0.021669071167707443,0.2597520351409912,0.09227954596281052,0.29435500502586365,0.13618427515029907,0.0011838149512186646,0.0004398826858960092,0.04934391751885414,0.04945598915219307,0.016971642151474953,0.0,0.0005744908121414483,0.2609786093235016,0.0,0.012271544896066189,0.00962916575372219,0.0,0.0,0.0,0.0,0.3484577536582947,0.0,0.0,0.0,0.10922044515609741,0.0,0.04768124595284462,0.052802786231040955,0.02051272988319397,0.131869375705719,0.0,0.0,0.09671712666749954,0.11192284524440765,0.2629055976867676,0.06647669523954391,0.0,0.12024445086717606,0.0,0.009906587190926075,0.0703129991889,0.0975073054432869,0.0,0.39125537872314453,0.43064770102500916,0.2101263701915741,0.021332191303372383,0.0,0.0,0.0,0.03116314671933651,0.012698311358690262,0.008575265295803547,0.08519485592842102,0.3590385615825653,0.0,0.03400568664073944,0.31389936804771423,0.29565489292144775,0.032335881143808365,0.0,0.0024159273598343134,0.0024044879246503115,0.24833893775939941,0.0,0.4343205988407135,0.12421999871730804,0.004468350671231747,0.015172366984188557,-0.7128992676734924
4,0.0071693966165184975,0.02634584531188011,0.008449656888842583,0.0,0.0,0.0,0.4711568355560303,0.09870506078004837,0.0,0.057610154151916504,0.08414628356695175,0.017838938161730766,0.0,0.3440279960632324,0.0,0.05605241283774376,0.08854658901691437,9.340420365333557e-05,0.0,0.0,0.0,0.10770048946142197,0.0,0.30260002613067627,0.06301151216030121,0.0,0.0,0.4152369499206543,0.005084886681288481,0.13081516325473785,0.005121644586324692,0.2714576721191406,0.0,0.3131171464920044,0.009436356835067272,0.04728635028004646,0.059402428567409515,0.16738642752170563,0.01821524277329445,0.3024218678474426,0.010841869749128819,0.09903718531131744,0.14777278900146484,0.0821925550699234,0.25621214509010315,0.0,0.36435428261756897,0.009103640913963318,0.0,0.036600787192583084,0.008996340446174145,0.0,0.2738197147846222,0.004967094399034977,0.001846560277044773,0.03251989930868149,0.0431581512093544,0.6819208860397339,0.06303900480270386,0.029288271442055702,0.0,0.2105274498462677,0.1111304759979248,0.0,0.0,0.0,0.0,0.1016172245144844,0.13079822063446045,0.10459206998348236,0.0,0.0,0.21329718828201294,0.30049484968185425,0.0103177260607481,0.06556597352027893,0.035265810787677765,0.030656106770038605,0.0,0.20198550820350647,0.04287472739815712,0.018405873328447342,0.0,0.2052847295999527,0.0598113052546978,0.011989805847406387,0.0007022926583886147,0.17027589678764343,0.4612107276916504,0.3518827557563782,0.022957773879170418,0.005563011392951012,0.06484225392341614,0.07151815295219421,0.004975845571607351,0.0,0.4369649887084961,0.0,0.0,0.01370297558605671,0.0,0.21247762441635132,0.0,0.2701888978481293,0.37477990984916687,0.04049277305603027,0.027183396741747856,0.05725569650530815,0.0,0.0,0.018873337656259537,0.056826960295438766,0.033104635775089264,0.17834879457950592,0.0019760909490287304,0.0,0.02429709956049919,0.04119192063808441,0.019440747797489166,0.0005079763941466808,0.013419226743280888,0.010218478739261627,0.0,0.004980321973562241,0.0006199236959218979,0.41104042530059814,0.0,0.0,0.009796313010156155,0.0,0.0,0.11496125161647797,0.0,0.007932290434837341,0.00782308541238308,0.001938028261065483,0.0,0.0,0.15835417807102203,0.012007459066808224,0.0,0.0,0.007044382859021425,0.0,0.05186925828456879,0.03215932846069336,0.005234918557107449,0.013539914041757584,0.21605540812015533,0.0,0.0,0.06666863709688187,0.03865842521190643,0.0,0.0,0.051714371889829636,0.0068111540749669075,0.0,0.0032530552707612514,0.0,0.16005554795265198,0.00540034007281065,0.04497388005256653,0.0,0.15650279819965363,0.11048723012208939,0.0,0.030354062095284462,0.0,0.0,0.0,0.0,0.03364125266671181,0.0,0.04979518800973892,0.12644529342651367,0.0,0.006117465905845165,0.11203569918870926,0.05519552901387215,0.0043538231402635574,0.0,0.148182675242424,0.0,0.013897042721509933,0.057632386684417725,0.2856736183166504,0.0,0.0,0.0,0.0004745887708850205,0.0803673043847084,0.24946270883083344,0.00020325355581007898,0.1986328661441803,0.07251445204019547,0.04631991684436798,0.18210259079933167,0.07579638063907623,0.0,0.08902665972709656,0.0,0.015462638810276985,0.038919564336538315,0.0,0.0,0.0,0.0,0.009599002078175545,0.007072837091982365,0.08028236031532288,0.32263147830963135,0.0,0.12044025957584381,0.058016322553157806,0.14278514683246613,0.34275370836257935,0.0,0.0,0.24652418494224548,0.0,0.021009093150496483,0.0,0.0,0.05232268571853638,0.0,0.06587322801351547,0.0,0.17778098583221436,0.17230162024497986,0.0021353685297071934,0.0,0.22894921898841858,0.05184780806303024,0.21043384075164795,0.07847203314304352,0.0,0.0,0.023143397644162178,0.024051140993833542,0.0,0.01092754490673542,0.005769927985966206,0.2723756730556488,0.01127399317920208,0.001348483725450933,0.07542961835861206,0.0,0.0,0.0,0.0,0.3460829257965088,0.0,0.0,0.0,0.0187434833496809,0.0,0.0412328876554966,0.03687741979956627,0.0,0.05842694267630577,0.0005047406302765012,0.0,0.08826738595962524,0.006246577948331833,0.47111985087394714,0.0755932629108429,0.025401901453733444,0.183610200881958,0.0,0.0,0.09315439313650131,0.043403055518865585,0.0,0.10803844034671783,0.37528377771377563,0.2753027379512787,0.0,0.0,0.0,0.0031358273699879646,0.006467703729867935,0.005106841214001179,0.04725056141614914,0.007574022747576237,0.296376496553421,0.0,0.0,0.41858750581741333,0.2596766948699951,0.008021386340260506,0.0,0.0,0.02966628596186638,0.24686595797538757,0.0,0.4655557870864868,0.19976675510406494,0.029458962380886078,0.0,0.19583147764205933,0.1679881066083908,0.06608352810144424,0.0,0.0,0.0,0.5136561393737793,0.10942292213439941,0.0,0.021956445649266243,0.1356654167175293,0.0,0.0,0.34977492690086365,0.0,0.05381631851196289,0.04458675533533096,0.0,0.0,0.0,0.0,0.08485563099384308,0.0,0.24984969198703766,0.025035832077264786,0.0,0.0,0.4585268795490265,4.8040667024906725e-05,0.11346324533224106,0.08725404739379883,0.3037387728691101,0.0,0.29535943269729614,0.1347828358411789,0.024163836613297462,0.04931982234120369,0.1752166599035263,0.02895415760576725,0.11272820085287094,0.10191122442483902,0.11145810037851334,0.1474645435810089,0.05318759009242058,0.15440025925636292,0.159063458442688,0.19212675094604492,0.014545287005603313,0.0,0.06359324604272842,0.1374610811471939,0.0,0.24977156519889832,0.024121755734086037,0.024002758786082268,0.0006960695027373731,0.316399484872818,0.7342823147773743,0.28684836626052856,0.04996828734874725,0.0,0.062490902841091156,0.17960131168365479,0.0,0.0,0.009247420355677605,6.391243368852884e-05,0.0831761583685875,0.2202446311712265,0.215547114610672,0.054830677807331085,0.0,0.15049989521503448,0.14869330823421478,0.06784181296825409,0.04091694951057434,0.00484122708439827,0.02617727406322956,0.0,0.16192233562469482,0.02745189517736435,0.016390692442655563,0.0,0.15816299617290497,0.11884800344705582,0.010702984407544136,0.06790798157453537,0.3175521492958069,0.3794527053833008,0.3444646894931793,0.0661163330078125,0.0709710419178009,0.046725139021873474,0.04250650852918625,0.0,0.034481413662433624,0.5683425068855286,0.0,0.0004412514972500503,0.0,0.01773158833384514,0.41502395272254944,0.0,0.343743234872818,0.3018072247505188,0.31298893690109253,0.06979164481163025,0.06045413762331009,0.027597537264227867,0.0,0.03560146689414978,0.0811249390244484,0.03132741525769234,0.2503454387187958,0.10090357810258865,0.0,0.08119259029626846,0.043222825974226,0.06492634117603302,0.028231225907802582,0.0,0.07823850959539413,0.0,0.02166161499917507,0.0,0.2391599863767624,0.0,0.014115666970610619,0.031232813373208046,0.056937236338853836,0.0,0.19108431041240692,0.03691112622618675,0.004156370181590319,0.004226158373057842,0.16463477909564972,0.0,0.0,0.10131416469812393,0.0,0.0,0.0,0.01470328401774168,0.0,0.14106485247612,0.0,0.0944879949092865,0.0256611630320549,0.10309308767318726,0.0,0.041750259697437286,0.11108571290969849,0.07220233976840973,0.0,0.0,0.37621021270751953,0.02618911862373352,0.0,0.051864754408597946,0.04612522944808006,0.2239481657743454,0.22461068630218506,0.025309525430202484,0.0,0.053841277956962585,0.116849385201931,0.004338685888797045,0.09722121804952621,0.0,0.0,0.0,0.0,0.020971225574612617,0.03618583828210831,0.3105771541595459,0.08425424247980118,0.04027177765965462,0.08480583131313324,0.017865074798464775,0.056289684027433395,0.0013573847245424986,0.0,0.15599747002124786,0.0,0.0,0.1861094981431961,0.30587735772132874,0.0,0.09886854887008667,0.0,0.0,0.057756587862968445,0.1779099702835083,0.007284694351255894,0.22502455115318298,0.13794508576393127,0.06425800174474716,0.17904889583587646,0.1108141541481018,0.0799105316400528,0.079033263027668,0.0,0.06926246732473373,0.07762641459703445,0.0,0.0,0.0,0.007140768226236105,0.036744147539138794,0.17019625008106232,0.04900335893034935,0.3489031493663788,0.00891771912574768,0.19605019688606262,0.05112652853131294,0.05522565543651581,0.36934489011764526,0.0,0.052040643990039825,0.21677803993225098,0.008752405643463135,0.0748344138264656,0.0005077902460470796,0.0007362460601143539,0.02411177009344101,0.0,0.03060240112245083,0.05951180309057236,0.3536507189273834,0.04964257404208183,0.028809206560254097,0.007713879458606243,0.3315185010433197,0.07232052087783813,0.0215611569583416,0.10092532634735107,0.10192570090293884,0.0,0.029418019577860832,0.09004739671945572,0.09065502882003784,0.0026386675890535116,0.0,0.26015573740005493,0.011717962101101875,0.04651918262243271,0.08905250579118729,0.0,0.0,0.0,0.0,0.3143148124217987,0.0,0.0,0.04445341229438782,0.09756544977426529,0.0,0.07002165913581848,0.09256625175476074,0.008960896171629429,0.0900493860244751,0.0,0.0,0.13215526938438416,0.1987939327955246,0.17459125816822052,0.07664231210947037,0.018919315189123154,0.1413787305355072,0.0,0.0005642016767524183,0.050249405205249786,0.004513292107731104,0.0,0.37195467948913574,0.49701058864593506,0.21290268003940582,0.08423614501953125,0.0,0.0008097352110780776,0.0,0.011516581289470196,0.01512960996478796,0.0767209380865097,0.05649842694401741,0.42081019282341003,0.0,0.06900463998317719,0.2506704330444336,0.13701286911964417,0.024546945467591286,0.0,0.015414522960782051,0.0,0.25544416904449463,0.0013623973354697227,0.46463093161582947,0.11863178759813309,0.04149715229868889,0.031182078644633293,0.10654311627149582,0.08389479666948318,0.03340434283018112,0.0,0.0,0.0,0.4998973309993744,0.10632482916116714,0.0,0.020196927711367607,0.05199962854385376,0.03795015811920166,0.0,0.37728092074394226,0.0,0.06647215038537979,0.059104058891534805,0.0,0.0,0.0,0.0,0.10360259562730789,0.005849956534802914,0.2894528806209564,0.03455080837011337,0.0,0.0,0.5674154162406921,0.006065287161618471,0.03698473796248436,0.09091650694608688,0.3540023863315582,0.0,0.2952731251716614,0.03247629851102829,0.09942577034235,0.0,0.15800611674785614,0.02579723484814167,0.19290152192115784,0.07998090982437134,0.23620076477527618,0.09481096267700195,0.11551555246114731,0.28078579902648926,0.11515506356954575,0.33663466572761536,0.03153229504823685,0.0,0.04128580912947655,0.13885752856731415,0.0,0.30223599076271057,0.0,0.03552602604031563,0.02625088021159172,0.15593132376670837,0.8207325339317322,0.17285668849945068,0.09828749299049377,0.0,0.19595173001289368,0.16447196900844574,0.0,0.0,0.0050973654724657536,0.0,0.07603752613067627,0.23002035915851593,0.16834977269172668,0.03642548620700836,0.0,0.14498113095760345,0.2479991912841797,0.004224429372698069,0.1400296837091446,0.021968374028801918,0.052032724022865295,0.0,0.1422044187784195,0.010350327007472515,0.013224801979959011,0.0,0.2217315137386322,0.006965892389416695,0.006060830317437649,0.0349283292889595,0.3368144631385803,0.3503355085849762,0.31385836005210876,0.03636119142174721,0.0,0.03464241698384285,0.07985412329435349,0.042144887149333954,0.05571417883038521,0.5790684223175049,0.0,0.0018540403107181191,0.07680778205394745,0.006868809461593628,0.2766088545322418,0.0,0.2201608568429947,0.40676966309547424,0.12967805564403534,0.049958109855651855,0.012627238407731056,0.01798594370484352,0.0,0.03426945209503174,0.05676247552037239,0.033416688442230225,0.25571271777153015,0.11658312380313873,0.0,0.045350849628448486,0.0,0.060816600918769836,0.019901305437088013,0.06515872478485107,0.08731909096240997,0.01994958333671093,0.010534660890698433,0.012362462468445301,0.24289798736572266,0.0005087527679279447,0.01673654280602932,0.00021818776440341026,0.0,0.0,0.10860811173915863,0.016157591715455055,0.005860200617462397,0.012860862538218498,0.1471109539270401,0.0,0.0,0.07767650485038757,0.041308145970106125,0.0,0.0,0.006566811352968216,0.0,0.10616685450077057,0.0,0.050788212567567825,0.0018109091324731708,0.002783426782116294,0.0,0.04266081005334854,0.08140113204717636,0.07418599724769592,0.0,0.0,0.23017242550849915,0.05272914096713066,0.0,0.008920175954699516,0.04759988188743591,0.2062467634677887,0.1356928050518036,0.01795485056936741,0.0,0.17405693233013153,0.14238190650939941,0.0007864253711886704,0.11223847419023514,0.0,0.0,0.006551036145538092,0.0,0.0161235723644495,0.010105564258992672,0.24450895190238953,0.10348377376794815,0.004128127824515104,0.09793583303689957,0.032339274883270264,0.018208006396889687,0.0,0.0,0.18605837225914001,0.0010232164058834314,0.0,0.24874261021614075,0.32608023285865784,0.0,0.05661921575665474,0.0,0.0,0.03227158263325691,0.16200688481330872,0.003991780336946249,0.24806661903858185,0.06701275706291199,0.027801726013422012,0.1574074923992157,0.00109542824793607,0.007462595123797655,0.08639669418334961,0.0,0.03295889124274254,0.05368606001138687,0.0,0.0008923399145714939,0.0,0.0033756934572011232,0.0,0.020153269171714783,0.13431416451931,0.3633493483066559,0.019448375329375267,0.13843034207820892,0.0708831325173378,0.04572053253650665,0.3829289376735687,0.0,0.03059541806578636,0.2702355682849884,0.0,0.07454045116901398,0.0,0.001163317123427987,0.023335792124271393,0.002433001296594739,0.09275487810373306,0.0,0.3715781569480896,0.007409711834043264,0.034250903874635696,0.02241583727300167,0.29555052518844604,0.08173152804374695,0.28210946917533875,0.12236538529396057,0.0,0.0,0.04668436199426651,0.06021781265735626,0.014644795097410679,0.0,0.0009976808214560151,0.27164942026138306,0.0,0.014526239596307278,0.013123590499162674,0.0,0.0,9.446674084756523e-05,0.0,0.3424128293991089,0.0,0.0,0.0006821740535087883,0.13918212056159973,0.0,0.05965122953057289,0.04925825819373131,0.02439374476671219,0.12079914659261703,0.0,0.0,0.11299935728311539,0.11167655885219574,0.29889804124832153,0.07109913229942322,0.0,0.12868645787239075,0.0005841435049660504,0.014861739240586758,0.06828269362449646,0.08791422098875046,0.0,0.3688436448574066,0.4684104919433594,0.2109159678220749,0.026058951392769814,0.0,0.005692098755389452,0.0,0.022210653871297836,0.006890006363391876,0.011316610500216484,0.09277799725532532,0.4075254499912262,0.0,0.04261711984872818,0.31197336316108704,0.2911318838596344,0.03835796192288399,0.0,0.0002701994380913675,0.0036347475834190845,0.2322005182504654,0.0,0.4509179890155792,0.14130276441574097,0.004643932916224003,0.008393083699047565,-0.12337526679039001
5,0.08120213449001312,0.1303044557571411,0.05614428594708443,0.0,0.0,0.0,0.4657604694366455,0.08160395920276642,0.0,0.00893077626824379,0.05371366813778877,0.005408296827226877,0.0,0.31616899371147156,0.0,0.0762060359120369,0.023982413113117218,0.0,0.0,0.0,0.0,0.048933543264865875,0.0,0.33606788516044617,0.018604183569550514,0.0,0.0,0.4859839379787445,0.003901021322235465,0.09569519013166428,0.08327259123325348,0.28170046210289,0.0,0.28129372000694275,0.05252150446176529,0.07941029220819473,0.04895946756005287,0.2457580864429474,0.01459022518247366,0.12646321952342987,0.0290630254894495,0.1579252928495407,0.09229430556297302,0.10650097578763962,0.2649237811565399,0.10685159265995026,0.24489863216876984,0.015249825082719326,0.0,0.079450324177742,0.07814570516347885,0.0,0.17641587555408478,0.011969591490924358,0.02249750867486,0.00258762389421463,0.19156889617443085,0.6275901198387146,0.15899594128131866,0.06053537875413895,0.0,0.09595711529254913,0.09278234094381332,0.0,0.0,0.0016510207206010818,0.0,0.02643250860273838,0.14876008033752441,0.1176595464348793,0.021569736301898956,0.0,0.15344731509685516,0.09905482083559036,0.024313820526003838,0.04224366322159767,0.0022109299898147583,0.0960937961935997,0.0,0.12524724006652832,0.009819984436035156,0.0851726084947586,0.0,0.1525096446275711,0.04185156896710396,0.010015621781349182,0.05855005979537964,0.2139759510755539,0.3658679723739624,0.35693150758743286,0.04692491888999939,0.0,0.027036001905798912,0.07493535429239273,0.0017390616703778505,0.011998635716736317,0.4661988317966461,0.0,0.0,0.00020403116650413722,0.0,0.2859749495983124,0.0,0.2993674576282501,0.33247002959251404,0.14678405225276947,0.04184485971927643,0.01421617902815342,0.01534201204776764,0.0,0.0038635660894215107,0.06860636919736862,0.04346666485071182,0.17835476994514465,0.02248631976544857,0.0,0.03580044209957123,0.0,0.06682675331830978,0.005717145744711161,0.0,0.03592634201049805,0.013540834188461304,0.00432470440864563,0.0,0.3360396921634674,0.0,0.0,0.0,0.011448300443589687,0.0,0.12430936098098755,0.009467394091188908,0.005269590299576521,0.017151964828372,0.06783848255872726,0.0,0.0,0.08215072005987167,0.004887905903160572,0.0,0.0,0.017149480059742928,0.0,0.15547490119934082,0.0,0.019313856959342957,0.0,0.03935524821281433,0.00317838485352695,0.041736673563718796,0.19729216396808624,0.10070152580738068,0.0,0.0,0.23633182048797607,0.013459390960633755,0.0,0.02757866680622101,0.02972792647778988,0.2613396942615509,0.1305529922246933,0.02036074735224247,0.0,0.12192290276288986,0.09541302174329758,0.0023180998396128416,0.12332741171121597,0.0,0.0,0.0,0.0,0.03177539259195328,0.014760809950530529,0.12408708781003952,0.12142997235059738,0.003929405938833952,0.11349055916070938,0.03281562402844429,0.02858777716755867,0.0071045816875994205,0.0,0.2538747489452362,0.0,0.0,0.11947806924581528,0.23713140189647675,0.0,0.07387560606002808,0.0,0.0,0.01841636747121811,0.09041149914264679,0.0003650309517979622,0.19290977716445923,0.14959712326526642,0.035637300461530685,0.1977800875902176,0.012557456269860268,0.0073917158879339695,0.0898975282907486,0.0,0.02048194408416748,0.028229687362909317,0.0,0.0,0.0,0.0,0.0,0.040967874228954315,0.03307187184691429,0.31902021169662476,0.015229100361466408,0.21342897415161133,0.014648223295807838,0.04423965886235237,0.337442010641098,0.002534981817007065,0.02206924930214882,0.2408500760793686,0.0,0.02603243850171566,0.0,0.0,0.01418642420321703,0.0,0.03804829344153404,0.0015783228445798159,0.25969117879867554,0.0347227118909359,0.01027507334947586,0.0,0.33571165800094604,0.09664485603570938,0.09475000202655792,0.07593008130788803,0.015383817255496979,0.0,0.04559536650776863,0.051946382969617844,0.017387060448527336,0.0,0.0,0.3693423271179199,0.0,0.023310484364628792,0.06271734088659286,0.0,0.0,0.0,0.0,0.2725619375705719,0.0,0.0,0.004104651510715485,0.09570030868053436,0.0,0.06033584475517273,0.046977318823337555,0.001778542879037559,0.1484697461128235,0.0,0.0,0.17775216698646545,0.10696136951446533,0.19870944321155548,0.08497017621994019,0.0,0.16998045146465302,0.005583915859460831,0.0,0.07512134313583374,0.004493981134146452,0.0,0.35937753319740295,0.4346179962158203,0.21493013203144073,0.01654529944062233,0.0,0.0,0.0,0.0010078269988298416,0.031332727521657944,0.025586146861314774,0.04807702824473381,0.33628615736961365,0.0,0.0192159004509449,0.2949715852737427,0.1516961306333542,0.014058979228138924,0.0,0.0,0.0,0.25324681401252747,0.0,0.45099517703056335,0.06970153003931046,0.0026036840863525867,0.02218029461801052,0.6265518665313721,0.10198905318975449,0.05953284353017807,0.0,0.0,0.0,0.7515262365341187,0.0,0.005997200962156057,0.33713990449905396,0.0,0.007094020955264568,0.0,0.5277624726295471,0.0,0.013185760006308556,0.010307291522622108,0.0,0.0,0.016213472932577133,0.0,0.017194047570228577,0.0,0.021701736375689507,0.32104745507240295,0.0031791774090379477,0.0,0.5892305374145508,0.028870930895209312,0.014123651199042797,0.009405359625816345,0.5815383195877075,0.0,0.01249829214066267,0.1261976659297943,0.0,0.0,0.18475332856178284,0.13074997067451477,0.11709906905889511,0.9778827428817749,0.17585408687591553,0.0920524001121521,0.015393058769404888,0.04326937347650528,0.11912864446640015,0.9937963485717773,0.0,0.0,0.09972959011793137,0.0993637889623642,0.00035436637699604034,0.6457789540290833,0.0,0.01580161228775978,0.0,0.2507564127445221,1.673448085784912,0.519743800163269,0.2866400480270386,0.0,0.011296342127025127,0.7964369654655457,0.0,0.0,0.003461772110313177,0.0,0.09446407854557037,0.7570356130599976,0.5365166068077087,0.04918650910258293,0.0,0.5062230825424194,0.9321569204330444,0.058233119547367096,0.0001923159434227273,0.2946719527244568,0.0,0.0,0.13688543438911438,0.04289599508047104,0.0,0.01910005323588848,0.25709962844848633,0.0,0.013673586770892143,0.0001445779053028673,0.8624047040939331,0.43083393573760986,0.346205472946167,0.1830655038356781,0.0012920971494168043,0.043040644377470016,0.041064634919166565,0.0,0.42805346846580505,1.085631251335144,0.0,0.022852744907140732,0.020375927910208702,0.09038594365119934,0.6717265844345093,0.0,0.0,0.32217952609062195,0.2909783124923706,0.07088485360145569,0.1768294870853424,0.24347369372844696,0.0,0.0061462088488042355,0.0725427120923996,0.09245749562978745,0.49896717071533203,0.797393798828125,0.0,0.23473575711250305,0.08355241268873215,0.05042588710784912,0.06101848930120468,0.01242744829505682,0.593374490737915,0.12819118797779083,0.0,0.0,0.0,0.0,0.10762962698936462,0.0,0.0,0.010879806242883205,0.016989052295684814,0.2731631398200989,0.09098386019468307,0.11738048493862152,1.018180012702942,0.001106754643842578,0.0,0.4594056308269501,0.03158276528120041,0.0,0.0,0.0,0.0,0.03252526372671127,0.0,0.6585482358932495,0.0,0.0,0.0,0.0,0.04458177089691162,0.0075468625873327255,0.0,0.0,0.747495174407959,0.06370317190885544,0.0,0.006325714290142059,0.11503159999847412,0.1168094277381897,0.21639925241470337,0.22776249051094055,0.0,0.16542233526706696,0.277255117893219,0.0,0.0437040738761425,0.0,0.0,0.03003772161900997,0.025253204628825188,0.024996569380164146,0.0,1.4825466871261597,0.026580845937132835,0.0,0.08745327591896057,0.003419003216549754,0.0,0.0,0.0,0.002589050680398941,0.021765276789665222,0.0,0.5804710388183594,0.9799450635910034,0.010735206305980682,0.1171012744307518,0.0,0.0,0.022988006472587585,0.4079577624797821,6.914449386385968e-06,0.4785967767238617,0.0535961352288723,0.047114353626966476,0.025469055399298668,0.012049971148371696,0.012593726627528667,0.11432421207427979,0.0,0.04888246953487396,0.42761704325675964,0.0,0.0027317889034748077,0.0,0.3314647078514099,0.006402596831321716,0.09285430610179901,0.4125763177871704,0.9093844294548035,0.03486814349889755,0.03824598714709282,0.0,0.023304428905248642,0.6029248237609863,0.0,0.04393009468913078,0.03362266719341278,0.0,0.5325636863708496,0.079740509390831,0.056746214628219604,0.11148496717214584,0.0,0.720099925994873,0.0,0.9244384765625,0.0,0.32762211561203003,0.2955177426338196,0.28017961978912354,0.04279254004359245,0.09277550876140594,0.10445880889892578,0.009657928720116615,0.0,0.009632796980440617,0.036489374935626984,0.16346269845962524,0.0,0.008961288258433342,0.0,0.0,0.0030241161584854126,0.0,0.0,0.0,0.0,0.0,0.6880106329917908,0.0,0.0,0.02821456454694271,0.273453950881958,0.0,0.05461541935801506,0.12136010825634003,0.12061037868261337,0.03258294612169266,0.0,0.01113986223936081,0.13561563193798065,0.13754749298095703,0.388441264629364,0.00929124467074871,0.0,0.0625646561384201,0.0,0.098090261220932,0.4232443571090698,0.07870655506849289,0.0,0.19479870796203613,0.8332344889640808,0.22934220731258392,0.08278602361679077,0.0,0.0,0.003294867929071188,0.10251322388648987,0.0,0.148237943649292,0.3040401339530945,0.6533412933349609,0.0,0.09418903291225433,0.02251279354095459,0.18070650100708008,0.08483501523733139,0.0,0.017580902203917503,0.4703996181488037,0.004119207616895437,4.840238761971705e-05,0.3504849374294281,0.5619075894355774,0.029748916625976562,0.00442101527005434,0.535858690738678,0.14133328199386597,0.03295860067009926,0.006899206433445215,0.0,0.0,0.7536401152610779,0.005447922740131617,0.03243717923760414,0.21555458009243011,0.029673200100660324,0.0016811813693493605,0.02042231336236,0.5214166045188904,0.007332026492804289,0.03971150889992714,0.08307644724845886,0.0,0.012426650151610374,0.03230128809809685,0.0,0.049992021173238754,0.04341307654976845,0.03633107617497444,0.12688955664634705,0.0,0.0,0.6057257056236267,0.08396930247545242,0.04340753331780434,0.09589464217424393,0.5203063488006592,0.0,0.0483396053314209,0.21452023088932037,0.017293725162744522,0.0,0.19051136076450348,0.09293470531702042,0.13481548428535461,0.6357625126838684,0.2428469955921173,0.14035958051681519,0.10058096796274185,0.13861030340194702,0.3073841333389282,0.6988531947135925,0.0005191096570342779,0.005375058855861425,0.04142921045422554,0.09026789665222168,0.0026364512741565704,0.5065469145774841,0.0022736426908522844,0.01012009009718895,0.0,0.4924653470516205,1.3726749420166016,0.5694815516471863,0.2565489113330841,0.0,0.0575665682554245,0.6593442559242249,0.0,0.006506738252937794,0.10168168693780899,0.0,0.05755395069718361,0.6785409450531006,0.5591270923614502,0.04366666451096535,0.0,0.28039705753326416,0.49210312962532043,0.1504572480916977,0.018245892599225044,0.09125220030546188,0.002621972467750311,0.01787874475121498,0.14555183053016663,0.045539017766714096,0.0,0.04087085276842117,0.13784471154212952,0.035174332559108734,0.014050708152353764,0.002475827932357788,0.8181930184364319,0.3612118661403656,0.44843560457229614,0.10510846972465515,0.053377579897642136,0.07018474489450455,0.03247256949543953,0.022655490785837173,0.2412060648202896,1.083100438117981,0.003605999518185854,0.08564860373735428,0.024019479751586914,0.063727006316185,0.9315389394760132,0.0,0.10025613009929657,0.3006998598575592,0.4266921579837799,0.11092836409807205,0.12107300758361816,0.1725233495235443,0.0,0.007477062288671732,0.0813240110874176,0.04256036877632141,0.453218013048172,0.45421120524406433,0.0,0.2539446949958801,0.05953654274344444,0.04085021838545799,0.025737063959240913,0.043183229863643646,0.3747970163822174,0.06962253898382187,0.0,0.0,0.0,0.03456362336874008,0.13319499790668488,0.00998823530972004,0.0017502903938293457,0.007614831440150738,0.06066157668828964,0.2602947950363159,0.04704130068421364,0.10124637931585312,0.7024948000907898,0.0,0.0073424275033175945,0.28201714158058167,0.06892551481723785,0.0,0.0,0.0012846167664974928,0.002803795738145709,0.044960860162973404,0.0,0.3525872230529785,0.0,0.0,0.0,0.0,0.1365632563829422,0.09493222087621689,0.0,0.0,0.5724847316741943,0.06503483653068542,0.0,0.003215003991499543,0.0808689072728157,0.23908190429210663,0.24674095213413239,0.09117763489484787,0.01991114392876625,0.17751544713974,0.2638280391693115,0.0,0.1463647186756134,0.0,0.0,0.01852191612124443,0.020741106942296028,0.060318682342767715,0.010846087709069252,1.187464714050293,0.05413280427455902,0.010504169389605522,0.09547098726034164,0.016614025458693504,0.0072153909131884575,0.0,0.014077370055019855,0.08088736236095428,0.03918993100523949,0.0008275097352452576,0.48858001828193665,0.88230299949646,0.008020368404686451,0.2350592464208603,0.0,0.0026690165977925062,0.026540838181972504,0.3319648504257202,0.02352048270404339,0.4167032837867737,0.08044786006212234,0.07896094769239426,0.08230625092983246,0.011985491961240768,0.09163767844438553,0.0444493442773819,0.0,0.11823101341724396,0.24823418259620667,0.0036418288946151733,0.026709722355008125,0.0,0.06647305935621262,0.0618729367852211,0.24917593598365784,0.2592832148075104,0.83732670545578,0.013897990807890892,0.1653950810432434,0.012725133448839188,0.05100829526782036,0.5293574929237366,0.029673831537365913,0.08305515348911285,0.08129314333200455,0.0,0.4038761258125305,0.004929531831294298,0.07073896378278732,0.06237349286675453,0.0,0.3540933132171631,0.030495231971144676,0.8280552625656128,0.0,0.21935540437698364,0.12303440272808075,0.2615225613117218,0.0751878172159195,0.03392781689763069,0.09043054282665253,0.09223737567663193,0.0,0.00626710057258606,0.019431959837675095,0.17423127591609955,0.0,0.006498598027974367,0.09743840247392654,0.023089729249477386,0.12717533111572266,0.02041773498058319,0.0008547327597625554,0.0,0.0235464908182621,0.0,0.6834701299667358,0.0,0.0,0.028355680406093597,0.13324831426143646,0.012451710179448128,0.1261587291955948,0.11210501939058304,0.05719474330544472,0.0668935552239418,0.0,0.0,0.17757584154605865,0.32754939794540405,0.3099433183670044,0.11017358303070068,0.0,0.16503456234931946,0.0,0.023510389029979706,0.21144749224185944,0.010322174057364464,0.014304705895483494,0.2762531042098999,0.8312658667564392,0.2315962016582489,0.152201846241951,0.0,0.0,0.008060120977461338,0.07036615163087845,0.01416770089417696,0.06293770670890808,0.34498947858810425,0.6322292685508728,0.018117832019925117,0.033560629934072495,0.04207289218902588,0.12950026988983154,0.09563343226909637,0.0,0.08060389757156372,0.13331244885921478,0.08040568232536316,0.05781480297446251,0.2888108193874359,0.301392525434494,0.027613651007413864,0.01832537166774273,0.4298279583454132
6,0.13936327397823334,0.1309492290019989,0.032940126955509186,0.0,0.0,0.0,0.5419316291809082,0.044997427612543106,0.0,0.014592571184039116,0.032134875655174255,0.004197488538920879,0.0,0.32512497901916504,0.0,0.11213452368974686,0.053034573793411255,0.0,0.0,0.0,0.0,0.05965689942240715,0.0004904571687802672,0.2439228892326355,0.02040197141468525,0.0,0.0,0.5132509469985962,0.005691395606845617,0.08456170558929443,0.11467558145523071,0.3044714629650116,0.0,0.27589040994644165,0.08881299197673798,0.054374177008867264,0.0076985848136246204,0.2167614847421646,0.000980227836407721,0.0712294951081276,0.053150564432144165,0.16897551715373993,0.06976804882287979,0.0922950878739357,0.17511239647865295,0.19375599920749664,0.30268171429634094,0.035089362412691116,0.0,0.050484199076890945,0.17154592275619507,0.0,0.14898502826690674,0.011591779068112373,0.04159216210246086,0.0,0.2930511236190796,0.7720446586608887,0.230872243642807,0.07228634506464005,0.0,0.07470846176147461,0.1432105153799057,0.0,0.0,0.006553442683070898,0.0,0.0,0.22973498702049255,0.15209649503231049,0.047578904777765274,0.0,0.18698573112487793,0.16158148646354675,0.07895325124263763,0.04326494410634041,0.005984650459140539,0.06569289416074753,0.0,0.1667466014623642,0.008754666894674301,0.0586390420794487,0.0,0.14728467166423798,0.004209202714264393,0.0,0.052361879497766495,0.29221445322036743,0.32684215903282166,0.4045376479625702,0.045828063040971756,0.0,0.024281492456793785,0.08179768174886703,0.0009505481575615704,0.022092092782258987,0.5990543365478516,0.0,0.006803023628890514,0.0,0.0,0.3705189526081085,0.0,0.25928235054016113,0.42242541909217834,0.2633841633796692,0.04842107370495796,0.009328993037343025,0.010234924964606762,0.0,0.0,0.0757550448179245,0.056202612817287445,0.2691839337348938,0.07780871540307999,0.0,0.03574236109852791,0.0,0.08335167169570923,0.021126212552189827,0.0,0.06268658488988876,0.0,0.007107339333742857,0.0,0.29787173867225647,0.0,0.027969038113951683,0.0,0.031887397170066833,0.0,0.15716135501861572,0.032787639647722244,0.0028404805343598127,0.04282999038696289,0.1535758227109909,0.0,0.0,0.03209878131747246,0.0052841342985630035,0.0,0.0,0.01356243621557951,0.0,0.17132370173931122,0.0,0.04769638180732727,0.0,0.0,0.0,0.05085763335227966,0.15812772512435913,0.10888223350048065,0.0,0.0,0.3315962553024292,0.029835056513547897,0.0,0.03244197368621826,0.037380628287792206,0.314084529876709,0.23315203189849854,0.01127532683312893,0.0,0.13442353904247284,0.12560470402240753,0.0,0.18775396049022675,0.0,0.0,0.0029395318124443293,0.006274789106100798,0.015685349702835083,0.030371537432074547,0.25749948620796204,0.1409214735031128,0.02762984298169613,0.15047869086265564,0.0,0.021012669429183006,0.00032067569554783404,0.0,0.22331182658672333,0.0009397715330123901,0.0,0.20021231472492218,0.33857202529907227,0.0,0.0858248695731163,0.0,0.0,0.0,0.136429563164711,0.0028156705666333437,0.2817785441875458,0.11333531141281128,0.026592008769512177,0.21257689595222473,0.0,0.04629065841436386,0.13894441723823547,0.0,0.03996657952666283,0.09383060783147812,0.0,0.0,0.0,0.0,0.0,0.08951332420110703,0.0598008818924427,0.3814164996147156,0.051579877734184265,0.269925594329834,0.0,0.06194847449660301,0.4124361574649811,0.0,0.031630609184503555,0.2662738561630249,0.0,0.0719030499458313,0.0,0.0002740018826443702,0.019981587305665016,0.0,0.057966023683547974,0.0,0.3916202187538147,0.0,0.01986951008439064,0.0,0.34570854902267456,0.08772935718297958,0.07740967720746994,0.1548805832862854,0.04965906962752342,0.0,0.03874381631612778,0.09073533117771149,0.04935232177376747,0.0,0.0,0.3514971137046814,0.0,0.019741440191864967,0.05801594257354736,0.0,0.0,0.0,0.0,0.2989087700843811,0.0,0.0,0.010606723837554455,0.16359204053878784,0.0,0.07818112522363663,0.06165275350213051,0.00839863158762455,0.15542232990264893,0.0,0.0,0.19000829756259918,0.21569298207759857,0.10871965438127518,0.11954641342163086,0.0,0.19036974012851715,0.0018626308301463723,0.014529015868902206,0.08962477743625641,0.0,0.0,0.3292722702026367,0.6195824146270752,0.22882860898971558,0.07417351007461548,0.0,0.0,0.0,0.004225010517984629,0.012830684892833233,0.010045546106994152,0.05343419313430786,0.4802052974700928,2.3543834686279297e-05,0.06928496807813644,0.23774221539497375,0.16877882182598114,0.029411837458610535,0.0,0.006448511499911547,0.0,0.22850167751312256,0.0,0.557099461555481,0.046184953302145004,0.00124164333101362,0.025760721415281296,0.00384318083524704,0.04812800884246826,0.046753425151109695,0.0,0.0,0.0,0.31098473072052,0.15296612679958344,0.0,0.03529120236635208,0.19272693991661072,0.08758015185594559,0.0,0.3521738648414612,0.1861354410648346,0.05481383576989174,0.0,0.11081989854574203,0.016227809712290764,0.0,0.0,0.20118975639343262,0.0,0.49532032012939453,0.05056823045015335,0.0,0.0,0.4605505168437958,0.005698170978575945,0.06429833173751831,0.0,0.18953068554401398,0.0,0.2792215347290039,0.0,0.0130653390660882,0.03083810582756996,0.11177933216094971,0.13979925215244293,0.35317957401275635,0.034613631665706635,0.026707762852311134,0.228734090924263,0.0,0.27425676584243774,0.0,0.23367124795913696,0.012697771191596985,0.0,0.048928312957286835,0.004685387481004,0.0,0.427449494600296,0.0,0.0,0.22499524056911469,0.0,0.6574132442474365,0.09084834158420563,0.0,0.0,0.19224728643894196,0.11242963373661041,0.08400397002696991,0.0,0.0002697962918318808,0.0,0.4973609745502472,0.06919871270656586,0.04946339875459671,0.0,0.0,0.13785162568092346,0.43607112765312195,0.0,0.11445007473230362,0.15112553536891937,0.060467805713415146,0.0,0.11880654841661453,0.053167250007390976,0.0,0.0,0.2586575746536255,0.4105537533760071,0.016415944322943687,0.0,0.13288910686969757,0.5315629839897156,0.2426261603832245,0.051502030342817307,0.26953497529029846,0.02453785389661789,0.023339077830314636,0.00032406506943516433,0.019798947498202324,0.32539182901382446,0.0,0.0,0.08622521162033081,0.12101578712463379,0.23616446554660797,0.0,0.4964441657066345,0.28985321521759033,0.014860523864626884,0.015706438571214676,0.12371490895748138,0.002067963359877467,0.0,0.2826373875141144,0.02687174640595913,0.029557283967733383,0.23019950091838837,0.007865970022976398,0.0,0.04308425262570381,0.20134462416172028,0.0067697749473154545,0.019992390647530556,0.26191446185112,0.03358256444334984,0.0,0.02021399326622486,0.09945061057806015,0.3297150433063507,0.0,0.0,0.2408750355243683,0.0,0.0,0.13244982063770294,0.0,0.01727515645325184,0.0,0.013491383753716946,0.006871384102851152,0.0,0.07286418974399567,0.0,0.0,0.0,0.0,0.0,0.10114296525716782,0.02385273016989231,0.010604744777083397,0.00930802058428526,0.13050371408462524,0.0,0.0,0.04372568055987358,0.016561660915613174,0.0,0.0,0.12465201318264008,0.024668119847774506,0.0,0.0,0.0,0.2165791541337967,0.0,0.07274860888719559,0.0,0.028135456144809723,0.11704622209072113,0.0,0.0034311655908823013,0.08749214559793472,0.0,0.0,0.005260783713310957,0.018963605165481567,0.0,0.06719856709241867,0.2933763265609741,0.0,0.006900557316839695,0.11154872924089432,0.04634389653801918,0.003242484526708722,0.0023651462979614735,0.13373124599456787,0.011931980960071087,0.023870224133133888,0.04158582165837288,0.12024116516113281,0.0,0.0,0.0,0.0,0.32018208503723145,0.19813789427280426,0.0,0.1329539269208908,0.20191822946071625,0.042076226323843,0.2501085102558136,0.33722496032714844,0.0,0.11268603801727295,0.0,0.0,0.028175929561257362,0.0,0.0,0.0,0.24201838672161102,0.15604883432388306,0.0,0.13445629179477692,0.211211696267128,0.0,0.011524362489581108,0.2737817168235779,0.0942106693983078,0.2015293389558792,0.0,0.0,0.37553390860557556,0.0,0.027678919956088066,0.05354330688714981,0.0,0.03389265760779381,0.0,0.09070829302072525,0.16503912210464478,0.07695154845714569,0.2979885935783386,0.01568838581442833,0.0,0.27376511693000793,0.03940042108297348,0.23720380663871765,0.04378236085176468,0.0,0.0,0.026846040040254593,0.012398796156048775,0.0,0.009848483838140965,0.006595442537218332,0.27329888939857483,0.09957442432641983,0.07953342795372009,0.05795516073703766,0.0,0.0,0.0,0.0,0.4036804437637329,0.0,0.0,0.004687933251261711,0.025525882840156555,0.0,0.03621684014797211,0.0,0.0035980790853500366,0.028103819116950035,0.057292938232421875,0.010331105440855026,0.04456315189599991,0.0,0.7350042462348938,0.019825885072350502,0.13431446254253387,0.11724049597978592,0.0,0.0,0.08224125951528549,0.20535250008106232,0.0,0.13747483491897583,0.1552075445652008,0.16154001653194427,0.0,0.0675995945930481,0.0,0.14388279616832733,0.030910704284906387,0.009462413378059864,0.27471277117729187,0.0,0.22318479418754578,0.0,0.0012624774826690555,0.4520098865032196,0.26350483298301697,0.016005096957087517,0.0,0.0,0.21518774330615997,0.3911203145980835,0.0,0.38558876514434814,0.3252021372318268,0.14031407237052917,0.0,0.1282014697790146,0.08791354298591614,0.007629177998751402,0.0,0.0,0.0,0.4962940216064453,0.09840162098407745,0.0,0.02747260220348835,0.030424948781728745,0.06137397512793541,0.0,0.3932736814022064,0.021585185080766678,0.05969381332397461,0.0660308301448822,0.0,0.0,0.0,0.0,0.10386976599693298,0.0,0.24516548216342926,0.029945900663733482,0.0,0.0,0.5614392161369324,0.010833361186087132,0.040413450449705124,0.07968802005052567,0.34439414739608765,0.0,0.2605111598968506,0.049424320459365845,0.05169127508997917,0.0,0.133310928940773,0.04755667224526405,0.21892693638801575,0.10844401270151138,0.19082029163837433,0.11664330214262009,0.07027235627174377,0.240223228931427,0.11581902951002121,0.374821275472641,0.03002689965069294,0.0,0.02646580897271633,0.11584082245826721,0.0,0.3354949653148651,0.0,0.024297170341014862,0.03846997767686844,0.15113238990306854,0.8801241517066956,0.24576051533222198,0.11014910787343979,0.0,0.17693082988262177,0.24820300936698914,0.012243377044796944,0.0,0.0018799637909978628,0.0,0.13791963458061218,0.2752455174922943,0.2328057736158371,0.029239283874630928,0.0,0.13622063398361206,0.3148026764392853,0.010955226607620716,0.1111939325928688,0.0382491834461689,0.029424455016851425,0.0,0.15021270513534546,0.017129942774772644,0.018624678254127502,0.0,0.232766255736351,0.01257995329797268,0.00608213571831584,0.03947761282324791,0.3862779438495636,0.36027827858924866,0.3344295918941498,0.03590276837348938,0.012804091908037663,0.026967065408825874,0.07646181434392929,0.02303631231188774,0.04180259630084038,0.6501761078834534,0.0,0.0024822033010423183,0.08693674951791763,0.005351579748094082,0.426515132188797,0.0,0.1967584192752838,0.3940235376358032,0.12466193735599518,0.04503840580582619,0.025601323693990707,0.03389253467321396,0.0,0.08594845235347748,0.057861678302288055,0.02871597185730934,0.28551533818244934,0.08145938068628311,0.0,0.07435369491577148,0.0029226362239569426,0.05259472131729126,0.015537787228822708,0.10306799411773682,0.07470666617155075,0.022777166217565536,0.013466674834489822,0.026694875210523605,0.21017508208751678,0.0021499386057257652,0.02705397829413414,0.01056493166834116,0.0,0.0,0.14209842681884766,0.026289362460374832,0.0033137339632958174,0.019935255870223045,0.181431844830513,0.0,0.0,0.06965813040733337,0.03684970363974571,0.0,0.001214817981235683,0.0006265279371291399,0.0,0.09300771355628967,0.0,0.05376315116882324,0.0,0.0,0.0011669452069327235,0.03236149996519089,0.07583700120449066,0.07880457490682602,0.0,0.0,0.23283393681049347,0.0349237360060215,0.0,0.0,0.0386701375246048,0.2266615778207779,0.14278697967529297,0.017107894644141197,0.0,0.16472111642360687,0.1618361473083496,0.0,0.11016131937503815,0.0,0.0,0.007652154192328453,0.013849028386175632,0.017805691808462143,0.007081865333020687,0.35216695070266724,0.1214219182729721,0.0011289955582469702,0.07016244530677795,0.030939510092139244,0.016569141298532486,0.0,0.0024127415381371975,0.15037012100219727,0.005465655587613583,0.0,0.2562100291252136,0.3662159740924835,0.0,0.03662719205021858,0.0,0.0,0.07695382833480835,0.19832655787467957,0.003874299582093954,0.28170356154441833,0.07513376325368881,0.024836845695972443,0.11986792832612991,0.022439973428845406,0.006419960875064135,0.08855127543210983,0.0,0.02955956570804119,0.0750567838549614,0.0,0.0,0.0,0.018859362229704857,0.0,0.02472005784511566,0.18644088506698608,0.40428629517555237,0.027817895635962486,0.12381221354007721,0.07731267809867859,0.04480021819472313,0.3795124590396881,0.002195154083892703,0.024507110938429832,0.28082364797592163,0.0,0.08095735311508179,0.0,0.00015088680083863437,0.016199300065636635,0.0,0.07169163227081299,0.0030197873711586,0.4051799774169922,0.028040757402777672,0.043925028294324875,0.03234902769327164,0.26241809129714966,0.040665920823812485,0.2629096806049347,0.12214447557926178,0.0009481169981881976,0.0,0.04659157246351242,0.06090441718697548,0.021319329738616943,0.0,9.345250873593614e-05,0.23238548636436462,0.001301592099480331,0.02631055936217308,0.014597924426198006,0.0,0.0,0.0018184169894084334,0.0,0.40301889181137085,0.0,0.0,0.0015823070425540209,0.10943443328142166,0.0,0.05598216503858566,0.024394681677222252,0.0191018208861351,0.11131346970796585,0.0007814966375008225,0.0,0.08295052498579025,0.11379944533109665,0.38976773619651794,0.07495535165071487,0.0012066473718732595,0.12681297957897186,0.0,0.019228586927056313,0.07682846486568451,0.1215769350528717,0.0,0.24662825465202332,0.5221412181854248,0.17094747722148895,0.02761261723935604,0.0,0.0020739412866532803,0.0021082437597215176,0.00937770213931799,0.008076555095613003,0.014945020899176598,0.09445512294769287,0.41932234168052673,0.0,0.047241758555173874,0.25175657868385315,0.27488136291503906,0.03469202667474747,0.0,0.0007788586081005633,0.039211854338645935,0.21855321526527405,0.0021255703177303076,0.43007543683052063,0.15907476842403412,0.007360775955021381,0.0,-1.0954344272613525
7,0.0,0.051973167806863785,0.04251860827207565,0.0,0.0,0.0,0.374125599861145,0.14216656982898712,0.0,0.0040811956860125065,0.09431400895118713,0.017819851636886597,0.0,0.29399585723876953,0.0,0.039432745426893234,0.03681717813014984,0.0,0.0,0.0,0.0,0.1578187495470047,0.0,0.41451725363731384,0.01986616477370262,0.0,0.0,0.48449692130088806,0.0,0.08300506323575974,0.0054086958989501,0.19898410141468048,0.0,0.3540365993976593,0.0194373968988657,0.0721130296587944,0.06405611336231232,0.13096949458122253,0.025078976526856422,0.26948991417884827,0.0,0.1324494332075119,0.09867749363183975,0.08083540201187134,0.3007005453109741,0.0016554880421608686,0.1957714557647705,0.023145906627178192,0.0,0.056970443576574326,0.05095796287059784,0.0,0.16955578327178955,0.0004183888668194413,0.0,0.045961473137140274,0.02872515842318535,0.5510819554328918,0.07492052018642426,0.01114168856292963,0.0,0.25655293464660645,0.03855755925178528,0.0,0.0,0.0,0.0,0.11635904014110565,0.029739145189523697,0.0467229038476944,0.0,0.0,0.15046115219593048,0.19532327353954315,0.0063833752647042274,0.10067253559827805,0.018646208569407463,0.14216896891593933,0.0,0.19709330797195435,0.055219605565071106,0.01228279247879982,0.0,0.17042741179466248,0.11007602512836456,0.025109078735113144,0.0036139762960374355,0.09222759306430817,0.4374137222766876,0.26507556438446045,0.03621470555663109,0.0007431092672049999,0.0431426540017128,0.10100138932466507,0.0032201786525547504,0.0,0.35634124279022217,0.0,0.0,0.04209904000163078,0.0,0.15440671145915985,0.0,0.3538205921649933,0.37624940276145935,0.03539677709341049,0.027875801548361778,0.03694229945540428,0.0,0.0,0.023932084441184998,0.06683731079101562,0.03857230395078659,0.1472746878862381,0.0,0.0,0.017448564991354942,0.013682099059224129,0.025355223566293716,0.006073353346437216,0.03446206450462341,0.009634767659008503,0.0,0.0,0.001365523785352707,0.453683078289032,0.0,0.0,0.0,0.0,0.0,0.06829015165567398,0.0,0.01485480647534132,0.02680688351392746,0.0,0.0,0.0,0.08103808015584946,0.0005295251030474901,0.0,0.0022249852772802114,0.049172986298799515,0.0,0.09714701771736145,0.019205620512366295,0.0,0.019666390493512154,0.22130335867404938,0.0,0.016542360186576843,0.08633645623922348,0.06526223570108414,0.0,0.0,0.01124546118080616,0.016609493643045425,0.0,0.002631234936416149,0.0,0.19052299857139587,0.010351099073886871,0.018687792122364044,0.0,0.1437768191099167,0.0823761597275734,0.0,0.05980518087744713,0.0,0.0,0.0,0.0,0.003995286766439676,0.0,0.0035435683093965054,0.17521341145038605,0.0,0.015063242986798286,0.06885284930467606,0.013816693797707558,0.0037424853071570396,0.0,0.20376841723918915,0.0,0.009998228400945663,0.014962038025259972,0.16113132238388062,0.0,0.0,0.0,0.0,0.043708041310310364,0.146917924284935,0.0,0.11688414216041565,0.0921238511800766,0.03623949736356735,0.20228376984596252,0.11532709747552872,0.0,0.057911910116672516,0.0,0.010865967720746994,0.00974353775382042,0.0,0.0,0.004322890192270279,0.0,0.0,0.0,0.03683800995349884,0.21097195148468018,0.0,0.143644779920578,0.05646635591983795,0.11994148790836334,0.2913605570793152,0.0,0.0,0.31385964155197144,0.0,0.0,0.0,0.0,0.059383608400821686,0.0,0.033296652138233185,0.0024948623031377792,0.12513220310211182,0.149562805891037,0.0,0.0,0.24316763877868652,0.0874001681804657,0.2258383333683014,0.14218159019947052,0.0,0.0,0.04263334721326828,0.012110619805753231,0.0,0.020973414182662964,0.0,0.3544909954071045,0.002842002548277378,0.017507443204522133,0.07326656579971313,0.0,0.0,0.0,0.0,0.30254319310188293,0.0,0.0,0.0,0.05001820623874664,0.0,0.0428989976644516,0.022103480994701385,0.0,0.09038493037223816,0.001189625822007656,0.0,0.09171472489833832,0.0028025973588228226,0.4413549304008484,0.06589047610759735,0.019589312374591827,0.14487068355083466,0.0,0.0,0.06787454336881638,0.04462876170873642,0.0,0.22305046021938324,0.31650078296661377,0.24462813138961792,0.0,0.0,0.0,0.002750006504356861,0.012781224213540554,0.022631794214248657,0.06413773447275162,0.0022484525106847286,0.23865260183811188,0.0,0.008802637457847595,0.44734811782836914,0.2614743411540985,0.02725202776491642,0.0,0.0,0.0,0.30494624376296997,0.0,0.42476630210876465,0.09705168753862381,0.025927359238266945,0.0035884156823158264,0.0,0.2069978564977646,0.5300076603889465,0.0,0.0,0.0,0.39432016015052795,0.08717596530914307,0.0,0.0,0.2506360411643982,0.0,0.0,0.2232654094696045,0.0,0.08607592433691025,0.0,0.08982028067111969,0.0,0.0,0.0,0.16417944431304932,0.05952627211809158,1.0088589191436768,0.0,0.0,0.0,0.8170607686042786,0.05321750417351723,0.06072741001844406,0.13265475630760193,0.26673221588134766,0.0,0.5235058069229126,0.08166712522506714,0.4007180333137512,0.402141809463501,0.8557375073432922,8.333888399647549e-05,0.0,0.0,0.2861839830875397,0.08474878966808319,0.2527971863746643,0.7048323154449463,0.7883607149124146,0.0,0.0,0.0,0.2250700294971466,0.2614714801311493,0.0,0.037699319422245026,0.05088794603943825,0.21401509642601013,0.014467294327914715,0.5268274545669556,0.30438232421875,0.12173257768154144,0.0,0.0,0.015281866304576397,0.0,0.0,0.0,0.08416648209095001,0.0,2.951092210423667e-05,0.05513301491737366,0.0,0.5744131207466125,0.0,0.313334584236145,0.0,0.018328377977013588,0.14690184593200684,0.010711051523685455,0.6092600226402283,0.0,0.13831591606140137,0.06555641442537308,0.2944820821285248,0.01845569722354412,0.1904214471578598,0.43543991446495056,0.01781989447772503,0.11794829368591309,0.030628833919763565,0.5553306937217712,0.37448540329933167,0.08839325606822968,0.08702004700899124,0.0875869169831276,0.6645897030830383,0.0,0.0,0.06902662664651871,0.07773855328559875,0.0,0.010806177742779255,0.0,0.0010323213646188378,0.0,0.8458907008171082,0.5580551624298096,0.27032870054244995,0.205088272690773,0.05445624887943268,0.0,0.0,0.0,0.19003866612911224,0.11015794426202774,0.16021902859210968,0.055095188319683075,0.0,0.0,0.02538255974650383,0.1428956538438797,0.3797460198402405,0.0,0.024714836850762367,0.13296504318714142,0.019218526780605316,0.0,0.47215455770492554,0.0,0.40906867384910583,0.008888470008969307,0.003965620417147875,0.0,0.013694784604012966,0.05206665024161339,0.0,0.05063491314649582,0.0,0.0,0.0,0.02668435499072075,0.0015878946287557483,0.0,0.006925624329596758,0.7927706837654114,0.0,0.5120174884796143,0.0,0.0,0.10119549185037613,0.18012185394763947,0.0,0.033270787447690964,0.8486841917037964,0.3358129858970642,0.0,0.0,0.5317823886871338,0.004495253786444664,0.0,0.0,0.0,1.1275783777236938,0.14061331748962402,0.0014417999191209674,0.0,0.06699488312005997,0.0,0.07689375430345535,0.464372843503952,0.017153743654489517,0.0,0.015729451552033424,0.0,0.05491885915398598,0.1681598573923111,0.01042499765753746,0.2835582196712494,0.026590967550873756,0.41929376125335693,0.08145400136709213,0.027755778282880783,0.0,0.009153793565928936,0.8074544072151184,0.0,0.03146316483616829,0.07076235860586166,0.0011723579373210669,0.0591440387070179,0.5950790047645569,0.0,0.0,0.006336425896733999,0.0,0.10116756707429886,0.014536653645336628,0.8335522413253784,0.045522816479206085,1.0586782693862915,0.17596611380577087,0.00518112862482667,0.23783951997756958,0.0,0.058451175689697266,0.0,0.0,0.0,0.00348502560518682,0.0,0.04177962988615036,0.10662505030632019,0.0,0.012753894552588463,0.029506875202059746,0.6561112403869629,0.1335124969482422,0.15720932185649872,0.3078177869319916,0.0,0.047593243420124054,0.42461097240448,0.05493749678134918,0.0,0.0,0.0,0.0,0.024360191076993942,0.0,0.25163331627845764,0.12752126157283783,0.2048981934785843,0.0,0.0,0.871105968952179,0.559471845626831,0.0,0.1239655390381813,0.05299613997340202,0.005015506409108639,0.24499161541461945,0.02883153222501278,0.004729578737169504,0.00040971674025058746,0.0,1.1535470485687256,0.0,0.1821587234735489,0.05263376235961914,0.0,0.0,0.0,0.0,0.06083907186985016,0.0,0.011125100776553154,0.0,0.7180889248847961,0.005644320510327816,0.013314093463122845,0.0,0.061215996742248535,0.40623772144317627,0.0,0.030608603730797768,0.519995927810669,0.24140548706054688,0.0,0.43767228722572327,0.14635290205478668,0.18450692296028137,0.02106834203004837,0.0,0.026396168395876884,0.0,0.03462519869208336,1.763034462928772,0.3536370098590851,0.375512033700943,0.05574079230427742,0.0,0.01594928652048111,0.027040675282478333,0.0,0.43582287430763245,0.016970019787549973,0.0,0.24281059205532074,0.013036425225436687,0.0,0.8461844325065613,0.19132502377033234,0.08512744307518005,0.04276009649038315,0.0,0.0,0.47529470920562744,0.047780055552721024,0.399303138256073,0.0,0.19645090401172638,0.27474260330200195,0.0,0.0864587128162384,0.2874703109264374,0.0,0.0,0.0,0.346171498298645,0.1203627735376358,0.0,0.0007823589257895947,0.1597718447446823,0.006032467819750309,0.0,0.3051896095275879,0.0,0.030254319310188293,0.0385691374540329,0.03532787784934044,0.0,0.0,0.0,0.16245339810848236,0.051179707050323486,0.7825182676315308,0.0,0.0,0.0,0.7703776359558105,0.02050711214542389,0.05233686417341232,0.08927574753761292,0.30314457416534424,0.0,0.4690040051937103,0.06632675230503082,0.30265432596206665,0.16438692808151245,0.5164421200752258,0.012541341595351696,0.057240672409534454,0.0,0.30598926544189453,0.08818522095680237,0.19211173057556152,0.6110563278198242,0.5082051753997803,0.05719898268580437,0.0,0.0,0.1337646245956421,0.13075578212738037,0.0,0.11406299471855164,0.011271003633737564,0.08490815758705139,0.013094511814415455,0.358471542596817,0.510107159614563,0.10255317389965057,0.017893794924020767,0.0,0.09350765496492386,0.02696635201573372,0.0,0.0,0.018135763704776764,0.0,0.04748881608247757,0.07404175400733948,0.025774378329515457,0.26805001497268677,0.0,0.19465915858745575,0.023584311828017235,0.0038335039280354977,0.1825798749923706,0.006239672191441059,0.4011179506778717,0.0008565876632928848,0.10309769213199615,0.04638916254043579,0.12864340841770172,0.009888991713523865,0.1897469460964203,0.26756957173347473,0.016176899895071983,0.05100499466061592,0.10777592658996582,0.46184808015823364,0.3065360486507416,0.05622980371117592,0.07235812395811081,0.05550948530435562,0.3771249055862427,0.00442861020565033,0.0,0.27227550745010376,0.01660667359828949,0.002184467390179634,0.020976075902581215,0.0019544558599591255,0.028360439464449883,0.0,0.492230087518692,0.4976593852043152,0.19536092877388,0.14505358040332794,0.0479804128408432,0.0,0.0,0.0011990111088380218,0.11379297822713852,0.04731709510087967,0.15077316761016846,0.034128688275814056,0.0,0.007630573119968176,0.052723705768585205,0.04292852431535721,0.1630672663450241,0.009699063375592232,0.009294688701629639,0.08219440281391144,0.006596316583454609,0.0,0.4151638150215149,0.0,0.1587907075881958,0.03979676216840744,0.0,0.0,0.032143473625183105,0.022771582007408142,0.0,0.025714635848999023,0.0,0.0,0.010424766689538956,0.050136953592300415,0.041706446558237076,0.0,0.005546655040234327,0.4361576735973358,0.0,0.36568376421928406,0.0,0.0,0.045144811272621155,0.08439496159553528,0.0,0.019508184865117073,0.5437394380569458,0.2089083194732666,0.0,0.0,0.30642953515052795,0.013365063816308975,0.0,0.006149538792669773,0.0,0.7609052062034607,0.14039617776870728,0.0009822603315114975,0.0,0.11552496254444122,0.034226641058921814,0.0532272532582283,0.27741366624832153,0.025967787951231003,0.0,0.009685246273875237,0.0,0.02346392348408699,0.11823688447475433,0.012167301028966904,0.20751376450061798,0.0,0.2526662349700928,0.06613804399967194,0.004895797930657864,0.0,0.0012922314926981926,0.5799201726913452,0.0,0.01597675122320652,0.119266077876091,0.08229909837245941,0.029621252790093422,0.3387625813484192,0.001706268172711134,0.0,0.009591961279511452,0.0046090297400951385,0.08196413516998291,0.0837072879076004,0.513567328453064,0.02356351912021637,0.6789110898971558,0.1297326385974884,0.0,0.10286266356706619,0.0,0.058588042855262756,0.0,0.0,0.0,0.0,0.0,0.020359262824058533,0.04628691449761391,0.007572698872536421,0.05912204086780548,0.02364175021648407,0.4205692410469055,0.09474646300077438,0.1074579507112503,0.29292964935302734,0.0,0.02910672500729561,0.3536601960659027,0.016552750021219254,0.0,0.0,0.0,0.0,0.011926870793104172,0.0009651998989284039,0.15368366241455078,0.2387135624885559,0.154813751578331,0.0,0.0,0.6178616285324097,0.3796881437301636,0.10055764764547348,0.13823336362838745,0.02871837466955185,0.0,0.09195668995380402,0.014634791761636734,0.0,0.0,0.0,0.7537503838539124,0.0,0.16065195202827454,0.0217394158244133,0.0,0.0,0.0,0.0,0.16368478536605835,0.0,0.0,0.0,0.4013643264770508,0.007472865283489227,0.012914950028061867,0.018176428973674774,0.023870844393968582,0.1736997365951538,0.0,0.02073833905160427,0.31838664412498474,0.15693068504333496,0.11781726032495499,0.23279204964637756,0.06392451375722885,0.13650180399417877,0.0,0.0,0.023398185148835182,0.0054591065272688866,0.03381504863500595,1.233381748199463,0.3735995292663574,0.28893396258354187,0.007839192636311054,0.0,0.005854151211678982,0.03263954818248749,0.005534636788070202,0.19248361885547638,0.04353103041648865,0.010671742260456085,0.29748427867889404,0.0,0.0,0.6972699165344238,0.26466482877731323,0.06610754877328873,0.0009203074732795358,0.007872432470321655,0.0,0.3475554287433624,0.029449213296175003,0.3192894458770752,0.007132220081984997,0.09383570402860641,0.14625714719295502,-0.8293297290802002
8,0.5218181610107422,0.10854700207710266,0.0843203067779541,0.0,0.01948009431362152,0.0,1.0335781574249268,0.0028588229324668646,0.0024872063659131527,0.4150758683681488,0.0,0.0,0.0,0.5581870675086975,0.0,0.04238157719373703,0.09819485992193222,0.0,0.0,0.012536458671092987,0.0,0.012063764035701752,0.0012882982846349478,0.0012570272665470839,0.25675487518310547,0.003031735308468342,0.0,0.6106125116348267,0.044862568378448486,0.028660312294960022,0.03346763551235199,0.5883699655532837,0.0,0.04375184699892998,0.14164124429225922,0.03898422047495842,0.0,0.31412383913993835,0.02974797412753105,0.06696407496929169,0.928087592124939,0.2925550937652588,0.06280502676963806,0.10766774415969849,0.11170405149459839,0.35537290573120117,1.0770611763000488,0.026657238602638245,0.0,0.0953579694032669,0.2667575478553772,0.0,0.3665994107723236,0.011683079414069653,0.08325893431901932,0.0,0.5154503583908081,1.787717580795288,0.5439740419387817,0.3887016177177429,0.0,0.05262205749750137,0.789828896522522,0.0,0.0,0.08313988149166107,0.0,0.0,0.7833526134490967,0.4336569905281067,0.28686636686325073,0.0,0.6310205459594727,0.6370735168457031,0.3611825704574585,0.02543552778661251,0.12803970277309418,0.0,0.0,0.22538143396377563,0.0,0.0009983527706936002,0.011432806961238384,0.30448830127716064,0.0,0.016850730404257774,0.0021801856346428394,0.8413224220275879,0.34402355551719666,0.49486732482910156,0.2971669137477875,0.0,0.04026126116514206,0.08551588654518127,0.0026836097240448,0.3452537953853607,1.1323235034942627,0.0,0.03717426210641861,0.021374888718128204,0.0,0.5825828313827515,0.0,0.0,0.5394165515899658,0.5181896686553955,0.14235363900661469,0.04922883212566376,0.2973010540008545,0.0,0.0,0.11807235330343246,0.21266484260559082,0.481564998626709,0.8767046928405762,0.0,0.1537867784500122,0.0,0.18096449971199036,0.04306177422404289,0.0,0.5121796131134033,0.04767985641956329,0.02171884849667549,0.0,0.008236735127866268,0.02623365819454193,0.20305275917053223,0.0,0.0,4.929746501147747e-05,0.053792744874954224,0.3555842638015747,0.031326163560152054,0.1563134491443634,0.9993530511856079,0.0,0.0,0.4916548430919647,0.06668246537446976,0.0,0.0,0.00026785366935655475,0.0,0.04401105269789696,0.0,0.7100607752799988,0.0020349768456071615,0.0,0.0,0.0,0.18283484876155853,0.06546564400196075,0.0,0.0,0.7544540166854858,0.03185833990573883,0.0,0.022866908460855484,0.11829813569784164,0.3706275224685669,0.3689671456813812,0.23445932567119598,0.0,0.32917889952659607,0.3777376115322113,0.0,0.3181076943874359,0.0,0.0,0.010073712095618248,0.0,0.033430807292461395,0.04640868306159973,1.4205422401428223,0.0,0.021192995831370354,0.4576473832130432,0.0,0.008183194324374199,0.0,0.0,0.0033498217817395926,0.06634056568145752,0.0,0.7117199897766113,1.0598915815353394,0.0388578437268734,0.3379833698272705,0.0,0.00017129133630078286,0.0,0.37464767694473267,0.0026072559412568808,0.5747095942497253,0.07297907024621964,0.03882298618555069,0.032454293221235275,0.0,0.21190068125724792,0.0816836953163147,0.0,0.08975710719823837,0.4700436592102051,0.0,0.0034273292403668165,0.0,0.0014939358225092292,0.0,0.0999627336859703,0.2812945246696472,0.978667676448822,0.08666383475065231,0.311387836933136,0.0,0.14979737997055054,0.8246768712997437,0.0,0.1459096223115921,0.13941915333271027,0.0,0.5486977100372314,0.0,0.09803447127342224,0.02594349905848503,0.0,0.590458333492279,0.0,0.9780185222625732,0.0,0.27621573209762573,0.18268726766109467,0.31769049167633057,0.1486513614654541,0.15438753366470337,0.2842593491077423,0.1927979290485382,0.0,0.01898839697241783,0.06711431592702866,0.15511387586593628,0.0,0.0023889632429927588,0.10340636223554611,0.0,0.0,0.0,0.0,0.0,0.0,0.0,0.49497050046920776,0.0,0.0,0.003823421895503998,0.5052489042282104,0.04277487099170685,0.15884482860565186,0.14680850505828857,0.09487740695476532,0.1470494568347931,0.0,0.0,0.31107866764068604,0.40236520767211914,0.10566718876361847,0.12737685441970825,0.0,0.3136450946331024,0.0,0.10950011014938354,0.5478149652481079,0.0036236527375876904,0.0,0.23894082009792328,1.2348639965057373,0.44728970527648926,0.3609759211540222,0.0,0.0,0.0,0.09842549264431,0.0,0.020179923623800278,0.3410267233848572,0.8082782626152039,0.0,0.16360150277614594,0.038134314119815826,0.2996883988380432,0.13153289258480072,0.0,0.14843527972698212,0.2088249921798706,0.0,0.18650773167610168,0.662779688835144,0.25382232666015625,0.0036709781270474195,0.007337189745157957,0.01359045971184969,0.06842907518148422,0.012967283837497234,0.0,0.0,0.0,0.27339187264442444,0.13347871601581573,0.0,0.04216497391462326,0.2059255838394165,0.07142982631921768,0.0,0.33623993396759033,0.045446086674928665,0.01442609541118145,0.0028870534151792526,0.06494036316871643,0.023400966078042984,0.0,0.0007160819950513542,0.12235639989376068,0.0,0.3818981945514679,0.08162401616573334,0.0,0.0,0.3998706042766571,0.0029305501375347376,0.042115360498428345,0.003075650194659829,0.26704317331314087,0.0,0.2883268892765045,0.0002589946088846773,0.008165821433067322,0.06492599099874496,0.03526395559310913,0.029881412163376808,0.22347784042358398,0.03393346443772316,0.06279740482568741,0.18208734691143036,0.010179105214774609,0.24151937663555145,0.0,0.24904532730579376,0.0,0.0,0.028346916660666466,0.029407700523734093,0.0,0.5092979669570923,0.0,0.0,0.15015088021755219,0.0002261863846797496,0.575769305229187,0.05552315711975098,0.005887157749384642,0.0,0.23285433650016785,0.09257085621356964,0.04567568749189377,0.0,0.0,0.0,0.41690266132354736,0.11741648614406586,0.10853424668312073,0.0,0.0,0.10275048762559891,0.48404446244239807,0.0,0.11883912980556488,0.07380825281143188,0.006214309483766556,0.0,0.1819303035736084,0.07198487222194672,0.0,0.0,0.27160152792930603,0.16704079508781433,0.040256600826978683,0.0,0.16247114539146423,0.5311940312385559,0.17626839876174927,0.02109970711171627,0.23755131661891937,0.05475069582462311,0.0,0.008783196099102497,0.015023920685052872,0.30743035674095154,0.0,0.0,0.04731198400259018,0.13922865688800812,0.2096046656370163,0.0,0.2855217456817627,0.22231009602546692,0.0011938376119360328,0.009548623114824295,0.13182908296585083,0.0,0.0,0.1789725124835968,0.07690439373254776,0.0,0.16038250923156738,0.00031190449954010546,0.0,0.04568907618522644,0.0739215761423111,0.0,0.011702573858201504,0.14719165861606598,0.04617661237716675,0.006241334602236748,0.008690955117344856,0.08801243454217911,0.25527065992355347,0.0,0.0,0.08684554696083069,0.0,0.0,0.13178184628486633,0.0,0.04007420316338539,0.000641721417196095,0.02492900937795639,0.0,0.0,0.14865925908088684,0.0030413679778575897,0.0,0.0,0.0,0.0,0.019925247877836227,0.015870505943894386,0.002986953593790531,0.009519594721496105,0.23764832317829132,0.005111345089972019,0.0,0.0014322857605293393,0.008897701278328896,0.0,0.0,0.01089381892234087,0.03507944568991661,0.012861368246376514,0.0,0.0,0.0017559909028932452,0.007886558771133423,0.06268095970153809,0.0,0.08598712831735611,0.12352471798658371,0.0,0.0,0.061136987060308456,0.0,0.007282293401658535,0.020492829382419586,0.007796814199537039,0.0,0.08072422444820404,0.09445689618587494,0.0,0.0,0.18299929797649384,0.027347246184945107,0.02876567281782627,0.0,0.09175162762403488,0.0,0.026110593229532242,0.048503629863262177,0.16464252769947052,0.0,0.0,0.0,0.0,0.20111574232578278,0.25530195236206055,0.0,0.14515960216522217,0.016259904950857162,0.07362816482782364,0.055704694241285324,0.26955389976501465,0.0,0.04042985662817955,0.0,0.006281314883381128,0.04510199651122093,0.0,0.0,0.029178142547607422,0.1237763985991478,0.09986547380685806,0.0002521371643524617,0.12091970443725586,0.32551586627960205,0.0,0.0,0.22372913360595703,0.05508660152554512,0.1676347255706787,0.0,0.0,0.16392312943935394,0.0,0.02314501814544201,0.07144699990749359,0.0,0.11428382992744446,0.0,0.01438187900930643,0.04751647263765335,0.10912704467773438,0.2670091390609741,0.009262476116418839,0.0037018044386059046,0.139445960521698,0.011627181433141232,0.2773013114929199,0.023589083924889565,0.0,0.0,0.002551002660766244,0.018405983224511147,0.0,0.0,0.0,0.08504431694746017,0.11358300596475601,0.016217699274420738,0.09076856821775436,0.0,0.0,0.0,0.0,0.48401907086372375,0.0,0.0,0.0023380310740321875,0.0,0.0,0.008695918135344982,0.007594543043524027,0.0,0.022749854251742363,0.027145804837346077,0.03500255197286606,0.016240466386079788,0.0,0.5716292858123779,0.002176095964387059,0.08420208841562271,0.07017448544502258,0.0,0.0,0.05654827132821083,0.19191080331802368,0.0,0.1275525689125061,0.11963040381669998,0.11768019199371338,0.0,0.019038954749703407,0.0,0.062384121119976044,0.014463196508586407,0.0008846620912663639,0.18584492802619934,0.002169413259252906,0.17702285945415497,0.0,0.0,0.39399969577789307,0.21218609809875488,0.014484514482319355,0.0,0.0,0.23619689047336578,0.307256281375885,0.0,0.27758392691612244,0.3707291781902313,0.04442350193858147,0.0,0.29012423753738403,0.09386647492647171,0.05695357918739319,0.0,0.0,0.0,0.7497355937957764,0.07770442217588425,0.005155986174941063,0.3213132619857788,0.003121417248621583,0.02709091268479824,0.0031318278051912785,0.5081819891929626,0.013810313306748867,0.02599664032459259,0.11014292389154434,0.0,0.0,0.007701939437538385,0.0,0.08964049071073532,0.0055431583896279335,0.08314541727304459,0.1722366064786911,0.0,0.0,0.6348676085472107,0.0408296100795269,0.013365921564400196,0.033472854644060135,0.5410842895507812,0.0,0.14477871358394623,0.07247880101203918,0.05834846571087837,0.0,0.21320931613445282,0.0649615228176117,0.14499257504940033,0.5716807842254639,0.34381744265556335,0.06820162385702133,0.18872462213039398,0.23196716606616974,0.19173189997673035,0.7877702713012695,0.01421830989420414,0.0,0.06803502142429352,0.16063247621059418,0.0,0.4408746659755707,0.0,0.049654554575681686,0.0,0.33334630727767944,1.4019010066986084,0.35991573333740234,0.269820898771286,0.0,0.20048856735229492,0.581258237361908,0.008752739988267422,0.010922868736088276,0.06713780015707016,0.0,0.0561365969479084,0.609318733215332,0.33713191747665405,0.14173032343387604,0.0,0.41111937165260315,0.5112709999084473,0.18586790561676025,0.14499348402023315,0.13371725380420685,0.009574130177497864,0.0,0.19188649952411652,0.0071912421844899654,0.0,0.009313448332250118,0.31235769391059875,0.0,0.01517547108232975,0.0,0.6590172648429871,0.39687126874923706,0.34533387422561646,0.18005268275737762,0.02328171394765377,0.028969252482056618,0.05343417078256607,0.029143085703253746,0.22362244129180908,0.8970149159431458,0.0,0.05270005390048027,0.12377893924713135,0.004862410482019186,0.4994402527809143,0.0,0.0,0.43786507844924927,0.2636026442050934,0.10893452167510986,0.03884727135300636,0.1812943071126938,0.0,0.013050324283540249,0.07636304944753647,0.10446237772703171,0.41382303833961487,0.4915027320384979,0.0,0.12056028842926025,0.006292372941970825,0.09018435329198837,0.02944415807723999,0.09243115037679672,0.32799750566482544,0.03986568748950958,0.011368832550942898,0.005190697964280844,0.05398302152752876,0.023494599387049675,0.15605223178863525,0.0,0.0,0.001427755574695766,0.10089670866727829,0.18308980762958527,0.021318672224879265,0.10999789088964462,0.5999971628189087,0.0,0.0,0.3842013478279114,0.08695226907730103,0.0,0.0,0.0007439852342940867,0.0,0.03550881892442703,0.0,0.39784476161003113,0.0012106214417144656,0.00013247579045128077,0.0,0.0,0.12228647619485855,0.05484364554286003,0.0,0.0,0.4758620262145996,0.06836570799350739,0.0,0.012709333561360836,0.0691530779004097,0.2579696774482727,0.188240647315979,0.13987627625465393,0.020623434334993362,0.3239520788192749,0.3258224427700043,0.0,0.15972773730754852,0.0,0.0,0.011622576043009758,0.02830127440392971,0.026064634323120117,0.020915359258651733,0.9013547301292419,0.010333835147321224,0.011072087101638317,0.2589848041534424,0.02100178971886635,0.0029387385584414005,0.0,0.020537886768579483,0.021460335701704025,0.033465832471847534,0.0,0.5418358445167542,0.7723791599273682,0.01859864592552185,0.18618249893188477,0.0,0.0007841889164410532,0.018909955397248268,0.31676700711250305,0.0,0.40865451097488403,0.04553775116801262,0.027071936056017876,0.025604842230677605,0.024777619168162346,0.06735549122095108,0.05272800847887993,0.0,0.11116635799407959,0.27217355370521545,0.0021455443929880857,0.007449239492416382,0.0,0.012947735376656055,0.0,0.02811317704617977,0.28900569677352905,0.739966094493866,0.043394535779953,0.16065680980682373,0.05240402743220329,0.09743944555521011,0.5808830857276917,0.024927591904997826,0.08336915820837021,0.1580708771944046,0.0,0.3648815155029297,0.0,0.059427786618471146,0.021955234929919243,0.0,0.3782842755317688,0.0,0.7088255286216736,0.001769921975210309,0.1603134721517563,0.11183696985244751,0.22214265167713165,0.10361828655004501,0.27434998750686646,0.18353964388370514,0.050003986805677414,0.0,0.011923100799322128,0.04426008090376854,0.06758229434490204,0.0,0.005298060830682516,0.10057641565799713,0.0,0.0,0.0,0.0,0.0,0.0,0.0,0.5731382369995117,0.0010415267897769809,0.0,0.0012931417440995574,0.29409676790237427,0.026454662904143333,0.09854976087808609,0.1289655566215515,0.06324145197868347,0.08015011996030807,0.0014585383469238877,0.001860277378000319,0.19395847618579865,0.19313454627990723,0.33713293075561523,0.10108422487974167,0.0,0.230061873793602,0.0,0.06760752946138382,0.36635491251945496,0.072523333132267,0.0030902866274118423,0.30759570002555847,0.8164238929748535,0.3259223401546478,0.14140871167182922,0.0,0.002466548001393676,0.0,0.10514896363019943,0.0,0.04284778982400894,0.2849988341331482,0.5992547273635864,0.007624413352459669,0.08729872852563858,0.15034978091716766,0.3452700674533844,0.09654390066862106,0.0,0.1018412858247757,0.1789664477109909,0.09835520386695862,0.10116151720285416,0.4938252568244934,0.25734978914260864,0.010863243602216244,0.01261855661869049,-1.3468948602676392
9,0.0,0.14580698311328888,0.49901142716407776,0.0025319962296634912,0.0,0.0,0.6165251135826111,0.023064477369189262,0.0,0.0,0.06971359252929688,0.0,0.0,0.2560161054134369,0.0,0.19062575697898865,0.02071727253496647,0.0,0.0,0.0,0.0,0.13131533563137054,0.024541132152080536,0.6915145516395569,0.0,0.0,0.0,0.8383224606513977,0.07546878606081009,0.050354618579149246,0.2950911819934845,0.31335610151290894,0.0,0.40168699622154236,0.18109342455863953,0.38994666934013367,0.16907644271850586,0.7970860004425049,0.0,0.0014210757799446583,0.0,0.4300292432308197,0.0496140718460083,0.23809538781642914,0.5526755452156067,0.9194612503051758,0.09471753984689713,0.0,0.0,0.19541268050670624,0.3753562569618225,0.0,0.0,0.008799625560641289,0.21441571414470673,0.0,0.705437183380127,0.6566708087921143,0.1545850783586502,0.05330171808600426,0.0,0.031216956675052643,0.005395323503762484,0.0,0.0,0.11193660646677017,0.007867962121963501,0.0,0.1341460943222046,0.009054800495505333,0.6139037609100342,0.0,0.3648563325405121,0.0,0.11197283864021301,0.11362392455339432,0.0,0.5950393080711365,0.0,0.1136055514216423,0.018796073272824287,0.28434595465660095,0.002320026746019721,0.15566471219062805,0.0,0.0,0.15287916362285614,0.1682804375886917,0.4216732680797577,0.5398867726325989,0.10819404572248459,0.0,0.0,0.49480000138282776,0.0,0.0,0.4295858144760132,0.1101142019033432,0.0,0.007106830831617117,0.0,0.041176941245794296,0.0,0.523565411567688,0.7770289778709412,0.45221033692359924,0.25072622299194336,0.00425294041633606,0.0,0.0,0.0,0.23023076355457306,0.23016251623630524,0.2444600760936737,0.17344403266906738,0.0,0.0,0.0,0.23436005413532257,0.17837098240852356,0.0,0.055087246000766754,0.1792672872543335,0.01806602254509926,0.0,0.44949594140052795,0.0021692970767617226,0.251851886510849,0.0,0.0,0.0,0.008321575820446014,0.1466808319091797,0.0,0.08851303160190582,0.033986084163188934,0.0,0.0,0.037221238017082214,0.033826835453510284,0.0,0.01818820834159851,0.5972957611083984,0.0,0.5825796127319336,0.0,0.0,0.039336323738098145,0.0,0.0,0.0770333781838417,0.7553068995475769,0.2995852530002594,0.0,0.0,0.5816555023193359,0.004490009043365717,0.0,2.5456563889747486e-05,0.0,1.1863898038864136,0.3187517821788788,0.0,0.0,0.17561393976211548,0.04143685847520828,0.0,0.6736462712287903,0.0,0.0,0.0,0.0,0.053877200931310654,0.1280384510755539,0.0714355856180191,0.2393416315317154,0.022735506296157837,0.7789468765258789,0.0,0.0232236348092556,0.0,0.0,0.9064512252807617,0.006670026574283838,0.0,0.2480948567390442,0.21862371265888214,0.14484235644340515,0.6863566040992737,0.0,0.0,0.0,0.0,0.11936444789171219,0.1768777072429657,0.6465228199958801,0.019819585606455803,0.8549498319625854,0.0,0.07303962856531143,0.20340029895305634,0.0,0.014215032570064068,0.0,0.0,0.0,0.0,0.0,0.0,0.0027101635932922363,0.00014260431635193527,0.18936091661453247,0.08597730100154877,0.7086277008056641,0.0,0.25761011242866516,0.5193008780479431,0.0,0.07981596887111664,0.5699911713600159,0.011427074670791626,0.0072761401534080505,0.0,0.0,0.0,0.05793948844075203,0.023192021995782852,0.0,0.3738971948623657,0.008960005827248096,0.0,0.0,0.8568225502967834,0.4411666691303253,0.032102812081575394,0.20033086836338043,0.12933868169784546,0.00021978218865115196,0.2841806411743164,0.07842656970024109,0.002091595670208335,0.0,0.0,1.1752516031265259,0.0,0.039286598563194275,0.019569972530007362,0.0,0.0,0.0,0.0,0.008554468862712383,0.0,0.02693403698503971,0.0,0.8790748119354248,0.06585793942213058,0.07828748226165771,0.007446978706866503,0.08901925384998322,0.530750572681427,0.0,0.0,0.645555317401886,0.34800291061401367,0.0,0.5859456658363342,0.0,0.38418906927108765,0.045114580541849136,0.0,0.10873053222894669,0.0,0.028012918308377266,1.4983670711517334,0.8328608274459839,0.479095995426178,0.12274959683418274,0.0,0.0022740827407687902,0.0,0.0031924801878631115,0.4800146520137787,0.0,0.0031826640479266644,0.46405166387557983,0.0,0.0,0.6381208300590515,0.273648738861084,0.021513326093554497,0.010216942988336086,0.0,0.0,0.38818955421447754,0.12531189620494843,0.6468139886856079,0.0,0.007982944138348103,0.25170832872390747,0.0061040217988193035,0.06880408525466919,0.03536578640341759,0.0,0.0,0.0,0.38780492544174194,0.1197165697813034,0.0,0.037508003413677216,0.0989476814866066,0.038345493376255035,0.0,0.3549444079399109,0.0,0.010442896746098995,0.03110593929886818,0.0,0.017921235412359238,0.0,0.0,0.12734220921993256,0.0,0.26567530632019043,0.060257814824581146,0.004238154739141464,0.0,0.43624138832092285,0.0,0.05555219575762749,0.0,0.25408488512039185,0.0,0.3310168981552124,0.014484088867902756,0.04183720052242279,0.11549732089042664,0.08893012255430222,0.0008634947007521987,0.2331138700246811,0.012251738458871841,0.1367436945438385,0.10559754818677902,0.05391998589038849,0.21893440186977386,0.0023542249109596014,0.28774502873420715,0.0,0.0,0.0390886627137661,0.0347495898604393,0.0,0.2516728341579437,0.0,0.0,0.03227931261062622,0.027715671807527542,0.6574223637580872,0.09216894954442978,0.022818010300397873,0.0,0.30619174242019653,0.1149662509560585,0.0,0.0,0.0006019067368470132,0.0,0.13910387456417084,0.0604010745882988,0.13013148307800293,0.0,0.0,0.19044454395771027,0.2438884675502777,0.011499328538775444,0.09304179251194,0.015279917046427727,0.02995450235903263,0.0,0.2654597759246826,0.061622001230716705,0.0,0.0,0.24329522252082825,0.03231249377131462,0.067192941904068,0.0047441525384783745,0.1709526926279068,0.43928128480911255,0.21904276311397552,0.036556318402290344,0.01682674139738083,0.06547475606203079,0.02170504629611969,0.00616228673607111,0.0,0.3912597596645355,0.0,0.0,0.0,0.0,0.155173659324646,0.0,0.19655488431453705,0.29826802015304565,0.03490891680121422,0.020281072705984116,0.06284711509943008,0.0,0.0,0.02441662922501564,0.10121722519397736,0.025487303733825684,0.1208670511841774,0.0,0.0,0.054783064872026443,0.016851600259542465,0.005510414019227028,0.0,0.0019397186115384102,0.02654799446463585,0.0,0.014069408178329468,0.0,0.3297421932220459,0.0,0.0,0.0,0.0,0.0,0.07833869755268097,0.0,0.04074191302061081,0.0015957769937813282,0.005140172317624092,0.0,0.0,0.21260638535022736,0.025064630433917046,0.0,0.0005513011710718274,0.0,0.0,0.011334110051393509,0.0,0.002112343907356262,0.02691890113055706,0.26221030950546265,0.0,0.01916671358048916,0.000654387753456831,0.011511769145727158,0.0,0.0,0.017419010400772095,0.025748280808329582,0.010655480436980724,0.015295667573809624,0.0,0.0,0.021305276080965996,0.07994918525218964,0.0,0.1852964460849762,0.11069299280643463,0.0,0.011153636500239372,0.009267576038837433,0.0,0.0,0.0,0.018165409564971924,0.0,0.05316299945116043,0.0407886765897274,0.0,0.0024412870407104492,0.07059203088283539,0.07790489494800568,0.0,0.0,0.08876419067382812,0.0,0.017266735434532166,0.05404057726264,0.2415611296892166,0.0,0.0016466537490487099,0.0,0.0,0.041088443249464035,0.25360390543937683,0.0,0.12383871525526047,0.011304434388875961,0.1350174844264984,0.07054778933525085,0.1372537910938263,0.0,0.024835286661982536,0.0,0.03753321245312691,0.025175828486680984,0.0,0.0,0.017825089395046234,0.0,0.0,0.014215787872672081,0.08739546686410904,0.2943885326385498,0.0,0.11430039256811142,0.021238163113594055,0.10470309108495712,0.339995801448822,0.0,0.0,0.1982286423444748,0.0,0.01071952749043703,0.0,0.0,0.09740602970123291,0.0,0.011751427315175533,0.0,0.15634271502494812,0.08540341258049011,0.0,0.0,0.14748695492744446,0.09395583719015121,0.25663721561431885,0.07406147569417953,0.0,0.0,0.020387625321745872,0.01538551039993763,0.0,0.00719385826960206,0.0,0.16996608674526215,0.026659458875656128,0.0,0.07360130548477173,0.0,0.0,0.0,0.0,0.32359611988067627,0.0,0.0,0.0,0.010584025643765926,0.0,0.011825509369373322,0.03790057450532913,0.0,0.04889298975467682,0.0,0.013431636616587639,0.039945073425769806,0.0,0.34531912207603455,0.018624737858772278,0.020474392920732498,0.14828287065029144,0.0,0.0,0.0892474427819252,0.09451217949390411,0.0,0.21196463704109192,0.35531309247016907,0.2530839443206787,0.0,0.0,0.0,0.0,0.068316251039505,0.01290583610534668,0.05122509226202965,0.03257610648870468,0.22381067276000977,0.0013890471309423447,0.0,0.3367077112197876,0.2896602153778076,0.0205904059112072,0.0,0.0,0.0071034301072359085,0.2525218725204468,0.0,0.4131990075111389,0.16086408495903015,0.014720653183758259,0.0,0.00021957112767267972,0.09247887879610062,0.26728349924087524,0.004909721668809652,0.0,0.0,0.45749586820602417,0.08704967051744461,0.0,0.0069239200092852116,0.08440937101840973,0.0016213580965995789,0.0,0.35219207406044006,0.0,0.05258825421333313,0.05833280086517334,0.0,0.0,0.0,0.0,0.11520975828170776,0.047014638781547546,0.569715142250061,0.0,0.00027471873909235,0.0,0.7272718548774719,0.031200621277093887,0.057059671729803085,0.10105422139167786,0.3427647054195404,0.0,0.42163753509521484,0.11035962402820587,0.3052240014076233,0.1169847622513771,0.5129080414772034,0.00669214827939868,0.03671305254101753,0.006817174609750509,0.3575532138347626,0.0966988280415535,0.2123209834098816,0.519119143486023,0.5713427662849426,0.09687027335166931,0.0,0.0,0.11750195920467377,0.21067140996456146,0.0,0.08997215330600739,0.023839933797717094,0.07814288139343262,0.0,0.4537396728992462,0.6574856042861938,0.1691954880952835,0.041714951395988464,0.0,0.06014389917254448,0.05872251093387604,0.0,0.0,0.07842189073562622,9.117939043790102e-05,0.00402444414794445,0.15819674730300903,0.08448654413223267,0.2797226011753082,0.0,0.2512902617454529,0.024388624355196953,0.03720320761203766,0.13186363875865936,0.0,0.3141920566558838,0.0008300682529807091,0.14044079184532166,0.04280594363808632,0.14947691559791565,0.010809144005179405,0.18255072832107544,0.18553337454795837,0.016101699322462082,0.06343507021665573,0.19505566358566284,0.39591073989868164,0.38875147700309753,0.07119439542293549,0.02182801067829132,0.06434457749128342,0.3106417953968048,0.005361491814255714,0.0,0.4056966304779053,0.0035919086076319218,0.006490286439657211,0.0024696586187928915,0.0,0.08969531953334808,0.0,0.3798215091228485,0.5260109901428223,0.2858690917491913,0.15317875146865845,0.03289095312356949,0.0,0.0,0.0,0.11295657604932785,0.0621986910700798,0.1653316169977188,0.06984943151473999,0.0,0.014448735862970352,0.010151444934308529,0.06531162559986115,0.13949273526668549,0.0,0.023653969168663025,0.06402436643838882,0.01922760158777237,0.0,0.341162770986557,0.0,0.18610112369060516,0.01646350882947445,0.007222653832286596,0.0,0.03501831367611885,0.06980842351913452,0.0,0.05901610851287842,0.01745656505227089,0.0,0.003338148817420006,0.11344751715660095,0.05253973230719566,0.0,0.0,0.4016857445240021,0.0,0.3217548131942749,0.0,0.0,0.027095019817352295,0.08861711621284485,0.0,0.027606116607785225,0.5183421969413757,0.1990160197019577,0.0,0.0,0.38535210490226746,0.011540340259671211,0.0,0.010298410430550575,0.0,0.7216775417327881,0.21404029428958893,0.005432480480521917,0.0,0.17052675783634186,0.0494738444685936,0.022668782621622086,0.3310103714466095,0.004040716681629419,0.0,0.0,0.0,0.039134349673986435,0.1256571114063263,0.11563360691070557,0.12158495932817459,0.012185168452560902,0.3062731921672821,0.017992064356803894,0.008542126044631004,0.0,0.0,0.5237810611724854,0.00757256057113409,0.017536209896206856,0.20540770888328552,0.2044268250465393,0.029100865125656128,0.40788063406944275,7.623434066772461e-05,0.0,0.0064619057811796665,0.010120308957993984,0.08752232789993286,0.16831941902637482,0.39402180910110474,0.04748638719320297,0.5649045705795288,0.05894342064857483,0.04021717235445976,0.05447638779878616,0.0,0.10089409351348877,0.0028278210666030645,0.0,0.0,0.0,0.0,0.01583711802959442,0.08333539962768555,0.019117435440421104,0.1899809092283249,0.02778298407793045,0.49992823600769043,0.05048079043626785,0.1501641422510147,0.4163164496421814,0.0,0.03628105670213699,0.2986644208431244,0.025074370205402374,0.03507855534553528,0.0,0.0,0.0,0.0005117412656545639,0.0026720259338617325,0.09036028385162354,0.3314908444881439,0.10146338492631912,0.0003432445228099823,0.0,0.5641908049583435,0.362153559923172,0.07873577624559402,0.1602044254541397,0.09474128484725952,0.0021741625387221575,0.11200296878814697,0.03010694496333599,0.010291427373886108,0.0014908045995980501,0.0,0.677603006362915,0.0,0.1218358650803566,0.023327771574258804,0.0,0.0,0.0,0.0,0.16147108376026154,0.0,0.0,0.0,0.4385034441947937,0.013851677998900414,0.01961541548371315,0.03339298069477081,0.01592922955751419,0.19542410969734192,0.0,0.0,0.37048202753067017,0.22773613035678864,0.019031960517168045,0.26058822870254517,0.036208849400281906,0.2159929871559143,0.00306894164532423,0.0,0.054350364953279495,0.0020114267244935036,0.030546221882104874,1.1589046716690063,0.5590485334396362,0.31350356340408325,0.033964212983846664,0.0,0.010170213878154755,0.0001368355005979538,0.011763714253902435,0.159955233335495,0.02023627609014511,0.05298668146133423,0.3821652829647064,0.0,0.0,0.5833342671394348,0.2613908052444458,0.08045827597379684,0.0,0.026195645332336426,0.0,0.2527810335159302,0.06462477147579193,0.4102833867073059,8.639181032776833e-05,0.04252544417977333,0.11338939517736435,-0.5304685831069946
10,0.13090424239635468,0.06290525943040848,0.0,0.0,0.0,0.0,0.3360709547996521,0.05502065643668175,0.0,0.14314012229442596,0.14613071084022522,0.011486719362437725,0.0,0.2614613473415375,0.15367837250232697,0.04619944095611572,0.01733078807592392,0.1491745412349701,0.020842749625444412,0.0,0.0,0.04608643427491188,0.0,0.46113312244415283,0.1678656041622162,0.0,0.0,0.4114825427532196,0.010271807201206684,0.02935182675719261,0.0,0.3488234877586365,0.0,0.1157279685139656,0.008724864572286606,0.0026327306404709816,0.0,0.09445711225271225,0.19948036968708038,0.23352782428264618,0.1913648545742035,0.0577494315803051,0.1233326718211174,0.002043133834376931,0.19985593855381012,0.0,0.42471933364868164,0.00549682043492794,0.0,0.14866191148757935,0.0,0.0115880835801363,0.6445277333259583,0.012733514420688152,0.0,0.07201095670461655,0.033783573657274246,0.7180418968200684,0.093355692923069,0.05176475644111633,0.0,0.08417519181966782,0.22405488789081573,0.058979663997888565,0.0,0.0,0.0,0.5255448222160339,0.2908177077770233,0.13538537919521332,0.0,0.0013334465911611915,0.16663965582847595,0.6220866441726685,0.0,0.04349501430988312,0.26330432295799255,0.002444607438519597,0.0,0.03094065934419632,0.15347416698932648,0.01833105832338333,0.10049346089363098,0.16534423828125,0.38196125626564026,0.034261371940374374,0.0,0.2805662751197815,0.5365250706672668,0.27338042855262756,0.0466950349509716,0.2337649166584015,0.03130244091153145,0.0741707980632782,0.0,0.11582674086093903,0.3450583517551422,0.0,0.0,0.002574288286268711,0.2530839741230011,0.2101794332265854,0.0,0.42048531770706177,0.11795242875814438,0.03503422811627388,0.026693711057305336,0.36299386620521545,0.06309991329908371,0.0,0.1684967279434204,0.027336368337273598,0.0015673103043809533,0.24616511166095734,0.13854272663593292,0.00977391842752695,0.03834589943289757,0.26797905564308167,0.0,0.026532689109444618,0.10764859616756439,0.1779068559408188,0.000539149041287601,0.0,0.08329785615205765,0.10151415318250656,0.0,0.0,0.12516829371452332,0.0,0.0014046248979866505,0.09785643219947815,0.0,0.0163266584277153,0.02286146581172943,0.2160576581954956,0.020376218482851982,0.0,0.156209334731102,0.0013716729590669274,0.0,0.0,0.0,0.0,0.012249456718564034,0.0329868383705616,0.09029612690210342,0.0,0.0,0.0,0.0,0.042591579258441925,0.034383583813905716,0.0,0.0,0.212079718708992,0.04740935191512108,0.0,0.0,0.010539780370891094,0.03169310465455055,0.01249707955867052,0.05694401264190674,0.0,0.03214824199676514,0.14283053576946259,0.0,0.0,0.08170325309038162,0.0,0.06567350775003433,0.048340216279029846,0.016052911058068275,0.0,0.28185442090034485,0.24902884662151337,0.0,0.0,0.15960071980953217,0.005306706763803959,0.04248868301510811,0.0,0.0829453244805336,0.006120920181274414,0.0228616651147604,0.07615721970796585,0.22903524339199066,0.0,0.0,0.0,0.0,0.31187379360198975,0.25258854031562805,0.0011224668705835938,0.15626439452171326,0.12129683047533035,0.0004602836270350963,0.11323698610067368,0.3582862913608551,0.0,0.1284252107143402,0.0,0.0019692708738148212,0.041548553854227066,0.0,0.0,0.0,0.5079964399337769,0.20799803733825684,0.008130823262035847,0.20506316423416138,0.30630117654800415,0.0,0.010777887888252735,0.14782081544399261,0.05680437758564949,0.16716548800468445,0.0,0.0,0.08425970375537872,0.0,0.1112084686756134,0.17475487291812897,0.0,0.08456259220838547,0.0,0.29887744784355164,0.17958320677280426,0.13222147524356842,0.23789061605930328,0.06789632141590118,0.14225955307483673,0.30995315313339233,0.04652073234319687,0.15912124514579773,0.0,0.0,0.0,0.0023156984243541956,0.009706013835966587,0.007408774457871914,0.00013268164184410125,0.009160556830465794,0.10237863659858704,0.17647375166416168,0.043937258422374725,0.006980674806982279,0.0,0.0,0.0,0.0,0.6214122772216797,0.0,0.0,0.0,0.0,0.0,0.0,0.02572786808013916,0.0,0.017800061032176018,0.039920873939991,0.08186499774456024,0.02249738574028015,0.0,0.7120715379714966,0.026604562997817993,0.05719386786222458,0.07986805588006973,0.0,0.0,0.16965678334236145,0.11847271025180817,0.0,0.12123337388038635,0.1059931144118309,0.14865519106388092,0.0,0.11163098365068436,0.0,0.18044035136699677,0.0,0.0,0.2745570242404938,0.005650751758366823,0.18754233419895172,0.0,0.0075331032276153564,0.3045065104961395,0.08177291601896286,0.033244047313928604,0.0,0.0,0.3488537669181824,0.23551136255264282,0.0,0.1753101646900177,0.5660036206245422,0.12717756628990173,0.03912708908319473,0.0,0.07715131342411041,0.05232983082532883,0.0,0.0,0.0,0.310663104057312,0.15392254292964935,0.0,0.01219667587429285,0.18673762679100037,0.032605379819869995,0.0,0.337782621383667,0.0,0.01334286667406559,0.008154273964464664,0.0032038409262895584,0.021348144859075546,0.0,0.0,0.15904100239276886,0.0,0.46441662311553955,0.02930719032883644,0.003027751110494137,0.0,0.4817729890346527,0.0,0.013680960983037949,0.0,0.21863679587841034,0.0,0.3533931374549866,0.0022717833053320646,0.06205572187900543,0.11029936373233795,0.11406728625297546,0.0,0.24545162916183472,0.0,0.18827638030052185,0.12693683803081512,0.11970527470111847,0.3095019459724426,0.0,0.21057769656181335,0.0024565402418375015,0.0,0.06287043541669846,0.03188205137848854,0.0,0.247951477766037,0.0,0.0,0.12278907001018524,0.006440106313675642,0.5465894937515259,0.020954106003046036,0.0,0.0,0.3211436867713928,0.020438045263290405,0.0,0.0,0.0,0.0,0.21987640857696533,0.011007602326571941,0.013535289093852043,0.0,0.0,0.14861829578876495,0.2389986515045166,0.0,0.18078170716762543,0.059144966304302216,0.09459415078163147,0.0,0.22166655957698822,0.07209870964288712,0.0010217460803687572,0.0,0.26106858253479004,0.10125657916069031,0.033884476870298386,0.0,0.05174585431814194,0.4755078852176666,0.16851824522018433,0.01760760322213173,0.05401819571852684,0.047684796154499054,0.084811732172966,0.02635398879647255,0.0,0.2716040015220642,0.0,0.0,0.04767611622810364,0.0,0.02444402500987053,0.0,0.3277808427810669,0.2992042601108551,0.002136480063199997,0.0344037190079689,0.043878939002752304,0.0,0.0,0.06868065893650055,0.05602439492940903,0.03498957306146622,0.0974908322095871,0.0,0.0,0.011711889877915382,0.03701594099402428,0.011926300823688507,0.0,0.07171474397182465,0.019456567242741585,0.0,0.0027722585946321487,0.015057944692671299,0.3793424963951111,0.0,0.0,0.0,0.0,0.0,0.03432650864124298,0.0,0.029309134930372238,1.6522593796253204e-05,0.0,0.0,0.0,0.16029669344425201,0.016595372930169106,0.0,0.005128323100507259,0.0029658153653144836,0.0,0.046634696424007416,0.0,0.0,0.039433613419532776,0.24594806134700775,0.0,0.01906036213040352,0.005710459314286709,0.03054220788180828,0.0,0.0,0.014565307646989822,0.091872438788414,0.0,0.0069878678768873215,0.0,0.020789818838238716,0.0,0.0456404946744442,0.0,0.1563643366098404,0.07951807975769043,0.012288779951632023,0.018985800445079803,0.01504499837756157,0.0,0.0,0.0,0.027386462315917015,0.0,0.0,0.15413713455200195,0.0,0.0,0.11530216038227081,0.03289139270782471,0.0,0.0,0.15222322940826416,0.0,0.005469050258398056,0.015165169723331928,0.13095541298389435,0.0,0.0,0.0,0.0,0.06668292731046677,0.16969649493694305,0.0,0.0885346531867981,0.06863614916801453,0.07514263689517975,0.14102643728256226,0.19817766547203064,0.0,0.051476139575242996,0.0,0.017494631931185722,0.004756416194140911,0.0,0.0,0.002987462095916271,0.0,0.0,0.0,0.08167773485183716,0.19234919548034668,0.0,0.09764408320188522,0.1373240202665329,0.09468267858028412,0.27345219254493713,0.0,0.0,0.28750672936439514,0.0,0.0029862523078918457,0.0,0.0,0.038355886936187744,0.0,0.020915476605296135,0.0,0.04871159791946411,0.14840592443943024,0.0,0.0,0.20769047737121582,0.11387951672077179,0.3251568675041199,0.08889150619506836,0.0,0.0005190700758248568,0.03109733574092388,0.0,0.0,0.016940981149673462,0.0,0.28948327898979187,0.018049929291009903,0.0046009765937924385,0.046175915747880936,0.0,0.0,0.0,0.0,0.2889400124549866,0.0,0.0,0.0,0.03175976127386093,0.0,0.018369141966104507,0.00909520499408245,0.0,0.07756859809160233,0.0,0.0009705177508294582,0.045897819101810455,0.0,0.4560942053794861,0.043459415435791016,0.026999972760677338,0.13595324754714966,0.0,0.0,0.08842077106237411,0.13452334702014923,0.0,0.35038304328918457,0.2066914588212967,0.26008033752441406,0.0,0.0,0.013458575122058392,0.002414525020867586,0.0322391502559185,0.020351234823465347,0.08766894787549973,0.003427803749218583,0.17532342672348022,0.0,0.0,0.44411665201187134,0.3336230516433716,0.02015344426035881,0.0,0.0,0.012637097388505936,0.34250372648239136,0.0,0.3864288628101349,0.1599828600883484,0.06144672632217407,0.0,0.1404733955860138,0.03849944472312927,0.005969156511127949,0.0,0.0,0.0,0.3806840181350708,0.09244035184383392,0.0017246317584067583,0.07183481752872467,0.11877164989709854,0.04441245645284653,0.0,0.39739856123924255,0.060063257813453674,0.004774551838636398,0.033782828599214554,0.05837596207857132,0.026657823473215103,0.0,0.0,0.08610403537750244,0.0013582190731540322,0.3326067328453064,0.10163574665784836,0.0017951568588614464,0.0,0.5076824426651001,0.001825033687055111,0.02763708122074604,0.017370473593473434,0.3869965672492981,0.0,0.1601826250553131,0.03858591616153717,0.046464089304208755,0.0033516325056552887,0.05232643336057663,0.10474493354558945,0.300209641456604,0.19001077115535736,0.1155288815498352,0.14905187487602234,0.02736177109181881,0.2586731016635895,0.00042744819074869156,0.44514065980911255,0.0,0.0,0.04674677178263664,0.0,0.0,0.5892598628997803,0.0,0.0,0.07880339026451111,0.03890456631779671,0.8346778154373169,0.1596863716840744,0.08049449324607849,0.0,0.1271936595439911,0.2891092896461487,0.00957959983497858,0.0,0.0,0.0,0.37729671597480774,0.2859574556350708,0.2689290940761566,0.0,0.0,0.11763361096382141,0.5305051803588867,0.0004683221923187375,0.09149326384067535,0.134562686085701,0.004162868019193411,0.0,0.11198556423187256,0.07990679144859314,0.0,0.047605521976947784,0.20169848203659058,0.16149833798408508,0.03917299956083298,0.0,0.3367275297641754,0.47248566150665283,0.24953137338161469,0.03075408935546875,0.15210865437984467,0.053292788565158844,0.020019032061100006,0.023488756269216537,0.06295862048864365,0.49414411187171936,0.0,0.0033340221270918846,0.03265614062547684,0.16470114886760712,0.32700222730636597,0.0,0.2063000351190567,0.21943968534469604,0.05498487129807472,0.010241396725177765,0.17437410354614258,0.02060278318822384,0.0,0.16253028810024261,0.028293270617723465,0.0,0.21864989399909973,0.06443830579519272,0.0,0.12559229135513306,0.10163121670484543,0.0,0.007583221886307001,0.14207953214645386,0.12615670263767242,0.008289682678878307,0.0,0.0649644136428833,0.10928450524806976,0.0014911917969584465,0.0,0.04094703495502472,0.0,0.0,0.05987459421157837,0.012287348508834839,0.030850157141685486,0.007661150768399239,0.18004199862480164,0.008074633777141571,0.0,0.18099455535411835,0.03617013245820999,0.0,0.0,0.0,0.0,0.015865027904510498,0.02161792665719986,0.061155304312705994,0.0,0.06756836920976639,0.0,0.0,0.028337467461824417,0.02181185409426689,0.0,0.0,0.12669610977172852,0.09462384879589081,0.0,0.006832621991634369,0.005996182095259428,0.02305782027542591,0.04682689160108566,0.036218270659446716,0.0,0.10676033794879913,0.17784202098846436,0.0,0.0018617110326886177,0.02465882897377014,0.0,0.018773891031742096,0.015036260709166527,0.033076245337724686,0.0,0.32810282707214355,0.1209334209561348,0.0,0.0,0.1422818899154663,0.008219225332140923,0.022012244910001755,0.0,0.07260473072528839,0.008410792797803879,0.019732117652893066,0.14054058492183685,0.3387158215045929,0.0,0.0,0.0,0.0,0.17573058605194092,0.2687681317329407,0.0,0.24281592667102814,0.049488186836242676,0.06932234764099121,0.05449168384075165,0.20116126537322998,0.0,0.021865274757146835,0.0,0.015393389388918877,0.07028501480817795,0.0,0.0,0.010156601667404175,0.22843287885189056,0.09403179585933685,0.02373228222131729,0.25478336215019226,0.36224520206451416,0.0,0.0032899430952966213,0.13937176764011383,0.028148319572210312,0.2421521544456482,0.0,0.0,0.10946888476610184,0.0019136997871100903,0.10683123767375946,0.08196001499891281,0.0,0.09092870354652405,0.0,0.15051347017288208,0.08218526840209961,0.2957431972026825,0.12255893647670746,0.06618808954954147,0.0644746720790863,0.17986257374286652,0.03632193058729172,0.27067893743515015,0.03293149173259735,0.0,0.0,0.009885287843644619,0.0017708665691316128,0.0030811652541160583,0.0,0.0034439419396221638,0.04118422418832779,0.10499096661806107,0.06644564121961594,0.015020035207271576,0.0023971092887222767,0.0,0.0,0.0,0.6130541563034058,0.0,0.0,0.013235384598374367,0.0,0.0,0.014251398853957653,0.030030295252799988,0.0,0.012468650005757809,0.009495181031525135,0.009058769792318344,0.027082126587629318,0.0065859281457960606,0.6172003746032715,0.006701156497001648,0.035221148282289505,0.0366181805729866,0.0,0.0,0.13155581057071686,0.17480921745300293,0.0,0.15556833148002625,0.24388378858566284,0.1514418125152588,0.0,0.04079172760248184,0.0,0.04815279692411423,0.016906745731830597,0.002671394497156143,0.1429898589849472,0.07174322009086609,0.25229817628860474,0.0,0.0,0.30709803104400635,0.18532946705818176,0.03806755319237709,0.0,0.0,0.2316513955593109,0.19654031097888947,0.0,0.22575005888938904,0.44791945815086365,0.043291717767715454,0.0015334482304751873,-0.10004771500825882
11,0.0,0.03161059692502022,0.00622536102309823,0.0,0.0,0.0,0.35370221734046936,0.15201398730278015,0.0,0.04674272984266281,0.13705843687057495,0.05526185780763626,0.0,0.28101012110710144,0.11450622230768204,0.046580005437135696,0.031126148998737335,0.07864316552877426,0.02029356174170971,0.0,0.0,0.16359646618366241,0.0,0.47103723883628845,0.04791581630706787,0.0,0.0,0.43054038286209106,0.0,0.10521570593118668,0.0,0.2353605479001999,0.0,0.3083347678184509,0.009710920043289661,0.024553634226322174,0.05855833366513252,0.1599736511707306,0.1311933994293213,0.3689975142478943,0.0,0.027227312326431274,0.14509263634681702,0.05705585703253746,0.2758854925632477,0.0,0.22041413187980652,0.02051747776567936,0.0,0.046926721930503845,0.0,0.0,0.3113836348056793,0.0,0.0,0.15561655163764954,0.018771685659885406,0.6060494780540466,0.03776859492063522,0.0328306183218956,0.0,0.22764237225055695,0.06877189129590988,0.02965904027223587,0.0,0.0,0.0,0.2925293743610382,0.1021830216050148,0.07393296808004379,0.0,0.0,0.12525838613510132,0.3077864646911621,0.0,0.05004667490720749,0.04186837747693062,0.10920896381139755,0.0,0.14550884068012238,0.04674912989139557,0.0283183753490448,0.0,0.18740803003311157,0.27592733502388,0.017506083473563194,0.0,0.15246470272541046,0.5604473948478699,0.3819352984428406,0.028102494776248932,0.07852300256490707,0.03742114081978798,0.08397766947746277,0.00425479793921113,0.00887646246701479,0.3804180324077606,0.0,0.0,0.07738213986158371,0.006151220761239529,0.3194887936115265,0.0,0.39682257175445557,0.31385305523872375,0.015248752199113369,0.018224839121103287,0.10716562718153,0.0,0.0,0.13176913559436798,0.04529505595564842,0.02702391892671585,0.17666073143482208,0.002117709955200553,0.0,0.037974726408720016,0.05608776584267616,0.014166106469929218,0.0,0.14431487023830414,0.00791903492063284,0.0,0.0017754469299688935,0.11185307055711746,0.47884199023246765,0.0,0.0,0.0759754478931427,0.0,0.0,0.1730702817440033,0.0,0.0034784965682774782,0.0,0.0010813426924869418,0.0,0.0,0.05321827158331871,0.0,0.0,0.018352609127759933,0.0071005248464643955,0.0,0.10716076195240021,0.04520498961210251,0.0,0.011481154710054398,0.1774127185344696,0.0,0.0,0.12000587582588196,0.04139327257871628,0.0,0.0,0.07133152335882187,0.01250413991510868,0.0,0.0,0.0,0.28750327229499817,0.0,0.021259751170873642,0.0,0.09077479690313339,0.10870549082756042,0.0,0.017358237877488136,0.014477846212685108,0.0,0.0,0.0,0.024079976603388786,0.0,0.025210708379745483,0.3548561930656433,0.0,0.01372133195400238,0.1511603742837906,0.04073219746351242,0.009104824624955654,0.0,0.16035890579223633,0.0,0.017102153971791267,0.02199629880487919,0.2282022386789322,0.0,0.0,0.0,0.0003752158081624657,0.2343170940876007,0.1549796164035797,0.0,0.21491190791130066,0.2015073448419571,0.0433051735162735,0.22208860516548157,0.23069660365581512,0.0,0.10483404994010925,0.0,0.0,0.031140485778450966,0.0,0.0,0.001711166580207646,0.039862144738435745,0.05425170436501503,0.0011690817773342133,0.08858606964349747,0.2396193891763687,0.0,0.050390034914016724,0.14669643342494965,0.0833149328827858,0.23896969854831696,0.0,0.0,0.35907527804374695,0.0,0.0027861371636390686,0.0,0.0,0.052036382257938385,0.0,0.09230406582355499,0.04710059612989426,0.1340467631816864,0.3164439797401428,0.004678328055888414,0.0,0.3369561433792114,0.037305720150470734,0.2084953486919403,0.042411379516124725,0.0,0.0,0.015036193653941154,0.03847891837358475,0.00014680458116345108,0.013869578950107098,0.0021417737007141113,0.3123501241207123,0.04028411582112312,0.04794623702764511,0.06598750501871109,0.0,0.0,0.0,0.0,0.37562474608421326,0.0,0.0,0.0,0.014637519605457783,0.0,0.03301529213786125,0.029317932203412056,0.0,0.04525386542081833,0.006901920773088932,0.0,0.059391047805547714,0.0,0.6391079425811768,0.04560234025120735,0.0341622456908226,0.11533604562282562,0.0,0.0,0.06244610622525215,0.07921250909566879,0.0,0.0917990431189537,0.21868722140789032,0.21441993117332458,0.0,0.011599224992096424,0.0,0.07770887762308121,0.0,0.0,0.10066727548837662,0.0,0.2914300858974457,0.0,0.0,0.46560001373291016,0.2092493325471878,0.008825263939797878,0.0,0.0,0.07932811975479126,0.3108879625797272,0.0,0.4341419041156769,0.23120613396167755,0.071748286485672,0.0,0.0,0.0718313679099083,0.018015746027231216,0.0,0.0,0.0,0.27275359630584717,0.1484372317790985,0.0,0.04810498282313347,0.23883986473083496,0.08213353902101517,0.0,0.3438971936702728,0.05982000008225441,0.011388599872589111,0.028157232329249382,0.07750417292118073,0.05924059823155403,0.0,0.002380573423579335,0.1660003364086151,0.0,0.43671858310699463,0.0969560369849205,0.0004222821444272995,0.0,0.4044864773750305,0.0,0.061714231967926025,0.0,0.23739129304885864,0.0,0.3317923843860626,0.0,0.012111199088394642,0.10466913878917694,0.04430151730775833,0.03414890542626381,0.34039628505706787,0.0021153967827558517,0.04705500602722168,0.21547701954841614,0.03313590586185455,0.2593705654144287,0.0,0.2605705261230469,0.0,0.0,0.007680184207856655,0.014085175469517708,0.0,0.4680076837539673,0.0,0.0,0.21748021245002747,0.0,0.60603928565979,0.020715897902846336,0.0,0.0,0.3038233518600464,0.07953238487243652,0.07468600571155548,0.0,0.0,0.0,0.45460745692253113,0.06094856187701225,0.07827237993478775,0.0,0.0,0.1453871876001358,0.5115773677825928,0.0,0.13626709580421448,0.08127165585756302,0.001099820714443922,0.0,0.23603108525276184,0.08673365414142609,0.0,0.0,0.2766192555427551,0.1743638515472412,0.0566718652844429,0.0,0.12071898579597473,0.5774126052856445,0.19518035650253296,0.02300511673092842,0.25596287846565247,0.06499116867780685,0.0,0.01682307943701744,0.005121075548231602,0.31888657808303833,0.0,0.0,0.057738326489925385,0.1272357851266861,0.17527979612350464,0.0,0.3455555737018585,0.23426182568073273,0.0,0.006296487059444189,0.1500864326953888,0.0,0.0,0.2169247418642044,0.075194351375103,0.0008769985288381577,0.12476226687431335,0.0,0.0,0.050379134714603424,0.06835015118122101,0.0,0.0,0.19863377511501312,0.03713062405586243,0.0019576363265514374,0.01824670098721981,0.08958455175161362,0.3599623143672943,0.0,0.0,0.09352298825979233,0.0,0.0,0.12442252039909363,0.0,0.058977313339710236,0.00037275534123182297,0.0,0.003391912905499339,0.0,0.17401908338069916,0.00017512543126940727,0.0,0.0,0.0,0.0,0.012215862981975079,0.03597531467676163,0.0,0.014968039467930794,0.32988476753234863,0.007807489484548569,0.0,0.0,0.010811915621161461,0.0,0.0,0.0,0.026828959584236145,0.028103286400437355,0.0,0.0,0.0,0.0,0.11636733263731003,0.0,0.10042742639780045,0.11306113749742508,0.0,0.0,0.08137521892786026,0.0,0.0031723137944936752,0.0068951016291975975,0.02660832181572914,0.0,0.01646443083882332,0.11741676181554794,0.0,0.0,0.23626336455345154,0.058516088873147964,0.015859682112932205,0.0,0.09229208528995514,0.0,0.0382094569504261,0.016981543973088264,0.1646217405796051,0.0,0.0,0.0,0.0,0.20850582420825958,0.26482605934143066,0.0,0.12287725508213043,0.016954101622104645,0.12109429389238358,0.05967216193675995,0.33016467094421387,0.0,0.05029129981994629,0.0,0.006418854463845491,0.03462160751223564,0.0,0.0,0.025000300258398056,0.06415598839521408,0.09579421579837799,0.00025176769122481346,0.13698385655879974,0.31837087869644165,0.0,0.0017071757465600967,0.22953689098358154,0.10200367867946625,0.16366511583328247,0.0,0.0,0.22016337513923645,0.0,0.010801752097904682,0.05580870434641838,0.0,0.13287918269634247,0.0,0.02135327458381653,0.027810702100396156,0.08158235251903534,0.29202699661254883,0.0,0.0,0.1307883858680725,0.022524086758494377,0.34814223647117615,0.03767762333154678,0.0,0.0,0.015569942072033882,0.010074217803776264,0.0,0.0,0.005402669310569763,0.09957554936408997,0.1258181780576706,0.01557752676308155,0.08796361833810806,0.0,0.0,0.0,0.0,0.4819853901863098,0.0,0.0,0.0,0.0,0.0,0.014751162379980087,0.010422985069453716,0.0,0.019477246329188347,0.07646943628787994,0.03518082946538925,0.0046099768951535225,0.0,0.6674237251281738,9.071826934814453e-05,0.10810166597366333,0.11234479397535324,0.0,0.0,0.0782475620508194,0.22346803545951843,0.0,0.08553983271121979,0.13421198725700378,0.18070892989635468,0.0,0.0296291783452034,0.0,0.08457081764936447,0.0910295620560646,0.0014741243794560432,0.20309726893901825,2.7766101993620396e-05,0.18787220120429993,0.0,0.0,0.449084997177124,0.285952627658844,0.01666386052966118,0.0,0.0,0.25322893261909485,0.3359697461128235,0.0,0.34385913610458374,0.38525599241256714,0.043353121727705,0.0,0.0,0.02571956068277359,0.008859454654157162,0.0,0.0,0.0,0.28441616892814636,0.21102094650268555,0.0,0.028445832431316376,0.24367401003837585,0.11804094910621643,0.0,0.34121739864349365,0.19619905948638916,0.013795096427202225,0.02675604075193405,0.14405032992362976,0.05305676534771919,0.0,9.994511492550373e-05,0.18548306822776794,0.0,0.516576886177063,0.060034364461898804,0.0,0.0,0.47724372148513794,0.0,0.04239378124475479,0.0,0.2894231677055359,0.0,0.30464649200439453,0.0,0.03339925408363342,0.03893964737653732,0.07488778978586197,0.1567925363779068,0.41616305708885193,0.005675498396158218,0.0713399201631546,0.17367108166217804,0.018576133996248245,0.3472607731819153,0.0,0.2097947597503662,0.0,0.0,0.03995697945356369,8.087232708930969e-05,0.0,0.499512642621994,0.0,0.0,0.2888529896736145,0.0,0.6213680505752563,0.029732348397374153,0.027452394366264343,0.0,0.2978726625442505,0.08754587173461914,0.09030815958976746,0.0,0.0,0.0,0.5241783857345581,0.10064582526683807,0.09720147401094437,0.0,0.0,0.07212577760219574,0.4036926031112671,0.0,0.1657315194606781,0.10566084086894989,0.056785572320222855,0.0,0.12391474097967148,0.06217547878623009,0.0,0.0,0.23982945084571838,0.3642781376838684,0.038213104009628296,0.0,0.1944233626127243,0.5824942588806152,0.24858839809894562,0.023168813437223434,0.2774878144264221,0.038558848202228546,0.025904839858412743,0.021328428760170937,0.008826201781630516,0.35197898745536804,0.0,0.0,0.13993752002716064,0.10290694236755371,0.28405874967575073,0.0,0.33359813690185547,0.23560281097888947,0.0,0.00204415712505579,0.10468503832817078,0.0,0.0,0.2731674313545227,0.036746442317962646,0.0011134808883070946,0.15487998723983765,0.0011743598151952028,0.0,0.05549737438559532,0.10933626443147659,0.0,0.0,0.29934829473495483,0.024827105924487114,0.0,0.0,0.21044334769248962,0.38869449496269226,0.0,0.0,0.17381763458251953,0.0,0.0,0.16459015011787415,0.0,0.0020387102849781513,3.317650407552719e-05,0.001098841312341392,0.001892215688712895,0.0,0.07684989273548126,0.00037180352956056595,0.0,0.0037432522512972355,0.000911050708964467,0.0,0.036141764372587204,0.029833365231752396,0.0,0.007156962528824806,0.12864145636558533,0.0,0.0,0.02276010438799858,0.009990794584155083,0.0,0.0,0.01725238375365734,0.04808665066957474,0.007673411630094051,0.0,0.0,0.07818160206079483,0.0,0.03428226336836815,0.0,0.08965691924095154,0.131049245595932,0.0026534602511674166,0.0,0.09356618672609329,0.0,0.003868427127599716,0.005243550520390272,0.018564097583293915,0.0,0.03848573938012123,0.2857864499092102,0.0,0.0,0.20078173279762268,0.029659360647201538,0.018369369208812714,0.0010249731130897999,0.055395226925611496,0.0,0.009708546102046967,0.04354728013277054,0.1760057508945465,0.0,0.0,0.0,0.0,0.3096832036972046,0.19106484949588776,0.0,0.17815729975700378,0.11616504192352295,0.06879736483097076,0.12132434546947479,0.3273907005786896,0.0,0.03833869844675064,0.0,0.0,0.0157476793974638,0.0,0.0,0.011692747473716736,0.19223429262638092,0.16977345943450928,0.0,0.17635077238082886,0.21257232129573822,0.0,0.0031711244955658913,0.317230761051178,0.036467574536800385,0.14793166518211365,0.0,0.0,0.28991225361824036,0.0,0.017903663218021393,0.030991757288575172,0.0,0.06571054458618164,0.0,0.07066454738378525,0.12116166949272156,0.1320369690656662,0.3820182681083679,0.007243630476295948,0.006527629680931568,0.22044871747493744,0.033691566437482834,0.3769645690917969,0.011376195587217808,0.0,0.0,0.008395840413868427,0.017434656620025635,0.0,0.00348326051607728,0.00549409631639719,0.14288043975830078,0.08451119065284729,0.08596566319465637,0.033245280385017395,0.0,0.0,0.0,0.0,0.5181911587715149,0.0,0.0,0.0,0.0,0.0,0.0036597971338778734,0.00932835042476654,0.0,0.004959410056471825,0.03758025914430618,0.004360590595752001,0.020711276680231094,0.0,0.7869228720664978,0.0,0.0508798286318779,0.05200246721506119,0.0,0.0,0.05501662939786911,0.23140670359134674,0.0,0.1204315572977066,0.09816740453243256,0.12770989537239075,0.0,0.0682002380490303,0.00041089393198490143,0.1416304111480713,0.005713368766009808,0.0,0.1837831288576126,0.0006867533084005117,0.19941915571689606,0.0,0.0,0.49111342430114746,0.2771161198616028,0.012649299576878548,0.0,0.0,0.1844506859779358,0.3538501262664795,0.0,0.30169910192489624,0.34335553646087646,0.06586488336324692,0.0,-0.4746580719947815
12,0.0071693966165184975,0.02634584531188011,0.008449656888842583,0.0,0.0,0.0,0.4711568355560303,0.09870506078004837,0.0,0.057610154151916504,0.08414628356695175,0.017838938161730766,0.0,0.3440279960632324,0.0,0.05605241283774376,0.08854658901691437,9.340420365333557e-05,0.0,0.0,0.0,0.10770048946142197,0.0,0.30260002613067627,0.06301151216030121,0.0,0.0,0.4152369499206543,0.005084886681288481,0.13081516325473785,0.005121644586324692,0.2714576721191406,0.0,0.3131171464920044,0.009436356835067272,0.04728635028004646,0.059402428567409515,0.16738642752170563,0.01821524277329445,0.3024218678474426,0.010841869749128819,0.09903718531131744,0.14777278900146484,0.0821925550699234,0.25621214509010315,0.0,0.36435428261756897,0.009103640913963318,0.0,0.036600787192583084,0.008996340446174145,0.0,0.2738197147846222,0.004967094399034977,0.001846560277044773,0.03251989930868149,0.0431581512093544,0.6819208860397339,0.06303900480270386,0.029288271442055702,0.0,0.2105274498462677,0.1111304759979248,0.0,0.0,0.0,0.0,0.1016172245144844,0.13079822063446045,0.10459206998348236,0.0,0.0,0.21329718828201294,0.30049484968185425,0.0103177260607481,0.06556597352027893,0.035265810787677765,0.030656106770038605,0.0,0.20198550820350647,0.04287472739815712,0.018405873328447342,0.0,0.2052847295999527,0.0598113052546978,0.011989805847406387,0.0007022926583886147,0.17027589678764343,0.4612107276916504,0.3518827557563782,0.022957773879170418,0.005563011392951012,0.06484225392341614,0.07151815295219421,0.004975845571607351,0.0,0.4369649887084961,0.0,0.0,0.01370297558605671,0.0,0.21247762441635132,0.0,0.2701888978481293,0.37477990984916687,0.04049277305603027,0.027183396741747856,0.05725569650530815,0.0,0.0,0.018873337656259537,0.056826960295438766,0.033104635775089264,0.17834879457950592,0.0019760909490287304,0.0,0.02429709956049919,0.04119192063808441,0.019440747797489166,0.0005079763941466808,0.013419226743280888,0.010218478739261627,0.0,0.004980321973562241,0.0006199236959218979,0.41104042530059814,0.0,0.0,0.009796313010156155,0.0,0.0,0.11496125161647797,0.0,0.007932290434837341,0.00782308541238308,0.001938028261065483,0.0,0.0,0.15835417807102203,0.012007459066808224,0.0,0.0,0.007044382859021425,0.0,0.05186925828456879,0.03215932846069336,0.005234918557107449,0.013539914041757584,0.21605540812015533,0.0,0.0,0.06666863709688187,0.03865842521190643,0.0,0.0,0.051714371889829636,0.0068111540749669075,0.0,0.0032530552707612514,0.0,0.16005554795265198,0.00540034007281065,0.04497388005256653,0.0,0.15650279819965363,0.11048723012208939,0.0,0.030354062095284462,0.0,0.0,0.0,0.0,0.03364125266671181,0.0,0.04979518800973892,0.12644529342651367,0.0,0.006117465905845165,0.11203569918870926,0.05519552901387215,0.0043538231402635574,0.0,0.148182675242424,0.0,0.013897042721509933,0.057632386684417725,0.2856736183166504,0.0,0.0,0.0,0.0004745887708850205,0.0803673043847084,0.24946270883083344,0.00020325355581007898,0.1986328661441803,0.07251445204019547,0.04631991684436798,0.18210259079933167,0.07579638063907623,0.0,0.08902665972709656,0.0,0.015462638810276985,0.038919564336538315,0.0,0.0,0.0,0.0,0.009599002078175545,0.007072837091982365,0.08028236031532288,0.32263147830963135,0.0,0.12044025957584381,0.058016322553157806,0.14278514683246613,0.34275370836257935,0.0,0.0,0.24652418494224548,0.0,0.021009093150496483,0.0,0.0,0.05232268571853638,0.0,0.06587322801351547,0.0,0.17778098583221436,0.17230162024497986,0.0021353685297071934,0.0,0.22894921898841858,0.05184780806303024,0.21043384075164795,0.07847203314304352,0.0,0.0,0.023143397644162178,0.024051140993833542,0.0,0.01092754490673542,0.005769927985966206,0.2723756730556488,0.01127399317920208,0.001348483725450933,0.07542961835861206,0.0,0.0,0.0,0.0,0.3460829257965088,0.0,0.0,0.0,0.0187434833496809,0.0,0.0412328876554966,0.03687741979956627,0.0,0.05842694267630577,0.0005047406302765012,0.0,0.08826738595962524,0.006246577948331833,0.47111985087394714,0.0755932629108429,0.025401901453733444,0.183610200881958,0.0,0.0,0.09315439313650131,0.043403055518865585,0.0,0.10803844034671783,0.37528377771377563,0.2753027379512787,0.0,0.0,0.0,0.0031358273699879646,0.006467703729867935,0.005106841214001179,0.04725056141614914,0.007574022747576237,0.296376496553421,0.0,0.0,0.41858750581741333,0.2596766948699951,0.008021386340260506,0.0,0.0,0.02966628596186638,0.24686595797538757,0.0,0.4655557870864868,0.19976675510406494,0.029458962380886078,0.0,0.19096942245960236,0.06657204777002335,0.014637235552072525,0.0,0.0,0.0,0.25212806463241577,0.03590346872806549,0.01669534482061863,0.09201082587242126,0.17550627887248993,0.05560586228966713,0.0,0.30988994240760803,0.2218373864889145,0.0,0.0,0.14808447659015656,0.10742507874965668,0.0,0.01971619203686714,0.06867247074842453,0.0,0.34367820620536804,0.2164638787508011,0.0,0.0,0.4123300015926361,0.0050306436605751514,0.051289644092321396,0.0,0.31302839517593384,0.0,0.14565959572792053,0.032239269465208054,0.0007679172558709979,0.023347895592451096,0.03677438199520111,0.1457180678844452,0.2611095905303955,0.27090322971343994,0.02531818114221096,0.19820046424865723,0.0,0.1093292236328125,0.0,0.3725196123123169,0.0,0.0,0.121455617249012,0.0019010765245184302,0.0,0.7374283671379089,0.0,0.0,0.14336898922920227,0.0016067863907665014,0.7674259543418884,0.1797519028186798,0.027640899643301964,0.0,0.05040149763226509,0.2974924147129059,0.12340424209833145,0.0,0.0,0.0,0.6155166029930115,0.27918994426727295,0.25422996282577515,0.0,0.0,0.1434609591960907,0.7372457981109619,0.0,0.011934120208024979,0.21990759670734406,0.0,0.0,0.13895262777805328,0.13836990296840668,0.0,0.06236310675740242,0.19517755508422852,0.2653966546058655,0.07203363627195358,0.0,0.3199876546859741,0.5587625503540039,0.17344285547733307,0.03874891623854637,0.3496263325214386,0.0727778822183609,0.0,0.004447184968739748,0.10321836918592453,0.4113636612892151,0.0,0.0022775547113269567,0.00438864529132843,0.40473562479019165,0.3651406466960907,0.0,0.29468026757240295,0.09619895368814468,0.019928015768527985,0.01005264651030302,0.3714379370212555,0.030462712049484253,0.0,0.28306397795677185,0.08470229059457779,0.0,0.25612854957580566,0.07241783291101456,0.0,0.1541435271501541,0.24148207902908325,0.0,0.007854459807276726,0.15729127824306488,0.22154827415943146,0.016538679599761963,0.0,0.08611736446619034,0.03561508655548096,0.0,0.0,0.1302153319120407,0.0,0.0,0.043357208371162415,0.010124062187969685,0.07303908467292786,0.002827913500368595,0.1854272037744522,0.04228357970714569,0.0,0.2104029357433319,0.0052359625697135925,0.0,0.0,0.0,0.0,0.027805205434560776,0.05792625620961189,0.05554915964603424,0.0,0.16626007854938507,0.0,0.0,0.0,0.00028230829047970474,0.0,0.0,0.12635299563407898,0.06894265860319138,0.0,0.0,0.0,0.0,0.03202933073043823,0.11312462389469147,0.00226426450535655,0.04264003783464432,0.1630694568157196,0.0,0.0,0.09979967027902603,0.0,0.05066360533237457,0.03795298933982849,0.02013598196208477,0.0,0.3752627372741699,0.11681999266147614,0.0,0.0,0.22169966995716095,0.008932462893426418,0.03518933802843094,0.0,0.09111177921295166,0.017615631222724915,0.045465752482414246,0.08376587182283401,0.2702322006225586,0.0,0.0,0.0,0.0,0.31884339451789856,0.35967954993247986,0.0,0.19007739424705505,0.03453550115227699,0.12031012028455734,0.024028269574046135,0.4160534143447876,0.0,0.04355234652757645,0.0,0.00763992452993989,0.10343591123819351,0.0,0.0,0.0683162659406662,0.5607102513313293,0.2043638527393341,0.009016272611916065,0.2651447653770447,0.3810056149959564,0.0,0.0,0.21214018762111664,0.054769303649663925,0.1420644372701645,0.0,0.0,0.030252784490585327,0.01757875084877014,0.1319584995508194,0.3323647081851959,0.0,0.16875940561294556,0.0,0.22486169636249542,0.11828604340553284,0.2328578382730484,0.22495105862617493,0.12113206833600998,0.15403763949871063,0.1274459958076477,0.006419497076421976,0.1770574003458023,0.0008375893230549991,0.0,0.0,0.0,0.009176014922559261,0.0,0.0,0.007667143363505602,0.0,0.24307012557983398,0.08279936760663986,0.0745639055967331,0.0,0.0,0.0,0.0,0.6997887492179871,0.0,0.0,0.03638496622443199,0.0,0.0,0.01215039100497961,0.01215918269008398,0.0,0.0,0.056050315499305725,0.08578643947839737,0.0,0.0,0.7135717868804932,0.0,0.1129380464553833,0.030258430168032646,0.0,0.0,0.13622279465198517,0.25617414712905884,0.0,0.07253029942512512,0.11423657834529877,0.0854414775967598,0.0,0.1332719624042511,0.0,0.1579771786928177,0.050880298018455505,0.0,0.31869715452194214,0.0186690092086792,0.19831949472427368,0.0,0.0,0.2677072286605835,0.04208596050739288,0.031335022300481796,0.0,0.0,0.4959276020526886,0.18558450043201447,0.0,0.10464989393949509,0.6725872159004211,0.07083355635404587,0.0,0.028133684769272804,0.013462783768773079,0.005172759294509888,0.0,0.0,0.0,0.2248033583164215,0.1735156625509262,0.0014651715755462646,0.06699806451797485,0.24062561988830566,0.09371395409107208,0.0,0.3200715184211731,0.25249165296554565,0.009220240637660027,0.006345917470753193,0.20038437843322754,0.058749523013830185,0.0,0.0181815717369318,0.13734865188598633,0.0,0.5263986587524414,0.1288866251707077,0.00041191745549440384,0.0,0.4888332188129425,0.007873902097344398,0.013551581650972366,0.0,0.3321535885334015,0.0,0.23943698406219482,0.0,0.029552070423960686,0.0,0.02781510353088379,0.21968062222003937,0.3139023780822754,0.10331955552101135,0.10328710079193115,0.13487815856933594,0.008064585737884045,0.30234143137931824,0.0,0.2599223554134369,0.0,0.0,0.12583446502685547,0.0,0.002475677989423275,0.6720600724220276,0.0,0.0,0.25579574704170227,0.0018864809535443783,0.6475310325622559,0.027768617495894432,0.03639880567789078,0.0,0.24488961696624756,0.13778235018253326,0.11133593320846558,0.0,0.0,0.0,0.6354826092720032,0.1565278023481369,0.10896514356136322,0.0,0.0,0.07466491311788559,0.5169541239738464,0.0,0.15642592310905457,0.22855140268802643,0.017377568408846855,0.0,0.058794476091861725,0.11597934365272522,0.0,0.04464096575975418,0.23775605857372284,0.404928594827652,0.01653415337204933,0.0,0.22266732156276703,0.5548490881919861,0.1427956372499466,0.021267656236886978,0.3589579463005066,0.014930479228496552,0.028493989259004593,0.02320229634642601,0.072702556848526,0.28105708956718445,0.0,0.00017404777463525534,0.08652165532112122,0.23273831605911255,0.19162383675575256,0.0,0.33493879437446594,0.13360321521759033,0.0068894908763468266,0.004594242200255394,0.23766714334487915,0.012701060622930527,0.0,0.29085010290145874,0.017931656911969185,0.0012680471409112215,0.20623481273651123,0.05519411340355873,0.003507680259644985,0.046250179409980774,0.2408117651939392,0.0,0.009420319460332394,0.28534308075904846,0.10675562918186188,0.004127622582018375,0.0,0.206064373254776,0.19023263454437256,0.0,0.0,0.20396924018859863,0.0,0.0037317336536943913,0.11111187934875488,0.0,0.014861896634101868,0.009927595034241676,0.0861949473619461,0.01638774201273918,0.0,0.10735860466957092,0.0038685051258653402,0.0,0.0,0.0,0.0,0.016369080170989037,0.01902090571820736,0.025574885308742523,0.0009612524881958961,0.03545878827571869,0.0,0.0,0.01920456625521183,0.0,0.0,0.0,0.05738785117864609,0.1085045337677002,0.0,0.004025106318295002,0.00561897549778223,0.028905397281050682,0.0,0.04927109554409981,0.0,0.059995364397764206,0.12974901497364044,0.0022058808244764805,0.0,0.13576093316078186,0.0,0.020434413105249405,0.03818928077816963,0.007448614574968815,0.0,0.11565148830413818,0.23792168498039246,0.0,0.0,0.21617449820041656,0.005805023945868015,0.04739437252283096,0.0010953531600534916,0.048365894705057144,0.00801023654639721,0.00912405177950859,0.04533658176660538,0.16464759409427643,0.0,0.0,0.0,0.0,0.3520011603832245,0.2135762870311737,0.0,0.12057577818632126,0.0971476137638092,0.011752117425203323,0.08597561717033386,0.40578731894493103,0.0,0.08939636498689651,0.0,0.0014544930309057236,0.015220457687973976,0.0,0.0,0.0,0.5021776556968689,0.26246193051338196,0.0,0.23185552656650543,0.2207227349281311,0.0,0.0010963436216115952,0.3366212844848633,0.025558851659297943,0.10175895690917969,0.0,0.0,0.14038527011871338,0.0014010434970259666,0.0801323652267456,0.20396727323532104,0.0,0.09471619129180908,0.0,0.1726919710636139,0.21140335500240326,0.10931997001171112,0.3629755973815918,0.03623773157596588,0.1093965545296669,0.19975054264068604,0.029566552489995956,0.3551200032234192,0.00042093778029084206,0.0,0.0,0.0015047895722091198,0.006272333674132824,0.0,0.0,0.019387532025575638,0.03399103879928589,0.21581166982650757,0.10849858075380325,0.013118242844939232,0.0,0.0,0.0,0.0,0.5972772240638733,0.0,0.0,0.006449518259614706,0.0,0.0,0.0,0.020731836557388306,0.0,0.0,0.07308952510356903,0.059664204716682434,0.007890859618782997,0.0,0.7669295072555542,0.007068939041346312,0.10596593469381332,0.03398355469107628,0.0,0.0,0.08761965483427048,0.29449278116226196,0.0,0.20878148078918457,0.051306869834661484,0.06925272941589355,0.0,0.134479820728302,0.0,0.17359711229801178,0.004465057514607906,0.0,0.30955183506011963,0.01739933341741562,0.1466449797153473,0.0,0.0,0.4204133450984955,0.18903669714927673,0.01612630859017372,0.0,0.0,0.3214694559574127,0.31167072057724,0.0,0.13833290338516235,0.5020689964294434,0.11401062458753586,0.010343385860323906,-0.2624955475330353
13,0.11134401708841324,0.03647176921367645,0.0,0.0,0.0,0.0,0.17191481590270996,0.07056143879890442,0.0,0.14149805903434753,0.20300723612308502,0.03349851071834564,0.0,0.19250436127185822,0.3503038287162781,0.021290471777319908,0.0009642578661441803,0.2556535005569458,0.1121664047241211,0.0,0.039822109043598175,0.06129957735538483,0.0,0.5820100903511047,0.20658603310585022,0.0,0.0,0.43088868260383606,0.013500324450433254,0.010893180966377258,0.0,0.2844684422016144,0.0001321898598689586,0.13115717470645905,0.0,0.0,0.0,0.04849565774202347,0.32425594329833984,0.2276691347360611,0.16044993698596954,0.029913097620010376,0.10288923233747482,0.0,0.1580210030078888,0.0,0.2971082031726837,0.006088886875659227,0.0,0.2528356909751892,0.0,0.015278611332178116,0.722912609577179,0.0,0.0,0.19318000972270966,0.001937571563757956,0.6003533601760864,0.10417098551988602,0.04395179823040962,0.0,0.1032523438334465,0.1474563628435135,0.1558137685060501,0.0,0.0,0.0,0.7173817753791809,0.18132056295871735,0.08879882842302322,0.0,0.005019551608711481,0.11362045258283615,0.6121194362640381,0.0,0.03684977814555168,0.354778915643692,0.007953540422022343,0.0,0.0,0.18664458394050598,0.005199391394853592,0.0843380019068718,0.1856423318386078,0.5455053448677063,0.027331914752721786,0.0,0.26064416766166687,0.5308283567428589,0.1357373744249344,0.03862462937831879,0.39824873208999634,0.017414061352610588,0.060927681624889374,0.013028864748775959,0.13163794577121735,0.19219300150871277,0.0,0.0,0.013101966120302677,0.398832231760025,0.1724168360233307,0.0,0.521311342716217,0.03561054542660713,0.0,0.0034319923724979162,0.48372989892959595,0.013260476291179657,0.0,0.2968652844429016,0.024102887138724327,0.0002660834288690239,0.2661992609500885,0.0963263213634491,0.011067231185734272,0.04465872421860695,0.40434667468070984,0.0,0.027406880632042885,0.1947300285100937,0.21155321598052979,0.006892366334795952,0.0,0.17051778733730316,0.06107572093605995,0.0,0.0,0.2527128756046295,0.0,0.004267246928066015,0.11830674111843109,0.0,0.030277298763394356,0.007201485335826874,0.19052177667617798,0.07515481114387512,0.0,0.08809475600719452,0.0,0.0,0.0,0.0,0.0,0.03181629255414009,0.05150219798088074,0.04751049727201462,0.0,0.0,0.0,0.0,0.006499860901385546,0.007400515954941511,0.0,0.002901093102991581,0.16651690006256104,0.05023684352636337,0.0,0.0,0.004277663305401802,0.012171633541584015,0.008930547162890434,0.07610659301280975,0.002223402261734009,0.006403806619346142,0.10458870232105255,0.003244836116209626,0.0,0.1269545555114746,0.003013682784512639,0.07920712977647781,0.06595709919929504,0.0,0.0,0.1787603199481964,0.32325008511543274,0.0,0.0,0.2471953183412552,0.0004856702289544046,0.09861825406551361,0.0032379503827542067,0.04427728429436684,0.016017181798815727,0.024699527770280838,0.04825865104794502,0.14504191279411316,0.0,0.0,0.0,0.0,0.42152026295661926,0.1882982850074768,0.0,0.0936059057712555,0.18610528111457825,0.0,0.11202772706747055,0.49552884697914124,0.0,0.16329015791416168,0.0,0.0,0.013474092818796635,0.0,0.0,0.012575368396937847,0.8687257766723633,0.28520017862319946,0.0,0.22977082431316376,0.21489045023918152,0.0,0.0,0.27667680382728577,0.048823654651641846,0.05786345526576042,0.0,0.0,0.05726166442036629,0.0,0.11410529166460037,0.37206602096557617,0.0,0.1445809155702591,0.0013328945497050881,0.35336393117904663,0.262187659740448,0.07629036903381348,0.35088497400283813,0.06086321547627449,0.21863099932670593,0.2760104238986969,0.0065058087930083275,0.1575356125831604,0.0,0.0,0.0,0.0,0.014347326941788197,0.0,0.0,0.015094412490725517,0.005324672441929579,0.2736263573169708,0.11848185211420059,0.029433760792016983,0.0,0.0,0.0,0.0,0.6440237164497375,0.0,0.0,0.004623372573405504,0.0,0.0,0.0,0.03236476704478264,0.0,0.0,0.11239078640937805,0.14353090524673462,0.0,0.0,0.8146477937698364,0.0026972044724971056,0.1360054910182953,0.03697935491800308,0.0,0.0,0.127252459526062,0.2309778481721878,0.0,0.1716720163822174,0.0,0.03360705450177193,0.0,0.22845908999443054,0.0,0.2540074586868286,0.0,0.0,0.42641502618789673,0.014872067607939243,0.13736648857593536,0.0,0.0,0.2812066674232483,0.0336177833378315,0.04287974163889885,0.0,0.0,0.5031542778015137,0.3068658709526062,0.0,0.036804843693971634,0.6712118983268738,0.18047769367694855,0.040350526571273804,0.5416882634162903,0.20798130333423615,0.2662208676338196,0.0,0.0,0.0,1.0151817798614502,0.0,0.007687476463615894,0.3833911120891571,0.008574907667934895,0.0,0.0,0.5910347104072571,0.0,0.009286771528422832,0.031797461211681366,0.0,0.0,0.017868485301733017,0.0,0.005202101077884436,0.03490433096885681,0.010885943658649921,0.16594313085079193,0.002946047345176339,0.0,0.7573108673095703,0.08457302302122116,0.03479490056633949,0.010237184353172779,0.563236653804779,0.0,0.005945172626525164,0.33577749133110046,0.03682831674814224,0.0,0.4683355689048767,0.061781223863363266,0.00038220908027142286,0.9565603137016296,0.31341519951820374,0.09620025753974915,0.04785769432783127,0.05707733333110809,0.6697444319725037,0.833453893661499,0.02908436208963394,0.0,0.17174343764781952,0.23679237067699432,0.017799368128180504,0.3031168282032013,0.0007998193032108247,0.07699310779571533,0.0,0.9315018057823181,1.8331695795059204,0.7444125413894653,0.2398565411567688,0.0,0.0,0.6691035628318787,0.0,0.0,0.0873865857720375,0.0018210263224318624,0.005587445106357336,0.8255873322486877,0.49270543456077576,0.3790234625339508,0.0,0.5453169941902161,0.5081740617752075,0.34983789920806885,0.0,0.24415846168994904,0.0,0.0,0.10514845699071884,0.02901189774274826,0.0,0.004890539683401585,0.2079983800649643,0.0,0.0,0.01102143432945013,0.8264026045799255,0.3188704550266266,0.41562047600746155,0.3089893162250519,0.0,0.0580042265355587,0.19683772325515747,0.0,0.5113283395767212,1.1613668203353882,0.0,0.007770908996462822,0.0001522666570963338,0.0193614698946476,0.7026661038398743,0.0,0.007349773310124874,0.5153951644897461,0.6618069410324097,0.17988085746765137,0.12752482295036316,0.2662500739097595,0.0,0.0,0.11951643228530884,0.3446751832962036,0.5295689702033997,1.036062240600586,0.0,0.22721992433071136,0.041940122842788696,0.25230488181114197,0.07628434151411057,0.0,0.7153369784355164,0.20243361592292786,0.0,0.0,0.0,0.0,0.3786470592021942,0.0,0.0003568604588508606,0.008688987232744694,0.0011408530408516526,0.6153426766395569,0.045276954770088196,0.13129590451717377,0.8938624858856201,0.0,0.0,0.3861851096153259,0.03218039125204086,0.0,0.0,0.050511106848716736,0.0,0.10378120839595795,0.0,0.6995187401771545,0.01035310234874487,0.0,0.0,0.0,0.4099135100841522,0.02441452629864216,0.0,0.0,1.2095826864242554,0.1161559596657753,0.0,0.026889128610491753,0.09963463246822357,0.6544652581214905,0.4566594362258911,0.20660609006881714,0.0,0.11996915936470032,0.26325523853302,0.0,0.4549017548561096,0.0,0.0,0.04590373858809471,0.015577699989080429,0.015657175332307816,0.04394957795739174,1.6305617094039917,0.04518449306488037,0.025149988010525703,0.4748533368110657,0.0,0.00365474377758801,0.0,0.003957320936024189,0.044352974742650986,0.024500951170921326,0.0,0.6721904873847961,1.0088274478912354,0.026550965383648872,0.7821952700614929,0.0,0.0,0.0,0.2487892508506775,0.0009642536169849336,0.4390808045864105,0.3713257610797882,0.029764117673039436,0.11204379051923752,0.0021208778489381075,0.48033010959625244,0.21520179510116577,0.0,0.12212736904621124,0.5535287261009216,0.0,0.014373896643519402,0.0,0.03374667093157768,0.0,0.29884591698646545,0.1842261701822281,0.948043942451477,0.06769970804452896,0.5200276374816895,0.0,0.061467062681913376,0.8895312547683716,0.0,0.23681220412254333,0.09617231786251068,0.0,0.6121633648872375,0.04192200303077698,0.22590668499469757,0.02272012270987034,0.0,0.8412157297134399,0.0,1.1102091073989868,0.0,0.37414121627807617,0.13676407933235168,0.47722452878952026,0.13262318074703217,0.02336915209889412,0.30786386132240295,0.5392465591430664,0.0,0.035478126257658005,0.023846281692385674,0.35487666726112366,0.0,0.003096733009442687,0.11704809963703156,0.0,0.10597465932369232,0.0,0.0,0.0,0.0,0.0,0.4555143117904663,0.0,0.0,0.0479726567864418,0.8151054978370667,0.008903443813323975,0.09689036011695862,0.06539367139339447,0.20186816155910492,0.05559519678354263,0.0,0.00819437950849533,0.2592633366584778,0.7912307977676392,0.022719040513038635,0.2114092856645584,0.0,0.20160086452960968,0.0,0.09890246391296387,0.3424542546272278,0.0,0.0,0.7940532565116882,1.2241188287734985,0.32358118891716003,0.5189617872238159,0.0,0.0,0.009715095162391663,0.08383305370807648,0.00691309804096818,0.09689944982528687,0.42356589436531067,0.8112440705299377,0.0,0.21159428358078003,0.0,0.15482690930366516,0.1566222459077835,0.0,0.10799307376146317,0.07062318176031113,0.0,0.13155683875083923,0.5431278944015503,0.21124865114688873,0.05948982015252113,0.0601903572678566,0.6082055568695068,0.1955839991569519,0.1099889725446701,0.0009601045167073607,0.000539126864168793,0.0,0.8403555750846863,0.009115464985370636,0.050663359463214874,0.3202207684516907,0.00765654444694519,0.0003255430201534182,0.020802225917577744,0.5688411593437195,0.0,0.09253761917352676,0.0643925592303276,0.0,0.0,0.03807533532381058,0.0,0.04476355388760567,0.03382350131869316,0.008868898265063763,0.14357779920101166,0.0,0.003111529629677534,0.6875072717666626,0.12330587953329086,0.012860102578997612,0.07926737517118454,0.5539228916168213,0.0,0.02267194353044033,0.23687049746513367,0.01743905618786812,0.0,0.27714627981185913,0.11475028842687607,0.1283460110425949,0.7985121607780457,0.3114376366138458,0.1243952289223671,0.061835408210754395,0.10962824523448944,0.5172296166419983,0.7938970327377319,0.0008088896865956485,0.0,0.05552859231829643,0.1826886087656021,0.013789823278784752,0.5302711129188538,0.006884631235152483,0.030892392620444298,0.0,0.7095577120780945,1.6252381801605225,0.6900829076766968,0.29213520884513855,0.0,0.02469513565301895,0.758432149887085,0.0,0.008912669494748116,0.0959792360663414,0.0,0.025952201336622238,0.7940976619720459,0.586256742477417,0.16829551756381989,0.0,0.38002854585647583,0.5602628588676453,0.2368599772453308,0.005905753001570702,0.11153433471918106,0.0,0.001767746638506651,0.1429506093263626,0.044517528265714645,0.0,0.029653016477823257,0.16327233612537384,0.0012627243995666504,0.015012894757091999,0.0,0.8986638784408569,0.303622305393219,0.4486444592475891,0.18761835992336273,0.01439015381038189,0.01263412181288004,0.06414791941642761,0.0018362754490226507,0.28292885422706604,1.2047209739685059,0.0,0.11922634392976761,0.008294761180877686,0.06640210002660751,0.9809115529060364,0.0,0.015633506700396538,0.3483092188835144,0.545422375202179,0.15502634644508362,0.1388929784297943,0.2630007863044739,0.0,0.0068653482012450695,0.07395234704017639,0.0927433893084526,0.5407730340957642,0.6641265749931335,0.0,0.2590542733669281,0.04056720435619354,0.08166224509477615,0.048455581068992615,0.0278954915702343,0.47835442423820496,0.16503645479679108,0.0,0.0,0.0,0.009107732214033604,0.24452650547027588,0.0,0.0041225627064704895,0.0033610982354730368,0.05481758713722229,0.4083230197429657,0.05135137215256691,0.16404381394386292,0.8458735942840576,0.0,0.0,0.36225441098213196,0.0860355794429779,0.0,0.0,0.014487328007817268,0.0,0.029235964640975,0.0,0.4896434545516968,0.0,0.0,0.0,0.0,0.2506561875343323,0.10026519000530243,0.0,0.0,0.8164304494857788,0.07287389039993286,0.0,0.005532760173082352,0.08180700987577438,0.39008858799934387,0.3007161021232605,0.11088504642248154,0.03689396753907204,0.19474826753139496,0.3340397775173187,0.0,0.2136831134557724,0.0,0.0,0.023597070947289467,0.03309207409620285,0.00967723410576582,0.0038054792676120996,1.4293928146362305,0.0066419620998203754,0.02262512408196926,0.21210183203220367,0.0,0.006756044924259186,0.0,0.025882458314299583,0.06757401674985886,0.06981779634952545,0.0,0.5651654601097107,1.0126672983169556,0.026440538465976715,0.4285067617893219,0.0,0.007086978759616613,0.003379375906661153,0.3601001501083374,0.038818784058094025,0.43285807967185974,0.1759020984172821,0.030844073742628098,0.11355672776699066,0.0,0.08735629171133041,0.08021105825901031,0.0,0.13836698234081268,0.3298245072364807,0.0,0.02545071206986904,0.0,0.06534795463085175,0.009145800955593586,0.25753912329673767,0.26782867312431335,0.9532604217529297,0.03630457818508148,0.2935941517353058,0.0,0.11131247133016586,0.6579200625419617,0.01682629995048046,0.1694319099187851,0.033434782177209854,0.0023772213608026505,0.5244406461715698,0.01944604702293873,0.09188317507505417,0.052744388580322266,0.0028232294134795666,0.48929333686828613,0.0,0.9880372285842896,0.0,0.26828041672706604,0.1377219706773758,0.27065902948379517,0.0775984451174736,0.028409427031874657,0.16083335876464844,0.13458694517612457,0.0,0.01451103761792183,0.0275952760130167,0.21980690956115723,0.0,0.008786155842244625,0.07080747187137604,0.0,0.09276008605957031,0.0,0.0,0.0,0.005308345891535282,0.0,0.7075599431991577,0.0,0.0,0.025100089609622955,0.3277103006839752,0.004963664337992668,0.12608854472637177,0.07399143278598785,0.14122775197029114,0.07198288291692734,0.0,0.005970942322164774,0.20908433198928833,0.44531258940696716,0.2660592794418335,0.2005312591791153,0.0,0.21892260015010834,0.0,0.05629277974367142,0.2951277494430542,0.02201496809720993,0.014022726565599442,0.43672266602516174,0.9864901900291443,0.237066388130188,0.23496246337890625,0.0012792813358828425,0.0,0.005899040028452873,0.08349315822124481,0.01717217266559601,0.043872494250535965,0.40174463391304016,0.7297000288963318,0.011114480905234814,0.05788061395287514,0.009802291169762611,0.1447811722755432,0.07657991349697113,0.0,0.07968639582395554,0.13087613880634308,0.008054981008172035,0.07964077591896057,0.31684410572052,0.3331350088119507,0.045085784047842026,0.05265998840332031,0.18660913407802582
14,0.0,0.051973167806863785,0.04251860827207565,0.0,0.0,0.0,0.374125599861145,0.14216656982898712,0.0,0.0040811956860125065,0.09431400895118713,0.017819851636886597,0.0,0.29399585723876953,0.0,0.039432745426893234,0.03681717813014984,0.0,0.0,0.0,0.0,0.1578187495470047,0.0,0.41451725363731384,0.01986616477370262,0.0,0.0,0.48449692130088806,0.0,0.08300506323575974,0.0054086958989501,0.19898410141468048,0.0,0.3540365993976593,0.0194373968988657,0.0721130296587944,0.06405611336231232,0.13096949458122253,0.025078976526856422,0.26948991417884827,0.0,0.1324494332075119,0.09867749363183975,0.08083540201187134,0.3007005453109741,0.0016554880421608686,0.1957714557647705,0.023145906627178192,0.0,0.056970443576574326,0.05095796287059784,0.0,0.16955578327178955,0.0004183888668194413,0.0,0.045961473137140274,0.02872515842318535,0.5510819554328918,0.07492052018642426,0.01114168856292963,0.0,0.25655293464660645,0.03855755925178528,0.0,0.0,0.0,0.0,0.11635904014110565,0.029739145189523697,0.0467229038476944,0.0,0.0,0.15046115219593048,0.19532327353954315,0.0063833752647042274,0.10067253559827805,0.018646208569407463,0.14216896891593933,0.0,0.19709330797195435,0.055219605565071106,0.01228279247879982,0.0,0.17042741179466248,0.11007602512836456,0.025109078735113144,0.0036139762960374355,0.09222759306430817,0.4374137222766876,0.26507556438446045,0.03621470555663109,0.0007431092672049999,0.0431426540017128,0.10100138932466507,0.0032201786525547504,0.0,0.35634124279022217,0.0,0.0,0.04209904000163078,0.0,0.15440671145915985,0.0,0.3538205921649933,0.37624940276145935,0.03539677709341049,0.027875801548361778,0.03694229945540428,0.0,0.0,0.023932084441184998,0.06683731079101562,0.03857230395078659,0.1472746878862381,0.0,0.0,0.017448564991354942,0.013682099059224129,0.025355223566293716,0.006073353346437216,0.03446206450462341,0.009634767659008503,0.0,0.0,0.001365523785352707,0.453683078289032,0.0,0.0,0.0,0.0,0.0,0.06829015165567398,0.0,0.01485480647534132,0.02680688351392746,0.0,0.0,0.0,0.08103808015584946,0.0005295251030474901,0.0,0.0022249852772802114,0.049172986298799515,0.0,0.09714701771736145,0.019205620512366295,0.0,0.019666390493512154,0.22130335867404938,0.0,0.016542360186576843,0.08633645623922348,0.06526223570108414,0.0,0.0,0.01124546118080616,0.016609493643045425,0.0,0.002631234936416149,0.0,0.19052299857139587,0.010351099073886871,0.018687792122364044,0.0,0.1437768191099167,0.0823761597275734,0.0,0.05980518087744713,0.0,0.0,0.0,0.0,0.003995286766439676,0.0,0.0035435683093965054,0.17521341145038605,0.0,0.015063242986798286,0.06885284930467606,0.013816693797707558,0.0037424853071570396,0.0,0.20376841723918915,0.0,0.009998228400945663,0.014962038025259972,0.16113132238388062,0.0,0.0,0.0,0.0,0.043708041310310364,0.146917924284935,0.0,0.11688414216041565,0.0921238511800766,0.03623949736356735,0.20228376984596252,0.11532709747552872,0.0,0.057911910116672516,0.0,0.010865967720746994,0.00974353775382042,0.0,0.0,0.004322890192270279,0.0,0.0,0.0,0.03683800995349884,0.21097195148468018,0.0,0.143644779920578,0.05646635591983795,0.11994148790836334,0.2913605570793152,0.0,0.0,0.31385964155197144,0.0,0.0,0.0,0.0,0.059383608400821686,0.0,0.033296652138233185,0.0024948623031377792,0.12513220310211182,0.149562805891037,0.0,0.0,0.24316763877868652,0.0874001681804657,0.2258383333683014,0.14218159019947052,0.0,0.0,0.04263334721326828,0.012110619805753231,0.0,0.020973414182662964,0.0,0.3544909954071045,0.002842002548277378,0.017507443204522133,0.07326656579971313,0.0,0.0,0.0,0.0,0.30254319310188293,0.0,0.0,0.0,0.05001820623874664,0.0,0.0428989976644516,0.022103480994701385,0.0,0.09038493037223816,0.001189625822007656,0.0,0.09171472489833832,0.0028025973588228226,0.4413549304008484,0.06589047610759735,0.019589312374591827,0.14487068355083466,0.0,0.0,0.06787454336881638,0.04462876170873642,0.0,0.22305046021938324,0.31650078296661377,0.24462813138961792,0.0,0.0,0.0,0.002750006504356861,0.012781224213540554,0.022631794214248657,0.06413773447275162,0.0022484525106847286,0.23865260183811188,0.0,0.008802637457847595,0.44734811782836914,0.2614743411540985,0.02725202776491642,0.0,0.0,0.0,0.30494624376296997,0.0,0.42476630210876465,0.09705168753862381,0.025927359238266945,0.0035884156823158264,0.5416882634162903,0.20798130333423615,0.2662208676338196,0.0,0.0,0.0,1.0151817798614502,0.0,0.007687476463615894,0.3833911120891571,0.008574907667934895,0.0,0.0,0.5910347104072571,0.0,0.009286771528422832,0.031797461211681366,0.0,0.0,0.017868485301733017,0.0,0.005202101077884436,0.03490433096885681,0.010885943658649921,0.16594313085079193,0.002946047345176339,0.0,0.7573108673095703,0.08457302302122116,0.03479490056633949,0.010237184353172779,0.563236653804779,0.0,0.005945172626525164,0.33577749133110046,0.03682831674814224,0.0,0.4683355689048767,0.061781223863363266,0.00038220908027142286,0.9565603137016296,0.31341519951820374,0.09620025753974915,0.04785769432783127,0.05707733333110809,0.6697444319725037,0.833453893661499,0.02908436208963394,0.0,0.17174343764781952,0.23679237067699432,0.017799368128180504,0.3031168282032013,0.0007998193032108247,0.07699310779571533,0.0,0.9315018057823181,1.8331695795059204,0.7444125413894653,0.2398565411567688,0.0,0.0,0.6691035628318787,0.0,0.0,0.0873865857720375,0.0018210263224318624,0.005587445106357336,0.8255873322486877,0.49270543456077576,0.3790234625339508,0.0,0.5453169941902161,0.5081740617752075,0.34983789920806885,0.0,0.24415846168994904,0.0,0.0,0.10514845699071884,0.02901189774274826,0.0,0.004890539683401585,0.2079983800649643,0.0,0.0,0.01102143432945013,0.8264026045799255,0.3188704550266266,0.41562047600746155,0.3089893162250519,0.0,0.0580042265355587,0.19683772325515747,0.0,0.5113283395767212,1.1613668203353882,0.0,0.007770908996462822,0.0001522666570963338,0.0193614698946476,0.7026661038398743,0.0,0.007349773310124874,0.5153951644897461,0.6618069410324097,0.17988085746765137,0.12752482295036316,0.2662500739097595,0.0,0.0,0.11951643228530884,0.3446751832962036,0.5295689702033997,1.036062240600586,0.0,0.22721992433071136,0.041940122842788696,0.25230488181114197,0.07628434151411057,0.0,0.7153369784355164,0.20243361592292786,0.0,0.0,0.0,0.0,0.3786470592021942,0.0,0.0003568604588508606,0.008688987232744694,0.0011408530408516526,0.6153426766395569,0.045276954770088196,0.13129590451717377,0.8938624858856201,0.0,0.0,0.3861851096153259,0.03218039125204086,0.0,0.0,0.050511106848716736,0.0,0.10378120839595795,0.0,0.6995187401771545,0.01035310234874487,0.0,0.0,0.0,0.4099135100841522,0.02441452629864216,0.0,0.0,1.2095826864242554,0.1161559596657753,0.0,0.026889128610491753,0.09963463246822357,0.6544652581214905,0.4566594362258911,0.20660609006881714,0.0,0.11996915936470032,0.26325523853302,0.0,0.4549017548561096,0.0,0.0,0.04590373858809471,0.015577699989080429,0.015657175332307816,0.04394957795739174,1.6305617094039917,0.04518449306488037,0.025149988010525703,0.4748533368110657,0.0,0.00365474377758801,0.0,0.003957320936024189,0.044352974742650986,0.024500951170921326,0.0,0.6721904873847961,1.0088274478912354,0.026550965383648872,0.7821952700614929,0.0,0.0,0.0,0.2487892508506775,0.0009642536169849336,0.4390808045864105,0.3713257610797882,0.029764117673039436,0.11204379051923752,0.0021208778489381075,0.48033010959625244,0.21520179510116577,0.0,0.12212736904621124,0.5535287261009216,0.0,0.014373896643519402,0.0,0.03374667093157768,0.0,0.29884591698646545,0.1842261701822281,0.948043942451477,0.06769970804452896,0.5200276374816895,0.0,0.061467062681913376,0.8895312547683716,0.0,0.23681220412254333,0.09617231786251068,0.0,0.6121633648872375,0.04192200303077698,0.22590668499469757,0.02272012270987034,0.0,0.8412157297134399,0.0,1.1102091073989868,0.0,0.37414121627807617,0.13676407933235168,0.47722452878952026,0.13262318074703217,0.02336915209889412,0.30786386132240295,0.5392465591430664,0.0,0.035478126257658005,0.023846281692385674,0.35487666726112366,0.0,0.003096733009442687,0.11704809963703156,0.0,0.10597465932369232,0.0,0.0,0.0,0.0,0.0,0.4555143117904663,0.0,0.0,0.0479726567864418,0.8151054978370667,0.008903443813323975,0.09689036011695862,0.06539367139339447,0.20186816155910492,0.05559519678354263,0.0,0.00819437950849533,0.2592633366584778,0.7912307977676392,0.022719040513038635,0.2114092856645584,0.0,0.20160086452960968,0.0,0.09890246391296387,0.3424542546272278,0.0,0.0,0.7940532565116882,1.2241188287734985,0.32358118891716003,0.5189617872238159,0.0,0.0,0.009715095162391663,0.08383305370807648,0.00691309804096818,0.09689944982528687,0.42356589436531067,0.8112440705299377,0.0,0.21159428358078003,0.0,0.15482690930366516,0.1566222459077835,0.0,0.10799307376146317,0.07062318176031113,0.0,0.13155683875083923,0.5431278944015503,0.21124865114688873,0.05948982015252113,0.0601903572678566,0.4968920350074768,0.18600217998027802,0.11073949187994003,0.025189051404595375,0.0014556583482772112,0.0,0.9136123657226562,0.01099246647208929,0.01850885897874832,0.27632781863212585,0.05173002555966377,0.0,0.009447751566767693,0.5880627036094666,0.0,0.016288936138153076,0.0903344377875328,0.0,0.007766065187752247,0.053024280816316605,0.0,0.038829393684864044,0.035195548087358475,0.045371562242507935,0.10722813755273819,0.0008708551758900285,0.0,0.694316565990448,0.06362687796354294,0.038563068956136703,0.05372658371925354,0.5161933898925781,0.0,0.008032277226448059,0.38596710562705994,0.03894157335162163,0.0,0.2850515842437744,0.047151025384664536,0.05968217924237251,0.6821474432945251,0.3104492127895355,0.1732700616121292,0.1500840038061142,0.12899529933929443,0.5424186587333679,0.7230792045593262,0.004340705461800098,0.0,0.06930211931467056,0.08763911575078964,0.01493816077709198,0.3953154683113098,0.014905466698110104,0.017839595675468445,0.0,0.8295494318008423,1.5520914793014526,0.7524074912071228,0.21648970246315002,0.0,0.04202309250831604,0.7275708317756653,0.0,0.0033076168037950993,0.14605006575584412,0.0,0.07044719904661179,0.7741608023643494,0.610302209854126,0.20461240410804749,0.0,0.38280051946640015,0.402778685092926,0.3498476445674896,0.01953492872416973,0.0768992230296135,0.006383041385561228,0.020195746794342995,0.17105546593666077,0.05070853978395462,0.0,0.02192990481853485,0.12824781239032745,0.08804814517498016,0.01988997496664524,0.00746494997292757,0.8472446799278259,0.25786641240119934,0.4770229458808899,0.16604715585708618,0.08174656331539154,0.09507661312818527,0.07358136028051376,0.006886602379381657,0.3417724072933197,1.1836695671081543,0.0,0.07401495426893234,0.033220622688531876,0.03526058420538902,0.9150568842887878,0.0,0.1120607852935791,0.4117829501628876,0.6587427258491516,0.16668681800365448,0.09643243998289108,0.21886765956878662,0.0,0.0,0.08945796638727188,0.1449471414089203,0.4574161171913147,0.6350844502449036,0.0,0.2381458729505539,0.06505431979894638,0.08655861765146255,0.03550815209746361,0.006275184452533722,0.46796485781669617,0.09432609379291534,0.0,0.0,0.0,0.010982549749314785,0.18996833264827728,0.010772965848445892,0.008493012748658657,0.0,0.025558173656463623,0.43409067392349243,0.027604935690760612,0.10366964340209961,0.7281650304794312,0.0,0.0,0.4000301957130432,0.045253999531269073,0.0,0.0,0.024040043354034424,0.0,0.04107047617435455,0.0,0.47291049361228943,0.019347168505191803,0.021154506132006645,0.0,0.0,0.29875800013542175,0.10197863727807999,0.0,0.0,0.8140616416931152,0.11543585360050201,0.0008965082815848291,0.017877746373414993,0.11585312336683273,0.4278840720653534,0.4023350179195404,0.11236514151096344,0.013955128379166126,0.20449142158031464,0.28198930621147156,0.0,0.3299018144607544,0.0,0.0,0.01872091554105282,0.00012958123988937587,0.045056458562612534,0.03354184702038765,1.3597286939620972,0.0525897815823555,0.048214446753263474,0.21105948090553284,0.011715981177985668,0.010096665471792221,0.0,0.006848400924354792,0.06545231491327286,0.0479983352124691,0.0,0.5632448196411133,0.9628989100456238,0.011143800802528858,0.5187036395072937,0.0,0.0,0.015367371030151844,0.31652766466140747,0.013515985570847988,0.45502519607543945,0.21275877952575684,0.11401287466287613,0.08972614258527756,0.0521460585296154,0.36887428164482117,0.04287126287817955,0.0,0.1923149675130844,0.3810029923915863,0.0,0.029824960976839066,0.0,0.0,0.06746526807546616,0.3633906841278076,0.22638936340808868,0.8943307995796204,0.011933024041354656,0.40102633833885193,0.04188018664717674,0.05177685618400574,0.7205368876457214,0.02708829753100872,0.12035705149173737,0.08407454937696457,0.0009857550030574203,0.4884049892425537,0.008107790723443031,0.17466747760772705,0.06088651344180107,0.0,0.4674375653266907,0.044610098004341125,0.9769966006278992,0.0,0.276039719581604,0.07541223615407944,0.28888365626335144,0.11909934133291245,0.036024872213602066,0.22148799896240234,0.42432817816734314,0.0,0.013361196033656597,0.014627180062234402,0.28703951835632324,0.002691804664209485,0.005788004025816917,0.09394104778766632,0.038702793419361115,0.1585407555103302,0.03201141580939293,0.0,0.0,0.001323623233474791,0.0,0.6052374243736267,0.0,0.0,0.04956300929188728,0.4059107005596161,0.023663189262151718,0.09545810520648956,0.13045190274715424,0.07325442880392075,0.02350066415965557,0.0,0.014105240814387798,0.187428280711174,0.602313220500946,0.12646107375621796,0.1927107572555542,0.005366969853639603,0.27152666449546814,0.0,0.057140883058309555,0.2547803819179535,0.0,0.0,0.48516297340393066,1.0692895650863647,0.26788830757141113,0.42921337485313416,0.0,0.0,0.011869275942444801,0.1081213504076004,0.028638213872909546,0.0672910064458847,0.3944484293460846,0.7559384703636169,0.004918285179883242,0.13191787898540497,0.06446297466754913,0.15796807408332825,0.09741786122322083,0.0,0.15902316570281982,0.06299654394388199,0.04484562203288078,0.15427111089229584,0.39746949076652527,0.2115953415632248,0.0386027954518795,0.029230905696749687,0.7182104587554932
15,0.0,0.05932925269007683,0.03235556557774544,0.0,0.0,0.0,0.4257378578186035,0.12299922853708267,0.0,0.008388910442590714,0.09966904670000076,0.011791544035077095,0.0,0.2796831727027893,0.0,0.07691676169633865,0.022831309586763382,0.006025059148669243,0.0,0.0,0.0,0.10844731330871582,0.0,0.41518592834472656,0.029925810173153877,0.0,0.0,0.4514228403568268,0.0,0.0478677898645401,0.020838003605604172,0.23196600377559662,0.0,0.2995498776435852,0.005732339806854725,0.06790250539779663,0.05939936637878418,0.16976574063301086,0.03864775970578194,0.2356370985507965,0.0,0.10571733862161636,0.09973226487636566,0.06740159541368484,0.2783487141132355,0.010238590650260448,0.20389001071453094,0.03689182549715042,0.0,0.09256070852279663,0.054090194404125214,0.0,0.16018980741500854,0.0,0.0074836136773228645,0.020116468891501427,0.04707938805222511,0.5082555413246155,0.056413840502500534,0.01972316950559616,0.0,0.20449398458003998,0.03317580744624138,0.0,0.0,0.0,0.0,0.054270029067993164,0.03645430505275726,0.06392461061477661,0.0,0.0,0.14137892425060272,0.12036502361297607,0.0,0.06896506249904633,0.04189208522439003,0.11077287793159485,0.0,0.13288551568984985,0.042401399463415146,0.052221380174160004,0.0,0.16440095007419586,0.09850500524044037,0.02979953959584236,0.00020233448594808578,0.1325562596321106,0.42232614755630493,0.2994224727153778,0.017817888408899307,0.0,0.05688152834773064,0.10078435391187668,0.009576226584613323,0.002518198685720563,0.3527146577835083,0.0,0.0,0.006228077225387096,0.0,0.15987277030944824,0.0,0.38986116647720337,0.2983805537223816,0.028356505557894707,0.01847221702337265,0.06707514822483063,0.0,0.0,0.0007798081496730447,0.05747596174478531,0.0345136821269989,0.15996187925338745,0.0,0.0,0.030046803876757622,0.009839728474617004,0.035423509776592255,0.016423393040895462,0.00616725068539381,0.008526597172021866,0.0,0.0,0.0,0.3741344213485718,0.0,0.0,0.0,0.0,0.0,0.0627286285161972,0.0,0.034715745598077774,0.007755976635962725,0.0,0.0,0.0,0.0739750936627388,0.014665970578789711,0.0,0.0,0.01847076416015625,0.0,0.10224633663892746,0.02101670578122139,0.0,0.01619229093194008,0.11056739091873169,0.0,0.02128177508711815,0.0774611085653305,0.06893043220043182,0.0,0.0,0.08354371786117554,0.020459916442632675,0.0,0.0030762283131480217,0.00014550425112247467,0.13770577311515808,0.011293429881334305,0.020504171028733253,0.0,0.11047389358282089,0.07048856467008591,0.0,0.03689929470419884,0.0,0.0,0.0,0.0,0.028703683987259865,0.0001472514122724533,0.005170893855392933,0.2030411809682846,0.0,0.014255431480705738,0.0656791478395462,0.04221207648515701,0.0,0.0,0.21820586919784546,0.0,0.013138450682163239,0.04387538507580757,0.18699276447296143,0.0,0.0,0.0,0.0,0.023476066067814827,0.13123877346515656,0.0,0.1273481249809265,0.14131689071655273,0.07225652039051056,0.2146875560283661,0.07822437584400177,0.0,0.07499593496322632,0.0,0.009786216542124748,0.011815031990408897,0.0,0.0,0.004138807766139507,0.0,0.0,5.1342882215976715e-05,0.035829346626996994,0.20922881364822388,0.0,0.17153719067573547,0.014624008908867836,0.06433236598968506,0.3086042106151581,0.00015429779887199402,0.0,0.26426059007644653,0.0,5.7223718613386154e-05,0.0,0.0,0.040289491415023804,0.0,0.07007525861263275,0.0,0.14057625830173492,0.11574726551771164,0.0021488741040229797,0.0,0.26627400517463684,0.08462244272232056,0.13839484751224518,0.05613437294960022,0.0,0.0024886506143957376,0.04421273618936539,0.006888640113174915,0.0,0.02624998614192009,0.0,0.35043856501579285,0.0,0.0012562774354591966,0.05830555409193039,0.0,0.0,0.0,0.0,0.25585922598838806,0.0,0.0,0.0,0.048715632408857346,0.0,0.028681281954050064,0.03992769494652748,0.00938272662460804,0.1051856279373169,0.0,0.0,0.09588617086410522,0.006325313355773687,0.3900904655456543,0.06642946600914001,0.014775997027754784,0.13216336071491241,0.0,0.0,0.06883955001831055,0.019894486293196678,0.0010143090039491653,0.3122558295726776,0.28798726201057434,0.2560153007507324,0.0,0.0,0.0,0.0,0.004075534176081419,0.02595742605626583,0.0512518584728241,0.020625311881303787,0.21556952595710754,0.0,0.007710026111453772,0.346756249666214,0.15731629729270935,0.02281152456998825,0.0,0.0,0.0,0.3107682466506958,0.0,0.41110339760780334,0.08234594762325287,0.03344424068927765,0.005130158271640539,0.0,0.2069978564977646,0.5300076603889465,0.0,0.0,0.0,0.39432016015052795,0.08717596530914307,0.0,0.0,0.2506360411643982,0.0,0.0,0.2232654094696045,0.0,0.08607592433691025,0.0,0.08982028067111969,0.0,0.0,0.0,0.16417944431304932,0.05952627211809158,1.0088589191436768,0.0,0.0,0.0,0.8170607686042786,0.05321750417351723,0.06072741001844406,0.13265475630760193,0.26673221588134766,0.0,0.5235058069229126,0.08166712522506714,0.4007180333137512,0.402141809463501,0.8557375073432922,8.333888399647549e-05,0.0,0.0,0.2861839830875397,0.08474878966808319,0.2527971863746643,0.7048323154449463,0.7883607149124146,0.0,0.0,0.0,0.2250700294971466,0.2614714801311493,0.0,0.037699319422245026,0.05088794603943825,0.21401509642601013,0.014467294327914715,0.5268274545669556,0.30438232421875,0.12173257768154144,0.0,0.0,0.015281866304576397,0.0,0.0,0.0,0.08416648209095001,0.0,2.951092210423667e-05,0.05513301491737366,0.0,0.5744131207466125,0.0,0.313334584236145,0.0,0.018328377977013588,0.14690184593200684,0.010711051523685455,0.6092600226402283,0.0,0.13831591606140137,0.06555641442537308,0.2944820821285248,0.01845569722354412,0.1904214471578598,0.43543991446495056,0.01781989447772503,0.11794829368591309,0.030628833919763565,0.5553306937217712,0.37448540329933167,0.08839325606822968,0.08702004700899124,0.0875869169831276,0.6645897030830383,0.0,0.0,0.06902662664651871,0.07773855328559875,0.0,0.010806177742779255,0.0,0.0010323213646188378,0.0,0.8458907008171082,0.5580551624298096,0.27032870054244995,0.205088272690773,0.05445624887943268,0.0,0.0,0.0,0.19003866612911224,0.11015794426202774,0.16021902859210968,0.055095188319683075,0.0,0.0,0.02538255974650383,0.1428956538438797,0.3797460198402405,0.0,0.024714836850762367,0.13296504318714142,0.019218526780605316,0.0,0.47215455770492554,0.0,0.40906867384910583,0.008888470008969307,0.003965620417147875,0.0,0.013694784604012966,0.05206665024161339,0.0,0.05063491314649582,0.0,0.0,0.0,0.02668435499072075,0.0015878946287557483,0.0,0.006925624329596758,0.7927706837654114,0.0,0.5120174884796143,0.0,0.0,0.10119549185037613,0.18012185394763947,0.0,0.033270787447690964,0.8486841917037964,0.3358129858970642,0.0,0.0,0.5317823886871338,0.004495253786444664,0.0,0.0,0.0,1.1275783777236938,0.14061331748962402,0.0014417999191209674,0.0,0.06699488312005997,0.0,0.07689375430345535,0.464372843503952,0.017153743654489517,0.0,0.015729451552033424,0.0,0.05491885915398598,0.1681598573923111,0.01042499765753746,0.2835582196712494,0.026590967550873756,0.41929376125335693,0.08145400136709213,0.027755778282880783,0.0,0.009153793565928936,0.8074544072151184,0.0,0.03146316483616829,0.07076235860586166,0.0011723579373210669,0.0591440387070179,0.5950790047645569,0.0,0.0,0.006336425896733999,0.0,0.10116756707429886,0.014536653645336628,0.8335522413253784,0.045522816479206085,1.0586782693862915,0.17596611380577087,0.00518112862482667,0.23783951997756958,0.0,0.058451175689697266,0.0,0.0,0.0,0.00348502560518682,0.0,0.04177962988615036,0.10662505030632019,0.0,0.012753894552588463,0.029506875202059746,0.6561112403869629,0.1335124969482422,0.15720932185649872,0.3078177869319916,0.0,0.047593243420124054,0.42461097240448,0.05493749678134918,0.0,0.0,0.0,0.0,0.024360191076993942,0.0,0.25163331627845764,0.12752126157283783,0.2048981934785843,0.0,0.0,0.871105968952179,0.559471845626831,0.0,0.1239655390381813,0.05299613997340202,0.005015506409108639,0.24499161541461945,0.02883153222501278,0.004729578737169504,0.00040971674025058746,0.0,1.1535470485687256,0.0,0.1821587234735489,0.05263376235961914,0.0,0.0,0.0,0.0,0.06083907186985016,0.0,0.011125100776553154,0.0,0.7180889248847961,0.005644320510327816,0.013314093463122845,0.0,0.061215996742248535,0.40623772144317627,0.0,0.030608603730797768,0.519995927810669,0.24140548706054688,0.0,0.43767228722572327,0.14635290205478668,0.18450692296028137,0.02106834203004837,0.0,0.026396168395876884,0.0,0.03462519869208336,1.763034462928772,0.3536370098590851,0.375512033700943,0.05574079230427742,0.0,0.01594928652048111,0.027040675282478333,0.0,0.43582287430763245,0.016970019787549973,0.0,0.24281059205532074,0.013036425225436687,0.0,0.8461844325065613,0.19132502377033234,0.08512744307518005,0.04276009649038315,0.0,0.0,0.47529470920562744,0.047780055552721024,0.399303138256073,0.0,0.19645090401172638,0.27474260330200195,0.0,0.08673372119665146,0.24897798895835876,0.0,0.0,0.0,0.4187532365322113,0.09691421687602997,0.0,0.003443087451159954,0.09378193318843842,0.0030670184642076492,0.0,0.349618524312973,0.0,0.05026182532310486,0.04712530970573425,0.006969706621021032,0.0,0.0,0.0,0.12833182513713837,0.05928729102015495,0.6777027249336243,0.0,0.0003250269219279289,0.0,0.7697447538375854,0.024776222184300423,0.06313706934452057,0.09148630499839783,0.3308001756668091,0.0,0.4338819086551666,0.061234213411808014,0.3034166693687439,0.15334483981132507,0.5324695110321045,0.0034239445813000202,0.044675711542367935,0.0024585817009210587,0.32698938250541687,0.06307942420244217,0.20209713280200958,0.5845199823379517,0.5521966218948364,0.08995398879051208,0.0,0.0,0.11934830248355865,0.1670057475566864,0.0,0.1039729118347168,0.015211970545351505,0.07894285023212433,0.0,0.4113786816596985,0.589169442653656,0.14027555286884308,0.022705942392349243,0.0,0.0728662982583046,0.03803837671875954,0.0,0.0,0.047676101326942444,0.0,0.0015077181160449982,0.10990138351917267,0.041107773780822754,0.300923615694046,0.0,0.2343742549419403,0.01902303472161293,0.020268602296710014,0.15233632922172546,0.0017666034400463104,0.37784889340400696,0.0,0.1068916916847229,0.026306554675102234,0.17482890188694,0.010415490716695786,0.1740943342447281,0.19363969564437866,0.016998426988720894,0.05208922550082207,0.14406317472457886,0.404222309589386,0.3360302746295929,0.051662180572748184,0.011546747758984566,0.053634461015462875,0.3361523747444153,0.01103154569864273,0.0,0.3491259217262268,0.016492916271090508,0.001143743866123259,0.0039058367256075144,0.0,0.026241280138492584,0.0,0.4016948938369751,0.5093626379966736,0.23282885551452637,0.14840655028820038,0.041897859424352646,0.0,0.0,0.0,0.11493420600891113,0.049094416201114655,0.18026384711265564,0.05048266798257828,0.0,0.011737514287233353,0.017052192240953445,0.0535547137260437,0.1599280834197998,0.0012241497170180082,0.010335827246308327,0.06552119553089142,0.005066966637969017,0.0,0.37925222516059875,0.0,0.1659410297870636,0.007345367688685656,0.0,0.0,0.03193828836083412,0.03639666363596916,0.0,0.05078011751174927,0.0,0.0,0.010696913115680218,0.07214329391717911,0.05931383743882179,0.0,0.0,0.43108129501342773,0.0,0.33131545782089233,0.0,0.0,0.014517056755721569,0.049195099622011185,0.0,0.02192358300089836,0.5392743945121765,0.22516359388828278,0.0,0.0,0.3436233699321747,0.010770067572593689,0.0,0.012894447892904282,0.0,0.73551344871521,0.16084276139736176,0.003841126337647438,0.0,0.13231612741947174,0.03723345696926117,0.03639264404773712,0.3152272403240204,0.006139689590781927,0.0,0.004069440998136997,0.0,0.03287332504987717,0.1242942288517952,0.031075332313776016,0.15194576978683472,0.0,0.2955686151981354,0.04405955597758293,0.009756767190992832,0.0,0.0,0.5595400333404541,0.0,0.013274959288537502,0.16736754775047302,0.13213548064231873,0.039003387093544006,0.39301547408103943,0.0010174061171710491,0.0,0.0027582496404647827,0.01219679694622755,0.0900682806968689,0.13359759747982025,0.4845941662788391,0.030881399288773537,0.639979362487793,0.05929403752088547,0.0,0.10000131279230118,0.0,0.07245706766843796,0.0027534400578588247,0.0,0.0,0.0,0.0,0.0,0.05012444406747818,0.014978533610701561,0.11130779981613159,0.022326381877064705,0.4672583341598511,0.04178382083773613,0.118950754404068,0.3625846803188324,0.0008674499113112688,0.03894617408514023,0.32486221194267273,0.013291427865624428,0.0002580983564257622,0.0,0.0,0.0,0.007816048339009285,0.003143144538626075,0.09662622213363647,0.295234352350235,0.09194876998662949,0.0,0.0,0.5946999788284302,0.37596988677978516,0.0959181934595108,0.13560336828231812,0.042966946959495544,0.00212653074413538,0.0941915512084961,0.01638931781053543,0.002340477891266346,0.0033632514532655478,0.0,0.7417474389076233,0.0,0.11421653628349304,0.019506137818098068,0.0,0.0,0.0,0.0,0.1564030796289444,0.0,0.0,0.0,0.4154244065284729,0.009472435340285301,0.012409190647304058,0.019855553284287453,0.03607989102602005,0.20104430615901947,0.0,0.0,0.34873658418655396,0.1992514431476593,0.04792150482535362,0.2437884509563446,0.03683086112141609,0.16485807299613953,0.0,0.0,0.03061206080019474,0.006018736865371466,0.027386030182242393,1.2192211151123047,0.4712786078453064,0.30734845995903015,0.02973845601081848,0.0,0.003921383060514927,0.0037382952868938446,0.013415355235338211,0.20129646360874176,0.020534396171569824,0.02164560556411743,0.3346553444862366,0.0,0.0,0.6306923627853394,0.2335757315158844,0.058524198830127716,0.0,0.016544345766305923,0.0,0.29615017771720886,0.04713518172502518,0.35795700550079346,0.01117083802819252,0.06325570493936539,0.13631802797317505,-1.2058069705963135
16,0.0,0.14580698311328888,0.49901142716407776,0.0025319962296634912,0.0,0.0,0.6165251135826111,0.023064477369189262,0.0,0.0,0.06971359252929688,0.0,0.0,0.2560161054134369,0.0,0.19062575697898865,0.02071727253496647,0.0,0.0,0.0,0.0,0.13131533563137054,0.024541132152080536,0.6915145516395569,0.0,0.0,0.0,0.8383224606513977,0.07546878606081009,0.050354618579149246,0.2950911819934845,0.31335610151290894,0.0,0.40168699622154236,0.18109342455863953,0.38994666934013367,0.16907644271850586,0.7970860004425049,0.0,0.0014210757799446583,0.0,0.4300292432308197,0.0496140718460083,0.23809538781642914,0.5526755452156067,0.9194612503051758,0.09471753984689713,0.0,0.0,0.19541268050670624,0.3753562569618225,0.0,0.0,0.008799625560641289,0.21441571414470673,0.0,0.705437183380127,0.6566708087921143,0.1545850783586502,0.05330171808600426,0.0,0.031216956675052643,0.005395323503762484,0.0,0.0,0.11193660646677017,0.007867962121963501,0.0,0.1341460943222046,0.009054800495505333,0.6139037609100342,0.0,0.3648563325405121,0.0,0.11197283864021301,0.11362392455339432,0.0,0.5950393080711365,0.0,0.1136055514216423,0.018796073272824287,0.28434595465660095,0.002320026746019721,0.15566471219062805,0.0,0.0,0.15287916362285614,0.1682804375886917,0.4216732680797577,0.5398867726325989,0.10819404572248459,0.0,0.0,0.49480000138282776,0.0,0.0,0.4295858144760132,0.1101142019033432,0.0,0.007106830831617117,0.0,0.041176941245794296,0.0,0.523565411567688,0.7770289778709412,0.45221033692359924,0.25072622299194336,0.00425294041633606,0.0,0.0,0.0,0.23023076355457306,0.23016251623630524,0.2444600760936737,0.17344403266906738,0.0,0.0,0.0,0.23436005413532257,0.17837098240852356,0.0,0.055087246000766754,0.1792672872543335,0.01806602254509926,0.0,0.44949594140052795,0.0021692970767617226,0.251851886510849,0.0,0.0,0.0,0.008321575820446014,0.1466808319091797,0.0,0.08851303160190582,0.033986084163188934,0.0,0.0,0.037221238017082214,0.033826835453510284,0.0,0.01818820834159851,0.5972957611083984,0.0,0.5825796127319336,0.0,0.0,0.039336323738098145,0.0,0.0,0.0770333781838417,0.7553068995475769,0.2995852530002594,0.0,0.0,0.5816555023193359,0.004490009043365717,0.0,2.5456563889747486e-05,0.0,1.1863898038864136,0.3187517821788788,0.0,0.0,0.17561393976211548,0.04143685847520828,0.0,0.6736462712287903,0.0,0.0,0.0,0.0,0.053877200931310654,0.1280384510755539,0.0714355856180191,0.2393416315317154,0.022735506296157837,0.7789468765258789,0.0,0.0232236348092556,0.0,0.0,0.9064512252807617,0.006670026574283838,0.0,0.2480948567390442,0.21862371265888214,0.14484235644340515,0.6863566040992737,0.0,0.0,0.0,0.0,0.11936444789171219,0.1768777072429657,0.6465228199958801,0.019819585606455803,0.8549498319625854,0.0,0.07303962856531143,0.20340029895305634,0.0,0.014215032570064068,0.0,0.0,0.0,0.0,0.0,0.0,0.0027101635932922363,0.00014260431635193527,0.18936091661453247,0.08597730100154877,0.7086277008056641,0.0,0.25761011242866516,0.5193008780479431,0.0,0.07981596887111664,0.5699911713600159,0.011427074670791626,0.0072761401534080505,0.0,0.0,0.0,0.05793948844075203,0.023192021995782852,0.0,0.3738971948623657,0.008960005827248096,0.0,0.0,0.8568225502967834,0.4411666691303253,0.032102812081575394,0.20033086836338043,0.12933868169784546,0.00021978218865115196,0.2841806411743164,0.07842656970024109,0.002091595670208335,0.0,0.0,1.1752516031265259,0.0,0.039286598563194275,0.019569972530007362,0.0,0.0,0.0,0.0,0.008554468862712383,0.0,0.02693403698503971,0.0,0.8790748119354248,0.06585793942213058,0.07828748226165771,0.007446978706866503,0.08901925384998322,0.530750572681427,0.0,0.0,0.645555317401886,0.34800291061401367,0.0,0.5859456658363342,0.0,0.38418906927108765,0.045114580541849136,0.0,0.10873053222894669,0.0,0.028012918308377266,1.4983670711517334,0.8328608274459839,0.479095995426178,0.12274959683418274,0.0,0.0022740827407687902,0.0,0.0031924801878631115,0.4800146520137787,0.0,0.0031826640479266644,0.46405166387557983,0.0,0.0,0.6381208300590515,0.273648738861084,0.021513326093554497,0.010216942988336086,0.0,0.0,0.38818955421447754,0.12531189620494843,0.6468139886856079,0.0,0.007982944138348103,0.25170832872390747,0.0015333059709519148,0.07412204146385193,0.27905699610710144,0.0,0.0,0.0,0.40618911385536194,0.1166187971830368,0.0,0.009540501050651073,0.16900619864463806,0.02227598801255226,0.0,0.37211230397224426,0.0,0.06462941318750381,0.0,0.04747031256556511,0.0002452647313475609,0.0,0.0,0.22644618153572083,0.0,0.6705146431922913,0.0,0.0022778338752686977,0.0,0.6071139574050903,0.017823245376348495,0.04320729523897171,0.0,0.23555831611156464,0.0,0.3798120319843292,0.0005539730191230774,0.08262738585472107,0.1418425440788269,0.44616490602493286,0.013369115069508553,0.20502175390720367,0.0,0.13328084349632263,0.10828607529401779,0.13705110549926758,0.40116775035858154,0.12647560238838196,0.08952126652002335,0.07790116965770721,0.0,0.22696882486343384,0.04177285358309746,0.0,0.0807790756225586,0.0,0.02319304458796978,0.1043955385684967,0.03487100824713707,0.6021322011947632,0.03799330070614815,0.0,0.0,0.15843020379543304,0.0008932568598538637,0.002462303265929222,0.0,0.008534116670489311,0.0,0.14326158165931702,0.019782844930887222,0.013233610428869724,0.060423098504543304,0.0,0.26378124952316284,0.05893510580062866,0.0,0.1558152139186859,0.1574622541666031,0.30417901277542114,0.0,0.08721727877855301,0.06861366331577301,0.0,0.0,0.20905911922454834,0.36685389280319214,0.001748865470290184,0.011078707873821259,0.04381909966468811,0.5267518758773804,0.16665714979171753,0.07317805290222168,0.08111265301704407,0.0557793565094471,0.2821044921875,0.0,0.0,0.24248670041561127,0.0,0.0,0.02283083274960518,0.0,0.011908061802387238,0.0,0.6442995071411133,0.4448903203010559,0.04199814051389694,0.0436016321182251,0.0707433670759201,0.0,0.0,0.03994451463222504,0.08287230879068375,0.07961761951446533,0.22998490929603577,0.0,0.0,0.03241986036300659,0.12774665653705597,0.016521690413355827,0.0757225975394249,0.03246769309043884,0.03733668476343155,0.0,0.0,0.0,0.3566187024116516,0.0,0.12116623669862747,0.01868497021496296,0.0,0.0,0.011217642575502396,0.013342524878680706,0.020623857155442238,0.034270621836185455,0.0,0.0,0.0,0.048063889145851135,0.00284460186958313,0.0,0.008519517257809639,0.22035512328147888,0.0,0.27567392587661743,0.0,0.0,0.0628659799695015,0.11856038868427277,0.0,0.009988205507397652,0.22718022763729095,0.023492515087127686,0.0,0.0,0.27792802453041077,0.0516757071018219,0.0,0.0008875657804310322,0.0,0.43237027525901794,0.010048814117908478,0.03652571141719818,0.0,0.14188580214977264,0.02396261878311634,0.00519147701561451,0.0914551392197609,0.020558327436447144,0.0,0.00441662035882473,0.0,0.023737439885735512,0.0,0.008912373334169388,0.2549242675304413,0.0,0.08026019483804703,0.0737517699599266,0.046385399997234344,0.0,0.0,0.39481180906295776,0.005442418158054352,0.0,0.028358206152915955,0.08542392402887344,0.0,0.09803614020347595,0.0,0.0,0.02399413473904133,0.016141463071107864,0.0,0.0732026919722557,0.39235395193099976,0.03113919124007225,0.45844945311546326,0.252105712890625,0.0,0.21674683690071106,0.0,0.010203955695033073,0.0,0.0,0.0,0.0,0.0,0.040329255163669586,0.011387811973690987,0.003761499421671033,0.0715225487947464,0.0,0.26397860050201416,0.1354535073041916,0.08756223320960999,0.27803242206573486,0.0,0.0,0.3750374913215637,0.0,0.006509719416499138,0.0,0.0,0.0,0.0,0.01843170076608658,0.06916841119527817,0.07165192067623138,0.1282307505607605,0.002258485183119774,0.0,0.5465118288993835,0.26115649938583374,0.1106068417429924,0.07692078500986099,0.024335011839866638,0.0,0.08567105233669281,0.0,0.010992685332894325,0.016340743750333786,0.0,0.6626299023628235,0.0,0.07265819609165192,0.042848922312259674,0.0,0.0,0.0,0.0,0.22294950485229492,0.0,0.0,0.0,0.26644769310951233,0.0,0.012125258333981037,0.0014513718197122216,0.01971283182501793,0.10126063972711563,0.0,0.050886668264865875,0.21649916470050812,0.03807608783245087,0.28184014558792114,0.11592303961515427,0.11386504024267197,0.15608519315719604,0.0,0.0,0.0552029013633728,0.05366603285074234,0.0,0.7768397927284241,0.3051470220088959,0.32457998394966125,0.015361946076154709,0.0,0.004055348690599203,0.05521731078624725,0.006323968525975943,0.11932700127363205,0.11757781356573105,0.0,0.18928122520446777,0.0,0.0,0.5917254686355591,0.3218349814414978,0.014432823285460472,0.010512406937777996,0.0,0.0,0.46822887659072876,0.0,0.4946802258491516,0.08209977298974991,0.219846710562706,0.04188121482729912,8.332869037985802e-05,0.11324693262577057,0.3655494451522827,0.0,0.0,0.0,0.5398552417755127,0.05084003880620003,0.0,0.005409299861639738,0.043490760028362274,0.00016703177243471146,0.0005024864803999662,0.37871208786964417,0.0,0.08975932002067566,0.0609731487929821,0.0,0.0,0.0,0.0,0.15046441555023193,0.05581005662679672,0.6188787221908569,0.0,0.0,0.0,0.7901435494422913,0.028930755332112312,0.03727217763662338,0.1107836663722992,0.3518655002117157,0.0,0.394879013299942,0.08071887493133545,0.3531128764152527,0.15402737259864807,0.6344289779663086,0.00032998196547850966,0.05923264101147652,0.003649308579042554,0.3854951858520508,0.06532151252031326,0.24240639805793762,0.5678655505180359,0.7027499675750732,0.12746074795722961,0.0,0.0,0.1413133293390274,0.2566817104816437,0.0,0.04323752224445343,0.01643061637878418,0.12082476913928986,0.0,0.5155777931213379,0.714518666267395,0.20374642312526703,0.037564557045698166,0.0,0.08089913427829742,0.058534130454063416,0.0,0.0,0.07664834707975388,0.0,0.0,0.1337643265724182,0.06732146441936493,0.4263525605201721,0.0,0.3046911358833313,0.031190674751996994,0.03273722529411316,0.13085167109966278,0.0,0.3991733491420746,0.0,0.11126464605331421,0.0249364972114563,0.1862819939851761,0.009713494218885899,0.17174288630485535,0.15728645026683807,0.0,0.08093585073947906,0.1754060983657837,0.3988509774208069,0.38838300108909607,0.08333843946456909,0.009663229808211327,0.04501557722687721,0.3969586491584778,0.01974605768918991,0.0,0.4478793740272522,0.024809086695313454,0.0018632991705089808,0.010196015238761902,0.0,0.05020543560385704,0.0,0.42473265528678894,0.6265190839767456,0.35574615001678467,0.17477774620056152,0.04527093470096588,3.45397274941206e-05,0.0,0.00023991454509086907,0.15474346280097961,0.07937034964561462,0.22971777617931366,0.11119456589221954,0.0,0.014062376692891121,0.008668651804327965,0.11975941807031631,0.1825398951768875,0.002147104823961854,0.06638985127210617,0.08007161319255829,0.008328566327691078,0.0,0.3195248246192932,0.0,0.26142022013664246,0.0,0.00037689961027354,0.0,0.02695423550903797,0.1177595779299736,0.0,0.08846677839756012,0.009352274239063263,0.0,0.004841789603233337,0.07000435143709183,0.06044449284672737,0.0,0.0,0.5357322096824646,0.0,0.4155213236808777,0.0,0.0003387844190001488,0.02643800526857376,0.010112710297107697,0.0,0.03222106397151947,0.6266240477561951,0.21279525756835938,0.0,0.0,0.5069502592086792,0.005180214066058397,0.0,0.009937559254467487,0.0,0.9027013778686523,0.21914806962013245,0.0,0.0,0.1673649698495865,0.06014057993888855,0.016524363309144974,0.4500194489955902,0.0,0.0,0.0003737816587090492,0.0,0.02064719796180725,0.1350378394126892,0.0890442356467247,0.15557484328746796,0.008795595727860928,0.44955936074256897,0.012684761546552181,0.004053637385368347,0.0,0.0,0.6373170614242554,0.0018176920711994171,0.0,0.25307798385620117,0.20919567346572876,0.045865997672080994,0.5290558338165283,0.0,0.0,0.0017250875243917108,0.015656180679798126,0.091552734375,0.16560156643390656,0.5049942135810852,0.017000697553157806,0.6907461285591125,0.04099290817975998,0.04174327105283737,0.16423849761486053,0.0,0.0607103556394577,0.0009733927436172962,0.0,0.0,0.0,0.0,0.0013779961736872792,0.06090941280126572,0.026241756975650787,0.1746578812599182,0.03183784335851669,0.5752273797988892,0.0210675448179245,0.15743014216423035,0.4559367299079895,0.0,0.04955913871526718,0.379377543926239,0.008438466116786003,0.007857946678996086,0.0,0.0,0.0,0.0020193164236843586,0.016396820545196533,0.05430764704942703,0.357346773147583,0.058009400963783264,0.0,0.0,0.7073460817337036,0.40481775999069214,0.10874752700328827,0.17222106456756592,0.10959921777248383,0.0005139934364706278,0.1538759022951126,0.022541172802448273,0.0019230572506785393,0.0003740508109331131,0.0011363148223608732,0.8514879941940308,0.0,0.1002781093120575,0.01687590405344963,0.0,0.0,0.0,0.0,0.12315522879362106,0.0,0.0005313288420438766,0.0,0.6039966344833374,0.02073928900063038,0.016951430588960648,0.019725769758224487,0.05681692808866501,0.258367657661438,0.0,0.002919241786003113,0.44186627864837646,0.29093602299690247,0.037430234253406525,0.3372821807861328,0.035194434225559235,0.24704180657863617,0.012977909296751022,0.002199755981564522,0.03745880350470543,0.015104416757822037,0.018005158752202988,1.31819748878479,0.6494991779327393,0.35894379019737244,0.0771092101931572,0.0,0.0038049519062042236,0.006545691750943661,0.014954734593629837,0.2572677433490753,0.01049890648573637,0.040685005486011505,0.4090452790260315,0.0,0.0,0.6088016033172607,0.27276813983917236,0.06527504324913025,0.002168020000681281,0.03079339489340782,0.0,0.3143845200538635,0.058261215686798096,0.47025734186172485,0.022181592881679535,0.08554650843143463,0.1753762662410736,-0.8551928997039795
17,0.0,0.051973167806863785,0.04251860827207565,0.0,0.0,0.0,0.374125599861145,0.14216656982898712,0.0,0.0040811956860125065,0.09431400895118713,0.017819851636886597,0.0,0.29399585723876953,0.0,0.039432745426893234,0.03681717813014984,0.0,0.0,0.0,0.0,0.1578187495470047,0.0,0.41451725363731384,0.01986616477370262,0.0,0.0,0.48449692130088806,0.0,0.08300506323575974,0.0054086958989501,0.19898410141468048,0.0,0.3540365993976593,0.0194373968988657,0.0721130296587944,0.06405611336231232,0.13096949458122253,0.025078976526856422,0.26948991417884827,0.0,0.1324494332075119,0.09867749363183975,0.08083540201187134,0.3007005453109741,0.0016554880421608686,0.1957714557647705,0.023145906627178192,0.0,0.056970443576574326,0.05095796287059784,0.0,0.16955578327178955,0.0004183888668194413,0.0,0.045961473137140274,0.02872515842318535,0.5510819554328918,0.07492052018642426,0.01114168856292963,0.0,0.25655293464660645,0.03855755925178528,0.0,0.0,0.0,0.0,0.11635904014110565,0.029739145189523697,0.0467229038476944,0.0,0.0,0.15046115219593048,0.19532327353954315,0.0063833752647042274,0.10067253559827805,0.018646208569407463,0.14216896891593933,0.0,0.19709330797195435,0.055219605565071106,0.01228279247879982,0.0,0.17042741179466248,0.11007602512836456,0.025109078735113144,0.0036139762960374355,0.09222759306430817,0.4374137222766876,0.26507556438446045,0.03621470555663109,0.0007431092672049999,0.0431426540017128,0.10100138932466507,0.0032201786525547504,0.0,0.35634124279022217,0.0,0.0,0.04209904000163078,0.0,0.15440671145915985,0.0,0.3538205921649933,0.37624940276145935,0.03539677709341049,0.027875801548361778,0.03694229945540428,0.0,0.0,0.023932084441184998,0.06683731079101562,0.03857230395078659,0.1472746878862381,0.0,0.0,0.017448564991354942,0.013682099059224129,0.025355223566293716,0.006073353346437216,0.03446206450462341,0.009634767659008503,0.0,0.0,0.001365523785352707,0.453683078289032,0.0,0.0,0.0,0.0,0.0,0.06829015165567398,0.0,0.01485480647534132,0.02680688351392746,0.0,0.0,0.0,0.08103808015584946,0.0005295251030474901,0.0,0.0022249852772802114,0.049172986298799515,0.0,0.09714701771736145,0.019205620512366295,0.0,0.019666390493512154,0.22130335867404938,0.0,0.016542360186576843,0.08633645623922348,0.06526223570108414,0.0,0.0,0.01124546118080616,0.016609493643045425,0.0,0.002631234936416149,0.0,0.19052299857139587,0.010351099073886871,0.018687792122364044,0.0,0.1437768191099167,0.0823761597275734,0.0,0.05980518087744713,0.0,0.0,0.0,0.0,0.003995286766439676,0.0,0.0035435683093965054,0.17521341145038605,0.0,0.015063242986798286,0.06885284930467606,0.013816693797707558,0.0037424853071570396,0.0,0.20376841723918915,0.0,0.009998228400945663,0.014962038025259972,0.16113132238388062,0.0,0.0,0.0,0.0,0.043708041310310364,0.146917924284935,0.0,0.11688414216041565,0.0921238511800766,0.03623949736356735,0.20228376984596252,0.11532709747552872,0.0,0.057911910116672516,0.0,0.010865967720746994,0.00974353775382042,0.0,0.0,0.004322890192270279,0.0,0.0,0.0,0.03683800995349884,0.21097195148468018,0.0,0.143644779920578,0.05646635591983795,0.11994148790836334,0.2913605570793152,0.0,0.0,0.31385964155197144,0.0,0.0,0.0,0.0,0.059383608400821686,0.0,0.033296652138233185,0.0024948623031377792,0.12513220310211182,0.149562805891037,0.0,0.0,0.24316763877868652,0.0874001681804657,0.2258383333683014,0.14218159019947052,0.0,0.0,0.04263334721326828,0.012110619805753231,0.0,0.020973414182662964,0.0,0.3544909954071045,0.002842002548277378,0.017507443204522133,0.07326656579971313,0.0,0.0,0.0,0.0,0.30254319310188293,0.0,0.0,0.0,0.05001820623874664,0.0,0.0428989976644516,0.022103480994701385,0.0,0.09038493037223816,0.001189625822007656,0.0,0.09171472489833832,0.0028025973588228226,0.4413549304008484,0.06589047610759735,0.019589312374591827,0.14487068355083466,0.0,0.0,0.06787454336881638,0.04462876170873642,0.0,0.22305046021938324,0.31650078296661377,0.24462813138961792,0.0,0.0,0.0,0.002750006504356861,0.012781224213540554,0.022631794214248657,0.06413773447275162,0.0022484525106847286,0.23865260183811188,0.0,0.008802637457847595,0.44734811782836914,0.2614743411540985,0.02725202776491642,0.0,0.0,0.0,0.30494624376296997,0.0,0.42476630210876465,0.09705168753862381,0.025927359238266945,0.0035884156823158264,0.19583147764205933,0.1679881066083908,0.06608352810144424,0.0,0.0,0.0,0.5136561393737793,0.10942292213439941,0.0,0.021956445649266243,0.1356654167175293,0.0,0.0,0.34977492690086365,0.0,0.05381631851196289,0.04458675533533096,0.0,0.0,0.0,0.0,0.08485563099384308,0.0,0.24984969198703766,0.025035832077264786,0.0,0.0,0.4585268795490265,4.8040667024906725e-05,0.11346324533224106,0.08725404739379883,0.3037387728691101,0.0,0.29535943269729614,0.1347828358411789,0.024163836613297462,0.04931982234120369,0.1752166599035263,0.02895415760576725,0.11272820085287094,0.10191122442483902,0.11145810037851334,0.1474645435810089,0.05318759009242058,0.15440025925636292,0.159063458442688,0.19212675094604492,0.014545287005603313,0.0,0.06359324604272842,0.1374610811471939,0.0,0.24977156519889832,0.024121755734086037,0.024002758786082268,0.0006960695027373731,0.316399484872818,0.7342823147773743,0.28684836626052856,0.04996828734874725,0.0,0.062490902841091156,0.17960131168365479,0.0,0.0,0.009247420355677605,6.391243368852884e-05,0.0831761583685875,0.2202446311712265,0.215547114610672,0.054830677807331085,0.0,0.15049989521503448,0.14869330823421478,0.06784181296825409,0.04091694951057434,0.00484122708439827,0.02617727406322956,0.0,0.16192233562469482,0.02745189517736435,0.016390692442655563,0.0,0.15816299617290497,0.11884800344705582,0.010702984407544136,0.06790798157453537,0.3175521492958069,0.3794527053833008,0.3444646894931793,0.0661163330078125,0.0709710419178009,0.046725139021873474,0.04250650852918625,0.0,0.034481413662433624,0.5683425068855286,0.0,0.0004412514972500503,0.0,0.01773158833384514,0.41502395272254944,0.0,0.343743234872818,0.3018072247505188,0.31298893690109253,0.06979164481163025,0.06045413762331009,0.027597537264227867,0.0,0.03560146689414978,0.0811249390244484,0.03132741525769234,0.2503454387187958,0.10090357810258865,0.0,0.08119259029626846,0.043222825974226,0.06492634117603302,0.028231225907802582,0.0,0.07823850959539413,0.0,0.02166161499917507,0.0,0.2391599863767624,0.0,0.014115666970610619,0.031232813373208046,0.056937236338853836,0.0,0.19108431041240692,0.03691112622618675,0.004156370181590319,0.004226158373057842,0.16463477909564972,0.0,0.0,0.10131416469812393,0.0,0.0,0.0,0.01470328401774168,0.0,0.14106485247612,0.0,0.0944879949092865,0.0256611630320549,0.10309308767318726,0.0,0.041750259697437286,0.11108571290969849,0.07220233976840973,0.0,0.0,0.37621021270751953,0.02618911862373352,0.0,0.051864754408597946,0.04612522944808006,0.2239481657743454,0.22461068630218506,0.025309525430202484,0.0,0.053841277956962585,0.116849385201931,0.004338685888797045,0.09722121804952621,0.0,0.0,0.0,0.0,0.020971225574612617,0.03618583828210831,0.3105771541595459,0.08425424247980118,0.04027177765965462,0.08480583131313324,0.017865074798464775,0.056289684027433395,0.0013573847245424986,0.0,0.15599747002124786,0.0,0.0,0.1861094981431961,0.30587735772132874,0.0,0.09886854887008667,0.0,0.0,0.057756587862968445,0.1779099702835083,0.007284694351255894,0.22502455115318298,0.13794508576393127,0.06425800174474716,0.17904889583587646,0.1108141541481018,0.0799105316400528,0.079033263027668,0.0,0.06926246732473373,0.07762641459703445,0.0,0.0,0.0,0.007140768226236105,0.036744147539138794,0.17019625008106232,0.04900335893034935,0.3489031493663788,0.00891771912574768,0.19605019688606262,0.05112652853131294,0.05522565543651581,0.36934489011764526,0.0,0.052040643990039825,0.21677803993225098,0.008752405643463135,0.0748344138264656,0.0005077902460470796,0.0007362460601143539,0.02411177009344101,0.0,0.03060240112245083,0.05951180309057236,0.3536507189273834,0.04964257404208183,0.028809206560254097,0.007713879458606243,0.3315185010433197,0.07232052087783813,0.0215611569583416,0.10092532634735107,0.10192570090293884,0.0,0.029418019577860832,0.09004739671945572,0.09065502882003784,0.0026386675890535116,0.0,0.26015573740005493,0.011717962101101875,0.04651918262243271,0.08905250579118729,0.0,0.0,0.0,0.0,0.3143148124217987,0.0,0.0,0.04445341229438782,0.09756544977426529,0.0,0.07002165913581848,0.09256625175476074,0.008960896171629429,0.0900493860244751,0.0,0.0,0.13215526938438416,0.1987939327955246,0.17459125816822052,0.07664231210947037,0.018919315189123154,0.1413787305355072,0.0,0.0005642016767524183,0.050249405205249786,0.004513292107731104,0.0,0.37195467948913574,0.49701058864593506,0.21290268003940582,0.08423614501953125,0.0,0.0008097352110780776,0.0,0.011516581289470196,0.01512960996478796,0.0767209380865097,0.05649842694401741,0.42081019282341003,0.0,0.06900463998317719,0.2506704330444336,0.13701286911964417,0.024546945467591286,0.0,0.015414522960782051,0.0,0.25544416904449463,0.0013623973354697227,0.46463093161582947,0.11863178759813309,0.04149715229868889,0.031182078644633293,0.07780931144952774,0.09904677420854568,0.048177752643823624,0.0,0.0,0.0,0.4607691168785095,0.10470209270715714,0.0,0.013954950496554375,0.05540040135383606,0.029211873188614845,0.0,0.3498413860797882,0.0,0.052304282784461975,0.055011600255966187,0.0,0.0,0.0,0.0,0.11119210720062256,0.0027891683857887983,0.3427353501319885,0.025501364842057228,0.0,0.0,0.5986617207527161,0.0068822866305708885,0.030969176441431046,0.07936698943376541,0.3258674442768097,0.0,0.3032069802284241,0.025762593373656273,0.10843044519424438,0.0002113597292918712,0.13661836087703705,0.019885830581188202,0.1737442910671234,0.04426869750022888,0.24125443398952484,0.08799611777067184,0.11977394670248032,0.2800084948539734,0.10736559331417084,0.27940213680267334,0.04330280423164368,0.0,0.058548543602228165,0.12818701565265656,0.0,0.28076446056365967,0.0010363230248913169,0.031337205320596695,0.01326038595288992,0.1242065578699112,0.7715929746627808,0.16203321516513824,0.08267061412334442,0.0,0.20862433314323425,0.12126781046390533,0.0,0.0,0.007540510967373848,0.0,0.0629422664642334,0.188764750957489,0.12368101626634598,0.03279228135943413,0.0,0.11548842489719391,0.21628613770008087,0.006308367941528559,0.16517744958400726,0.018018163740634918,0.07485035806894302,0.0,0.1356314867734909,0.016521582379937172,0.0054991054348647594,0.0,0.22027955949306488,0.016644934192299843,0.007913986220955849,0.03725782781839371,0.28394147753715515,0.339984267950058,0.25657981634140015,0.035662271082401276,0.0014248432125896215,0.025980263948440552,0.08628330379724503,0.03162790834903717,0.0576569028198719,0.5332236289978027,0.0,0.0021361534018069506,0.07032570987939835,0.0018869207706302404,0.21987426280975342,0.0,0.24889633059501648,0.3891409933567047,0.11666647344827652,0.049107592552900314,0.019109036773443222,0.016230201348662376,0.0,0.016139373183250427,0.060082197189331055,0.03612928092479706,0.2383321076631546,0.08340247720479965,0.0,0.02412346750497818,0.006852916907519102,0.05415940657258034,0.015699932351708412,0.041675735265016556,0.09762504696846008,0.022267712280154228,0.009114407002925873,0.0,0.25402989983558655,0.0,0.012681524269282818,0.0020021034870296717,0.0,0.0,0.09636738896369934,0.00896796490997076,0.00045531769865192473,0.015411299653351307,0.09829926490783691,0.0,0.0,0.053236450999975204,0.03842264413833618,0.0,0.0,0.011934691108763218,0.0,0.12797661125659943,0.0,0.0400799922645092,0.0010247871978208423,0.003889520186930895,0.0,0.05198544263839722,0.06537888944149017,0.06879951804876328,0.0,0.0,0.21474206447601318,0.06530527025461197,0.0,0.010636761784553528,0.04389235004782677,0.19567988812923431,0.14439179003238678,0.008764892816543579,0.0,0.15879929065704346,0.12353954464197159,0.0010429368121549487,0.10336543619632721,0.0,0.0,0.008379829116165638,0.006038707215338945,0.007596831303089857,0.011617026291787624,0.14928822219371796,0.12341974675655365,0.0,0.09349402785301208,0.022565290331840515,0.009781098924577236,0.0,0.0,0.19895845651626587,0.0024802584666758776,0.0,0.20137646794319153,0.27252307534217834,0.0,0.037946511059999466,0.0,0.0,0.006875424645841122,0.12519951164722443,0.0017843126552179456,0.19283024966716766,0.09343849122524261,0.023674584925174713,0.16554352641105652,0.0023337379097938538,0.006123586092144251,0.08140227943658829,0.0,0.03858925402164459,0.02301669307053089,0.0,0.0007594935595989227,0.0,0.015660274773836136,0.0,0.009138689376413822,0.11025606095790863,0.2913326621055603,0.02249162830412388,0.13681550323963165,0.05275075510144234,0.0441744364798069,0.35352176427841187,0.0,0.030107825994491577,0.27391842007637024,0.0,0.05515250563621521,0.0,0.010869828052818775,0.019459230825304985,0.007980609312653542,0.09073702991008759,0.0,0.3264213502407074,0.0,0.02505326457321644,0.016415122896432877,0.3000204861164093,0.09867387264966965,0.2870144844055176,0.141475647687912,0.0,0.0,0.049524493515491486,0.049662310630083084,0.015922242775559425,0.0,0.0,0.2864334285259247,0.0,0.0267246812582016,0.010993598029017448,0.0,0.0,0.0,0.0,0.33770951628685,0.0,0.0,0.0,0.1291453242301941,0.0,0.05088641121983528,0.0504237562417984,0.025308966636657715,0.12142029404640198,0.0,0.0,0.11135914921760559,0.12385226786136627,0.2720677852630615,0.06773007661104202,0.0,0.12034221738576889,0.0,0.016021162271499634,0.05778949335217476,0.07864262163639069,0.0,0.42431381344795227,0.4343181550502777,0.21688514947891235,0.027736028656363487,0.0,0.0066300746984779835,0.0,0.023545997217297554,0.01683824695646763,0.02517939917743206,0.08637823909521103,0.3775864243507385,0.0,0.04308277741074562,0.3249691128730774,0.2814818024635315,0.03949708119034767,0.0,0.0,0.0,0.2606634795665741,0.0,0.4271324574947357,0.11640217900276184,0.020658886060118675,0.014912430197000504,0.004815909080207348
18,0.0,0.14580698311328888,0.49901142716407776,0.0025319962296634912,0.0,0.0,0.6165251135826111,0.023064477369189262,0.0,0.0,0.06971359252929688,0.0,0.0,0.2560161054134369,0.0,0.19062575697898865,0.02071727253496647,0.0,0.0,0.0,0.0,0.13131533563137054,0.024541132152080536,0.6915145516395569,0.0,0.0,0.0,0.8383224606513977,0.07546878606081009,0.050354618579149246,0.2950911819934845,0.31335610151290894,0.0,0.40168699622154236,0.18109342455863953,0.38994666934013367,0.16907644271850586,0.7970860004425049,0.0,0.0014210757799446583,0.0,0.4300292432308197,0.0496140718460083,0.23809538781642914,0.5526755452156067,0.9194612503051758,0.09471753984689713,0.0,0.0,0.19541268050670624,0.3753562569618225,0.0,0.0,0.008799625560641289,0.21441571414470673,0.0,0.705437183380127,0.6566708087921143,0.1545850783586502,0.05330171808600426,0.0,0.031216956675052643,0.005395323503762484,0.0,0.0,0.11193660646677017,0.007867962121963501,0.0,0.1341460943222046,0.009054800495505333,0.6139037609100342,0.0,0.3648563325405121,0.0,0.11197283864021301,0.11362392455339432,0.0,0.5950393080711365,0.0,0.1136055514216423,0.018796073272824287,0.28434595465660095,0.002320026746019721,0.15566471219062805,0.0,0.0,0.15287916362285614,0.1682804375886917,0.4216732680797577,0.5398867726325989,0.10819404572248459,0.0,0.0,0.49480000138282776,0.0,0.0,0.4295858144760132,0.1101142019033432,0.0,0.007106830831617117,0.0,0.041176941245794296,0.0,0.523565411567688,0.7770289778709412,0.45221033692359924,0.25072622299194336,0.00425294041633606,0.0,0.0,0.0,0.23023076355457306,0.23016251623630524,0.2444600760936737,0.17344403266906738,0.0,0.0,0.0,0.23436005413532257,0.17837098240852356,0.0,0.055087246000766754,0.1792672872543335,0.01806602254509926,0.0,0.44949594140052795,0.0021692970767617226,0.251851886510849,0.0,0.0,0.0,0.008321575820446014,0.1466808319091797,0.0,0.08851303160190582,0.033986084163188934,0.0,0.0,0.037221238017082214,0.033826835453510284,0.0,0.01818820834159851,0.5972957611083984,0.0,0.5825796127319336,0.0,0.0,0.039336323738098145,0.0,0.0,0.0770333781838417,0.7553068995475769,0.2995852530002594,0.0,0.0,0.5816555023193359,0.004490009043365717,0.0,2.5456563889747486e-05,0.0,1.1863898038864136,0.3187517821788788,0.0,0.0,0.17561393976211548,0.04143685847520828,0.0,0.6736462712287903,0.0,0.0,0.0,0.0,0.053877200931310654,0.1280384510755539,0.0714355856180191,0.2393416315317154,0.022735506296157837,0.7789468765258789,0.0,0.0232236348092556,0.0,0.0,0.9064512252807617,0.006670026574283838,0.0,0.2480948567390442,0.21862371265888214,0.14484235644340515,0.6863566040992737,0.0,0.0,0.0,0.0,0.11936444789171219,0.1768777072429657,0.6465228199958801,0.019819585606455803,0.8549498319625854,0.0,0.07303962856531143,0.20340029895305634,0.0,0.014215032570064068,0.0,0.0,0.0,0.0,0.0,0.0,0.0027101635932922363,0.00014260431635193527,0.18936091661453247,0.08597730100154877,0.7086277008056641,0.0,0.25761011242866516,0.5193008780479431,0.0,0.07981596887111664,0.5699911713600159,0.011427074670791626,0.0072761401534080505,0.0,0.0,0.0,0.05793948844075203,0.023192021995782852,0.0,0.3738971948623657,0.008960005827248096,0.0,0.0,0.8568225502967834,0.4411666691303253,0.032102812081575394,0.20033086836338043,0.12933868169784546,0.00021978218865115196,0.2841806411743164,0.07842656970024109,0.002091595670208335,0.0,0.0,1.1752516031265259,0.0,0.039286598563194275,0.019569972530007362,0.0,0.0,0.0,0.0,0.008554468862712383,0.0,0.02693403698503971,0.0,0.8790748119354248,0.06585793942213058,0.07828748226165771,0.007446978706866503,0.08901925384998322,0.530750572681427,0.0,0.0,0.645555317401886,0.34800291061401367,0.0,0.5859456658363342,0.0,0.38418906927108765,0.045114580541849136,0.0,0.10873053222894669,0.0,0.028012918308377266,1.4983670711517334,0.8328608274459839,0.479095995426178,0.12274959683418274,0.0,0.0022740827407687902,0.0,0.0031924801878631115,0.4800146520137787,0.0,0.0031826640479266644,0.46405166387557983,0.0,0.0,0.6381208300590515,0.273648738861084,0.021513326093554497,0.010216942988336086,0.0,0.0,0.38818955421447754,0.12531189620494843,0.6468139886856079,0.0,0.007982944138348103,0.25170832872390747,0.0,0.0718313679099083,0.018015746027231216,0.0,0.0,0.0,0.27275359630584717,0.1484372317790985,0.0,0.04810498282313347,0.23883986473083496,0.08213353902101517,0.0,0.3438971936702728,0.05982000008225441,0.011388599872589111,0.028157232329249382,0.07750417292118073,0.05924059823155403,0.0,0.002380573423579335,0.1660003364086151,0.0,0.43671858310699463,0.0969560369849205,0.0004222821444272995,0.0,0.4044864773750305,0.0,0.061714231967926025,0.0,0.23739129304885864,0.0,0.3317923843860626,0.0,0.012111199088394642,0.10466913878917694,0.04430151730775833,0.03414890542626381,0.34039628505706787,0.0021153967827558517,0.04705500602722168,0.21547701954841614,0.03313590586185455,0.2593705654144287,0.0,0.2605705261230469,0.0,0.0,0.007680184207856655,0.014085175469517708,0.0,0.4680076837539673,0.0,0.0,0.21748021245002747,0.0,0.60603928565979,0.020715897902846336,0.0,0.0,0.3038233518600464,0.07953238487243652,0.07468600571155548,0.0,0.0,0.0,0.45460745692253113,0.06094856187701225,0.07827237993478775,0.0,0.0,0.1453871876001358,0.5115773677825928,0.0,0.13626709580421448,0.08127165585756302,0.001099820714443922,0.0,0.23603108525276184,0.08673365414142609,0.0,0.0,0.2766192555427551,0.1743638515472412,0.0566718652844429,0.0,0.12071898579597473,0.5774126052856445,0.19518035650253296,0.02300511673092842,0.25596287846565247,0.06499116867780685,0.0,0.01682307943701744,0.005121075548231602,0.31888657808303833,0.0,0.0,0.057738326489925385,0.1272357851266861,0.17527979612350464,0.0,0.3455555737018585,0.23426182568073273,0.0,0.006296487059444189,0.1500864326953888,0.0,0.0,0.2169247418642044,0.075194351375103,0.0008769985288381577,0.12476226687431335,0.0,0.0,0.050379134714603424,0.06835015118122101,0.0,0.0,0.19863377511501312,0.03713062405586243,0.0019576363265514374,0.01824670098721981,0.08958455175161362,0.3599623143672943,0.0,0.0,0.09352298825979233,0.0,0.0,0.12442252039909363,0.0,0.058977313339710236,0.00037275534123182297,0.0,0.003391912905499339,0.0,0.17401908338069916,0.00017512543126940727,0.0,0.0,0.0,0.0,0.012215862981975079,0.03597531467676163,0.0,0.014968039467930794,0.32988476753234863,0.007807489484548569,0.0,0.0,0.010811915621161461,0.0,0.0,0.0,0.026828959584236145,0.028103286400437355,0.0,0.0,0.0,0.0,0.11636733263731003,0.0,0.10042742639780045,0.11306113749742508,0.0,0.0,0.08137521892786026,0.0,0.0031723137944936752,0.0068951016291975975,0.02660832181572914,0.0,0.01646443083882332,0.11741676181554794,0.0,0.0,0.23626336455345154,0.058516088873147964,0.015859682112932205,0.0,0.09229208528995514,0.0,0.0382094569504261,0.016981543973088264,0.1646217405796051,0.0,0.0,0.0,0.0,0.20850582420825958,0.26482605934143066,0.0,0.12287725508213043,0.016954101622104645,0.12109429389238358,0.05967216193675995,0.33016467094421387,0.0,0.05029129981994629,0.0,0.006418854463845491,0.03462160751223564,0.0,0.0,0.025000300258398056,0.06415598839521408,0.09579421579837799,0.00025176769122481346,0.13698385655879974,0.31837087869644165,0.0,0.0017071757465600967,0.22953689098358154,0.10200367867946625,0.16366511583328247,0.0,0.0,0.22016337513923645,0.0,0.010801752097904682,0.05580870434641838,0.0,0.13287918269634247,0.0,0.02135327458381653,0.027810702100396156,0.08158235251903534,0.29202699661254883,0.0,0.0,0.1307883858680725,0.022524086758494377,0.34814223647117615,0.03767762333154678,0.0,0.0,0.015569942072033882,0.010074217803776264,0.0,0.0,0.005402669310569763,0.09957554936408997,0.1258181780576706,0.01557752676308155,0.08796361833810806,0.0,0.0,0.0,0.0,0.4819853901863098,0.0,0.0,0.0,0.0,0.0,0.014751162379980087,0.010422985069453716,0.0,0.019477246329188347,0.07646943628787994,0.03518082946538925,0.0046099768951535225,0.0,0.6674237251281738,9.071826934814453e-05,0.10810166597366333,0.11234479397535324,0.0,0.0,0.0782475620508194,0.22346803545951843,0.0,0.08553983271121979,0.13421198725700378,0.18070892989635468,0.0,0.0296291783452034,0.0,0.08457081764936447,0.0910295620560646,0.0014741243794560432,0.20309726893901825,2.7766101993620396e-05,0.18787220120429993,0.0,0.0,0.449084997177124,0.285952627658844,0.01666386052966118,0.0,0.0,0.25322893261909485,0.3359697461128235,0.0,0.34385913610458374,0.38525599241256714,0.043353121727705,0.0,0.0,0.09709333628416061,0.2465042620897293,0.0,0.0,0.0,0.3985728621482849,0.12335790693759918,0.0,0.0,0.1313703954219818,0.048812419176101685,0.0039981091395020485,0.3309299945831299,0.016915131360292435,0.08907169103622437,0.025991767644882202,0.0028182505629956722,0.0,0.0,0.0,0.17784197628498077,0.011173779144883156,0.6721667051315308,0.0,0.0,0.0,0.7327925562858582,0.03870197385549545,0.023765508085489273,0.1748773604631424,0.3440418541431427,0.0,0.364685595035553,0.040545862168073654,0.20993289351463318,0.1061609536409378,0.43872320652008057,0.025812026113271713,0.14491614699363708,0.00022118003107607365,0.325396865606308,0.11990803480148315,0.15466591715812683,0.5426750183105469,0.42061614990234375,0.1589546799659729,0.0,0.0,0.09661708027124405,0.1732754111289978,0.0,0.17843490839004517,0.0018092337995767593,0.0905001312494278,0.07295798510313034,0.2919946014881134,0.6478891372680664,0.04579400643706322,0.024498313665390015,0.0,0.1937399059534073,0.06526260823011398,0.005237069446593523,0.0,0.029217679053544998,0.0,0.12027643620967865,0.12795206904411316,0.062121838331222534,0.26121634244918823,0.0,0.21776346862316132,0.15230858325958252,0.02386866882443428,0.23210062086582184,0.021127447485923767,0.3386884331703186,0.0,0.11435351520776749,0.03729214519262314,0.08180823922157288,0.004827799275517464,0.22181788086891174,0.09767365455627441,0.004121514968574047,0.08430787920951843,0.16811475157737732,0.47286808490753174,0.34086182713508606,0.07013089954853058,0.021345267072319984,0.0,0.2733174264431,0.01738959550857544,0.0,0.38117003440856934,0.052235256880521774,0.0,0.08050075173377991,0.0,0.11153535544872284,0.0,0.3638976216316223,0.5343462228775024,0.1367945820093155,0.11760435253381729,0.02737565152347088,0.0,0.0,0.06548503041267395,0.11523553729057312,0.07455769181251526,0.20229727029800415,0.08485671877861023,0.0,0.025144154205918312,0.009358449839055538,0.09240762889385223,0.08185320347547531,0.08150246739387512,0.056636545807123184,0.15676473081111908,0.013051509857177734,0.02245725691318512,0.35552799701690674,0.0015388177707791328,0.1292930245399475,0.04916474223136902,0.0,0.0,0.0890706405043602,0.03501574322581291,0.0,0.015913769602775574,0.012049036100506783,0.0,0.0,0.058116644620895386,0.04399074986577034,0.0,0.02482643723487854,0.28559067845344543,0.0,0.3254261016845703,0.0,0.0,0.013119743205606937,0.0009374106302857399,0.0,0.024450959637761116,0.4110850393772125,0.1175517737865448,0.0,0.0,0.306795597076416,0.023960551247000694,0.0,0.004841707646846771,0.0,0.640971839427948,0.11494515091180801,0.0,0.0,0.1634281426668167,0.07716192305088043,0.005657234229147434,0.26642605662345886,0.0001683700829744339,0.0,0.005695472937077284,0.0,0.0180642269551754,0.05846470966935158,0.03906187415122986,0.19324228167533875,0.002640803810209036,0.31261900067329407,0.037519462406635284,0.008087433874607086,0.0,0.0,0.5381169319152832,0.004420144483447075,0.0,0.175970196723938,0.14841017127037048,0.082280233502388,0.2875955402851105,0.0,0.0,0.042913079261779785,0.05061451345682144,0.07835611701011658,0.15562114119529724,0.3684707581996918,0.009999817237257957,0.5302373170852661,0.03114175796508789,0.0,0.10948468744754791,0.0,0.010027235373854637,0.008241412229835987,0.0,0.0,0.0,0.009685790166258812,0.01967277191579342,0.0,0.06786452978849411,0.18891260027885437,0.04783273860812187,0.3306809067726135,0.11892013251781464,0.15813642740249634,0.328289270401001,0.0,0.0494515523314476,0.3814738690853119,0.01957717165350914,0.003880811156705022,0.0,0.0,0.0,0.04361715912818909,0.03889283537864685,0.08336655795574188,0.26477840542793274,0.06888943165540695,0.0,0.0,0.5582212209701538,0.2642388343811035,0.2246951013803482,0.10884025692939758,0.0,9.430572390556335e-06,0.11414045840501785,0.015901846811175346,0.006292531732469797,0.0,0.0,0.634282648563385,0.002066859044134617,0.05971699580550194,0.013665138743817806,0.0,0.0,0.0,0.0,0.22308889031410217,0.0,0.0005274899303913116,0.0,0.41461172699928284,0.003477908670902252,0.03106882981956005,0.020740656182169914,0.02433411031961441,0.22460952401161194,0.0025709241162985563,0.0,0.3385128974914551,0.07648279517889023,0.24919487535953522,0.2656519114971161,0.025774721056222916,0.16067107021808624,0.020286519080400467,0.0,0.04842017590999603,0.08007214218378067,0.0,0.9709765911102295,0.4436567425727844,0.29428422451019287,0.0063461679965257645,0.0,0.0,0.020584939047694206,0.003871805965900421,0.20594152808189392,0.013624833896756172,0.0180064644664526,0.3405199348926544,0.0,0.0,0.6205293536186218,0.3160839080810547,0.019337235018610954,0.0,0.0,0.0033552092500030994,0.379618376493454,0.03414052352309227,0.4117085635662079,0.09007590264081955,0.038529492914676666,0.16028448939323425,-0.5908814072608948
19,0.010871869511902332,0.07731997221708298,0.003566709579899907,0.0,0.0,0.0,0.04559313878417015,0.11703434586524963,0.0,0.11888720095157623,0.3507412374019623,0.05653119087219238,0.0,0.17350120842456818,0.505478024482727,0.00857020728290081,0.0,0.46795812249183655,0.2322935312986374,0.0,0.07316320389509201,0.12406948208808899,0.0,0.7825745344161987,0.1916106790304184,0.0,0.0,0.43740853667259216,0.007325485348701477,0.024916749447584152,0.0,0.22016794979572296,0.029709842056035995,0.15841196477413177,0.0029914577025920153,0.0,0.0,0.03199658915400505,0.378593772649765,0.2828337252140045,0.0804596021771431,0.006402889732271433,0.15086038410663605,0.0,0.2261563390493393,0.0,0.17662449181079865,0.006084487773478031,0.0,0.25810757279396057,0.0,0.011152436025440693,0.7868145704269409,0.0005660715396516025,0.0,0.373820036649704,0.0,0.4491714835166931,0.020521901547908783,0.003996139857918024,0.0,0.16990849375724792,0.05170299485325813,0.3407718241214752,0.0,0.0,0.0,0.9618178606033325,0.09241757541894913,0.024016285315155983,0.0,0.0,0.07885036617517471,0.6561362743377686,0.0,0.1077125146985054,0.4123365879058838,0.048879384994506836,0.0,0.0,0.2283109873533249,0.0,0.0810321718454361,0.1760140210390091,0.8165987133979797,0.02723129466176033,0.0,0.10090456157922745,0.6226677298545837,0.051211703568696976,0.036699194461107254,0.6775757074356079,0.009577463380992413,0.09479627758264542,0.002111513167619705,0.07794614881277084,0.08407287299633026,0.0,0.0,0.057358790189027786,0.47546476125717163,0.08803736418485641,0.0,0.7763113379478455,0.013242719694972038,0.0,0.00516851432621479,0.5325803756713867,0.0007167694275267422,0.0,0.43509915471076965,0.015372054651379585,0.0,0.20939652621746063,0.044629354029893875,0.01122763566672802,0.01651938445866108,0.5213087201118469,0.0,0.026259923353791237,0.33882585167884827,0.18468904495239258,0.0034294009674340487,0.0,0.2915039658546448,0.17220360040664673,0.0,0.0,0.4217320680618286,0.0,0.0,0.14112578332424164,0.0,0.01899428851902485,0.006146268919110298,0.10085500031709671,0.07333336770534515,0.0,0.06503919512033463,0.0,0.0,0.005832727067172527,0.0,0.0,0.03514448553323746,0.06012934446334839,0.026763135567307472,0.0003349623875692487,0.012731467373669147,0.0,0.0,0.013106280006468296,0.00867252703756094,0.0,0.003177858889102936,0.07045069336891174,0.07448088377714157,0.0,0.0,0.0,0.024432053789496422,0.0,0.04679444059729576,0.004463404417037964,0.0,0.08203338086605072,0.0,0.0,0.23979292809963226,0.015345552004873753,0.09395954757928848,0.08317802101373672,0.0,0.0,0.07283718883991241,0.4676276743412018,0.0,0.0,0.305989533662796,0.0,0.11758439987897873,0.010457456111907959,0.042501989752054214,0.0030821163672953844,0.02681034430861473,0.0,0.0036640597973018885,0.0,0.0,0.0,0.0,0.5571654438972473,0.15573330223560333,0.0,0.04269517585635185,0.24129420518875122,0.0,0.14727114140987396,0.7018538117408752,0.0,0.15674175322055817,0.0,0.0,0.0,0.0,0.0,0.038185667246580124,0.969298243522644,0.4245877265930176,0.0,0.21162959933280945,0.0971364825963974,0.0,0.0,0.47147804498672485,0.033204350620508194,0.026572788134217262,0.0,0.0,0.1445673257112503,0.0,0.07977751642465591,0.46467071771621704,0.0,0.16922208666801453,0.0016907869139686227,0.3108319342136383,0.48557350039482117,0.012285270728170872,0.5551717877388,0.07063960283994675,0.19996227324008942,0.29451823234558105,0.008445100858807564,0.24594470858573914,0.003985076677054167,0.0,0.0,0.0,0.006948967929929495,0.0,0.0,0.011709816753864288,0.05111215263605118,0.42276373505592346,0.21626794338226318,0.04822269454598427,0.0,0.0,0.0,0.0,0.670013964176178,0.0,0.0,0.0018558526644483209,0.0,0.0,0.0,0.0037636396009474993,0.0,0.0,0.2675582468509674,0.21541042625904083,0.0,0.0,1.0181695222854614,0.0,0.22362855076789856,0.021951530128717422,0.0,0.0,0.09064236283302307,0.3240807056427002,0.0,0.1750108301639557,0.0,0.04259307682514191,0.0,0.37795671820640564,0.0,0.43422287702560425,0.0,0.0,0.6266641616821289,0.0,0.0488186739385128,0.0,0.0,0.43252328038215637,0.034887030720710754,0.04148560389876366,0.0,0.0,0.5253356099128723,0.4231692850589752,0.0,0.01734388805925846,0.7080551385879517,0.2885471284389496,0.047415561974048615,0.0061040217988193035,0.06880408525466919,0.03536578640341759,0.0,0.0,0.0,0.38780492544174194,0.1197165697813034,0.0,0.037508003413677216,0.0989476814866066,0.038345493376255035,0.0,0.3549444079399109,0.0,0.010442896746098995,0.03110593929886818,0.0,0.017921235412359238,0.0,0.0,0.12734220921993256,0.0,0.26567530632019043,0.060257814824581146,0.004238154739141464,0.0,0.43624138832092285,0.0,0.05555219575762749,0.0,0.25408488512039185,0.0,0.3310168981552124,0.014484088867902756,0.04183720052242279,0.11549732089042664,0.08893012255430222,0.0008634947007521987,0.2331138700246811,0.012251738458871841,0.1367436945438385,0.10559754818677902,0.05391998589038849,0.21893440186977386,0.0023542249109596014,0.28774502873420715,0.0,0.0,0.0390886627137661,0.0347495898604393,0.0,0.2516728341579437,0.0,0.0,0.03227931261062622,0.027715671807527542,0.6574223637580872,0.09216894954442978,0.022818010300397873,0.0,0.30619174242019653,0.1149662509560585,0.0,0.0,0.0006019067368470132,0.0,0.13910387456417084,0.0604010745882988,0.13013148307800293,0.0,0.0,0.19044454395771027,0.2438884675502777,0.011499328538775444,0.09304179251194,0.015279917046427727,0.02995450235903263,0.0,0.2654597759246826,0.061622001230716705,0.0,0.0,0.24329522252082825,0.03231249377131462,0.067192941904068,0.0047441525384783745,0.1709526926279068,0.43928128480911255,0.21904276311397552,0.036556318402290344,0.01682674139738083,0.06547475606203079,0.02170504629611969,0.00616228673607111,0.0,0.3912597596645355,0.0,0.0,0.0,0.0,0.155173659324646,0.0,0.19655488431453705,0.29826802015304565,0.03490891680121422,0.020281072705984116,0.06284711509943008,0.0,0.0,0.02441662922501564,0.10121722519397736,0.025487303733825684,0.1208670511841774,0.0,0.0,0.054783064872026443,0.016851600259542465,0.005510414019227028,0.0,0.0019397186115384102,0.02654799446463585,0.0,0.014069408178329468,0.0,0.3297421932220459,0.0,0.0,0.0,0.0,0.0,0.07833869755268097,0.0,0.04074191302061081,0.0015957769937813282,0.005140172317624092,0.0,0.0,0.21260638535022736,0.025064630433917046,0.0,0.0005513011710718274,0.0,0.0,0.011334110051393509,0.0,0.002112343907356262,0.02691890113055706,0.26221030950546265,0.0,0.01916671358048916,0.000654387753456831,0.011511769145727158,0.0,0.0,0.017419010400772095,0.025748280808329582,0.010655480436980724,0.015295667573809624,0.0,0.0,0.021305276080965996,0.07994918525218964,0.0,0.1852964460849762,0.11069299280643463,0.0,0.011153636500239372,0.009267576038837433,0.0,0.0,0.0,0.018165409564971924,0.0,0.05316299945116043,0.0407886765897274,0.0,0.0024412870407104492,0.07059203088283539,0.07790489494800568,0.0,0.0,0.08876419067382812,0.0,0.017266735434532166,0.05404057726264,0.2415611296892166,0.0,0.0016466537490487099,0.0,0.0,0.041088443249464035,0.25360390543937683,0.0,0.12383871525526047,0.011304434388875961,0.1350174844264984,0.07054778933525085,0.1372537910938263,0.0,0.024835286661982536,0.0,0.03753321245312691,0.025175828486680984,0.0,0.0,0.017825089395046234,0.0,0.0,0.014215787872672081,0.08739546686410904,0.2943885326385498,0.0,0.11430039256811142,0.021238163113594055,0.10470309108495712,0.339995801448822,0.0,0.0,0.1982286423444748,0.0,0.01071952749043703,0.0,0.0,0.09740602970123291,0.0,0.011751427315175533,0.0,0.15634271502494812,0.08540341258049011,0.0,0.0,0.14748695492744446,0.09395583719015121,0.25663721561431885,0.07406147569417953,0.0,0.0,0.020387625321745872,0.01538551039993763,0.0,0.00719385826960206,0.0,0.16996608674526215,0.026659458875656128,0.0,0.07360130548477173,0.0,0.0,0.0,0.0,0.32359611988067627,0.0,0.0,0.0,0.010584025643765926,0.0,0.011825509369373322,0.03790057450532913,0.0,0.04889298975467682,0.0,0.013431636616587639,0.039945073425769806,0.0,0.34531912207603455,0.018624737858772278,0.020474392920732498,0.14828287065029144,0.0,0.0,0.0892474427819252,0.09451217949390411,0.0,0.21196463704109192,0.35531309247016907,0.2530839443206787,0.0,0.0,0.0,0.0,0.068316251039505,0.01290583610534668,0.05122509226202965,0.03257610648870468,0.22381067276000977,0.0013890471309423447,0.0,0.3367077112197876,0.2896602153778076,0.0205904059112072,0.0,0.0,0.0071034301072359085,0.2525218725204468,0.0,0.4131990075111389,0.16086408495903015,0.014720653183758259,0.0,0.07595891505479813,0.033535655587911606,0.002764142118394375,0.0,0.0,0.0,0.2503212094306946,0.1288621872663498,0.008850641548633575,0.057852040976285934,0.20721977949142456,0.07739648222923279,0.0,0.349328875541687,0.21593457460403442,0.0,0.009038140997290611,0.1269923895597458,0.07496503740549088,0.0,0.024911295622587204,0.13016295433044434,0.0,0.4316355586051941,0.11339637637138367,0.0,0.0,0.512330174446106,0.0034684520214796066,0.027008570730686188,0.007451673503965139,0.32387328147888184,0.008344167843461037,0.20404960215091705,0.021642472594976425,0.020244238898158073,0.0012150043621659279,0.033329833298921585,0.17915299534797668,0.3160865008831024,0.12692701816558838,0.07278314232826233,0.15927444398403168,0.002774457912892103,0.25511282682418823,0.0,0.3230575919151306,0.0,0.0004896251484751701,0.06678927689790726,0.0,0.0,0.6679793000221252,0.0,0.0,0.21320757269859314,0.0011512043420225382,0.6998818516731262,0.1080511063337326,0.05374099314212799,0.0,0.18696846067905426,0.22216469049453735,0.08406315743923187,0.0,0.0,0.0,0.5948124527931213,0.19216427206993103,0.2036416083574295,0.0,0.0,0.0691588893532753,0.5484728813171387,0.0,0.12602131068706512,0.19694645702838898,0.010818762704730034,0.0,0.10280624777078629,0.09589335322380066,0.0,0.048022184520959854,0.22199323773384094,0.30309823155403137,0.03845904394984245,0.0,0.26308101415634155,0.5229872465133667,0.12891624867916107,0.028633248060941696,0.30169379711151123,0.04058701545000076,0.012470738962292671,0.009031152352690697,0.04446456953883171,0.3903629779815674,0.0,0.0015113367699086666,0.07235033810138702,0.24911917746067047,0.29126429557800293,0.0,0.26225027441978455,0.13314688205718994,0.0154121657833457,0.008142213337123394,0.24440746009349823,0.0031797364354133606,0.0,0.28549161553382874,0.03162088245153427,0.0,0.19748546183109283,0.012557180598378181,0.0,0.10071312636137009,0.17501582205295563,0.0,0.013570526614785194,0.23238785564899445,0.10286633670330048,0.02327546663582325,0.0,0.15925414860248566,0.13380737602710724,0.0,0.0,0.15528813004493713,0.0,0.0,0.07086491584777832,0.003488720627501607,0.04088320955634117,0.00990348868072033,0.11406195163726807,0.018500108271837234,0.0,0.12901143729686737,0.01793762855231762,0.0,0.0,0.0,0.0,0.013792354613542557,0.026402518153190613,0.020765554159879684,0.0,0.1108427420258522,0.0,0.0,0.004565044306218624,0.007987369783222675,0.0,0.0,0.038863323628902435,0.10131654143333435,0.0,0.0016092038713395596,0.005066168960183859,0.014555536210536957,0.020340006798505783,0.037600595504045486,0.000511854887008667,0.06667690724134445,0.13579115271568298,0.0,0.0,0.07488022744655609,0.0,0.018134543672204018,0.020550943911075592,0.014638528227806091,0.0,0.21317997574806213,0.16481322050094604,0.0,0.0,0.19901764392852783,0.0008356953039765358,0.04052673280239105,0.0001948291901499033,0.06001456826925278,0.012422900646924973,0.033724766224622726,0.06521078199148178,0.23802712559700012,0.0,0.0,0.0,0.0,0.27350378036499023,0.24876463413238525,0.0007811031537130475,0.17002086341381073,0.04948072135448456,0.060482803732156754,0.06965965777635574,0.34579765796661377,0.0,0.022985611110925674,0.0,0.004307649098336697,0.037315934896469116,0.0,0.0,0.032982245087623596,0.4431811571121216,0.16744595766067505,0.0037731074262410402,0.24939419329166412,0.2639712989330292,0.0,0.00040151714347302914,0.2665771245956421,0.02780020236968994,0.11761277914047241,0.0,0.0,0.11866004765033722,0.0016194223426282406,0.07521440833806992,0.18709705770015717,0.0,0.13151545822620392,0.0,0.12359245121479034,0.1596631556749344,0.20668484270572662,0.25631117820739746,0.05677216127514839,0.0777125135064125,0.1467590034008026,0.015089132823050022,0.3246707320213318,0.021257802844047546,0.0,0.0,0.005510871298611164,0.004768111743032932,0.0,0.0,0.005219200160354376,0.02112848311662674,0.1985102742910385,0.12584549188613892,0.029195066541433334,0.005860547069460154,0.0,0.0,0.0,0.6465122103691101,0.0,0.0,0.016711466014385223,0.0,0.0,0.007544819265604019,0.017540013417601585,0.0,0.003068148624151945,0.05993650108575821,0.03621549904346466,0.006516040302813053,0.0,0.7615236043930054,0.0,0.07479981333017349,0.011634692549705505,0.0,0.0,0.08034195005893707,0.2811233699321747,0.0,0.16485166549682617,0.10897926241159439,0.10789810866117477,0.0,0.10800214856863022,0.0,0.1476275622844696,0.013680066913366318,0.0010388814844191074,0.26632702350616455,0.033709194511175156,0.1860835701227188,0.0,0.0,0.3655032217502594,0.17949724197387695,0.03419790416955948,0.0,0.0,0.3092515468597412,0.26792171597480774,0.0,0.1169150322675705,0.5193435549736023,0.07548090815544128,0.0022953711450099945,2.0113418102264404
20,0.22094476222991943,0.14054520428180695,0.09013261646032333,0.0,0.0,0.0,0.6588271260261536,0.03160395100712776,0.0,0.020282255485653877,0.030668985098600388,4.8391182644991204e-05,0.0,0.378491073846817,0.0,0.1291886866092682,0.06406199187040329,0.0,0.0,0.0,0.0,0.04763749614357948,0.0003955448919441551,0.17513398826122284,0.01570470817387104,0.0,0.0,0.5239138603210449,0.009133611805737019,0.11950044333934784,0.1729031205177307,0.3255641460418701,0.0,0.2711847126483917,0.09746825695037842,0.07384435087442398,0.0,0.27858608961105347,0.0014014645712450147,0.04736912250518799,0.10500334948301315,0.19752764701843262,0.0965365543961525,0.14179392158985138,0.16406172513961792,0.3161715269088745,0.368338018655777,0.055773310363292694,0.0,0.057086799293756485,0.2257363200187683,0.0,0.10150031745433807,0.025044431909918785,0.04974522069096565,0.0,0.37102070450782776,0.9085069298744202,0.3089969754219055,0.10204744338989258,0.0,0.03075166791677475,0.1935710459947586,0.0,0.0,0.026142865419387817,0.0,0.0,0.2858754098415375,0.19732236862182617,0.13593867421150208,0.0,0.23975789546966553,0.08821187168359756,0.11395858973264694,0.03317858278751373,0.004298361949622631,0.07485201954841614,0.0,0.17212708294391632,0.0,0.1020430475473404,0.0,0.13918602466583252,0.003818890079855919,0.0,0.0660281553864479,0.35816606879234314,0.27159711718559265,0.47343194484710693,0.06052437797188759,0.0,0.023132864385843277,0.09661015123128891,0.0,0.017151296138763428,0.683111846446991,0.0,0.006811114493757486,0.0,0.0,0.381049245595932,0.0,0.2429874837398529,0.5291200876235962,0.4083310067653656,0.07440757006406784,0.0018404468428343534,0.04264454543590546,0.0,0.0,0.10005410760641098,0.09563950449228287,0.3020831346511841,0.158161923289299,0.0,0.041728902608156204,0.0,0.11698582023382187,0.03499315679073334,0.0,0.09543427079916,0.0,0.015206818468868732,0.0,0.24782127141952515,0.0,0.0501696951687336,0.0,0.04587603360414505,0.0,0.13304241001605988,0.08093365281820297,0.0,0.05981432646512985,0.2590380311012268,0.0,0.0,0.05880764499306679,0.017418095842003822,0.0,0.0,0.04267056658864021,0.0,0.2592597007751465,0.0,0.10746940970420837,0.0004739375435747206,0.0,0.0,0.06556162983179092,0.2338898479938507,0.13459709286689758,0.0,0.0,0.4282986521720886,0.008946042507886887,0.0,0.03916550800204277,0.06340761482715607,0.47576290369033813,0.34863853454589844,0.017108643427491188,0.0,0.17082755267620087,0.16946418583393097,0.0,0.30623140931129456,0.0,0.0,0.000395260751247406,0.004878504201769829,0.036664947867393494,0.04120807722210884,0.37681856751441956,0.11775359511375427,0.030656814575195312,0.2588388919830322,0.0,0.013618293218314648,0.0,0.0,0.2694055438041687,0.00976558867841959,0.0,0.31513792276382446,0.39880311489105225,0.0,0.20581138134002686,0.0,0.0,0.0,0.15206921100616455,0.00962871965020895,0.33797529339790344,0.11150622367858887,0.027154812589287758,0.23265770077705383,0.0,0.062419675290584564,0.16966550052165985,0.0,0.04936261847615242,0.08863583952188492,0.0,0.0,0.0,0.0,0.0,0.10591818392276764,0.05489668250083923,0.44872844219207764,0.07953664660453796,0.3567698001861572,0.0,0.0658046081662178,0.5147473812103271,0.0,0.06095756217837334,0.30114734172821045,0.0,0.09896978735923767,0.0,0.0,0.013136133551597595,0.0,0.05813196673989296,0.0,0.45586490631103516,0.0,0.045702382922172546,0.0,0.39402005076408386,0.10609857738018036,0.037652403116226196,0.19468587636947632,0.08198626339435577,0.0,0.0875866636633873,0.16983669996261597,0.07651930302381516,0.0,0.0,0.43078458309173584,0.0,0.01758643239736557,0.041931867599487305,0.0,0.0,0.0,0.0,0.23852965235710144,0.0,0.0,0.01029555220156908,0.2641388475894928,0.0,0.10598953813314438,0.06739082932472229,0.008337886072695255,0.1966341733932495,0.0,0.0,0.2588692903518677,0.2941206693649292,0.031080832704901695,0.2026253193616867,0.0,0.2693580687046051,0.003598752897232771,0.024133136495947838,0.08557991683483124,0.0,0.0,0.39627817273139954,0.785223662853241,0.2727339267730713,0.13424012064933777,0.0,0.0,0.0,0.011498001404106617,0.030290033668279648,0.006917781196534634,0.06586119532585144,0.5442156195640564,0.0,0.09026734530925751,0.23580262064933777,0.1912364363670349,0.045507654547691345,0.0011794420424848795,0.011645256541669369,0.0,0.20276668667793274,0.018214184790849686,0.6153550148010254,0.03174259141087532,2.8369440769893117e-05,0.048023808747529984,0.01812492311000824,0.0699828565120697,0.04494862258434296,0.0,0.0,0.0,0.37911638617515564,0.12559083104133606,0.0,0.06858652830123901,0.16302593052387238,0.04851265996694565,0.0,0.396981418132782,0.029483508318662643,0.030603334307670593,0.022075004875659943,0.04380319267511368,0.03581107780337334,0.0,0.0,0.1569690704345703,0.0,0.33514976501464844,0.08185194432735443,0.0,0.0,0.4053928852081299,0.0,0.0944208949804306,0.0029896069318056107,0.23464639484882355,0.0,0.2992634177207947,0.0005638436414301395,0.025012724101543427,0.08259055018424988,0.09544624388217926,0.046466633677482605,0.3457227945327759,0.04211174324154854,0.06576206535100937,0.23682093620300293,0.020191365852952003,0.23595945537090302,0.0,0.3331339657306671,0.0,0.0,0.018235299736261368,0.015292073599994183,0.0,0.4268661141395569,0.0015672564040869474,0.0,0.12055317312479019,0.008475379087030888,0.7029125690460205,0.07936649024486542,0.0,0.0,0.21136975288391113,0.15726417303085327,0.015009000897407532,0.0,0.008802931755781174,0.0,0.33490681648254395,0.08794627338647842,0.1112360805273056,0.0,0.0,0.19041776657104492,0.4217338263988495,0.0,0.11144471913576126,0.08639081567525864,0.0,0.0,0.22430557012557983,0.067357137799263,0.0,0.0,0.268599271774292,0.11781129240989685,0.03768250346183777,0.0,0.14458096027374268,0.5104795098304749,0.20615625381469727,0.04748935252428055,0.13486380875110626,0.043221451342105865,0.011013838462531567,0.01089237816631794,0.01029250118881464,0.3837936520576477,0.0,0.0,0.02156648598611355,0.09240395575761795,0.2208067774772644,0.0,0.3249596357345581,0.2686898708343506,0.03590674698352814,0.012241481803357601,0.11772347241640091,0.003005343722179532,0.0,0.18307410180568695,0.07123461365699768,0.020467951893806458,0.1888274848461151,0.0005422884132713079,0.0,0.05656379461288452,0.08063174784183502,0.0,0.016591746360063553,0.1308113932609558,0.03375484421849251,0.0,0.02633868157863617,0.011354041285812855,0.2883545458316803,0.0,0.0,0.05057908594608307,0.0,0.0,0.08969535678625107,0.0,0.04220272973179817,0.0,0.02322082221508026,0.004690622445195913,0.0,0.1828935146331787,0.012897872366011143,0.0,0.0,0.001946483738720417,0.0,0.045559365302324295,0.01757470890879631,0.020840782672166824,0.006831444799900055,0.2643108069896698,0.0,0.0,0.004709539469331503,0.017555339261889458,0.0,0.0,0.0615762397646904,0.019649198278784752,0.012042775750160217,0.003478231141343713,0.0,0.054245010018348694,0.007360178977251053,0.10976462811231613,0.0,0.09771130979061127,0.1376977264881134,0.0,0.0,0.028411149978637695,0.0,0.0,0.005770346615463495,0.029202809557318687,0.0,0.08498930931091309,0.08883629739284515,0.0,0.00337273720651865,0.15362922847270966,0.06642485409975052,0.012438579462468624,0.0,0.09753621369600296,0.011088736355304718,0.024669066071510315,0.05066557973623276,0.2362457513809204,0.0,0.0,0.0,0.0,0.114860899746418,0.2508484721183777,0.0,0.11656223237514496,0.05772455036640167,0.10344324260950089,0.12013060599565506,0.22376185655593872,0.0,0.0919114276766777,0.0,0.005973306484520435,0.04567375406622887,0.0,0.0,0.0,0.038108304142951965,0.04880527779459953,0.001755984965711832,0.11397983133792877,0.2982063889503479,0.0,0.017330612987279892,0.1684855818748474,0.13169892132282257,0.23979461193084717,0.0,0.0,0.2122766673564911,0.0,0.04209484905004501,0.046899884939193726,0.0,0.09125342220067978,0.0,0.02745308354496956,0.003021322190761566,0.13119561970233917,0.1718340367078781,0.009587209671735764,0.0,0.1604604870080948,0.05131453275680542,0.2651265859603882,0.039344049990177155,0.0,0.0,0.028736108914017677,0.013790452852845192,0.0,0.0018482482992112637,0.015382414683699608,0.14851076900959015,0.08234734833240509,0.010319366119801998,0.10288013517856598,0.0,0.0,0.0,0.0,0.4325646758079529,0.0,0.0,0.008370758034288883,0.013349225744605064,0.0,0.02640468254685402,0.006736833602190018,0.0,0.013966549187898636,0.00390856247395277,0.015307793393731117,0.04962928593158722,0.0,0.5486138463020325,0.01612773723900318,0.09439095109701157,0.15876679122447968,0.0,0.0,0.0652974396944046,0.16095945239067078,0.0,0.14919109642505646,0.2604498267173767,0.22955337166786194,0.0,0.0,0.0,0.044467050582170486,0.09886139631271362,0.008078367449343204,0.13858123123645782,0.0,0.2380041480064392,0.0,0.0,0.39649128913879395,0.28685957193374634,0.021214144304394722,0.0,0.0,0.2035272717475891,0.3154275715351105,0.0,0.4269299805164337,0.34157663583755493,0.06737048923969269,0.0,0.18073827028274536,0.10573989897966385,0.03051229938864708,0.0,0.0,0.0,0.5394736528396606,0.09325013309717178,0.0,0.028674691915512085,0.0483262799680233,0.031773995608091354,0.0,0.41113027930259705,0.0,0.0978994071483612,0.06804098188877106,0.0,0.0,0.0,0.0,0.0979250967502594,0.005979302804917097,0.2265537530183792,0.035267505794763565,0.0,0.0,0.572297215461731,0.01251209806650877,0.04691692069172859,0.09513672441244125,0.3631211519241333,0.0,0.2605956494808197,0.04662590101361275,0.10007312148809433,0.0,0.17073167860507965,0.00986675638705492,0.17561616003513336,0.13847222924232483,0.24356801807880402,0.12982501089572906,0.11675246804952621,0.2611827850341797,0.1817481517791748,0.40604379773139954,0.03664673492312431,0.0,0.03304576873779297,0.1443997323513031,0.0,0.29319435358047485,0.0,0.04090053588151932,0.030347678810358047,0.18735235929489136,0.8985260725021362,0.2549345791339874,0.110201396048069,0.0,0.166595458984375,0.22430984675884247,0.0,0.0,0.007574502844363451,0.0,0.07432055473327637,0.27258026599884033,0.21097074449062347,0.061655715107917786,0.0,0.17648077011108398,0.27265214920043945,0.015878930687904358,0.13162469863891602,0.024896392598748207,0.04697820544242859,0.0,0.1712888926267624,0.011153443716466427,0.030381852760910988,0.0,0.2261066734790802,0.0042509520426392555,0.008947274647653103,0.04312486946582794,0.3759450614452362,0.3110378682613373,0.33896568417549133,0.04388471320271492,0.0020064273849129677,0.04248048737645149,0.07370664179325104,0.041522759944200516,0.04954354092478752,0.6209812760353088,0.0,0.005061453673988581,0.06781252473592758,0.00799940899014473,0.3288346827030182,0.0,0.200095996260643,0.4480408728122711,0.19265519082546234,0.06561653316020966,0.013748160563409328,0.056444089859724045,0.0,0.04313765838742256,0.07853778451681137,0.03675422444939613,0.28710711002349854,0.12053471058607101,0.0,0.0563618429005146,0.0,0.06759653240442276,0.024382179602980614,0.06716188043355942,0.11442764848470688,0.017833871766924858,0.020122578367590904,0.0049890875816345215,0.1850721538066864,0.008611603640019894,0.032190293073654175,0.0035407107789069414,0.0,0.0,0.09276515245437622,0.03829551488161087,0.0027697153855115175,0.020579848438501358,0.23380054533481598,0.0,0.0,0.09822873026132584,0.0522884838283062,0.0,0.0,0.008561983704566956,0.0,0.129868283867836,0.0,0.09197404235601425,0.0,0.0007487370166927576,0.0,0.039803702384233475,0.09562257677316666,0.0940026044845581,0.0,0.0,0.2867952585220337,0.043589282780885696,0.0,0.0071211508475244045,0.05137880891561508,0.27508479356765747,0.21471327543258667,0.020097265020012856,0.0,0.17456622421741486,0.17432209849357605,0.0,0.16694241762161255,0.0,0.0,0.01126192882657051,0.007989867590367794,0.03043360821902752,0.0052271257154643536,0.3311689496040344,0.08159749209880829,0.005624260753393173,0.12251117825508118,0.034248482435941696,0.017159970477223396,0.0009504904155619442,0.0,0.1949804574251175,0.012191148474812508,0.0,0.2973707914352417,0.37228432297706604,0.0,0.07619479298591614,0.0,0.0,0.03694332763552666,0.19380684196949005,0.005798277910798788,0.2867128551006317,0.06037215515971184,0.0288709569722414,0.14139969646930695,0.0017232538666576147,0.009895910508930683,0.11347276717424393,0.0,0.049138814210891724,0.07237241417169571,0.0,0.000806356081739068,0.0,0.0,0.0,0.020272331312298775,0.14560572803020477,0.4007183611392975,0.048142362385988235,0.16533486545085907,0.0663481056690216,0.05396787449717522,0.41464272141456604,0.0,0.04057874158024788,0.2636902928352356,0.0,0.10511545091867447,0.0,0.007574413437396288,0.02099672146141529,0.0018024990567937493,0.07488302141427994,0.0010315511608496308,0.39767545461654663,0.010402512736618519,0.06384630501270294,0.02194993384182453,0.29360124468803406,0.06427793204784393,0.2668064832687378,0.14771245419979095,0.004175378475338221,0.0,0.06393631547689438,0.09478623420000076,0.0247727632522583,0.0,0.002034902572631836,0.2824884057044983,0.0,0.007498816587030888,0.01062878780066967,0.0,0.0,0.006717786192893982,0.0,0.3725273311138153,0.0,0.0,0.00145732203964144,0.1570833921432495,0.0,0.07192689180374146,0.036700475960969925,0.01868807151913643,0.13437466323375702,0.0,0.0,0.1282317340373993,0.12915891408920288,0.26665449142456055,0.11746404320001602,0.0,0.19636249542236328,0.0014872774481773376,0.030673490837216377,0.07248684763908386,0.0977749451994896,0.0,0.3532702922821045,0.5816388726234436,0.22091323137283325,0.040162015706300735,0.0,0.003840117948129773,0.0,0.02675429917871952,0.007571347989141941,0.006269258446991444,0.11408475041389465,0.44778579473495483,0.0,0.05440753698348999,0.27079877257347107,0.2981133759021759,0.0582774356007576,0.0,0.0052483598701655865,0.004112696275115013,0.20973624289035797,0.0036357524804770947,0.4839249849319458,0.13439805805683136,0.0041178143583238125,0.004113561008125544,-0.9144925475120544
21,0.0,0.06824825704097748,0.014882892370223999,0.0,0.0,0.0,0.13127805292606354,0.19287800788879395,0.0,0.03886881843209267,0.326225221157074,0.045642971992492676,0.0,0.2339913249015808,0.23528113961219788,0.01603882573544979,0.003488001646474004,0.29349327087402344,0.17274333536624908,0.0,0.000559498555958271,0.22123634815216064,0.0,0.7362873554229736,0.07065153867006302,0.0,0.0,0.45469701290130615,0.0,0.07130879163742065,0.0,0.1619151085615158,0.0,0.33614104986190796,0.008828948251903057,0.01182740367949009,0.05543254315853119,0.11655546724796295,0.16033560037612915,0.36008697748184204,0.0,0.015733204782009125,0.19540013372898102,0.01621987484395504,0.3399679660797119,0.0,0.08929218351840973,0.012424830347299576,0.0,0.05466800183057785,0.0,0.0,0.4219684898853302,0.0,0.0,0.3178839087486267,0.0,0.37715113162994385,0.0,0.0006786733865737915,0.0,0.29335641860961914,0.0,0.19696998596191406,0.0,0.0,0.0,0.5971920490264893,0.006644205655902624,0.003463718108832836,0.0,0.0,0.09131234884262085,0.3853863477706909,0.0,0.1403382122516632,0.1712188869714737,0.1587323248386383,0.0,0.08457507193088531,0.12880438566207886,0.002260303357616067,0.0,0.19184619188308716,0.5672146081924438,0.0172166395932436,0.0019479249604046345,0.0288429856300354,0.6297174096107483,0.15643076598644257,0.015320192091166973,0.4597880244255066,0.04231899976730347,0.08890001475811005,0.007486240938305855,0.008352411910891533,0.11421410739421844,0.0,0.0,0.12453726679086685,0.20769383013248444,0.08268564939498901,0.0,0.706093966960907,0.17413970828056335,0.0,0.00823449157178402,0.24197398126125336,0.0,0.0,0.2537301778793335,0.02137787826359272,0.0,0.12162002176046371,0.0,0.0,0.0048004817217588425,0.2526828944683075,0.0,0.011156284250319004,0.3137394189834595,0.01885492354631424,0.0,0.0,0.20749656856060028,0.45469629764556885,0.0,0.0,0.299348384141922,0.0,0.0,0.1607961803674698,0.0,0.0,0.0,0.0,0.0,0.0,0.029782969504594803,0.0,0.0,0.034843169152736664,0.003337132977321744,0.0,0.12350612878799438,0.09862085431814194,0.0,0.012352284044027328,0.28372663259506226,0.0,0.0,0.03543012589216232,0.028393138200044632,0.0,0.0,0.0,0.03187275305390358,0.019190793856978416,0.0,0.0,0.14464102685451508,0.0,0.020871512591838837,0.0,0.011686667799949646,0.06887874007225037,0.0,0.0,0.1659962683916092,0.0,0.0009803958237171173,0.0,0.002394553739577532,0.0,0.0,0.4027126431465149,0.0,0.0,0.27322888374328613,0.001433543860912323,0.043835241347551346,0.0,0.11880583316087723,0.0,0.0501784011721611,0.0,0.000710667110979557,0.0,0.0,0.0,0.0,0.3359883427619934,0.12587623298168182,0.0,0.060521721839904785,0.2202279269695282,0.009533783420920372,0.25130027532577515,0.4644009470939636,0.0,0.11344622075557709,0.0,0.0,0.0,0.0,0.0,0.052987948060035706,0.32227760553359985,0.19483166933059692,0.0,0.050049517303705215,0.07776015996932983,0.0,0.0,0.34252023696899414,0.06956936419010162,0.03393881395459175,0.0,0.0,0.34964829683303833,0.0,0.0050017135217785835,0.11025737971067429,0.0,0.1221945509314537,0.0,0.11149471253156662,0.2911040186882019,0.019174158573150635,0.5083954334259033,0.004992855712771416,0.0,0.27662432193756104,0.02104881964623928,0.30541613698005676,0.05311852693557739,0.0,0.0,0.0003149844706058502,0.017214816063642502,0.0,0.011198965832591057,0.0,0.2818734347820282,0.19244293868541718,0.14070060849189758,0.09277281910181046,0.0009623263031244278,0.0,0.0,0.0,0.48684361577033997,0.0,0.0,0.0,0.0,0.0,0.022590933367609978,0.010663345456123352,0.0,0.014806222170591354,0.17451994121074677,0.07612249255180359,0.01330342423170805,0.0,0.832625687122345,0.013788971118628979,0.1926182210445404,0.06229934096336365,0.0,0.0,0.04756287485361099,0.20668262243270874,0.0,0.17630994319915771,0.0013630450703203678,0.15047751367092133,0.0,0.19270865619182587,0.0,0.27670764923095703,0.010728323832154274,0.001820916309952736,0.35819992423057556,0.0,0.1279371976852417,0.0,0.0,0.5798078179359436,0.19436880946159363,0.024785444140434265,0.0,0.0,0.20889580249786377,0.4405536651611328,0.0,0.21187978982925415,0.371809184551239,0.16620013117790222,0.001124432310461998,0.5416882634162903,0.20798130333423615,0.2662208676338196,0.0,0.0,0.0,1.0151817798614502,0.0,0.007687476463615894,0.3833911120891571,0.008574907667934895,0.0,0.0,0.5910347104072571,0.0,0.009286771528422832,0.031797461211681366,0.0,0.0,0.017868485301733017,0.0,0.005202101077884436,0.03490433096885681,0.010885943658649921,0.16594313085079193,0.002946047345176339,0.0,0.7573108673095703,0.08457302302122116,0.03479490056633949,0.010237184353172779,0.563236653804779,0.0,0.005945172626525164,0.33577749133110046,0.03682831674814224,0.0,0.4683355689048767,0.061781223863363266,0.00038220908027142286,0.9565603137016296,0.31341519951820374,0.09620025753974915,0.04785769432783127,0.05707733333110809,0.6697444319725037,0.833453893661499,0.02908436208963394,0.0,0.17174343764781952,0.23679237067699432,0.017799368128180504,0.3031168282032013,0.0007998193032108247,0.07699310779571533,0.0,0.9315018057823181,1.8331695795059204,0.7444125413894653,0.2398565411567688,0.0,0.0,0.6691035628318787,0.0,0.0,0.0873865857720375,0.0018210263224318624,0.005587445106357336,0.8255873322486877,0.49270543456077576,0.3790234625339508,0.0,0.5453169941902161,0.5081740617752075,0.34983789920806885,0.0,0.24415846168994904,0.0,0.0,0.10514845699071884,0.02901189774274826,0.0,0.004890539683401585,0.2079983800649643,0.0,0.0,0.01102143432945013,0.8264026045799255,0.3188704550266266,0.41562047600746155,0.3089893162250519,0.0,0.0580042265355587,0.19683772325515747,0.0,0.5113283395767212,1.1613668203353882,0.0,0.007770908996462822,0.0001522666570963338,0.0193614698946476,0.7026661038398743,0.0,0.007349773310124874,0.5153951644897461,0.6618069410324097,0.17988085746765137,0.12752482295036316,0.2662500739097595,0.0,0.0,0.11951643228530884,0.3446751832962036,0.5295689702033997,1.036062240600586,0.0,0.22721992433071136,0.041940122842788696,0.25230488181114197,0.07628434151411057,0.0,0.7153369784355164,0.20243361592292786,0.0,0.0,0.0,0.0,0.3786470592021942,0.0,0.0003568604588508606,0.008688987232744694,0.0011408530408516526,0.6153426766395569,0.045276954770088196,0.13129590451717377,0.8938624858856201,0.0,0.0,0.3861851096153259,0.03218039125204086,0.0,0.0,0.050511106848716736,0.0,0.10378120839595795,0.0,0.6995187401771545,0.01035310234874487,0.0,0.0,0.0,0.4099135100841522,0.02441452629864216,0.0,0.0,1.2095826864242554,0.1161559596657753,0.0,0.026889128610491753,0.09963463246822357,0.6544652581214905,0.4566594362258911,0.20660609006881714,0.0,0.11996915936470032,0.26325523853302,0.0,0.4549017548561096,0.0,0.0,0.04590373858809471,0.015577699989080429,0.015657175332307816,0.04394957795739174,1.6305617094039917,0.04518449306488037,0.025149988010525703,0.4748533368110657,0.0,0.00365474377758801,0.0,0.003957320936024189,0.044352974742650986,0.024500951170921326,0.0,0.6721904873847961,1.0088274478912354,0.026550965383648872,0.7821952700614929,0.0,0.0,0.0,0.2487892508506775,0.0009642536169849336,0.4390808045864105,0.3713257610797882,0.029764117673039436,0.11204379051923752,0.0021208778489381075,0.48033010959625244,0.21520179510116577,0.0,0.12212736904621124,0.5535287261009216,0.0,0.014373896643519402,0.0,0.03374667093157768,0.0,0.29884591698646545,0.1842261701822281,0.948043942451477,0.06769970804452896,0.5200276374816895,0.0,0.061467062681913376,0.8895312547683716,0.0,0.23681220412254333,0.09617231786251068,0.0,0.6121633648872375,0.04192200303077698,0.22590668499469757,0.02272012270987034,0.0,0.8412157297134399,0.0,1.1102091073989868,0.0,0.37414121627807617,0.13676407933235168,0.47722452878952026,0.13262318074703217,0.02336915209889412,0.30786386132240295,0.5392465591430664,0.0,0.035478126257658005,0.023846281692385674,0.35487666726112366,0.0,0.003096733009442687,0.11704809963703156,0.0,0.10597465932369232,0.0,0.0,0.0,0.0,0.0,0.4555143117904663,0.0,0.0,0.0479726567864418,0.8151054978370667,0.008903443813323975,0.09689036011695862,0.06539367139339447,0.20186816155910492,0.05559519678354263,0.0,0.00819437950849533,0.2592633366584778,0.7912307977676392,0.022719040513038635,0.2114092856645584,0.0,0.20160086452960968,0.0,0.09890246391296387,0.3424542546272278,0.0,0.0,0.7940532565116882,1.2241188287734985,0.32358118891716003,0.5189617872238159,0.0,0.0,0.009715095162391663,0.08383305370807648,0.00691309804096818,0.09689944982528687,0.42356589436531067,0.8112440705299377,0.0,0.21159428358078003,0.0,0.15482690930366516,0.1566222459077835,0.0,0.10799307376146317,0.07062318176031113,0.0,0.13155683875083923,0.5431278944015503,0.21124865114688873,0.05948982015252113,0.0601903572678566,0.35050490498542786,0.17450456321239471,0.1510779708623886,0.0,0.0006195692694745958,0.0,0.7858744859695435,0.05372104048728943,0.032952334731817245,0.2677938938140869,0.009590073488652706,0.008970397524535656,0.010728810913860798,0.5243064165115356,0.0,0.043589722365140915,0.062155675143003464,0.0,0.0,0.038671787828207016,0.0,0.06877660751342773,0.02958986721932888,0.06475355476140976,0.10234709084033966,0.0,0.0036509111523628235,0.7273628115653992,0.10676123946905136,0.020708756521344185,0.07808363437652588,0.4798996150493622,0.0,0.06873347610235214,0.23388199508190155,0.02936197631061077,0.0,0.31102314591407776,0.1027732864022255,0.1483486443758011,0.5949151515960693,0.31249138712882996,0.1431889832019806,0.12164628505706787,0.1924905627965927,0.4482742249965668,0.6557767391204834,0.018311096355319023,0.0,0.07873855531215668,0.16201907396316528,0.0016929267439991236,0.4322824478149414,0.012584908865392208,0.039186038076877594,0.0035923724062740803,0.6259962320327759,1.4777501821517944,0.5598363876342773,0.22643457353115082,0.0,0.08582516014575958,0.5647848844528198,0.0,0.004455642309039831,0.06735513359308243,0.00018028244085144252,0.03515050560235977,0.6501597166061401,0.3935568928718567,0.18070243299007416,0.0,0.3948650360107422,0.4927642345428467,0.2192627638578415,0.057821016758680344,0.10027847439050674,0.017660705372691154,0.0,0.125228151679039,0.03531619906425476,0.0,0.005510506685823202,0.20530283451080322,0.0007666737074032426,0.016816481947898865,0.0,0.7124747037887573,0.36268994212150574,0.39184626936912537,0.21870122849941254,0.007503524422645569,0.01594020240008831,0.08812377601861954,0.002376251621171832,0.26573967933654785,1.0139695405960083,0.0,0.05825382471084595,0.047566648572683334,0.046174030750989914,0.7563055753707886,0.0,0.03819669410586357,0.39538708329200745,0.43843013048171997,0.14316411316394806,0.0873974859714508,0.19962219893932343,0.0,0.033129800111055374,0.07589726895093918,0.11255990713834763,0.4687025249004364,0.5490545630455017,0.0,0.18149660527706146,0.02671065926551819,0.09983372688293457,0.0493055135011673,0.02231081947684288,0.3951724171638489,0.17254868149757385,0.0068106697872281075,0.0007447527605108917,0.0305121298879385,0.0025127753615379333,0.24947825074195862,0.0,0.003758734557777643,0.0013164225965738297,0.08128320425748825,0.33891579508781433,0.03563106432557106,0.13704021275043488,0.6293518543243408,0.0,0.0,0.31190046668052673,0.05036046728491783,0.0,0.0,0.04452488571405411,0.0,0.05986417084932327,0.0,0.36500284075737,0.004694040864706039,0.0,0.0,0.0,0.28952500224113464,0.08777415752410889,0.0,0.0,0.7312487959861755,0.08212988078594208,0.0,0.0,0.0821152850985527,0.4724349081516266,0.2251877784729004,0.10165289789438248,0.02062343992292881,0.19896116852760315,0.28423064947128296,0.0,0.22785766422748566,0.0,0.0,0.014229404740035534,0.009760034270584583,0.011621775105595589,0.01137540303170681,1.1310020685195923,0.019706087186932564,0.017604807391762733,0.23491819202899933,0.005389244761317968,0.005670987069606781,0.0,0.01940263621509075,0.0993981584906578,0.0616544745862484,0.0,0.47703787684440613,0.8048219084739685,0.036347646266222,0.40485143661499023,0.0,0.0017769165569916368,0.015103011392056942,0.2640286087989807,0.029476577416062355,0.3477695882320404,0.22425153851509094,0.02496989630162716,0.18739445507526398,0.005248424597084522,0.12684635818004608,0.09753945469856262,0.0,0.09903555363416672,0.28682202100753784,0.0,0.022895867004990578,0.0,0.013837972655892372,0.0,0.1977476179599762,0.1831650286912918,0.804154098033905,0.03946687653660774,0.303029865026474,0.006371256895363331,0.12584245204925537,0.6187386512756348,0.010275326669216156,0.15581361949443817,0.16291354596614838,0.0,0.42493048310279846,0.001035513705573976,0.09528770297765732,0.046575259417295456,0.0037082338239997625,0.43563660979270935,0.0,0.8495249152183533,0.0,0.21107931435108185,0.10140607506036758,0.32645663619041443,0.1130019947886467,0.11899304389953613,0.20466260612010956,0.14210283756256104,0.0,0.02872624807059765,0.022269222885370255,0.20136581361293793,0.0,0.002441278425976634,0.1831863969564438,0.0,0.12599752843379974,0.0033941268920898438,0.0,0.0,0.00018302947864867747,0.0,0.6133278012275696,0.0,0.0,0.024137215688824654,0.40843087434768677,0.0,0.08662404865026474,0.06815172731876373,0.11978858709335327,0.0861431285738945,0.0,0.013957775197923183,0.22212043404579163,0.4382615089416504,0.2892816960811615,0.1888207346200943,0.0,0.23276124894618988,0.0,0.041324544697999954,0.256305456161499,0.016039889305830002,0.008374296128749847,0.5229579210281372,0.878426730632782,0.27925583720207214,0.17583978176116943,0.0,0.0,0.013233884237706661,0.08160188049077988,0.045805659145116806,0.046641264110803604,0.30654725432395935,0.6639905571937561,0.0022918449249118567,0.07962080091238022,0.11771347373723984,0.22614753246307373,0.064443439245224,0.0,0.038667526096105576,0.07582507282495499,0.044246140867471695,0.056593310087919235,0.38917049765586853,0.23310792446136475,0.049857910722494125,0.059638381004333496,0.3507311940193176
22,0.014847127720713615,0.05549310892820358,0.04484972357749939,0.0,0.0,0.0,0.29979604482650757,0.15675362944602966,0.0,0.027844134718179703,0.1864253431558609,0.011458323337137699,0.0,0.28872010111808777,0.11386097222566605,0.04713281989097595,0.011698311194777489,0.1347702145576477,0.08777546882629395,0.0,0.0,0.1279701292514801,0.0,0.5604342222213745,0.047743137925863266,0.0,0.0,0.401605486869812,0.003180675208568573,0.11415580660104752,0.01733187772333622,0.21697548031806946,0.0,0.29460692405700684,0.027202334254980087,0.03034842014312744,0.07063046842813492,0.20655617117881775,0.12734243273735046,0.32949090003967285,0.005795372650027275,0.016762766987085342,0.18472182750701904,0.0377250574529171,0.2996150255203247,0.0,0.17776715755462646,0.04058545455336571,0.0,0.09721146523952484,0.0,0.0,0.30733293294906616,0.0010963998502120376,0.0,0.1928301751613617,0.04144620895385742,0.4790341258049011,0.03129182755947113,0.012386132963001728,0.0,0.18035051226615906,0.02449902892112732,0.0,0.0,0.0,0.0,0.3051126003265381,0.03770091384649277,0.059443581849336624,0.0,0.0,0.10706070810556412,0.1993013620376587,0.0,0.05002829432487488,0.10787375271320343,0.0786156877875328,0.0,0.07800614833831787,0.06961459666490555,0.043557967990636826,0.0,0.19359439611434937,0.35321614146232605,0.01978311315178871,0.001097528263926506,0.09364944696426392,0.5535780787467957,0.2878287136554718,0.03069443628191948,0.2177271544933319,0.03920089080929756,0.12630562484264374,0.004714308772236109,0.0030801412649452686,0.2428455352783203,0.0,0.0,0.015097513794898987,0.0697178840637207,0.17675864696502686,0.0,0.5372355580329895,0.19698292016983032,0.038985878229141235,0.008396434597671032,0.17671236395835876,0.0,0.0,0.11640559881925583,0.049882158637046814,0.028917985036969185,0.13745713233947754,0.0031287800520658493,0.0,0.028257951140403748,0.13464292883872986,0.012610726058483124,0.0,0.12242289632558823,0.012358486652374268,0.008635107427835464,0.003975376486778259,0.08222167193889618,0.4046458899974823,0.0,0.0,0.1363540142774582,0.0,0.0,0.11620558053255081,0.0,0.0,0.0,0.0009637321345508099,0.0,0.0,0.06425007432699203,0.0,0.0,0.025239840149879456,0.0,0.0,0.12327076494693756,0.05948583409190178,0.0,0.045010555535554886,0.1847454309463501,0.006569211371243,0.0,0.14800426363945007,0.028600649908185005,0.0,0.0,0.11197352409362793,0.01922685094177723,0.014821972697973251,0.0011029401794075966,0.0,0.22310175001621246,0.004534360021352768,0.03733030706644058,0.0,0.017161810770630836,0.07350648939609528,0.0009543001651763916,0.006583415903151035,0.02591811865568161,0.0,0.0,0.0,0.025690920650959015,0.0,0.023772891610860825,0.3049702048301697,0.0,0.004510003142058849,0.18780486285686493,0.03854566439986229,0.017509644851088524,0.0,0.17840202152729034,0.0,0.01562155969440937,0.014517026953399181,0.09511887282133102,0.0,0.0,0.0,0.0,0.1885886937379837,0.09733659774065018,0.0,0.08713335543870926,0.2543538212776184,0.06350947171449661,0.2707640528678894,0.2977134883403778,0.0,0.14907142519950867,0.0,0.0053191473707556725,0.011475820094347,0.0,0.0,0.008283615112304688,0.08155960589647293,0.12981021404266357,0.005323493387550116,0.03002859838306904,0.17080263793468475,0.0,0.05869360640645027,0.1731719672679901,0.07469864189624786,0.18358749151229858,0.0,0.0,0.28170737624168396,0.0,0.0,0.02375858649611473,0.0,0.0670635923743248,0.0,0.12784649431705475,0.12223110347986221,0.09166157245635986,0.32749953866004944,0.004227631259709597,0.0,0.32373756170272827,0.05742151290178299,0.15967079997062683,0.026286598294973373,0.0,0.0,0.014190485700964928,0.031125172972679138,0.0,0.012449480593204498,0.005756955593824387,0.323525995016098,0.0830875113606453,0.0709274560213089,0.08567024022340775,0.0,0.0,0.0,0.0,0.35637223720550537,0.0,0.0,3.8098543882369995e-05,0.012392891570925713,0.0,0.020606040954589844,0.03145328909158707,0.0,0.03960312157869339,0.032240670174360275,0.0024644332006573677,0.07274112850427628,0.013227860443294048,0.5982808470726013,0.035539887845516205,0.05246398597955704,0.11210731416940689,0.0,0.0,0.05919291079044342,0.0596957802772522,0.0,0.2487698644399643,0.0906534418463707,0.1895616352558136,0.0,0.03584323823451996,0.0,0.1338142305612564,0.0,0.002734212204813957,0.16871844232082367,0.010483735240995884,0.20648902654647827,0.0,0.005460018292069435,0.4373261332511902,0.13452719151973724,0.01343661267310381,0.0,0.0,0.08738178759813309,0.3739527463912964,0.0,0.35599350929260254,0.23308739066123962,0.12413041293621063,0.005940059199929237,0.0,0.0718313679099083,0.018015746027231216,0.0,0.0,0.0,0.27275359630584717,0.1484372317790985,0.0,0.04810498282313347,0.23883986473083496,0.08213353902101517,0.0,0.3438971936702728,0.05982000008225441,0.011388599872589111,0.028157232329249382,0.07750417292118073,0.05924059823155403,0.0,0.002380573423579335,0.1660003364086151,0.0,0.43671858310699463,0.0969560369849205,0.0004222821444272995,0.0,0.4044864773750305,0.0,0.061714231967926025,0.0,0.23739129304885864,0.0,0.3317923843860626,0.0,0.012111199088394642,0.10466913878917694,0.04430151730775833,0.03414890542626381,0.34039628505706787,0.0021153967827558517,0.04705500602722168,0.21547701954841614,0.03313590586185455,0.2593705654144287,0.0,0.2605705261230469,0.0,0.0,0.007680184207856655,0.014085175469517708,0.0,0.4680076837539673,0.0,0.0,0.21748021245002747,0.0,0.60603928565979,0.020715897902846336,0.0,0.0,0.3038233518600464,0.07953238487243652,0.07468600571155548,0.0,0.0,0.0,0.45460745692253113,0.06094856187701225,0.07827237993478775,0.0,0.0,0.1453871876001358,0.5115773677825928,0.0,0.13626709580421448,0.08127165585756302,0.001099820714443922,0.0,0.23603108525276184,0.08673365414142609,0.0,0.0,0.2766192555427551,0.1743638515472412,0.0566718652844429,0.0,0.12071898579597473,0.5774126052856445,0.19518035650253296,0.02300511673092842,0.25596287846565247,0.06499116867780685,0.0,0.01682307943701744,0.005121075548231602,0.31888657808303833,0.0,0.0,0.057738326489925385,0.1272357851266861,0.17527979612350464,0.0,0.3455555737018585,0.23426182568073273,0.0,0.006296487059444189,0.1500864326953888,0.0,0.0,0.2169247418642044,0.075194351375103,0.0008769985288381577,0.12476226687431335,0.0,0.0,0.050379134714603424,0.06835015118122101,0.0,0.0,0.19863377511501312,0.03713062405586243,0.0019576363265514374,0.01824670098721981,0.08958455175161362,0.3599623143672943,0.0,0.0,0.09352298825979233,0.0,0.0,0.12442252039909363,0.0,0.058977313339710236,0.00037275534123182297,0.0,0.003391912905499339,0.0,0.17401908338069916,0.00017512543126940727,0.0,0.0,0.0,0.0,0.012215862981975079,0.03597531467676163,0.0,0.014968039467930794,0.32988476753234863,0.007807489484548569,0.0,0.0,0.010811915621161461,0.0,0.0,0.0,0.026828959584236145,0.028103286400437355,0.0,0.0,0.0,0.0,0.11636733263731003,0.0,0.10042742639780045,0.11306113749742508,0.0,0.0,0.08137521892786026,0.0,0.0031723137944936752,0.0068951016291975975,0.02660832181572914,0.0,0.01646443083882332,0.11741676181554794,0.0,0.0,0.23626336455345154,0.058516088873147964,0.015859682112932205,0.0,0.09229208528995514,0.0,0.0382094569504261,0.016981543973088264,0.1646217405796051,0.0,0.0,0.0,0.0,0.20850582420825958,0.26482605934143066,0.0,0.12287725508213043,0.016954101622104645,0.12109429389238358,0.05967216193675995,0.33016467094421387,0.0,0.05029129981994629,0.0,0.006418854463845491,0.03462160751223564,0.0,0.0,0.025000300258398056,0.06415598839521408,0.09579421579837799,0.00025176769122481346,0.13698385655879974,0.31837087869644165,0.0,0.0017071757465600967,0.22953689098358154,0.10200367867946625,0.16366511583328247,0.0,0.0,0.22016337513923645,0.0,0.010801752097904682,0.05580870434641838,0.0,0.13287918269634247,0.0,0.02135327458381653,0.027810702100396156,0.08158235251903534,0.29202699661254883,0.0,0.0,0.1307883858680725,0.022524086758494377,0.34814223647117615,0.03767762333154678,0.0,0.0,0.015569942072033882,0.010074217803776264,0.0,0.0,0.005402669310569763,0.09957554936408997,0.1258181780576706,0.01557752676308155,0.08796361833810806,0.0,0.0,0.0,0.0,0.4819853901863098,0.0,0.0,0.0,0.0,0.0,0.014751162379980087,0.010422985069453716,0.0,0.019477246329188347,0.07646943628787994,0.03518082946538925,0.0046099768951535225,0.0,0.6674237251281738,9.071826934814453e-05,0.10810166597366333,0.11234479397535324,0.0,0.0,0.0782475620508194,0.22346803545951843,0.0,0.08553983271121979,0.13421198725700378,0.18070892989635468,0.0,0.0296291783452034,0.0,0.08457081764936447,0.0910295620560646,0.0014741243794560432,0.20309726893901825,2.7766101993620396e-05,0.18787220120429993,0.0,0.0,0.449084997177124,0.285952627658844,0.01666386052966118,0.0,0.0,0.25322893261909485,0.3359697461128235,0.0,0.34385913610458374,0.38525599241256714,0.043353121727705,0.0,0.006301867309957743,0.03171944618225098,0.007134401239454746,0.0,0.0,0.0,0.3342907130718231,0.1846541166305542,0.0,0.04261268675327301,0.18998859822750092,0.09413958340883255,0.0,0.3868982195854187,0.08348794281482697,0.022255778312683105,0.05003912001848221,0.04484513774514198,0.021984990686178207,0.0,0.0,0.13614606857299805,0.0,0.4284071922302246,0.046430110931396484,0.0,0.0,0.4895206093788147,0.0,0.03539450839161873,0.0034657360520213842,0.31828954815864563,0.0,0.29964858293533325,0.0,0.06617715954780579,0.026420770213007927,0.09843850880861282,0.07610601931810379,0.3903692364692688,0.04532432183623314,0.1321578025817871,0.15471258759498596,0.051966071128845215,0.3427898585796356,0.0,0.3269188404083252,0.0,0.0,0.01047735195606947,0.0015724922996014357,0.0,0.4821530282497406,0.0,0.0,0.19233107566833496,0.00045045281876809895,0.7131401300430298,0.03694400563836098,0.032768312841653824,0.0,0.2840339243412018,0.13091199100017548,0.05288129672408104,0.0,0.0,0.0,0.3973715901374817,0.12340810149908066,0.12033557891845703,0.0,0.0,0.10771596431732178,0.40759149193763733,0.0,0.18755142390727997,0.07803741097450256,0.02671802043914795,0.0,0.14512580633163452,0.04029339924454689,0.0,0.0,0.2560673952102661,0.17212152481079102,0.026781626045703888,0.0,0.20137569308280945,0.515902578830719,0.2209479808807373,0.020613880828022957,0.1696975976228714,0.0393216498196125,0.03639617934823036,0.04056261479854584,0.025640029460191727,0.39231231808662415,0.0,0.0,0.1150151714682579,0.07261338829994202,0.2039504051208496,0.0,0.19579072296619415,0.2686917185783386,0.0006133437273092568,0.0029800364281982183,0.0847354307770729,0.006746463477611542,0.0,0.1900854855775833,0.040828950703144073,0.0038537157233804464,0.14787544310092926,0.013217602856457233,0.0,0.04629374295473099,0.06303887814283371,0.0,0.0,0.22288335859775543,0.03723232075572014,0.0,0.0,0.11344228684902191,0.32768672704696655,0.0,0.0,0.07891484349966049,0.0,0.0,0.12599702179431915,0.0,0.005114326719194651,0.0037256565410643816,0.019038666039705276,0.001095140934921801,0.0,0.11344113200902939,0.016003521159291267,0.0,0.0011981510324403644,0.0,0.0,0.022297292947769165,0.02042490616440773,0.0015323281986638904,0.001390535500831902,0.11176810413599014,0.0,0.0,0.01956539787352085,0.012688897550106049,0.0,0.0,0.031066130846738815,0.06597529351711273,0.004876469727605581,0.0016416575526818633,0.0,0.029467357322573662,0.0,0.03722915053367615,0.0,0.1283349245786667,0.16312803328037262,0.0025779670104384422,0.0,0.01801234856247902,0.0,0.0,0.004387979861348867,0.014254079200327396,0.0,0.05697119981050491,0.16118036210536957,0.0,0.0,0.20432206988334656,0.02076621912419796,0.010502097196877003,0.0,0.057909417897462845,0.0,0.0031598620116710663,0.08352839946746826,0.21239829063415527,0.0,0.0,0.0,0.0,0.19795460999011993,0.19293880462646484,0.0,0.1734062284231186,0.04780993610620499,0.05970681458711624,0.07868561893701553,0.21354030072689056,0.0,0.051767006516456604,0.0,0.004151021596044302,0.028788968920707703,0.0,0.0,0.004039891995489597,0.06453230232000351,0.07164076715707779,0.0,0.1883404403924942,0.2745964527130127,0.0,0.020184706896543503,0.24932529032230377,0.044559262692928314,0.20888257026672363,0.0,0.0,0.2297026813030243,0.0,0.024619119241833687,0.007578862830996513,0.0,0.05173133313655853,0.0,0.0734097808599472,0.03370131924748421,0.17122846841812134,0.2696140706539154,0.00304811610840261,0.003246365347877145,0.16880154609680176,0.05487228184938431,0.39588624238967896,0.007321858778595924,0.0,0.0,0.010035443119704723,0.00913922768086195,0.0,0.0,0.006108442321419716,0.11738259345293045,0.0538543201982975,0.04105398803949356,0.01626727357506752,0.0,0.0,0.0,0.0,0.5160143971443176,0.0,0.0,0.0,0.0,0.0,0.007081082556396723,0.008411060087382793,0.0,0.01232930738478899,0.014824247919023037,0.0013435480650514364,0.033381011337041855,0.0,0.6810722351074219,0.0,0.02089051343500614,0.06530022621154785,0.0,0.0,0.0692070946097374,0.21065932512283325,0.0,0.15707939863204956,0.18877139687538147,0.1631169319152832,0.0,0.012196519412100315,0.0,0.06399037688970566,0.016903595998883247,0.0,0.08647392690181732,0.01866847462952137,0.2250121682882309,0.0,0.0,0.4428558051586151,0.3035968244075775,0.012108630500733852,0.0,0.0,0.15910391509532928,0.315925657749176,0.0,0.3437749147415161,0.34199967980384827,0.020243095234036446,0.0,0.42446160316467285
23,0.0,0.03161059692502022,0.00622536102309823,0.0,0.0,0.0,0.35370221734046936,0.15201398730278015,0.0,0.04674272984266281,0.13705843687057495,0.05526185780763626,0.0,0.28101012110710144,0.11450622230768204,0.046580005437135696,0.031126148998737335,0.07864316552877426,0.02029356174170971,0.0,0.0,0.16359646618366241,0.0,0.47103723883628845,0.04791581630706787,0.0,0.0,0.43054038286209106,0.0,0.10521570593118668,0.0,0.2353605479001999,0.0,0.3083347678184509,0.009710920043289661,0.024553634226322174,0.05855833366513252,0.1599736511707306,0.1311933994293213,0.3689975142478943,0.0,0.027227312326431274,0.14509263634681702,0.05705585703253746,0.2758854925632477,0.0,0.22041413187980652,0.02051747776567936,0.0,0.046926721930503845,0.0,0.0,0.3113836348056793,0.0,0.0,0.15561655163764954,0.018771685659885406,0.6060494780540466,0.03776859492063522,0.0328306183218956,0.0,0.22764237225055695,0.06877189129590988,0.02965904027223587,0.0,0.0,0.0,0.2925293743610382,0.1021830216050148,0.07393296808004379,0.0,0.0,0.12525838613510132,0.3077864646911621,0.0,0.05004667490720749,0.04186837747693062,0.10920896381139755,0.0,0.14550884068012238,0.04674912989139557,0.0283183753490448,0.0,0.18740803003311157,0.27592733502388,0.017506083473563194,0.0,0.15246470272541046,0.5604473948478699,0.3819352984428406,0.028102494776248932,0.07852300256490707,0.03742114081978798,0.08397766947746277,0.00425479793921113,0.00887646246701479,0.3804180324077606,0.0,0.0,0.07738213986158371,0.006151220761239529,0.3194887936115265,0.0,0.39682257175445557,0.31385305523872375,0.015248752199113369,0.018224839121103287,0.10716562718153,0.0,0.0,0.13176913559436798,0.04529505595564842,0.02702391892671585,0.17666073143482208,0.002117709955200553,0.0,0.037974726408720016,0.05608776584267616,0.014166106469929218,0.0,0.14431487023830414,0.00791903492063284,0.0,0.0017754469299688935,0.11185307055711746,0.47884199023246765,0.0,0.0,0.0759754478931427,0.0,0.0,0.1730702817440033,0.0,0.0034784965682774782,0.0,0.0010813426924869418,0.0,0.0,0.05321827158331871,0.0,0.0,0.018352609127759933,0.0071005248464643955,0.0,0.10716076195240021,0.04520498961210251,0.0,0.011481154710054398,0.1774127185344696,0.0,0.0,0.12000587582588196,0.04139327257871628,0.0,0.0,0.07133152335882187,0.01250413991510868,0.0,0.0,0.0,0.28750327229499817,0.0,0.021259751170873642,0.0,0.09077479690313339,0.10870549082756042,0.0,0.017358237877488136,0.014477846212685108,0.0,0.0,0.0,0.024079976603388786,0.0,0.025210708379745483,0.3548561930656433,0.0,0.01372133195400238,0.1511603742837906,0.04073219746351242,0.009104824624955654,0.0,0.16035890579223633,0.0,0.017102153971791267,0.02199629880487919,0.2282022386789322,0.0,0.0,0.0,0.0003752158081624657,0.2343170940876007,0.1549796164035797,0.0,0.21491190791130066,0.2015073448419571,0.0433051735162735,0.22208860516548157,0.23069660365581512,0.0,0.10483404994010925,0.0,0.0,0.031140485778450966,0.0,0.0,0.001711166580207646,0.039862144738435745,0.05425170436501503,0.0011690817773342133,0.08858606964349747,0.2396193891763687,0.0,0.050390034914016724,0.14669643342494965,0.0833149328827858,0.23896969854831696,0.0,0.0,0.35907527804374695,0.0,0.0027861371636390686,0.0,0.0,0.052036382257938385,0.0,0.09230406582355499,0.04710059612989426,0.1340467631816864,0.3164439797401428,0.004678328055888414,0.0,0.3369561433792114,0.037305720150470734,0.2084953486919403,0.042411379516124725,0.0,0.0,0.015036193653941154,0.03847891837358475,0.00014680458116345108,0.013869578950107098,0.0021417737007141113,0.3123501241207123,0.04028411582112312,0.04794623702764511,0.06598750501871109,0.0,0.0,0.0,0.0,0.37562474608421326,0.0,0.0,0.0,0.014637519605457783,0.0,0.03301529213786125,0.029317932203412056,0.0,0.04525386542081833,0.006901920773088932,0.0,0.059391047805547714,0.0,0.6391079425811768,0.04560234025120735,0.0341622456908226,0.11533604562282562,0.0,0.0,0.06244610622525215,0.07921250909566879,0.0,0.0917990431189537,0.21868722140789032,0.21441993117332458,0.0,0.011599224992096424,0.0,0.07770887762308121,0.0,0.0,0.10066727548837662,0.0,0.2914300858974457,0.0,0.0,0.46560001373291016,0.2092493325471878,0.008825263939797878,0.0,0.0,0.07932811975479126,0.3108879625797272,0.0,0.4341419041156769,0.23120613396167755,0.071748286485672,0.0,0.5416882634162903,0.20798130333423615,0.2662208676338196,0.0,0.0,0.0,1.0151817798614502,0.0,0.007687476463615894,0.3833911120891571,0.008574907667934895,0.0,0.0,0.5910347104072571,0.0,0.009286771528422832,0.031797461211681366,0.0,0.0,0.017868485301733017,0.0,0.005202101077884436,0.03490433096885681,0.010885943658649921,0.16594313085079193,0.002946047345176339,0.0,0.7573108673095703,0.08457302302122116,0.03479490056633949,0.010237184353172779,0.563236653804779,0.0,0.005945172626525164,0.33577749133110046,0.03682831674814224,0.0,0.4683355689048767,0.061781223863363266,0.00038220908027142286,0.9565603137016296,0.31341519951820374,0.09620025753974915,0.04785769432783127,0.05707733333110809,0.6697444319725037,0.833453893661499,0.02908436208963394,0.0,0.17174343764781952,0.23679237067699432,0.017799368128180504,0.3031168282032013,0.0007998193032108247,0.07699310779571533,0.0,0.9315018057823181,1.8331695795059204,0.7444125413894653,0.2398565411567688,0.0,0.0,0.6691035628318787,0.0,0.0,0.0873865857720375,0.0018210263224318624,0.005587445106357336,0.8255873322486877,0.49270543456077576,0.3790234625339508,0.0,0.5453169941902161,0.5081740617752075,0.34983789920806885,0.0,0.24415846168994904,0.0,0.0,0.10514845699071884,0.02901189774274826,0.0,0.004890539683401585,0.2079983800649643,0.0,0.0,0.01102143432945013,0.8264026045799255,0.3188704550266266,0.41562047600746155,0.3089893162250519,0.0,0.0580042265355587,0.19683772325515747,0.0,0.5113283395767212,1.1613668203353882,0.0,0.007770908996462822,0.0001522666570963338,0.0193614698946476,0.7026661038398743,0.0,0.007349773310124874,0.5153951644897461,0.6618069410324097,0.17988085746765137,0.12752482295036316,0.2662500739097595,0.0,0.0,0.11951643228530884,0.3446751832962036,0.5295689702033997,1.036062240600586,0.0,0.22721992433071136,0.041940122842788696,0.25230488181114197,0.07628434151411057,0.0,0.7153369784355164,0.20243361592292786,0.0,0.0,0.0,0.0,0.3786470592021942,0.0,0.0003568604588508606,0.008688987232744694,0.0011408530408516526,0.6153426766395569,0.045276954770088196,0.13129590451717377,0.8938624858856201,0.0,0.0,0.3861851096153259,0.03218039125204086,0.0,0.0,0.050511106848716736,0.0,0.10378120839595795,0.0,0.6995187401771545,0.01035310234874487,0.0,0.0,0.0,0.4099135100841522,0.02441452629864216,0.0,0.0,1.2095826864242554,0.1161559596657753,0.0,0.026889128610491753,0.09963463246822357,0.6544652581214905,0.4566594362258911,0.20660609006881714,0.0,0.11996915936470032,0.26325523853302,0.0,0.4549017548561096,0.0,0.0,0.04590373858809471,0.015577699989080429,0.015657175332307816,0.04394957795739174,1.6305617094039917,0.04518449306488037,0.025149988010525703,0.4748533368110657,0.0,0.00365474377758801,0.0,0.003957320936024189,0.044352974742650986,0.024500951170921326,0.0,0.6721904873847961,1.0088274478912354,0.026550965383648872,0.7821952700614929,0.0,0.0,0.0,0.2487892508506775,0.0009642536169849336,0.4390808045864105,0.3713257610797882,0.029764117673039436,0.11204379051923752,0.0021208778489381075,0.48033010959625244,0.21520179510116577,0.0,0.12212736904621124,0.5535287261009216,0.0,0.014373896643519402,0.0,0.03374667093157768,0.0,0.29884591698646545,0.1842261701822281,0.948043942451477,0.06769970804452896,0.5200276374816895,0.0,0.061467062681913376,0.8895312547683716,0.0,0.23681220412254333,0.09617231786251068,0.0,0.6121633648872375,0.04192200303077698,0.22590668499469757,0.02272012270987034,0.0,0.8412157297134399,0.0,1.1102091073989868,0.0,0.37414121627807617,0.13676407933235168,0.47722452878952026,0.13262318074703217,0.02336915209889412,0.30786386132240295,0.5392465591430664,0.0,0.035478126257658005,0.023846281692385674,0.35487666726112366,0.0,0.003096733009442687,0.11704809963703156,0.0,0.10597465932369232,0.0,0.0,0.0,0.0,0.0,0.4555143117904663,0.0,0.0,0.0479726567864418,0.8151054978370667,0.008903443813323975,0.09689036011695862,0.06539367139339447,0.20186816155910492,0.05559519678354263,0.0,0.00819437950849533,0.2592633366584778,0.7912307977676392,0.022719040513038635,0.2114092856645584,0.0,0.20160086452960968,0.0,0.09890246391296387,0.3424542546272278,0.0,0.0,0.7940532565116882,1.2241188287734985,0.32358118891716003,0.5189617872238159,0.0,0.0,0.009715095162391663,0.08383305370807648,0.00691309804096818,0.09689944982528687,0.42356589436531067,0.8112440705299377,0.0,0.21159428358078003,0.0,0.15482690930366516,0.1566222459077835,0.0,0.10799307376146317,0.07062318176031113,0.0,0.13155683875083923,0.5431278944015503,0.21124865114688873,0.05948982015252113,0.0601903572678566,0.36304137110710144,0.16225212812423706,0.14966849982738495,0.0016680785920470953,0.006833587307482958,0.0,0.8099668025970459,0.05205468460917473,0.033376388251781464,0.28203725814819336,0.010898920707404613,0.009284050203859806,0.015529027208685875,0.5051066875457764,0.00019969241111539304,0.051725853234529495,0.07491450011730194,0.0,0.0,0.031166808679699898,0.0,0.07129904627799988,0.027358515188097954,0.04882533848285675,0.09930968284606934,0.0,0.0025063941720873117,0.7200294733047485,0.10447411239147186,0.02302473597228527,0.08838693797588348,0.4932430386543274,0.0,0.06914582848548889,0.2302408218383789,0.018770359456539154,0.0,0.3184349834918976,0.13708533346652985,0.15774671733379364,0.5907430052757263,0.2935252785682678,0.12820591032505035,0.12190718203783035,0.17573119699954987,0.4340689182281494,0.6160224080085754,0.012611359357833862,0.0,0.08848436176776886,0.17913289368152618,0.0012490657391026616,0.4162764847278595,0.001421491033397615,0.04382960498332977,0.0,0.6668530702590942,1.4428635835647583,0.5411829352378845,0.25838106870651245,0.0,0.07971461862325668,0.5787620544433594,0.0,0.01240685023367405,0.06841911375522614,0.0,0.010842773132026196,0.6717002987861633,0.4103650748729706,0.16560453176498413,0.0,0.35815027356147766,0.41987818479537964,0.20741847157478333,0.023684976622462273,0.10492070764303207,0.013707446865737438,0.005140198860317469,0.12244832515716553,0.02938900701701641,0.0,0.001755356090143323,0.1723911166191101,0.0,0.014317748136818409,0.0,0.754457414150238,0.381745308637619,0.4411790072917938,0.20839425921440125,0.0021264865063130856,0.017111267894506454,0.10090512782335281,0.0067580146715044975,0.23051659762859344,1.0330109596252441,0.0,0.06336385011672974,0.039310749620199203,0.031027017161250114,0.8732235431671143,0.0,0.03281215578317642,0.3776106536388397,0.4241304397583008,0.13864539563655853,0.07307781279087067,0.18632695078849792,0.0,0.01961715705692768,0.08251658827066422,0.12127205729484558,0.49058473110198975,0.5452743172645569,0.0,0.19324666261672974,0.0204344242811203,0.10111166536808014,0.047518182545900345,0.025670506060123444,0.38257622718811035,0.15903717279434204,0.011707518249750137,0.0012768039014190435,0.03364517539739609,0.0,0.26079708337783813,0.0,0.0005257977754808962,0.0037655329797416925,0.11679508537054062,0.34420260787010193,0.04272979125380516,0.13115695118904114,0.6393960118293762,0.0,0.0,0.28531020879745483,0.03656155243515968,0.0,0.0,0.03918028995394707,0.0,0.04876832664012909,0.0,0.37399932742118835,0.0067592463456094265,0.0,0.0,0.0,0.3204455077648163,0.10014030337333679,0.0,0.0,0.7526072263717651,0.06059776619076729,0.0,0.0,0.06855913251638412,0.520591676235199,0.21495310962200165,0.10522234439849854,0.031883206218481064,0.20142492651939392,0.28275066614151,0.0,0.2215849608182907,0.0,0.0,0.01857541874051094,0.015979284420609474,0.014230254106223583,0.00913285557180643,1.142581582069397,0.03077676147222519,0.015828054398298264,0.24175964295864105,0.0,0.015136290341615677,0.0,0.030400555580854416,0.088608019053936,0.06412523239850998,0.0,0.4945838749408722,0.8532938361167908,0.04550151154398918,0.41676172614097595,0.0,0.010464307852089405,0.0122181111946702,0.25792548060417175,0.03376459330320358,0.3766113221645355,0.2565280497074127,0.03186396136879921,0.17613038420677185,0.0,0.10570742934942245,0.10182338953018188,0.0,0.10934023559093475,0.27732589840888977,0.0018756496720016003,0.023608373478055,0.0,0.02622999995946884,0.0004627435118891299,0.21670757234096527,0.1895754039287567,0.8096739649772644,0.04237836226820946,0.29284054040908813,0.0019037298625335097,0.11486788094043732,0.6384400725364685,0.019486047327518463,0.1548404097557068,0.16441252827644348,0.0,0.4217277765274048,0.0063329110853374004,0.08382110297679901,0.03206286579370499,0.007504520006477833,0.44644924998283386,0.0,0.8504966497421265,0.0,0.19335833191871643,0.10294404625892639,0.36616984009742737,0.12043653428554535,0.0892786905169487,0.18761080503463745,0.1344069540500641,0.0,0.025934379547834396,0.032025713473558426,0.21680817008018494,0.0,0.004507244564592838,0.1812181919813156,0.0,0.11414880305528641,0.0038951097521930933,0.0,0.0,0.0030898551922291517,0.0,0.5943893194198608,0.0,0.0,0.02315269596874714,0.39798101782798767,0.0025399464648216963,0.07937085628509521,0.08053810149431229,0.13309691846370697,0.08564632385969162,0.0,0.005184641107916832,0.2311977744102478,0.4369933009147644,0.3194238245487213,0.19359861314296722,0.0,0.23336245119571686,0.0,0.027156513184309006,0.23455406725406647,0.000282437598798424,0.0133450236171484,0.5145707726478577,0.858496904373169,0.27038905024528503,0.14907027781009674,0.0,0.0,0.010164513252675533,0.07452642917633057,0.04227356240153313,0.03450951352715492,0.30579763650894165,0.6753653287887573,0.009000634774565697,0.07347423583269119,0.08589057624340057,0.20488807559013367,0.060593634843826294,0.0,0.047043897211551666,0.050132229924201965,0.036480557173490524,0.06483550369739532,0.39280611276626587,0.20395506918430328,0.036726776510477066,0.06221166253089905,0.6777150630950928
24,0.13153815269470215,0.12858760356903076,0.03004780039191246,0.0,0.0,0.0,0.5562533140182495,0.05380178242921829,0.0,0.010689820162951946,0.03480154275894165,0.00260109337978065,0.0,0.3128419816493988,0.0,0.10133884102106094,0.05611870810389519,0.0,0.0,0.0,0.0,0.05313727259635925,0.0,0.23703445494174957,0.02067524753510952,0.0,0.0,0.4913625419139862,0.011280184611678123,0.09143953025341034,0.11721061915159225,0.31382495164871216,0.0,0.282706618309021,0.09305407851934433,0.054687339812517166,0.008726174011826515,0.21744012832641602,0.001476589939557016,0.07102115452289581,0.06225984916090965,0.16409090161323547,0.08353523164987564,0.11004164069890976,0.1733936071395874,0.16816218197345734,0.2776561677455902,0.026863113045692444,0.0,0.046216439455747604,0.16113682091236115,0.0,0.15428856015205383,0.019062049686908722,0.04703988507390022,0.0,0.30243420600891113,0.7333893775939941,0.2095789760351181,0.06671468168497086,0.0,0.08180157095193863,0.14018121361732483,0.0,0.0,0.009148037992417812,0.0,0.0,0.2182289958000183,0.15299701690673828,0.0365862138569355,0.0,0.17397506535053253,0.1411513388156891,0.0771331712603569,0.04741378873586655,0.009152904152870178,0.0588875412940979,0.0,0.1588183045387268,0.00938901025801897,0.06765460968017578,0.0,0.13808095455169678,0.0011169823119416833,0.0,0.058433063328266144,0.28909072279930115,0.33238694071769714,0.41317516565322876,0.03734861686825752,0.0,0.02431419864296913,0.07341345399618149,0.0,0.016532711684703827,0.5905753374099731,0.0,0.005387780722230673,0.0,0.0,0.3674263060092926,0.0,0.26546066999435425,0.41535863280296326,0.2449435591697693,0.05567939952015877,0.008707800880074501,0.005539460573345423,0.0,0.0,0.06696517765522003,0.04628325626254082,0.2565564215183258,0.0803874060511589,0.0,0.03540181741118431,0.0,0.09012733399868011,0.021488627418875694,0.0,0.056905072182416916,0.0,0.008996901102364063,0.0,0.32387545704841614,0.0,0.027254806831479073,0.0,0.033114347606897354,0.0,0.16968075931072235,0.03239649161696434,0.0028584820684045553,0.0330452062189579,0.13951373100280762,0.0,0.0,0.05075351893901825,0.010137014091014862,0.0,0.0,0.013710932806134224,0.0,0.14939726889133453,0.0,0.04916941747069359,0.0,0.007824589498341084,0.0,0.05180671811103821,0.15970702469348907,0.09217426925897598,0.0,0.0,0.31081023812294006,0.01859320141375065,0.0,0.03400709107518196,0.03834942728281021,0.30184850096702576,0.2095961570739746,0.013509219512343407,0.0,0.13388940691947937,0.11398546397686005,0.0,0.1704460084438324,0.0,0.0,0.0,0.002265953691676259,0.022037873044610023,0.02868298813700676,0.2555587887763977,0.11340128630399704,0.026940813288092613,0.1474878191947937,0.0,0.02282305806875229,0.0,0.0,0.22601720690727234,0.0,0.0,0.2037024348974228,0.33564332127571106,0.0,0.08683321624994278,0.0,0.0,0.0,0.14073991775512695,0.008201501332223415,0.28719282150268555,0.09654376655817032,0.02784579247236252,0.21012119948863983,0.0,0.04135638475418091,0.12204794585704803,0.0,0.03324095532298088,0.09259480237960815,0.0,0.0,0.0,0.0,0.0,0.09389567375183105,0.05115225166082382,0.37553492188453674,0.04071866348385811,0.2569482922554016,0.0,0.07176444679498672,0.40695667266845703,0.0007231479394249618,0.028414223343133926,0.2533780038356781,0.0,0.07320413738489151,0.0,0.0003991533594671637,0.013262348249554634,0.0,0.058382511138916016,0.0,0.36639687418937683,0.0,0.010631314478814602,0.0,0.33714237809181213,0.07933700084686279,0.07300762087106705,0.13905219733715057,0.05063137784600258,0.0,0.03970684856176376,0.08612551540136337,0.0627865344285965,0.0,0.0,0.34194737672805786,0.0,0.019089147448539734,0.05012441426515579,0.0,0.0,0.0,0.0,0.2785615026950836,0.0,0.0,0.01285085640847683,0.15001901984214783,0.0,0.07677320390939713,0.05956804007291794,0.005413317121565342,0.15919899940490723,0.0,0.0,0.16626282036304474,0.21273648738861084,0.10866978019475937,0.11625723540782928,0.0,0.18332929909229279,0.0,0.006549063138663769,0.08812972158193588,0.0012092192191630602,0.0,0.3314476013183594,0.5888422727584839,0.21927380561828613,0.06503534317016602,0.0,0.0,0.0,0.002769127953797579,0.013730060309171677,0.007652553729712963,0.046891529113054276,0.4589390456676483,0.0,0.06468583643436432,0.23182375729084015,0.16791141033172607,0.021466994658112526,0.0,0.003176826983690262,0.0,0.23012106120586395,0.0,0.5445550084114075,0.04758678004145622,0.002124018734320998,0.024829111993312836,0.19583147764205933,0.1679881066083908,0.06608352810144424,0.0,0.0,0.0,0.5136561393737793,0.10942292213439941,0.0,0.021956445649266243,0.1356654167175293,0.0,0.0,0.34977492690086365,0.0,0.05381631851196289,0.04458675533533096,0.0,0.0,0.0,0.0,0.08485563099384308,0.0,0.24984969198703766,0.025035832077264786,0.0,0.0,0.4585268795490265,4.8040667024906725e-05,0.11346324533224106,0.08725404739379883,0.3037387728691101,0.0,0.29535943269729614,0.1347828358411789,0.024163836613297462,0.04931982234120369,0.1752166599035263,0.02895415760576725,0.11272820085287094,0.10191122442483902,0.11145810037851334,0.1474645435810089,0.05318759009242058,0.15440025925636292,0.159063458442688,0.19212675094604492,0.014545287005603313,0.0,0.06359324604272842,0.1374610811471939,0.0,0.24977156519889832,0.024121755734086037,0.024002758786082268,0.0006960695027373731,0.316399484872818,0.7342823147773743,0.28684836626052856,0.04996828734874725,0.0,0.062490902841091156,0.17960131168365479,0.0,0.0,0.009247420355677605,6.391243368852884e-05,0.0831761583685875,0.2202446311712265,0.215547114610672,0.054830677807331085,0.0,0.15049989521503448,0.14869330823421478,0.06784181296825409,0.04091694951057434,0.00484122708439827,0.02617727406322956,0.0,0.16192233562469482,0.02745189517736435,0.016390692442655563,0.0,0.15816299617290497,0.11884800344705582,0.010702984407544136,0.06790798157453537,0.3175521492958069,0.3794527053833008,0.3444646894931793,0.0661163330078125,0.0709710419178009,0.046725139021873474,0.04250650852918625,0.0,0.034481413662433624,0.5683425068855286,0.0,0.0004412514972500503,0.0,0.01773158833384514,0.41502395272254944,0.0,0.343743234872818,0.3018072247505188,0.31298893690109253,0.06979164481163025,0.06045413762331009,0.027597537264227867,0.0,0.03560146689414978,0.0811249390244484,0.03132741525769234,0.2503454387187958,0.10090357810258865,0.0,0.08119259029626846,0.043222825974226,0.06492634117603302,0.028231225907802582,0.0,0.07823850959539413,0.0,0.02166161499917507,0.0,0.2391599863767624,0.0,0.014115666970610619,0.031232813373208046,0.056937236338853836,0.0,0.19108431041240692,0.03691112622618675,0.004156370181590319,0.004226158373057842,0.16463477909564972,0.0,0.0,0.10131416469812393,0.0,0.0,0.0,0.01470328401774168,0.0,0.14106485247612,0.0,0.0944879949092865,0.0256611630320549,0.10309308767318726,0.0,0.041750259697437286,0.11108571290969849,0.07220233976840973,0.0,0.0,0.37621021270751953,0.02618911862373352,0.0,0.051864754408597946,0.04612522944808006,0.2239481657743454,0.22461068630218506,0.025309525430202484,0.0,0.053841277956962585,0.116849385201931,0.004338685888797045,0.09722121804952621,0.0,0.0,0.0,0.0,0.020971225574612617,0.03618583828210831,0.3105771541595459,0.08425424247980118,0.04027177765965462,0.08480583131313324,0.017865074798464775,0.056289684027433395,0.0013573847245424986,0.0,0.15599747002124786,0.0,0.0,0.1861094981431961,0.30587735772132874,0.0,0.09886854887008667,0.0,0.0,0.057756587862968445,0.1779099702835083,0.007284694351255894,0.22502455115318298,0.13794508576393127,0.06425800174474716,0.17904889583587646,0.1108141541481018,0.0799105316400528,0.079033263027668,0.0,0.06926246732473373,0.07762641459703445,0.0,0.0,0.0,0.007140768226236105,0.036744147539138794,0.17019625008106232,0.04900335893034935,0.3489031493663788,0.00891771912574768,0.19605019688606262,0.05112652853131294,0.05522565543651581,0.36934489011764526,0.0,0.052040643990039825,0.21677803993225098,0.008752405643463135,0.0748344138264656,0.0005077902460470796,0.0007362460601143539,0.02411177009344101,0.0,0.03060240112245083,0.05951180309057236,0.3536507189273834,0.04964257404208183,0.028809206560254097,0.007713879458606243,0.3315185010433197,0.07232052087783813,0.0215611569583416,0.10092532634735107,0.10192570090293884,0.0,0.029418019577860832,0.09004739671945572,0.09065502882003784,0.0026386675890535116,0.0,0.26015573740005493,0.011717962101101875,0.04651918262243271,0.08905250579118729,0.0,0.0,0.0,0.0,0.3143148124217987,0.0,0.0,0.04445341229438782,0.09756544977426529,0.0,0.07002165913581848,0.09256625175476074,0.008960896171629429,0.0900493860244751,0.0,0.0,0.13215526938438416,0.1987939327955246,0.17459125816822052,0.07664231210947037,0.018919315189123154,0.1413787305355072,0.0,0.0005642016767524183,0.050249405205249786,0.004513292107731104,0.0,0.37195467948913574,0.49701058864593506,0.21290268003940582,0.08423614501953125,0.0,0.0008097352110780776,0.0,0.011516581289470196,0.01512960996478796,0.0767209380865097,0.05649842694401741,0.42081019282341003,0.0,0.06900463998317719,0.2506704330444336,0.13701286911964417,0.024546945467591286,0.0,0.015414522960782051,0.0,0.25544416904449463,0.0013623973354697227,0.46463093161582947,0.11863178759813309,0.04149715229868889,0.031182078644633293,0.1877010613679886,0.11690737307071686,0.03696749359369278,0.0,0.0,0.0,0.5781054496765137,0.05975458770990372,0.0,0.04022236168384552,0.021126698702573776,0.002536868443712592,0.0002847920695785433,0.3608670234680176,0.0,0.06222027912735939,0.09671936929225922,0.0,0.0,0.0,0.0,0.07396511733531952,0.01339265052229166,0.18865832686424255,0.02013329043984413,0.0,0.0,0.5563271641731262,0.007560938596725464,0.03875478357076645,0.0963517278432846,0.3866729736328125,0.0,0.2766888737678528,0.1088235080242157,0.09826558083295822,0.0,0.15045765042304993,0.017358198761940002,0.08707816898822784,0.10109476745128632,0.2513295114040375,0.06971268355846405,0.13865560293197632,0.19539213180541992,0.23694638907909393,0.2817069888114929,0.032891660928726196,0.0,0.048324402421712875,0.1821187138557434,0.0,0.2139684408903122,0.010470048524439335,0.04009092226624489,0.0,0.3496103286743164,0.8458530306816101,0.28437161445617676,0.12576618790626526,0.0,0.10683786869049072,0.21774563193321228,0.0,0.0041874167509377,0.06318894773721695,0.0,0.00012952515680808574,0.2985513210296631,0.22147810459136963,0.054018862545490265,0.0,0.11780567467212677,0.12527889013290405,0.0754164606332779,0.08866020292043686,0.01285750512033701,0.030504312366247177,0.0006220486247912049,0.11405034363269806,0.012153232470154762,0.025056790560483932,0.0,0.18245847523212433,0.012434967793524265,0.0019506848184391856,0.06317860633134842,0.4294406473636627,0.2832048535346985,0.3528752028942108,0.024690963327884674,0.0,0.02389923296868801,0.07426504045724869,0.04063337296247482,0.054542895406484604,0.6877834796905518,0.0,0.020658589899539948,0.021795039996504784,0.0,0.4177355468273163,0.0,0.20556974411010742,0.4066908657550812,0.28855100274086,0.06741795688867569,0.01137141976505518,0.016657382249832153,0.0,0.00014705264766234905,0.0496545135974884,0.03050892800092697,0.3003228008747101,0.1319744735956192,0.0,0.05816211178898811,0.0019230786710977554,0.0740547776222229,0.02247236855328083,0.01602995954453945,0.0943695604801178,0.017227865755558014,0.008154165931046009,0.0,0.16975510120391846,0.0003962320042774081,0.02985440380871296,0.0,0.03104432113468647,0.0,0.15590520203113556,0.04245597869157791,0.0009325613500550389,0.03245265781879425,0.20497530698776245,0.0,0.0,0.07416453957557678,0.042619120329618454,0.0,0.0,0.010007643140852451,0.0,0.12729211151599884,0.0,0.084947869181633,0.0,0.001422958797775209,0.0,0.04750353842973709,0.10565546900033951,0.07873886078596115,0.0028721834532916546,0.0,0.32899507880210876,0.03523176535964012,0.0,0.03583325073122978,0.04988376423716545,0.2565300762653351,0.2973358929157257,0.008919237181544304,0.0,0.15956786274909973,0.15273712575435638,0.0,0.15999624133110046,0.0,0.0,0.007925407961010933,0.005439894273877144,0.011999160051345825,0.04205303639173508,0.34974002838134766,0.0841325968503952,0.008173029869794846,0.1409854143857956,0.000881982734426856,0.013403276912868023,0.0,0.0013938642805442214,0.19672831892967224,0.0013792103854939342,0.0,0.3130702078342438,0.40960952639579773,0.0,0.12201813608407974,0.0,0.0,0.00022855827410239726,0.14853309094905853,0.011819332838058472,0.29846224188804626,0.10460933297872543,0.020798591896891594,0.12369474023580551,0.0,0.05274347960948944,0.0826084092259407,0.0,0.10971946269273758,0.07590454071760178,0.0011945909354835749,0.008736414834856987,0.0,0.0,0.0,0.11323222517967224,0.10268308967351913,0.43041858077049255,0.018895339220762253,0.21630501747131348,0.018223879858851433,0.03235124424099922,0.41790226101875305,0.011384429410099983,0.039722979068756104,0.22060896456241608,0.0,0.08693176507949829,0.0,0.001762687461450696,0.011620845645666122,0.004205597564578056,0.0743907168507576,0.0,0.4779568612575531,0.0021156654693186283,0.02762392722070217,0.015898488461971283,0.31894856691360474,0.09599464386701584,0.12120287120342255,0.17144791781902313,0.07407788187265396,0.0,0.04543627053499222,0.09060391783714294,0.07180818915367126,0.0,5.725469600292854e-05,0.2890010476112366,0.0,0.04366857931017876,0.01017370168119669,0.0,0.0,0.0,0.0,0.32842737436294556,0.0,0.0,0.0066856020130217075,0.1386430859565735,0.0,0.06990431249141693,0.10724785178899765,0.024785013869404793,0.12754924595355988,0.0,0.0,0.1285068690776825,0.27095162868499756,0.11854512244462967,0.08331409841775894,0.0,0.17827515304088593,0.0006097254808992147,0.015597394667565823,0.05822315812110901,0.008170419372618198,0.0,0.4281209409236908,0.5943471789360046,0.20652878284454346,0.08832497149705887,0.0,0.01285266038030386,0.0,0.03952586650848389,0.013070637360215187,0.008787148632109165,0.1399344801902771,0.4708077609539032,0.007711376529186964,0.061924196779727936,0.18255726993083954,0.19527815282344818,0.03545268625020981,0.0,0.05455842614173889,0.0,0.17999044060707092,0.021545296534895897,0.44436347484588623,0.0647355318069458,0.008368104696273804,0.012539040297269821,-0.41690734028816223
25,0.08555958420038223,0.12197568267583847,0.2657015025615692,0.0,0.0,0.0,0.554180920124054,0.021581020206212997,0.017007816582918167,0.21662405133247375,0.038197752088308334,0.0,0.0,0.3360939621925354,0.0,0.06665964424610138,0.0,0.0,0.0,0.002113375812768936,0.0,0.007220244500786066,0.015379172749817371,0.3887833058834076,0.102030910551548,0.0010325330076739192,0.0,0.6312861442565918,0.045153792947530746,0.010146803222596645,0.059204887598752975,0.33228492736816406,0.0,0.07084959000349045,0.12692604959011078,0.045857563614845276,0.0,0.407912015914917,0.1568085253238678,0.0225753765553236,0.3744402229785919,0.14112697541713715,0.14026446640491486,0.022651849314570427,0.22281070053577423,0.27632641792297363,0.29302582144737244,0.016876500099897385,0.0,0.21918454766273499,0.09299203008413315,0.0036158524453639984,0.27891597151756287,0.005374039988964796,0.07116185128688812,0.0,0.41538572311401367,0.9314582943916321,0.2796251177787781,0.05751028284430504,0.0,0.0019695856608450413,0.12170346081256866,0.0,0.0,0.0,0.0,0.0763348862528801,0.2722720503807068,0.11276166886091232,0.14645832777023315,0.0,0.2893589437007904,0.3741455078125,0.04340989515185356,0.021139616146683693,0.2529618740081787,0.1186448335647583,0.0,0.0010672964854165912,0.07905300706624985,0.020018666982650757,0.0,0.17820706963539124,0.20426733791828156,0.012238740921020508,0.0,0.27588608860969543,0.4460205137729645,0.22320733964443207,0.14955686032772064,0.013567081652581692,0.003707310650497675,0.2024647742509842,0.0,0.2945483326911926,0.4101978838443756,0.0,0.0,0.0,0.04244392737746239,0.2840019762516022,0.00411278335377574,0.31425219774246216,0.2280573844909668,0.12307335436344147,0.09157802164554596,0.2031387835741043,0.026713285595178604,0.0,0.0,0.07896634191274643,0.14438621699810028,0.3046388328075409,0.4688125550746918,0.0,0.07591549307107925,0.18129348754882812,0.10110453516244888,0.06893303245306015,0.0,0.4285569190979004,0.2511771321296692,0.0026447863783687353,0.0,0.0020820030476897955,0.0,0.30782973766326904,0.0,0.005357574671506882,0.0,0.03129344806075096,0.21093177795410156,0.07609601318836212,0.07444217056035995,0.24039311707019806,0.0,0.0,0.1519589126110077,0.0,0.0,0.0,0.10135243088006973,0.0,0.1860274374485016,0.0,0.19337835907936096,0.0028471872210502625,0.0,0.0,0.0,0.3886139392852783,0.016819126904010773,0.0,0.0,0.774865448474884,0.08855872601270676,0.0,0.0017891466850414872,0.018777329474687576,0.4813806712627411,0.06210532411932945,0.1007334366440773,0.0,0.0007535979384556413,0.09028535336256027,0.0,0.08702776581048965,0.0,0.0,0.036823149770498276,0.0,0.0,0.00760143855586648,0.5416900515556335,0.18172045052051544,0.017451245337724686,0.20712952315807343,0.0,0.007264137268066406,0.0,0.019961338490247726,0.19897539913654327,0.05118269473314285,0.0,0.2572493553161621,0.35811975598335266,0.016123278066515923,0.4241897761821747,0.0,0.0,0.0,0.012896138243377209,0.030953455716371536,0.12596027553081512,0.512128472328186,0.04305853322148323,0.3555532693862915,0.05528116971254349,0.09849698841571808,0.20765426754951477,0.0,0.021168846637010574,0.2402060478925705,0.0,0.0,0.0,0.07784321159124374,0.05353492125868797,0.10897692292928696,0.04056359454989433,0.3583240211009979,0.02623583748936653,0.32427823543548584,0.004896427039057016,0.07091834396123886,0.4582730233669281,0.0,0.06341103464365005,0.22205977141857147,0.005846045445650816,0.2567245662212372,0.034743890166282654,0.0548991933465004,0.013052741065621376,0.038681820034980774,0.570581316947937,0.0036336169578135014,0.4904848039150238,0.0,0.15490292012691498,0.1085275411605835,0.5043468475341797,0.19228427112102509,0.02460399642586708,0.13433824479579926,0.04553646966814995,0.0,0.02135668694972992,0.0024436318781226873,0.1435951292514801,0.005415624938905239,0.0007463902584277093,0.26009079813957214,0.0,0.13062314689159393,0.021742774173617363,0.0,0.0,0.0,0.0,0.28524693846702576,0.0,0.0,0.02518092468380928,0.49875590205192566,0.0,0.0016351882368326187,0.017628444358706474,0.17282985150814056,0.08895856887102127,0.0,0.05073035880923271,0.20874564349651337,0.34945476055145264,0.2417229264974594,0.09288235008716583,0.0,0.08240842074155807,0.0,0.0,0.17382189631462097,0.0,0.0,0.9008073806762695,0.376160591840744,0.21095295250415802,0.09500398486852646,0.0,0.0,0.035066377371549606,0.01199956052005291,0.06941776722669601,0.1840866655111313,0.1734108179807663,0.3803858757019043,0.0,0.055089958012104034,0.1297026127576828,0.058198411017656326,0.06397438794374466,0.0,0.0018858835101127625,0.04392554238438606,0.1822126805782318,0.0,0.34922048449516296,0.1641208529472351,0.1791517436504364,0.1352359652519226,0.0,0.07715131342411041,0.05232983082532883,0.0,0.0,0.0,0.310663104057312,0.15392254292964935,0.0,0.01219667587429285,0.18673762679100037,0.032605379819869995,0.0,0.337782621383667,0.0,0.01334286667406559,0.008154273964464664,0.0032038409262895584,0.021348144859075546,0.0,0.0,0.15904100239276886,0.0,0.46441662311553955,0.02930719032883644,0.003027751110494137,0.0,0.4817729890346527,0.0,0.013680960983037949,0.0,0.21863679587841034,0.0,0.3533931374549866,0.0022717833053320646,0.06205572187900543,0.11029936373233795,0.11406728625297546,0.0,0.24545162916183472,0.0,0.18827638030052185,0.12693683803081512,0.11970527470111847,0.3095019459724426,0.0,0.21057769656181335,0.0024565402418375015,0.0,0.06287043541669846,0.03188205137848854,0.0,0.247951477766037,0.0,0.0,0.12278907001018524,0.006440106313675642,0.5465894937515259,0.020954106003046036,0.0,0.0,0.3211436867713928,0.020438045263290405,0.0,0.0,0.0,0.0,0.21987640857696533,0.011007602326571941,0.013535289093852043,0.0,0.0,0.14861829578876495,0.2389986515045166,0.0,0.18078170716762543,0.059144966304302216,0.09459415078163147,0.0,0.22166655957698822,0.07209870964288712,0.0010217460803687572,0.0,0.26106858253479004,0.10125657916069031,0.033884476870298386,0.0,0.05174585431814194,0.4755078852176666,0.16851824522018433,0.01760760322213173,0.05401819571852684,0.047684796154499054,0.084811732172966,0.02635398879647255,0.0,0.2716040015220642,0.0,0.0,0.04767611622810364,0.0,0.02444402500987053,0.0,0.3277808427810669,0.2992042601108551,0.002136480063199997,0.0344037190079689,0.043878939002752304,0.0,0.0,0.06868065893650055,0.05602439492940903,0.03498957306146622,0.0974908322095871,0.0,0.0,0.011711889877915382,0.03701594099402428,0.011926300823688507,0.0,0.07171474397182465,0.019456567242741585,0.0,0.0027722585946321487,0.015057944692671299,0.3793424963951111,0.0,0.0,0.0,0.0,0.0,0.03432650864124298,0.0,0.029309134930372238,1.6522593796253204e-05,0.0,0.0,0.0,0.16029669344425201,0.016595372930169106,0.0,0.005128323100507259,0.0029658153653144836,0.0,0.046634696424007416,0.0,0.0,0.039433613419532776,0.24594806134700775,0.0,0.01906036213040352,0.005710459314286709,0.03054220788180828,0.0,0.0,0.014565307646989822,0.091872438788414,0.0,0.0069878678768873215,0.0,0.020789818838238716,0.0,0.0456404946744442,0.0,0.1563643366098404,0.07951807975769043,0.012288779951632023,0.018985800445079803,0.01504499837756157,0.0,0.0,0.0,0.027386462315917015,0.0,0.0,0.15413713455200195,0.0,0.0,0.11530216038227081,0.03289139270782471,0.0,0.0,0.15222322940826416,0.0,0.005469050258398056,0.015165169723331928,0.13095541298389435,0.0,0.0,0.0,0.0,0.06668292731046677,0.16969649493694305,0.0,0.0885346531867981,0.06863614916801453,0.07514263689517975,0.14102643728256226,0.19817766547203064,0.0,0.051476139575242996,0.0,0.017494631931185722,0.004756416194140911,0.0,0.0,0.002987462095916271,0.0,0.0,0.0,0.08167773485183716,0.19234919548034668,0.0,0.09764408320188522,0.1373240202665329,0.09468267858028412,0.27345219254493713,0.0,0.0,0.28750672936439514,0.0,0.0029862523078918457,0.0,0.0,0.038355886936187744,0.0,0.020915476605296135,0.0,0.04871159791946411,0.14840592443943024,0.0,0.0,0.20769047737121582,0.11387951672077179,0.3251568675041199,0.08889150619506836,0.0,0.0005190700758248568,0.03109733574092388,0.0,0.0,0.016940981149673462,0.0,0.28948327898979187,0.018049929291009903,0.0046009765937924385,0.046175915747880936,0.0,0.0,0.0,0.0,0.2889400124549866,0.0,0.0,0.0,0.03175976127386093,0.0,0.018369141966104507,0.00909520499408245,0.0,0.07756859809160233,0.0,0.0009705177508294582,0.045897819101810455,0.0,0.4560942053794861,0.043459415435791016,0.026999972760677338,0.13595324754714966,0.0,0.0,0.08842077106237411,0.13452334702014923,0.0,0.35038304328918457,0.2066914588212967,0.26008033752441406,0.0,0.0,0.013458575122058392,0.002414525020867586,0.0322391502559185,0.020351234823465347,0.08766894787549973,0.003427803749218583,0.17532342672348022,0.0,0.0,0.44411665201187134,0.3336230516433716,0.02015344426035881,0.0,0.0,0.012637097388505936,0.34250372648239136,0.0,0.3864288628101349,0.1599828600883484,0.06144672632217407,0.0,0.13976608216762543,0.09924475103616714,0.09316304326057434,0.00596599280834198,0.0,0.0,0.560985267162323,0.06979184597730637,0.011487754061818123,0.15735605359077454,0.07409358769655228,0.0005409283912740648,0.0,0.45623287558555603,0.0,0.005518673919141293,0.03767886012792587,0.00038538433727808297,0.011723583564162254,0.016061238944530487,0.0,0.0319882370531559,0.04773569107055664,0.22476525604724884,0.06775424629449844,0.0014626107877120376,0.0,0.625644862651825,0.027320444583892822,0.022362491115927696,0.02961893379688263,0.38379308581352234,0.0,0.1092071533203125,0.19024619460105896,0.08931013196706772,0.002263968577608466,0.23179085552692413,0.08946282416582108,0.11053302139043808,0.2900333106517792,0.23732662200927734,0.1701342612504959,0.0979507640004158,0.25288763642311096,0.22878721356391907,0.4006253778934479,0.0007109418511390686,0.0,0.07092878222465515,0.019007151946425438,0.019539201632142067,0.40226832032203674,0.007722827605903149,0.011884460225701332,0.001444376539438963,0.44916483759880066,0.9856094121932983,0.3652269244194031,0.0817422866821289,0.0,0.06443869322538376,0.30628135800361633,0.0,0.0,0.046307191252708435,0.0010730262147262692,0.16145725548267365,0.35708653926849365,0.30950719118118286,0.046799011528491974,0.0,0.20386570692062378,0.3460000455379486,0.1256992369890213,0.07356531172990799,0.11804507672786713,0.053808268159627914,0.042809102684259415,0.09487500041723251,0.06290683895349503,0.0,0.013227159157395363,0.19172385334968567,0.1500350385904312,0.019992288202047348,0.002736325841397047,0.411354124546051,0.3346502184867859,0.2627002000808716,0.07561545819044113,0.11404555290937424,0.06063395366072655,0.06251705437898636,0.014318090863525867,0.1609940528869629,0.6066619753837585,0.0,0.008164980448782444,0.010032379068434238,0.060307715088129044,0.40083399415016174,0.00019543794041965157,0.18572549521923065,0.2657510042190552,0.2699543237686157,0.08654362708330154,0.11958495527505875,0.05746037885546684,0.0,0.019972680136561394,0.03601015731692314,0.06637763977050781,0.2578020989894867,0.27193403244018555,0.0,0.13378466665744781,0.12213614583015442,0.0422401949763298,0.029946783557534218,0.0,0.2556305527687073,0.11039993166923523,0.0,0.012214923277497292,0.030885353684425354,0.0,0.10661645233631134,0.03468642383813858,0.005886181257665157,0.0,0.029404127970337868,0.13837561011314392,0.038758158683776855,0.038629502058029175,0.23137709498405457,0.0,0.0006651545409113169,0.24835221469402313,0.04704675078392029,0.0,0.0,0.0056776790879666805,0.0,0.07857931405305862,0.0,0.15531955659389496,0.010722442530095577,0.03704545274376869,0.0,0.0,0.22049927711486816,0.022369809448719025,0.0,0.0,0.4857443571090698,0.13045181334018707,0.0,0.024653451517224312,0.009900218807160854,0.24789193272590637,0.19582848250865936,0.08048838376998901,0.0,0.14291365444660187,0.13306045532226562,0.0011624456383287907,0.11299974471330643,0.028502611443400383,0.0,0.028402917087078094,0.0013023006031289697,0.02507498487830162,0.03532850369811058,0.5644534826278687,0.08814370632171631,0.01581728830933571,0.09260722994804382,0.0077790250070393085,0.0023951143957674503,0.0,0.017609771341085434,0.12091781198978424,0.025619110092520714,0.008123023435473442,0.2763015627861023,0.4374884366989136,0.0011720753973349929,0.2573748826980591,0.0,0.0,0.026695219799876213,0.11956968158483505,0.004040050785988569,0.23732700943946838,0.2402666062116623,0.1101316437125206,0.11395517736673355,0.10117170214653015,0.19491446018218994,0.04989481344819069,0.0,0.09298165887594223,0.19716604053974152,0.0,0.0054603987373411655,0.0047185965813696384,0.0027411936316639185,0.09351054579019547,0.15342526137828827,0.13005566596984863,0.42707359790802,0.003349380102008581,0.2543639540672302,0.07626401633024216,0.06270067393779755,0.44479063153266907,0.00998952891677618,0.044156137853860855,0.14193718135356903,0.0,0.22087234258651733,0.02539612166583538,0.0561210922896862,0.0437084324657917,0.003917967434972525,0.2613353133201599,0.08894908428192139,0.5143723487854004,0.04431437328457832,0.09219693392515182,0.038915298879146576,0.273547887802124,0.14059454202651978,0.10970111936330795,0.12332998961210251,0.15996532142162323,0.0,0.005657237954437733,0.0034184169489890337,0.13406671583652496,0.011681673116981983,0.005357766058295965,0.12490636110305786,0.06986606866121292,0.15196441113948822,0.03021339885890484,0.0,0.0,0.002355304779484868,0.0,0.45407065749168396,0.0,0.0,0.04048428311944008,0.20187591016292572,0.0,0.0362359918653965,0.06898165494203568,0.03185253217816353,0.026251496747136116,0.0,0.03257082775235176,0.121375672519207,0.262853741645813,0.26199427247047424,0.06805099546909332,0.018298113718628883,0.1351054310798645,0.0,0.0039094300009310246,0.1548401266336441,0.002099798060953617,0.0,0.5987644791603088,0.4766242802143097,0.2084285020828247,0.14015324413776398,0.0,0.0,0.02000802755355835,0.05204812064766884,0.03162179887294769,0.13034619390964508,0.2004118263721466,0.4128054976463318,0.0,0.042382534593343735,0.1811087280511856,0.17125055193901062,0.06450245529413223,0.0,0.03338296711444855,0.0407102070748806,0.14987187087535858,0.04606388136744499,0.3110397160053253,0.21706759929656982,0.07076866179704666,0.04474275931715965,0.4148028790950775
26,0.0,0.05932925269007683,0.03235556557774544,0.0,0.0,0.0,0.4257378578186035,0.12299922853708267,0.0,0.008388910442590714,0.09966904670000076,0.011791544035077095,0.0,0.2796831727027893,0.0,0.07691676169633865,0.022831309586763382,0.006025059148669243,0.0,0.0,0.0,0.10844731330871582,0.0,0.41518592834472656,0.029925810173153877,0.0,0.0,0.4514228403568268,0.0,0.0478677898645401,0.020838003605604172,0.23196600377559662,0.0,0.2995498776435852,0.005732339806854725,0.06790250539779663,0.05939936637878418,0.16976574063301086,0.03864775970578194,0.2356370985507965,0.0,0.10571733862161636,0.09973226487636566,0.06740159541368484,0.2783487141132355,0.010238590650260448,0.20389001071453094,0.03689182549715042,0.0,0.09256070852279663,0.054090194404125214,0.0,0.16018980741500854,0.0,0.0074836136773228645,0.020116468891501427,0.04707938805222511,0.5082555413246155,0.056413840502500534,0.01972316950559616,0.0,0.20449398458003998,0.03317580744624138,0.0,0.0,0.0,0.0,0.054270029067993164,0.03645430505275726,0.06392461061477661,0.0,0.0,0.14137892425060272,0.12036502361297607,0.0,0.06896506249904633,0.04189208522439003,0.11077287793159485,0.0,0.13288551568984985,0.042401399463415146,0.052221380174160004,0.0,0.16440095007419586,0.09850500524044037,0.02979953959584236,0.00020233448594808578,0.1325562596321106,0.42232614755630493,0.2994224727153778,0.017817888408899307,0.0,0.05688152834773064,0.10078435391187668,0.009576226584613323,0.002518198685720563,0.3527146577835083,0.0,0.0,0.006228077225387096,0.0,0.15987277030944824,0.0,0.38986116647720337,0.2983805537223816,0.028356505557894707,0.01847221702337265,0.06707514822483063,0.0,0.0,0.0007798081496730447,0.05747596174478531,0.0345136821269989,0.15996187925338745,0.0,0.0,0.030046803876757622,0.009839728474617004,0.035423509776592255,0.016423393040895462,0.00616725068539381,0.008526597172021866,0.0,0.0,0.0,0.3741344213485718,0.0,0.0,0.0,0.0,0.0,0.0627286285161972,0.0,0.034715745598077774,0.007755976635962725,0.0,0.0,0.0,0.0739750936627388,0.014665970578789711,0.0,0.0,0.01847076416015625,0.0,0.10224633663892746,0.02101670578122139,0.0,0.01619229093194008,0.11056739091873169,0.0,0.02128177508711815,0.0774611085653305,0.06893043220043182,0.0,0.0,0.08354371786117554,0.020459916442632675,0.0,0.0030762283131480217,0.00014550425112247467,0.13770577311515808,0.011293429881334305,0.020504171028733253,0.0,0.11047389358282089,0.07048856467008591,0.0,0.03689929470419884,0.0,0.0,0.0,0.0,0.028703683987259865,0.0001472514122724533,0.005170893855392933,0.2030411809682846,0.0,0.014255431480705738,0.0656791478395462,0.04221207648515701,0.0,0.0,0.21820586919784546,0.0,0.013138450682163239,0.04387538507580757,0.18699276447296143,0.0,0.0,0.0,0.0,0.023476066067814827,0.13123877346515656,0.0,0.1273481249809265,0.14131689071655273,0.07225652039051056,0.2146875560283661,0.07822437584400177,0.0,0.07499593496322632,0.0,0.009786216542124748,0.011815031990408897,0.0,0.0,0.004138807766139507,0.0,0.0,5.1342882215976715e-05,0.035829346626996994,0.20922881364822388,0.0,0.17153719067573547,0.014624008908867836,0.06433236598968506,0.3086042106151581,0.00015429779887199402,0.0,0.26426059007644653,0.0,5.7223718613386154e-05,0.0,0.0,0.040289491415023804,0.0,0.07007525861263275,0.0,0.14057625830173492,0.11574726551771164,0.0021488741040229797,0.0,0.26627400517463684,0.08462244272232056,0.13839484751224518,0.05613437294960022,0.0,0.0024886506143957376,0.04421273618936539,0.006888640113174915,0.0,0.02624998614192009,0.0,0.35043856501579285,0.0,0.0012562774354591966,0.05830555409193039,0.0,0.0,0.0,0.0,0.25585922598838806,0.0,0.0,0.0,0.048715632408857346,0.0,0.028681281954050064,0.03992769494652748,0.00938272662460804,0.1051856279373169,0.0,0.0,0.09588617086410522,0.006325313355773687,0.3900904655456543,0.06642946600914001,0.014775997027754784,0.13216336071491241,0.0,0.0,0.06883955001831055,0.019894486293196678,0.0010143090039491653,0.3122558295726776,0.28798726201057434,0.2560153007507324,0.0,0.0,0.0,0.0,0.004075534176081419,0.02595742605626583,0.0512518584728241,0.020625311881303787,0.21556952595710754,0.0,0.007710026111453772,0.346756249666214,0.15731629729270935,0.02281152456998825,0.0,0.0,0.0,0.3107682466506958,0.0,0.41110339760780334,0.08234594762325287,0.03344424068927765,0.005130158271640539,0.21135397255420685,0.16368333995342255,0.3006960451602936,0.002022149972617626,0.0,0.0,0.6620597839355469,0.007338314782828093,0.01444399543106556,0.2242066115140915,0.11454814672470093,0.0,0.006280526518821716,0.4398556649684906,0.0,0.009850467555224895,0.01355209480971098,0.0,0.029359210282564163,0.002865022514015436,0.0,0.008065898902714252,0.04125101491808891,0.22342093288898468,0.15631404519081116,0.0,0.0,0.5896819829940796,0.051792412996292114,0.03436441347002983,0.020618952810764313,0.3704442083835602,0.0,0.03597940132021904,0.2675250470638275,0.03427460417151451,0.024952037259936333,0.41178885102272034,0.06738121807575226,0.0063053942285478115,0.45375940203666687,0.1704915314912796,0.24578538537025452,0.06500820815563202,0.14888985455036163,0.37461671233177185,0.365071564912796,0.00728614954277873,0.0,0.08387341350317001,0.049301937222480774,0.024698102846741676,0.33403024077415466,0.0024955717381089926,0.04790530726313591,0.0,0.6341126561164856,1.0662723779678345,0.47533494234085083,0.07243207842111588,0.0,0.0,0.29114994406700134,0.0,0.0,0.030841363593935966,0.003048443468287587,0.11773202568292618,0.39951276779174805,0.3035438358783722,0.2064230740070343,0.0,0.2849150598049164,0.35565266013145447,0.1292908489704132,0.0032504878472536802,0.16454321146011353,0.027914052829146385,0.05700276419520378,0.07382573932409286,0.09183510392904282,0.0,0.004968573804944754,0.16115079820156097,0.15292750298976898,0.036931272596120834,0.006592522840946913,0.4098944365978241,0.4637494683265686,0.23136471211910248,0.1696758270263672,0.17911551892757416,0.13305436074733734,0.19771039485931396,0.0,0.3549935817718506,0.6166591644287109,0.0,0.0038551469333469868,0.0,0.12752480804920197,0.4324106276035309,0.0,0.23713107407093048,0.27916571497917175,0.35417088866233826,0.13047058880329132,0.20352843403816223,0.13989180326461792,0.0,0.011352458968758583,0.10612738132476807,0.127827450633049,0.32633140683174133,0.511719822883606,0.0,0.1708398014307022,0.1291632205247879,0.08304929733276367,0.05834691599011421,0.0,0.5261316299438477,0.21322683990001678,0.0,0.0,0.011463630944490433,0.0,0.28547045588493347,0.019630268216133118,0.0,0.0,0.0010322887683287263,0.3106068968772888,0.07316531985998154,0.054214298725128174,0.3361462354660034,0.0,0.0,0.2943195402622223,0.03190044313669205,0.0,0.0,0.10404369980096817,0.0,0.1476890742778778,0.005969866644591093,0.2932624816894531,0.01536628883332014,0.09134518355131149,0.0,0.0,0.40263253450393677,0.020653344690799713,0.0,0.0,0.8684978485107422,0.075149767100811,0.018069501966238022,0.010028261691331863,0.042474403977394104,0.4163159430027008,0.22669334709644318,0.17270304262638092,0.0,0.07547541707754135,0.1286180317401886,0.0013771954691037536,0.20559315383434296,0.005333349108695984,0.0,0.06609470397233963,0.004401098471134901,0.02549971640110016,0.02965303137898445,0.781672477722168,0.07660334557294846,0.02138376608490944,0.16806825995445251,0.01080312766134739,0.018513699993491173,0.0,0.042925164103507996,0.12901437282562256,0.04174438863992691,0.01700666919350624,0.2911026179790497,0.46161794662475586,0.0,0.521885335445404,0.0,0.0,0.016904396936297417,0.10552322864532471,0.0,0.1781127154827118,0.4355640411376953,0.22152642905712128,0.1534048169851303,0.09620432555675507,0.2731040120124817,0.11747045814990997,0.0,0.09102772921323776,0.3304016590118408,0.0,0.0018539518350735307,0.03087480179965496,0.0,0.0910230204463005,0.21245895326137543,0.09627927094697952,0.4468301832675934,0.000563003879506141,0.39303451776504517,0.05527415871620178,0.0703425481915474,0.5113773345947266,0.018741104751825333,0.09145786613225937,0.12788067758083344,0.005904513876885176,0.3377918004989624,0.1075432226061821,0.1490030288696289,0.05730927735567093,0.0050107515417039394,0.5648149251937866,0.07215465605258942,0.5766286849975586,0.007657333742827177,0.2248346358537674,0.06827103346586227,0.44339719414711,0.17542152106761932,0.024963874369859695,0.1377827674150467,0.23502187430858612,0.0,0.01472224947065115,0.007736827712506056,0.1735798716545105,0.01623666286468506,0.005489659495651722,0.12048237770795822,0.07032069563865662,0.1927460879087448,0.07577567547559738,0.0,0.0,0.0,0.0,0.394935667514801,0.0,0.0,0.07308560609817505,0.49655094742774963,0.0072781117632985115,0.04997655376791954,0.054081499576568604,0.09324093908071518,0.023699847981333733,0.0,0.07982303202152252,0.19840936362743378,0.4267433285713196,0.1031820997595787,0.12373550236225128,0.05542928725481033,0.13857121765613556,0.0,0.0081739891320467,0.17589424550533295,0.0,0.0,0.8221926093101501,0.5827541947364807,0.23567628860473633,0.2619774043560028,0.003103991039097309,0.0,0.04674599692225456,0.08386930078268051,0.060932695865631104,0.17490558326244354,0.23034024238586426,0.47793886065483093,0.006964626256376505,0.06950539350509644,0.08496613800525665,0.092059426009655,0.1277420073747635,0.0,0.005977871362119913,0.05714227631688118,0.0987311527132988,0.03154429420828819,0.3692677915096283,0.1976015567779541,0.12157999724149704,0.06478565186262131,0.1291564553976059,0.0866904929280281,0.09169340133666992,0.004802390467375517,0.0,0.0,0.5830193758010864,0.05794127658009529,0.010057040490210056,0.16450026631355286,0.06560348719358444,0.0,0.0,0.45365771651268005,0.0,0.006287615746259689,0.04551439359784126,0.0010383734479546547,0.009786061011254787,0.014180370606482029,0.0,0.02327161282300949,0.040269237011671066,0.20338118076324463,0.07673913985490799,0.0020166586618870497,0.0,0.6278955936431885,0.03293047100305557,0.021513719111680984,0.025637628510594368,0.37956878542900085,0.0,0.10501999408006668,0.18436063826084137,0.09062773734331131,0.0016102869994938374,0.23925276100635529,0.08813006430864334,0.09582233428955078,0.3056856691837311,0.24204842746257782,0.15703268349170685,0.0903763622045517,0.23956038057804108,0.24085892736911774,0.41760462522506714,0.0011687690857797861,0.0,0.07092683762311935,0.03583229333162308,0.018240870907902718,0.38829660415649414,0.005502599291503429,0.01086143497377634,0.0031104651279747486,0.43862494826316833,1.0144481658935547,0.3843139111995697,0.08993048965930939,0.0,0.05319346860051155,0.32218652963638306,0.0,0.0,0.053741998970508575,0.0037794599775224924,0.14314419031143188,0.37011170387268066,0.3079633116722107,0.05809304118156433,0.0,0.21811121702194214,0.3431311249732971,0.1325579732656479,0.06630581617355347,0.11237318068742752,0.052290044724941254,0.044474679976701736,0.08682981133460999,0.05942625179886818,0.0,0.011342253535985947,0.1943558007478714,0.13576523959636688,0.019656041637063026,0.003030765103176236,0.42507973313331604,0.32083380222320557,0.2687678337097168,0.07848045229911804,0.09638795256614685,0.05899471417069435,0.07007178664207458,0.009572621434926987,0.17002050578594208,0.6217878460884094,0.0,0.01242774073034525,0.007048552855849266,0.05799306556582451,0.37998706102371216,0.0,0.17303380370140076,0.28560250997543335,0.28467679023742676,0.08303410559892654,0.125743106007576,0.06411222368478775,0.0,0.019030872732400894,0.03821398317813873,0.06398472934961319,0.2676335573196411,0.2950454652309418,0.0,0.11930649727582932,0.11135198175907135,0.04199887067079544,0.028528518974781036,0.0,0.2734324336051941,0.11030342429876328,0.0,0.006417292635887861,0.020800096914172173,0.0,0.10937747359275818,0.023655863478779793,0.0036352986935526133,0.0,0.024518882855772972,0.15175805985927582,0.040035828948020935,0.049479782581329346,0.24622376263141632,0.0,0.0,0.26601552963256836,0.059380628168582916,0.0,0.0,0.00640743738040328,0.0,0.0684739276766777,0.0,0.16476167738437653,0.005575616843998432,0.022639214992523193,0.0,0.0,0.2154093235731125,0.022707022726535797,0.0,0.0,0.4933849275112152,0.13061189651489258,0.0,0.025576340034604073,0.012227913364768028,0.2467041313648224,0.2019522339105606,0.08328782767057419,0.0,0.1516820639371872,0.13649065792560577,0.0,0.11341792345046997,0.017928799614310265,0.0,0.02670161984860897,0.0006585537339560688,0.02695605158805847,0.031851399689912796,0.5797895789146423,0.08161699771881104,0.01604248397052288,0.0963345319032669,0.0005077305831946433,0.003947478719055653,0.0,0.019049840047955513,0.11740975081920624,0.02982308901846409,0.008725503459572792,0.29049959778785706,0.45427098870277405,0.00011638595606200397,0.27712497115135193,0.0,0.0,0.020411327481269836,0.13139094412326813,0.0014709060778841376,0.24189609289169312,0.25513333082199097,0.10226545482873917,0.11089034378528595,0.09021063148975372,0.19432435929775238,0.05613109469413757,0.0,0.1062670424580574,0.21042905747890472,0.0,0.008667415007948875,0.003957958426326513,0.004183564335107803,0.07918430119752884,0.14439357817173004,0.1321900486946106,0.4320582449436188,0.0031704027205705643,0.2741439640522003,0.05862000584602356,0.07350759208202362,0.4712987244129181,0.013730558566749096,0.04449945315718651,0.13365541398525238,0.0,0.21926113963127136,0.022330602630972862,0.060948945581912994,0.038809798657894135,0.0034458728041499853,0.2799030542373657,0.06896398216485977,0.5306559205055237,0.028581099584698677,0.09825275838375092,0.0370388887822628,0.27797845005989075,0.14133810997009277,0.10606449842453003,0.138009175658226,0.1662386804819107,0.0009793636854737997,0.00572262704372406,0.006587314885109663,0.12382326275110245,0.009948039427399635,0.00491986982524395,0.11805588006973267,0.05516556650400162,0.15165559947490692,0.027345160022377968,0.0,0.0,0.0011871387250721455,0.0,0.4397642910480499,0.0,0.0,0.04116721823811531,0.2132401019334793,0.0,0.046505723148584366,0.08301375806331635,0.03110145404934883,0.027928022667765617,0.0,0.02520744502544403,0.1265251785516739,0.2687644958496094,0.23531611263751984,0.07968433201313019,0.01103353500366211,0.14087693393230438,0.0,0.0037155216559767723,0.16201312839984894,0.0032634923700243235,0.0,0.6064982414245605,0.5137631893157959,0.21398204565048218,0.1463824212551117,0.0,0.0,0.014286062680184841,0.06238334998488426,0.030823009088635445,0.12295393645763397,0.20544426143169403,0.42934274673461914,0.0,0.03846874088048935,0.15483391284942627,0.17519883811473846,0.06373114883899689,0.0,0.030036799609661102,0.0434039868414402,0.13141052424907684,0.05147818848490715,0.3232201039791107,0.20359423756599426,0.07172466814517975,0.041450485587120056,0.6195544004440308
27,0.007284971419721842,0.06616643071174622,0.03459453210234642,0.0,0.0,0.0,0.5203761458396912,0.09009060263633728,0.0,0.00962531752884388,0.048428475856781006,0.010219402611255646,0.0,0.32079964876174927,0.0,0.08275346457958221,0.058243848383426666,0.0,0.0,0.0,0.0,0.06778167933225632,0.0,0.28714609146118164,0.014897527173161507,0.0,0.0,0.44128838181495667,0.005019736010581255,0.083610899746418,0.023818284273147583,0.25879716873168945,0.0,0.29221081733703613,0.026216911152005196,0.07249392569065094,0.0664793848991394,0.17290079593658447,0.00554239097982645,0.22107575833797455,0.013379820622503757,0.17158663272857666,0.09500882029533386,0.10542374104261398,0.26541563868522644,0.05869602784514427,0.32588818669319153,0.031822461634874344,0.0,0.0822635218501091,0.06855230033397675,0.0,0.1332336664199829,0.008244683966040611,0.008440001867711544,0.0,0.07424040138721466,0.641164243221283,0.08390617370605469,0.027647819370031357,0.0,0.19669176638126373,0.08933715522289276,0.0,0.0,0.003834631759673357,0.0,0.00799303874373436,0.08389165997505188,0.11386295408010483,0.0,0.0,0.20571747422218323,0.14843763411045074,0.030802275985479355,0.07130388915538788,0.01464092917740345,0.09287969768047333,0.0,0.21542257070541382,0.025577258318662643,0.053932301700115204,0.0,0.15785986185073853,0.008376071229577065,0.017709944397211075,0.0033766813576221466,0.17433424293994904,0.37746334075927734,0.35212063789367676,0.018912166357040405,0.0,0.06629261374473572,0.08731266856193542,0.0029928809963166714,0.0,0.4515286684036255,0.0,0.0011786477407440543,0.005147651769220829,0.0,0.20492903888225555,0.0,0.25638800859451294,0.38211774826049805,0.057763002812862396,0.03533407673239708,0.013974012807011604,0.0,0.0,0.00046463380567729473,0.07547210156917572,0.056808583438396454,0.16648465394973755,0.011207113973796368,0.0,0.02972336672246456,0.0,0.054474275559186935,0.01101335696876049,0.00030305952532216907,0.00711699016392231,0.0,0.0,0.0,0.39433783292770386,0.0,0.0,0.0,0.0,0.0,0.07760503888130188,0.0,0.03515741974115372,0.02894071862101555,0.0,0.0,0.0,0.16053864359855652,0.019664211198687553,0.0,0.0,0.03586391732096672,0.0,0.0697162076830864,0.011028176173567772,0.009246679954230785,0.012801982462406158,0.14294704794883728,0.0,0.02291359379887581,0.0908048152923584,0.06737667322158813,0.0,0.0,0.07793346047401428,0.005622444674372673,0.0,0.010190203785896301,0.013496574014425278,0.14891384541988373,0.019459739327430725,0.0301881842315197,0.0,0.18945473432540894,0.07989513874053955,0.0,0.08169112354516983,0.0,0.0,0.0,0.0,0.03065486252307892,0.0015255063772201538,0.04877045378088951,0.10915344953536987,0.0,0.06886748224496841,0.023544510826468468,0.054165925830602646,0.0,0.0,0.2174467146396637,0.0,0.004358756355941296,0.06161706894636154,0.2785037159919739,0.0,0.01767593063414097,0.0,0.0011180667206645012,0.00646715983748436,0.18730944395065308,0.0014951449120417237,0.17314031720161438,0.057550858706235886,0.05834529176354408,0.1820397675037384,0.014287828467786312,0.0010294457897543907,0.07067129015922546,0.0,0.020501945167779922,0.0327298641204834,0.0,0.0,0.0,0.0,0.0,0.011024587787687778,0.05684298649430275,0.3096078336238861,0.0,0.23069821298122406,0.0,0.1247008740901947,0.3950786888599396,0.0,0.0,0.2467125505208969,0.0,0.008677740581333637,0.0,0.0,0.016933338716626167,0.0,0.03626465052366257,0.0,0.19893142580986023,0.05073460191488266,0.0,0.0,0.25346389412879944,0.09901508688926697,0.17371121048927307,0.10274258255958557,0.0023458264768123627,0.0007917613256722689,0.0491296760737896,0.01869419775903225,0.0,0.02832416072487831,0.0,0.3619734048843384,0.0,0.0,0.04802706092596054,0.0,0.0,0.0,0.0,0.2646911144256592,0.0,0.0,0.0,0.07404012978076935,0.0,0.061763934791088104,0.03255520015954971,0.007676140870898962,0.12021790444850922,0.0,0.0,0.13953819870948792,0.02781841717660427,0.3219604194164276,0.11817116290330887,0.0,0.19368258118629456,0.0,0.0,0.10886400192975998,0.02703026495873928,0.002155284397304058,0.24040842056274414,0.4739735424518585,0.2936680018901825,0.0,0.0,0.0,0.0,0.0031553630251437426,0.04384185001254082,0.008863493800163269,0.021269766613841057,0.2788349986076355,0.0,0.01814892143011093,0.33995312452316284,0.2384578287601471,0.020679831504821777,0.0,0.0,0.0,0.23930871486663818,0.0,0.49033209681510925,0.059579551219940186,0.010286331176757812,0.002892271615564823,0.0,0.15798823535442352,0.5601649880409241,0.0,0.0,0.0,0.44443634152412415,0.071738101541996,0.0,0.0,0.19791114330291748,0.004780867602676153,0.005373915191739798,0.19369655847549438,0.0,0.10133176296949387,0.0,0.0,0.0,0.0,0.0,0.21889431774616241,0.08665861934423447,1.0037529468536377,0.0,0.0,0.0,0.8775172829627991,0.08808505535125732,0.033179059624671936,0.23348252475261688,0.2660458981990814,0.0,0.4841587245464325,0.09064127504825592,0.37376466393470764,0.36171144247055054,0.8002050518989563,0.0,0.00011120778071926907,0.0,0.4371699392795563,0.0415678434073925,0.2870276868343353,0.734644889831543,0.8025611042976379,0.011659681797027588,0.0,0.0,0.24627338349819183,0.3121108114719391,0.0,0.001709587057121098,0.005285365041345358,0.17951259016990662,0.010520152747631073,0.5436130166053772,0.4403592348098755,0.08089417964220047,0.0,0.0,0.09579356759786606,0.0,0.0,0.0,0.057793617248535156,0.0,0.0,0.039858072996139526,0.0010976168559864163,0.5871623754501343,0.0,0.2691119611263275,0.0,0.052575238049030304,0.27512994408607483,0.0,0.7442752718925476,0.0010737694101408124,0.08556698262691498,0.07485749572515488,0.2558077275753021,0.0008931741467677057,0.2282744199037552,0.22044320404529572,0.0,0.18033474683761597,0.021380385383963585,0.5279111862182617,0.43102094531059265,0.11688588559627533,0.0,0.0007903981604613364,0.565895140171051,0.001979650231078267,0.0,0.2020007222890854,0.12075895816087723,0.0,0.031473517417907715,0.0,0.0,0.0,0.7551568150520325,0.7360173463821411,0.1745629608631134,0.2089177519083023,0.011775485239923,0.0,0.0,0.0,0.2136659473180771,0.2002289891242981,0.16070504486560822,0.058981649577617645,0.0,0.0,0.0011603079037740827,0.20221161842346191,0.17340798676013947,0.0,0.05195354297757149,0.2498607635498047,0.018612997606396675,0.0,0.5502147674560547,0.0,0.2766103148460388,0.005514482501894236,0.0,0.0,0.006195764522999525,0.10075095295906067,0.0,0.05133194848895073,0.0,0.0,0.0,0.0,0.015823205932974815,0.0,0.08605700731277466,0.6626020669937134,0.0,0.6247814893722534,0.0,0.0,0.13287903368473053,0.04965979605913162,0.0,0.04936990886926651,0.795603334903717,0.19644179940223694,0.0,0.0,0.5115007758140564,0.03614059463143349,0.0,0.0,0.0,1.1151150465011597,0.16824783384799957,0.0,0.0,0.17917652428150177,0.007946056313812733,0.05175385624170303,0.5464858412742615,0.0,0.0,0.016031570732593536,0.0,0.029355475679039955,0.10630376636981964,0.0,0.33463194966316223,0.00014525196456816047,0.6424973011016846,0.001482496620155871,0.007303236518055201,0.0,0.0,0.9842861294746399,0.0,0.0,0.11881294846534729,0.034007467329502106,0.13513168692588806,0.6313749551773071,0.0,0.0,0.0,0.0001224440784426406,0.09469595551490784,0.06654366850852966,0.7098208069801331,0.0015895465621724725,0.9691662192344666,0.0035142898559570312,0.026256190612912178,0.21147044003009796,0.0,0.010310692712664604,0.0,0.0,0.0,0.0,0.0,0.012370101176202297,0.0,0.0,0.05693491920828819,0.06538969278335571,0.6699142456054688,0.04861350357532501,0.23495347797870636,0.4376850724220276,0.0,0.0935404971241951,0.6648993492126465,0.0,0.0,0.0,0.0,0.0,0.06644019484519958,0.006657052785158157,0.10924728214740753,0.14056678116321564,0.02715810388326645,0.0,0.0,0.8924106955528259,0.4951096773147583,0.05526234582066536,0.18273143470287323,0.045840732753276825,0.0,0.26493290066719055,0.03855220228433609,0.0,0.0,0.0,1.1857706308364868,0.0,0.060454607009887695,0.017494844272732735,0.0,0.0,0.0,0.0,0.02182810939848423,0.0,0.05795319378376007,0.0,0.8203878402709961,0.03498203307390213,0.036841608583927155,0.0036348828580230474,0.06927856057882309,0.48136112093925476,0.0,0.0,0.5532345771789551,0.24402554333209991,0.005826431792229414,0.4645098149776459,0.08375051617622375,0.24381133913993835,0.0514240525662899,0.0,0.07434640824794769,0.0,0.024106455966830254,1.687408685684204,0.5347533822059631,0.46931490302085876,0.02360270358622074,0.0,0.0009344708523713052,0.011653868481516838,0.0021249905694276094,0.543274998664856,0.0,0.0,0.30835050344467163,0.001334693282842636,0.0,0.7725444436073303,0.3331720530986786,0.016632547602057457,0.004139282740652561,0.0,0.0,0.5580418705940247,0.06895602494478226,0.605607271194458,0.0,0.09890732914209366,0.3308049738407135,0.0,0.09295708686113358,0.22251862287521362,0.0011292239651083946,0.0,0.0,0.3974589705467224,0.11043855547904968,0.0,0.005507593974471092,0.1505364179611206,0.019771650433540344,0.0,0.296816349029541,0.0,0.06357021629810333,0.03849779814481735,0.0005844421684741974,0.0,0.0,0.0,0.12837521731853485,0.04171116650104523,0.660942554473877,0.0,0.0,0.0,0.7356913089752197,0.040764667093753815,0.05797269940376282,0.10102438181638718,0.3325178623199463,0.0,0.43218791484832764,0.09414470195770264,0.2792164087295532,0.13665755093097687,0.46849924325942993,0.0028410889208316803,0.04410254582762718,0.003120926208794117,0.3418901860713959,0.07936349511146545,0.25316092371940613,0.5713541507720947,0.5071941614151001,0.054424501955509186,0.0,0.0,0.14482653141021729,0.1571422815322876,0.0,0.14154407382011414,0.033949557691812515,0.06328555196523666,0.015559344552457333,0.39297914505004883,0.5902971029281616,0.1145162433385849,0.01936083659529686,0.0,0.09582674503326416,0.017590370029211044,0.0,0.0,0.08043752610683441,0.0,0.04664480686187744,0.1208767294883728,0.06833072751760483,0.21729132533073425,0.0,0.20338258147239685,0.03585034981369972,0.03350036218762398,0.1697794497013092,0.0,0.3561917841434479,0.001638882327824831,0.14956273138523102,0.044596392661333084,0.15120431780815125,0.011878428980708122,0.19605007767677307,0.22413623332977295,0.008536530658602715,0.06935244798660278,0.12734663486480713,0.43358731269836426,0.36740782856941223,0.059091344475746155,0.017868882045149803,0.05274244025349617,0.2581477761268616,0.009555594064295292,0.0,0.3289816677570343,0.0024224952794611454,0.0035865912213921547,0.02158867008984089,0.00045347772538661957,0.07921767234802246,0.0,0.40604597330093384,0.47624897956848145,0.20188578963279724,0.13431775569915771,0.04036514088511467,0.0,0.0,0.00555779505521059,0.10102589428424835,0.06426998972892761,0.12452463805675507,0.04744793847203255,0.0,0.0035659042187035084,0.010840094648301601,0.062428321689367294,0.1025719940662384,0.0,0.020913174375891685,0.08666327595710754,0.018337519839406013,0.0026009907014667988,0.40208232402801514,0.0,0.14820609986782074,0.0044764080084860325,0.006009658798575401,0.0,0.045434027910232544,0.04596976563334465,0.0,0.04361223429441452,0.0047911955043673515,0.0,0.005457466468214989,0.0949154794216156,0.02372993715107441,0.0,0.004610288888216019,0.4137575924396515,0.0,0.31090548634529114,0.0,0.0,0.033978402614593506,0.10964009165763855,0.0,0.007839366793632507,0.5353400707244873,0.15699705481529236,9.026005864143372e-05,0.0,0.3334513306617737,0.029929570853710175,0.0,0.011322922073304653,0.0,0.6752054691314697,0.1586739867925644,0.0,0.0,0.1417243480682373,0.02115222066640854,0.034845370799303055,0.2666805684566498,0.013271912932395935,0.0,0.00024480558931827545,0.0,0.031041361391544342,0.11431307345628738,0.07195856422185898,0.14865179359912872,0.008167590945959091,0.2992723882198334,0.049944907426834106,0.008947382681071758,0.0,0.0,0.49416297674179077,0.004237540066242218,0.019328555092215538,0.12662966549396515,0.1317872405052185,0.027170047163963318,0.3676549792289734,0.0033784075640141964,0.0,0.003334538545459509,0.00177856907248497,0.09413804113864899,0.1335354447364807,0.3911410868167877,0.030964259058237076,0.5505542159080505,0.05124767869710922,0.03209177404642105,0.05374634638428688,0.0,0.10220501571893692,0.000619478989392519,0.0,0.0,0.0,0.0,0.03566691651940346,0.07340958714485168,0.0008997642435133457,0.17080655694007874,0.025067772716283798,0.46188998222351074,0.07158583402633667,0.1377522051334381,0.3817770481109619,0.001217616256326437,0.03459993377327919,0.3307597041130066,0.03216971457004547,0.025026604533195496,0.0,0.0,0.0,0.0025214459747076035,0.00818853173404932,0.09113344550132751,0.24995501339435577,0.11175276339054108,0.0,0.0,0.5509829521179199,0.3551345467567444,0.13681165874004364,0.14599275588989258,0.07174385339021683,0.003038263414055109,0.10050282627344131,0.03313257917761803,0.01254668366163969,0.0,0.0,0.6657704710960388,0.0,0.11688533425331116,0.007970629259943962,0.0,0.0,0.0,0.0,0.2038375437259674,0.0,0.0,0.0,0.3723292946815491,0.0036587482318282127,0.015652649104595184,0.022023003548383713,0.02439819648861885,0.20310068130493164,0.0,0.0,0.31685006618499756,0.17371174693107605,0.0871347188949585,0.25573644042015076,0.03491194546222687,0.15769793093204498,0.0,0.0,0.05737777054309845,0.014643608592450619,0.031517986208200455,1.1480684280395508,0.44795846939086914,0.3052530288696289,0.009774953126907349,0.0,0.0162015650421381,0.0020234771072864532,0.005647755227982998,0.1867610067129135,0.028219707310199738,0.03178355097770691,0.3361617922782898,0.0,0.0,0.5987337231636047,0.26708608865737915,0.07410847395658493,0.0,0.006352830212563276,0.0,0.29662418365478516,0.05291146785020828,0.40526968240737915,0.020798970013856888,0.04513167217373848,0.11291839182376862,-1.0548592805862427
28,0.0,0.05932925269007683,0.03235556557774544,0.0,0.0,0.0,0.4257378578186035,0.12299922853708267,0.0,0.008388910442590714,0.09966904670000076,0.011791544035077095,0.0,0.2796831727027893,0.0,0.07691676169633865,0.022831309586763382,0.006025059148669243,0.0,0.0,0.0,0.10844731330871582,0.0,0.41518592834472656,0.029925810173153877,0.0,0.0,0.4514228403568268,0.0,0.0478677898645401,0.020838003605604172,0.23196600377559662,0.0,0.2995498776435852,0.005732339806854725,0.06790250539779663,0.05939936637878418,0.16976574063301086,0.03864775970578194,0.2356370985507965,0.0,0.10571733862161636,0.09973226487636566,0.06740159541368484,0.2783487141132355,0.010238590650260448,0.20389001071453094,0.03689182549715042,0.0,0.09256070852279663,0.054090194404125214,0.0,0.16018980741500854,0.0,0.0074836136773228645,0.020116468891501427,0.04707938805222511,0.5082555413246155,0.056413840502500534,0.01972316950559616,0.0,0.20449398458003998,0.03317580744624138,0.0,0.0,0.0,0.0,0.054270029067993164,0.03645430505275726,0.06392461061477661,0.0,0.0,0.14137892425060272,0.12036502361297607,0.0,0.06896506249904633,0.04189208522439003,0.11077287793159485,0.0,0.13288551568984985,0.042401399463415146,0.052221380174160004,0.0,0.16440095007419586,0.09850500524044037,0.02979953959584236,0.00020233448594808578,0.1325562596321106,0.42232614755630493,0.2994224727153778,0.017817888408899307,0.0,0.05688152834773064,0.10078435391187668,0.009576226584613323,0.002518198685720563,0.3527146577835083,0.0,0.0,0.006228077225387096,0.0,0.15987277030944824,0.0,0.38986116647720337,0.2983805537223816,0.028356505557894707,0.01847221702337265,0.06707514822483063,0.0,0.0,0.0007798081496730447,0.05747596174478531,0.0345136821269989,0.15996187925338745,0.0,0.0,0.030046803876757622,0.009839728474617004,0.035423509776592255,0.016423393040895462,0.00616725068539381,0.008526597172021866,0.0,0.0,0.0,0.3741344213485718,0.0,0.0,0.0,0.0,0.0,0.0627286285161972,0.0,0.034715745598077774,0.007755976635962725,0.0,0.0,0.0,0.0739750936627388,0.014665970578789711,0.0,0.0,0.01847076416015625,0.0,0.10224633663892746,0.02101670578122139,0.0,0.01619229093194008,0.11056739091873169,0.0,0.02128177508711815,0.0774611085653305,0.06893043220043182,0.0,0.0,0.08354371786117554,0.020459916442632675,0.0,0.0030762283131480217,0.00014550425112247467,0.13770577311515808,0.011293429881334305,0.020504171028733253,0.0,0.11047389358282089,0.07048856467008591,0.0,0.03689929470419884,0.0,0.0,0.0,0.0,0.028703683987259865,0.0001472514122724533,0.005170893855392933,0.2030411809682846,0.0,0.014255431480705738,0.0656791478395462,0.04221207648515701,0.0,0.0,0.21820586919784546,0.0,0.013138450682163239,0.04387538507580757,0.18699276447296143,0.0,0.0,0.0,0.0,0.023476066067814827,0.13123877346515656,0.0,0.1273481249809265,0.14131689071655273,0.07225652039051056,0.2146875560283661,0.07822437584400177,0.0,0.07499593496322632,0.0,0.009786216542124748,0.011815031990408897,0.0,0.0,0.004138807766139507,0.0,0.0,5.1342882215976715e-05,0.035829346626996994,0.20922881364822388,0.0,0.17153719067573547,0.014624008908867836,0.06433236598968506,0.3086042106151581,0.00015429779887199402,0.0,0.26426059007644653,0.0,5.7223718613386154e-05,0.0,0.0,0.040289491415023804,0.0,0.07007525861263275,0.0,0.14057625830173492,0.11574726551771164,0.0021488741040229797,0.0,0.26627400517463684,0.08462244272232056,0.13839484751224518,0.05613437294960022,0.0,0.0024886506143957376,0.04421273618936539,0.006888640113174915,0.0,0.02624998614192009,0.0,0.35043856501579285,0.0,0.0012562774354591966,0.05830555409193039,0.0,0.0,0.0,0.0,0.25585922598838806,0.0,0.0,0.0,0.048715632408857346,0.0,0.028681281954050064,0.03992769494652748,0.00938272662460804,0.1051856279373169,0.0,0.0,0.09588617086410522,0.006325313355773687,0.3900904655456543,0.06642946600914001,0.014775997027754784,0.13216336071491241,0.0,0.0,0.06883955001831055,0.019894486293196678,0.0010143090039491653,0.3122558295726776,0.28798726201057434,0.2560153007507324,0.0,0.0,0.0,0.0,0.004075534176081419,0.02595742605626583,0.0512518584728241,0.020625311881303787,0.21556952595710754,0.0,0.007710026111453772,0.346756249666214,0.15731629729270935,0.02281152456998825,0.0,0.0,0.0,0.3107682466506958,0.0,0.41110339760780334,0.08234594762325287,0.03344424068927765,0.005130158271640539,0.0,0.07715131342411041,0.05232983082532883,0.0,0.0,0.0,0.310663104057312,0.15392254292964935,0.0,0.01219667587429285,0.18673762679100037,0.032605379819869995,0.0,0.337782621383667,0.0,0.01334286667406559,0.008154273964464664,0.0032038409262895584,0.021348144859075546,0.0,0.0,0.15904100239276886,0.0,0.46441662311553955,0.02930719032883644,0.003027751110494137,0.0,0.4817729890346527,0.0,0.013680960983037949,0.0,0.21863679587841034,0.0,0.3533931374549866,0.0022717833053320646,0.06205572187900543,0.11029936373233795,0.11406728625297546,0.0,0.24545162916183472,0.0,0.18827638030052185,0.12693683803081512,0.11970527470111847,0.3095019459724426,0.0,0.21057769656181335,0.0024565402418375015,0.0,0.06287043541669846,0.03188205137848854,0.0,0.247951477766037,0.0,0.0,0.12278907001018524,0.006440106313675642,0.5465894937515259,0.020954106003046036,0.0,0.0,0.3211436867713928,0.020438045263290405,0.0,0.0,0.0,0.0,0.21987640857696533,0.011007602326571941,0.013535289093852043,0.0,0.0,0.14861829578876495,0.2389986515045166,0.0,0.18078170716762543,0.059144966304302216,0.09459415078163147,0.0,0.22166655957698822,0.07209870964288712,0.0010217460803687572,0.0,0.26106858253479004,0.10125657916069031,0.033884476870298386,0.0,0.05174585431814194,0.4755078852176666,0.16851824522018433,0.01760760322213173,0.05401819571852684,0.047684796154499054,0.084811732172966,0.02635398879647255,0.0,0.2716040015220642,0.0,0.0,0.04767611622810364,0.0,0.02444402500987053,0.0,0.3277808427810669,0.2992042601108551,0.002136480063199997,0.0344037190079689,0.043878939002752304,0.0,0.0,0.06868065893650055,0.05602439492940903,0.03498957306146622,0.0974908322095871,0.0,0.0,0.011711889877915382,0.03701594099402428,0.011926300823688507,0.0,0.07171474397182465,0.019456567242741585,0.0,0.0027722585946321487,0.015057944692671299,0.3793424963951111,0.0,0.0,0.0,0.0,0.0,0.03432650864124298,0.0,0.029309134930372238,1.6522593796253204e-05,0.0,0.0,0.0,0.16029669344425201,0.016595372930169106,0.0,0.005128323100507259,0.0029658153653144836,0.0,0.046634696424007416,0.0,0.0,0.039433613419532776,0.24594806134700775,0.0,0.01906036213040352,0.005710459314286709,0.03054220788180828,0.0,0.0,0.014565307646989822,0.091872438788414,0.0,0.0069878678768873215,0.0,0.020789818838238716,0.0,0.0456404946744442,0.0,0.1563643366098404,0.07951807975769043,0.012288779951632023,0.018985800445079803,0.01504499837756157,0.0,0.0,0.0,0.027386462315917015,0.0,0.0,0.15413713455200195,0.0,0.0,0.11530216038227081,0.03289139270782471,0.0,0.0,0.15222322940826416,0.0,0.005469050258398056,0.015165169723331928,0.13095541298389435,0.0,0.0,0.0,0.0,0.06668292731046677,0.16969649493694305,0.0,0.0885346531867981,0.06863614916801453,0.07514263689517975,0.14102643728256226,0.19817766547203064,0.0,0.051476139575242996,0.0,0.017494631931185722,0.004756416194140911,0.0,0.0,0.002987462095916271,0.0,0.0,0.0,0.08167773485183716,0.19234919548034668,0.0,0.09764408320188522,0.1373240202665329,0.09468267858028412,0.27345219254493713,0.0,0.0,0.28750672936439514,0.0,0.0029862523078918457,0.0,0.0,0.038355886936187744,0.0,0.020915476605296135,0.0,0.04871159791946411,0.14840592443943024,0.0,0.0,0.20769047737121582,0.11387951672077179,0.3251568675041199,0.08889150619506836,0.0,0.0005190700758248568,0.03109733574092388,0.0,0.0,0.016940981149673462,0.0,0.28948327898979187,0.018049929291009903,0.0046009765937924385,0.046175915747880936,0.0,0.0,0.0,0.0,0.2889400124549866,0.0,0.0,0.0,0.03175976127386093,0.0,0.018369141966104507,0.00909520499408245,0.0,0.07756859809160233,0.0,0.0009705177508294582,0.045897819101810455,0.0,0.4560942053794861,0.043459415435791016,0.026999972760677338,0.13595324754714966,0.0,0.0,0.08842077106237411,0.13452334702014923,0.0,0.35038304328918457,0.2066914588212967,0.26008033752441406,0.0,0.0,0.013458575122058392,0.002414525020867586,0.0322391502559185,0.020351234823465347,0.08766894787549973,0.003427803749218583,0.17532342672348022,0.0,0.0,0.44411665201187134,0.3336230516433716,0.02015344426035881,0.0,0.0,0.012637097388505936,0.34250372648239136,0.0,0.3864288628101349,0.1599828600883484,0.06144672632217407,0.0,0.0,0.035677626729011536,0.014805987477302551,0.0,0.0,0.0,0.3839908242225647,0.17244461178779602,0.0,0.022847305983304977,0.1165018305182457,0.05772089958190918,0.0,0.3862997591495514,4.86085846205242e-05,0.014219649136066437,0.040061336010694504,0.003684449475258589,0.005498300772160292,0.0,0.0,0.12093986570835114,0.0,0.38563957810401917,0.02298554591834545,0.001590195344761014,0.0,0.5557950735092163,0.0,0.023381773382425308,0.0013788467040285468,0.3221597969532013,0.0,0.3321281373500824,0.00040004256879910827,0.10053964704275131,0.037911441177129745,0.09853813797235489,0.020709140226244926,0.29856547713279724,0.0007836078875698149,0.19475781917572021,0.10673213005065918,0.10105442255735397,0.32996103167533875,8.108327892841771e-05,0.29192984104156494,0.00697236368432641,0.0,0.042578887194395065,0.00836220569908619,0.0,0.33744481205940247,0.0,0.0,0.07513456046581268,0.020316310226917267,0.6842344999313354,0.04047899320721626,0.04406698793172836,0.0,0.2955322563648224,0.10744163393974304,0.0007620886317454278,0.0,0.0008537030080333352,0.0,0.19288422167301178,0.0837283506989479,0.11477266252040863,0.0,0.0,0.10502595454454422,0.24249309301376343,0.0013697055401280522,0.1915639340877533,0.04842190816998482,0.08531816303730011,0.0,0.14191292226314545,0.03160480037331581,0.004975599702447653,0.0,0.22712476551532745,0.0786437839269638,0.022984346374869347,0.0021396279335021973,0.18885350227355957,0.3884015381336212,0.20467513799667358,0.011729048565030098,0.016783282160758972,0.035919591784477234,0.04601983726024628,0.028709063306450844,0.0010470442939549685,0.4182067811489105,0.0,0.0012687918497249484,0.06564583629369736,0.0,0.12004487216472626,0.0,0.1935005635023117,0.29482436180114746,0.018565433099865913,0.025704985484480858,0.039829008281230927,0.0,0.0,0.05246873199939728,0.03575403243303299,0.019600635394454002,0.14740566909313202,0.0,0.0,0.04062808305025101,0.03481456637382507,0.010243195109069347,0.0,0.07370556890964508,0.012783681973814964,0.0,0.0,0.02670362964272499,0.32152506709098816,0.0,0.0,0.0009126534569077194,0.0,0.0,0.08849434554576874,0.0,0.013458224013447762,0.0005053788772784173,0.0,0.0,0.0,0.09867414832115173,0.0458839051425457,0.0,0.003872144967317581,0.0023756336886435747,0.0,0.02876993641257286,0.0021504254546016455,0.0009218375198543072,0.004348066635429859,0.10100068897008896,0.0,0.01163964718580246,0.012633566744625568,0.028017887845635414,0.0,0.0,0.015129596926271915,0.08731047809123993,0.0,0.022367244586348534,0.0,0.025923272594809532,0.01418039109557867,0.01909506693482399,0.0,0.16896378993988037,0.12464997917413712,0.0027006103191524744,0.007689111866056919,0.003927956335246563,0.0,0.0,0.0,0.014860264956951141,0.0,0.019746888428926468,0.11992882937192917,0.0,0.0014871866442263126,0.10868959873914719,0.022419564425945282,0.0,0.0,0.10372327268123627,0.0,0.0019535564351826906,0.08381348848342896,0.21462132036685944,0.0,0.0,0.0,0.0,0.038145676255226135,0.15540045499801636,0.0,0.15303672850131989,0.06370003521442413,0.05700686201453209,0.08732259273529053,0.09593015164136887,0.0,0.02604346163570881,0.0,0.02846725471317768,0.005889575462788343,0.0,0.0,0.0016463901847600937,0.00018477441335562617,0.0,0.0021476144902408123,0.14322473108768463,0.21677374839782715,0.0,0.08884444832801819,0.1094122976064682,0.05099186301231384,0.3010675013065338,0.0,0.0,0.21954916417598724,0.0,0.005416725296527147,0.0,0.0,0.022038524970412254,0.0,0.03671429306268692,0.0,0.19547303020954132,0.10114830732345581,0.002172233071178198,0.0,0.18274444341659546,0.09521669149398804,0.35777074098587036,0.062339507043361664,0.0,0.0029246010817587376,0.02717810682952404,0.004301291424781084,0.0007581671234220266,0.01197765115648508,0.0013682186836376786,0.19402749836444855,0.005124256946146488,0.014646852388978004,0.021174777299165726,0.0,0.0,0.0,0.0,0.3982831537723541,0.0,0.0,0.0,0.012611704878509045,0.0,0.0066644055768847466,0.041902925819158554,0.0028629512526094913,0.041738949716091156,0.0,0.0,0.044599954038858414,0.0,0.446591317653656,0.01810166984796524,0.005580719094723463,0.06587249040603638,0.0,0.0,0.05514857918024063,0.1316928267478943,9.084443445317447e-05,0.3251744210720062,0.28845226764678955,0.21836593747138977,0.0,0.0,0.0,0.0017091950867325068,0.021684061735868454,0.012401597574353218,0.04586346074938774,0.04320000112056732,0.22076913714408875,0.0,0.0,0.41390693187713623,0.3016059696674347,0.011631971225142479,0.0,0.0,0.001161217805929482,0.27199190855026245,0.0,0.35991278290748596,0.19997350871562958,0.030332157388329506,0.0,0.10845014452934265
29,0.13090424239635468,0.06290525943040848,0.0,0.0,0.0,0.0,0.3360709547996521,0.05502065643668175,0.0,0.14314012229442596,0.14613071084022522,0.011486719362437725,0.0,0.2614613473415375,0.15367837250232697,0.04619944095611572,0.01733078807592392,0.1491745412349701,0.020842749625444412,0.0,0.0,0.04608643427491188,0.0,0.46113312244415283,0.1678656041622162,0.0,0.0,0.4114825427532196,0.010271807201206684,0.02935182675719261,0.0,0.3488234877586365,0.0,0.1157279685139656,0.008724864572286606,0.0026327306404709816,0.0,0.09445711225271225,0.19948036968708038,0.23352782428264618,0.1913648545742035,0.0577494315803051,0.1233326718211174,0.002043133834376931,0.19985593855381012,0.0,0.42471933364868164,0.00549682043492794,0.0,0.14866191148757935,0.0,0.0115880835801363,0.6445277333259583,0.012733514420688152,0.0,0.07201095670461655,0.033783573657274246,0.7180418968200684,0.093355692923069,0.05176475644111633,0.0,0.08417519181966782,0.22405488789081573,0.058979663997888565,0.0,0.0,0.0,0.5255448222160339,0.2908177077770233,0.13538537919521332,0.0,0.0013334465911611915,0.16663965582847595,0.6220866441726685,0.0,0.04349501430988312,0.26330432295799255,0.002444607438519597,0.0,0.03094065934419632,0.15347416698932648,0.01833105832338333,0.10049346089363098,0.16534423828125,0.38196125626564026,0.034261371940374374,0.0,0.2805662751197815,0.5365250706672668,0.27338042855262756,0.0466950349509716,0.2337649166584015,0.03130244091153145,0.0741707980632782,0.0,0.11582674086093903,0.3450583517551422,0.0,0.0,0.002574288286268711,0.2530839741230011,0.2101794332265854,0.0,0.42048531770706177,0.11795242875814438,0.03503422811627388,0.026693711057305336,0.36299386620521545,0.06309991329908371,0.0,0.1684967279434204,0.027336368337273598,0.0015673103043809533,0.24616511166095734,0.13854272663593292,0.00977391842752695,0.03834589943289757,0.26797905564308167,0.0,0.026532689109444618,0.10764859616756439,0.1779068559408188,0.000539149041287601,0.0,0.08329785615205765,0.10151415318250656,0.0,0.0,0.12516829371452332,0.0,0.0014046248979866505,0.09785643219947815,0.0,0.0163266584277153,0.02286146581172943,0.2160576581954956,0.020376218482851982,0.0,0.156209334731102,0.0013716729590669274,0.0,0.0,0.0,0.0,0.012249456718564034,0.0329868383705616,0.09029612690210342,0.0,0.0,0.0,0.0,0.042591579258441925,0.034383583813905716,0.0,0.0,0.212079718708992,0.04740935191512108,0.0,0.0,0.010539780370891094,0.03169310465455055,0.01249707955867052,0.05694401264190674,0.0,0.03214824199676514,0.14283053576946259,0.0,0.0,0.08170325309038162,0.0,0.06567350775003433,0.048340216279029846,0.016052911058068275,0.0,0.28185442090034485,0.24902884662151337,0.0,0.0,0.15960071980953217,0.005306706763803959,0.04248868301510811,0.0,0.0829453244805336,0.006120920181274414,0.0228616651147604,0.07615721970796585,0.22903524339199066,0.0,0.0,0.0,0.0,0.31187379360198975,0.25258854031562805,0.0011224668705835938,0.15626439452171326,0.12129683047533035,0.0004602836270350963,0.11323698610067368,0.3582862913608551,0.0,0.1284252107143402,0.0,0.0019692708738148212,0.041548553854227066,0.0,0.0,0.0,0.5079964399337769,0.20799803733825684,0.008130823262035847,0.20506316423416138,0.30630117654800415,0.0,0.010777887888252735,0.14782081544399261,0.05680437758564949,0.16716548800468445,0.0,0.0,0.08425970375537872,0.0,0.1112084686756134,0.17475487291812897,0.0,0.08456259220838547,0.0,0.29887744784355164,0.17958320677280426,0.13222147524356842,0.23789061605930328,0.06789632141590118,0.14225955307483673,0.30995315313339233,0.04652073234319687,0.15912124514579773,0.0,0.0,0.0,0.0023156984243541956,0.009706013835966587,0.007408774457871914,0.00013268164184410125,0.009160556830465794,0.10237863659858704,0.17647375166416168,0.043937258422374725,0.006980674806982279,0.0,0.0,0.0,0.0,0.6214122772216797,0.0,0.0,0.0,0.0,0.0,0.0,0.02572786808013916,0.0,0.017800061032176018,0.039920873939991,0.08186499774456024,0.02249738574028015,0.0,0.7120715379714966,0.026604562997817993,0.05719386786222458,0.07986805588006973,0.0,0.0,0.16965678334236145,0.11847271025180817,0.0,0.12123337388038635,0.1059931144118309,0.14865519106388092,0.0,0.11163098365068436,0.0,0.18044035136699677,0.0,0.0,0.2745570242404938,0.005650751758366823,0.18754233419895172,0.0,0.0075331032276153564,0.3045065104961395,0.08177291601896286,0.033244047313928604,0.0,0.0,0.3488537669181824,0.23551136255264282,0.0,0.1753101646900177,0.5660036206245422,0.12717756628990173,0.03912708908319473,0.047326672822237015,0.02483653835952282,0.152633398771286,0.0,0.0,0.0,0.19530390202999115,0.09981242567300797,0.005448769312351942,0.14594855904579163,0.28665807843208313,0.005430081393569708,0.0,0.2163628786802292,0.30270496010780334,0.0,0.0,0.2323768138885498,0.16503091156482697,0.002950377529487014,0.12526004016399384,0.06253933161497116,0.0,0.7223798036575317,0.2397715151309967,0.0015290003502741456,0.0,0.5729753375053406,0.05643611028790474,0.027906695380806923,0.0029408857226371765,0.3006060719490051,0.017926735803484917,0.12677399814128876,0.06636738777160645,0.012686572037637234,0.006395199801772833,0.21177425980567932,0.3399374485015869,0.08745767921209335,0.3078647255897522,0.043946512043476105,0.1550251692533493,0.0,0.24453520774841309,0.021531054750084877,0.2594996988773346,0.02339705266058445,0.0,0.3089161813259125,0.0,0.0,0.6995702981948853,0.0,0.005863581784069538,0.1627286821603775,0.09400811046361923,0.6879208087921143,0.06938095390796661,0.01794620417058468,0.0,0.07751675695180893,0.08547794073820114,0.03360338881611824,0.0,0.0,0.0,0.7257424592971802,0.1655047982931137,0.06047024950385094,0.0029362402856349945,0.0,0.16402532160282135,0.6157307028770447,0.0016857130685821176,0.11287879943847656,0.5234199166297913,0.05427442118525505,0.0,0.0,0.2656552493572235,0.0,0.03149526193737984,0.24071131646633148,0.6688908934593201,0.0,0.0004073187883477658,0.15094886720180511,0.6985570788383484,0.07344676554203033,0.14144355058670044,0.56916743516922,0.03109724260866642,0.2989841401576996,0.0,0.23608461022377014,0.23035183548927307,0.0,0.0,0.009091268293559551,0.36345019936561584,0.10548599809408188,0.0,0.6963908076286316,0.02782072126865387,0.04668102413415909,0.023132437840104103,0.42056211829185486,0.020051700994372368,0.0,0.28887730836868286,0.06597717851400375,0.07351567596197128,0.26484236121177673,0.2754072844982147,0.017064686864614487,0.04052145406603813,0.5577532649040222,0.005339788738638163,0.057659175246953964,0.2636955678462982,0.3516819179058075,0.09225129336118698,0.0029319466557353735,0.15376101434230804,0.030113792046904564,0.0,0.1118498370051384,0.40882784128189087,0.0,0.03443016856908798,0.030270317569375038,0.058648884296417236,0.03217191994190216,0.011756468564271927,0.1545453816652298,0.028854260221123695,0.0,0.062168192118406296,0.0,0.0,0.016216697171330452,0.0,0.0,0.11878400295972824,0.0,0.156867116689682,0.02999013103544712,0.024027366191148758,0.0,0.0,0.07722790539264679,0.002513858489692211,0.0,0.003649842692539096,0.46909379959106445,0.2280854433774948,0.004708565771579742,0.0,0.002145188394933939,0.1874149739742279,0.0207960307598114,0.13626399636268616,0.0,0.0,0.04142006114125252,0.010904956609010696,0.0,0.1993127316236496,0.0,0.11175232380628586,0.02569732628762722,0.0017967865569517016,0.0,0.3602597415447235,0.36195647716522217,0.0169257503002882,0.0,0.0847070962190628,0.0,0.00779850734397769,0.04371193051338196,0.16398079693317413,0.00045574011164717376,0.013107686303555965,0.08144646137952805,0.09534542262554169,0.0,0.050725292414426804,0.0,0.0,0.43245846033096313,0.11577267944812775,0.0,0.007469996809959412,0.4728533923625946,0.0,0.3876672387123108,0.6143349409103394,0.02244325540959835,0.3522230088710785,0.0,0.010573898442089558,0.046909112483263016,0.0,0.0,0.0,0.8950002789497375,0.43643316626548767,0.09493099898099899,0.08735974133014679,0.20038370788097382,0.0032947238069027662,0.030296236276626587,0.2920643389225006,0.0428040511906147,0.1416618376970291,0.0,0.0,0.20634305477142334,0.0,0.13592250645160675,0.5472972989082336,0.0297552403062582,0.10357619822025299,0.0042847562581300735,0.6085211634635925,0.4199145436286926,0.1444806158542633,0.2862287759780884,0.15208859741687775,0.15782049298286438,0.46563220024108887,0.08666675537824631,0.0931292176246643,0.03181371092796326,0.0,0.0,0.0,0.0,0.06737080961465836,0.0,0.04438963904976845,0.2009940892457962,0.3489714562892914,0.29473191499710083,0.0250861793756485,0.0,0.0,0.0,0.0,0.49115023016929626,0.0,0.0,0.039461132138967514,0.14373424649238586,0.0,0.0,0.00914212316274643,0.09822940826416016,0.0,0.008874873630702496,0.2574402987957001,0.03421575948596001,0.03901660442352295,0.7017879486083984,0.004055739846080542,0.18302574753761292,0.0,0.0,0.00020431206212379038,0.06908184289932251,0.10687526315450668,0.0,0.5978986620903015,0.03660645708441734,0.20826350152492523,0.0,0.23674435913562775,2.7008354663848877e-06,0.43981119990348816,0.005491127725690603,0.0,0.5788677334785461,0.026708513498306274,0.20097754895687103,0.0,0.024825280532240868,0.34915152192115784,0.0688042938709259,0.058993108570575714,0.0,0.0,0.4806489050388336,0.37263020873069763,0.0,0.10149367153644562,0.5653463006019592,0.3900281488895416,0.06177482753992081,0.2562783658504486,0.029151005670428276,0.02042577974498272,0.0,0.0,0.0,0.4455244839191437,0.0746593251824379,0.010027560405433178,0.159042626619339,0.046526867896318436,0.02764824777841568,0.0,0.3725150525569916,0.11176300048828125,0.0,0.011912179179489613,0.030245834961533546,0.0,0.005544939544051886,0.004704545717686415,0.09561373293399811,0.0009868541965261102,0.2598534822463989,0.21941827237606049,0.0,0.0,0.5900257229804993,0.021695470437407494,0.0010478728218004107,0.0,0.45024242997169495,0.0,0.13478553295135498,0.04318308085203171,0.022850276902318,0.0,0.06945299357175827,0.20569771528244019,0.2275899201631546,0.45418426394462585,0.15348391234874725,0.11550406366586685,0.03099728375673294,0.21027421951293945,0.007293353322893381,0.5339887738227844,0.0,0.0,0.1196078360080719,0.0003250295121688396,0.0032755855936557055,0.7396451234817505,0.0,0.0,0.04167219623923302,0.05330343544483185,1.0647187232971191,0.27491581439971924,0.13721963763237,0.0,0.11323555558919907,0.4107663929462433,0.005580468103289604,0.0,0.004852684680372477,0.0,0.4456769526004791,0.42087188363075256,0.3217523396015167,0.0,0.0,0.20544500648975372,0.7053828239440918,0.00191684125456959,0.06639877706766129,0.2730993330478668,0.004646933637559414,0.0,0.04176623001694679,0.07310602068901062,0.0,0.023931847885251045,0.21615412831306458,0.15348917245864868,0.008963187225162983,0.0,0.5440748929977417,0.49509620666503906,0.22433029115200043,0.05564652010798454,0.14760060608386993,0.0342467725276947,0.037692222744226456,0.013504639267921448,0.21221435070037842,0.6362131237983704,0.0,0.005414583254605532,0.043865468353033066,0.20759660005569458,0.44082894921302795,0.0,0.11502672731876373,0.17284992337226868,0.06892379373311996,0.014483051374554634,0.21186178922653198,0.08104818314313889,0.0,0.18457111716270447,0.02775227092206478,0.03312155604362488,0.35136228799819946,0.27781373262405396,0.0,0.15883895754814148,0.22406408190727234,0.006889059208333492,0.016720375046133995,0.202789306640625,0.2888908386230469,0.048098452389240265,0.0,0.08551809936761856,0.01831299252808094,0.004452838096767664,0.023397590965032578,0.09336231648921967,0.0,0.02022234909236431,0.05543956905603409,0.052359987050294876,0.04841138795018196,0.02621239237487316,0.39748916029930115,0.024467289447784424,0.0,0.2043089121580124,0.022118890658020973,0.0,0.0,0.0,0.0,0.018754208460450172,0.0,0.24132360517978668,0.0,0.0,0.0,0.0,0.04581654071807861,0.0016801580786705017,0.0,0.0,0.32348349690437317,0.10234370827674866,0.0,0.0013828054070472717,0.04085477069020271,0.06474271416664124,0.04055432602763176,0.08412716537714005,0.006419655401259661,0.0989353135228157,0.21363213658332825,0.0,0.0020450162701308727,0.030141429975628853,0.0,0.01981436274945736,0.06625551730394363,0.029058221727609634,0.0,0.7156853079795837,0.12097428739070892,0.0,0.0,0.04267403855919838,0.0,0.00596364913508296,0.0054283845238387585,0.009254427626729012,0.0023912687320262194,0.002586378948763013,0.2822219729423523,0.475023478269577,0.009465388022363186,0.010690852999687195,0.0,0.0,0.2221507728099823,0.3120022714138031,0.0,0.2391197234392166,0.08629211038351059,0.02926819957792759,0.05150609090924263,0.21778935194015503,0.0,0.10423799604177475,0.0,0.020759373903274536,0.1658312827348709,0.0,0.0012513130204752088,0.0,0.5030241012573242,0.12986813485622406,0.0378638319671154,0.3386203348636627,0.5242475271224976,0.007165397051721811,0.007153728976845741,0.0969795361161232,0.01903970167040825,0.3005489706993103,0.003435724414885044,0.0,0.11176255345344543,0.0014548616018146276,0.21461141109466553,0.18930824100971222,0.014233171939849854,0.10839781165122986,0.007768424227833748,0.4376363158226013,0.09557183086872101,0.46379342675209045,0.06898987293243408,0.16483573615550995,0.1910826414823532,0.17848949134349823,0.015916723757982254,0.21935974061489105,0.0433092936873436,0.0,0.0,0.0,0.00989887211471796,0.025661639869213104,0.0,0.019318992272019386,0.008447501808404922,0.13284724950790405,0.11317486315965652,0.0,0.0,0.0,0.0,0.0,0.6665873527526855,0.0,0.0,0.028259316459298134,0.08443629741668701,0.0,5.9337664424674585e-05,0.04530952498316765,0.0390004999935627,0.005127906799316406,0.014495753683149815,0.06920744478702545,0.008057556115090847,0.014592624269425869,0.711929202079773,0.0020791376009583473,0.004264843184500933,0.013077964074909687,0.0,0.01442908775061369,0.1770804226398468,0.1865241378545761,0.0,0.21911273896694183,0.2642399072647095,0.13503989577293396,0.0,0.06368748098611832,0.0013633366907015443,0.08839456737041473,0.03683469817042351,0.0,0.2633742392063141,0.1568571776151657,0.3349733054637909,0.0,0.006045007146894932,0.18498407304286957,0.1571912169456482,0.04051138833165169,0.0,0.0,0.411014586687088,0.16756421327590942,0.0,0.20560045540332794,0.5447114109992981,0.08194698393344879,0.006222451571375132,0.26784273982048035
30,0.2938356101512909,0.1227269396185875,0.21596424281597137,0.0,0.0,0.0,0.8851597905158997,0.0,0.014155596494674683,0.29749301075935364,0.0,0.0,0.0,0.5164159536361694,0.0,0.1590624749660492,0.05402419716119766,0.0,0.0,0.0,0.0,0.0,0.02507593110203743,0.013667652383446693,0.12309308350086212,0.013499096035957336,0.0,0.6662677526473999,0.06754399836063385,0.031231900677084923,0.11768078804016113,0.4254717528820038,0.0,0.03803813457489014,0.1541692465543747,0.07068108767271042,0.0,0.4906601011753082,0.024001389741897583,0.003120020730420947,0.6144158244132996,0.2729329466819763,0.1081928163766861,0.0986732766032219,0.14002002775669098,0.582213819026947,0.7020936012268066,0.021339422091841698,0.0,0.10111027956008911,0.21760264039039612,0.0,0.14757880568504333,0.012181910686194897,0.12230134010314941,0.0,0.6754289865493774,1.4218438863754272,0.5517569780349731,0.12864099442958832,0.0,0.0,0.4388497471809387,0.0,0.0,0.09830973297357559,0.0,0.0,0.5003424882888794,0.2847082018852234,0.37648364901542664,0.0,0.5531821250915527,0.4171430766582489,0.34860584139823914,0.005943004973232746,0.10013393312692642,0.01866343431174755,0.0,0.16061554849147797,0.015843508765101433,0.006443396210670471,0.0,0.24304428696632385,0.0,0.01705504208803177,0.0021788552403450012,0.4974845051765442,0.23435811698436737,0.39047518372535706,0.2989770770072937,0.0,0.009717526845633984,0.11683100461959839,0.0,0.2648296356201172,0.7960958480834961,0.0,0.03135275840759277,0.0,0.002349013229832053,0.3745461404323578,0.007155656814575195,0.017414016649127007,0.5647628903388977,0.4909447729587555,0.194431871175766,0.041392844170331955,0.19712769985198975,0.0,0.0,0.097533218562603,0.2763754427433014,0.4713403284549713,0.6726646423339844,0.0,0.08940394967794418,0.01664816588163376,0.20440581440925598,0.0669822096824646,0.0,0.45186424255371094,0.20070810616016388,0.008493750356137753,0.0,0.0,0.0,0.37949487566947937,0.0,0.012012056075036526,0.0,0.0018989489180967212,0.42397117614746094,0.047498323023319244,0.14499206840991974,0.589181125164032,0.0,0.0,0.383912056684494,0.07331107556819916,0.0,0.0,0.12655089795589447,0.0,0.1404617875814438,0.0,0.4588763415813446,0.00011086017184425145,0.0,0.0,0.005170671734958887,0.42232438921928406,0.07572504132986069,0.0,0.0,0.8337776064872742,0.06230107694864273,0.0,0.017378468066453934,0.07304259389638901,0.5681642293930054,0.27872273325920105,0.19383186101913452,0.0,0.1833799183368683,0.24070215225219727,0.0,0.38362130522727966,0.0,0.0,0.010671925731003284,0.0,0.0025681511033326387,0.021292610093951225,0.9132615923881531,0.0,0.03488936647772789,0.45757928490638733,0.0,0.04474512115120888,0.0,0.0,0.17076340317726135,0.1348239928483963,0.0,0.4834468364715576,0.7130151391029358,0.013132288120687008,0.6338921189308167,0.0,0.0,0.0,0.1818908303976059,0.04078112915158272,0.31988975405693054,0.19884398579597473,0.044817663729190826,0.2733651101589203,0.0,0.34894347190856934,0.17884722352027893,0.0,0.07489974796772003,0.41684308648109436,0.0,0.014821243472397327,0.0,0.0,0.0,0.16897475719451904,0.10141202062368393,0.636853814125061,0.031764086335897446,0.528606116771698,0.0,0.23201170563697815,0.806786835193634,0.0,0.19322644174098969,0.1522952765226364,0.0,0.45927801728248596,0.0,0.08787636458873749,0.029848609119653702,0.0017822101945057511,0.43623819947242737,0.0,0.8252312541007996,0.0,0.25155845284461975,0.03476683050394058,0.4145831763744354,0.17981845140457153,0.03060896508395672,0.3296317756175995,0.4372631013393402,0.0,0.06352093815803528,0.030109314247965813,0.21644531190395355,0.0,0.0021792296320199966,0.2672531008720398,0.0,0.01586179807782173,0.01430684793740511,0.0,0.0,0.0,0.0,0.29194536805152893,0.0,0.0,0.01564343273639679,0.7194657921791077,0.014765891246497631,0.11697208136320114,0.04678322374820709,0.13261258602142334,0.13425710797309875,0.0,0.0008579731220379472,0.3556729853153229,0.534029483795166,0.0,0.27212604880332947,0.0,0.3537173271179199,0.0,0.05130459740757942,0.33310362696647644,0.0,0.0,0.7029582858085632,1.0354692935943604,0.36634016036987305,0.38936927914619446,0.0,0.0,0.0,0.0898631289601326,0.07136956602334976,0.02328616939485073,0.3065605163574219,0.668428897857666,0.0,0.0855339989066124,0.05334167554974556,0.18058405816555023,0.08044854551553726,0.0,0.061173804104328156,0.0,0.007732123136520386,0.12285417318344116,0.5892371535301208,0.06804404407739639,0.050128210335969925,0.0847257524728775,0.0,0.07715131342411041,0.05232983082532883,0.0,0.0,0.0,0.310663104057312,0.15392254292964935,0.0,0.01219667587429285,0.18673762679100037,0.032605379819869995,0.0,0.337782621383667,0.0,0.01334286667406559,0.008154273964464664,0.0032038409262895584,0.021348144859075546,0.0,0.0,0.15904100239276886,0.0,0.46441662311553955,0.02930719032883644,0.003027751110494137,0.0,0.4817729890346527,0.0,0.013680960983037949,0.0,0.21863679587841034,0.0,0.3533931374549866,0.0022717833053320646,0.06205572187900543,0.11029936373233795,0.11406728625297546,0.0,0.24545162916183472,0.0,0.18827638030052185,0.12693683803081512,0.11970527470111847,0.3095019459724426,0.0,0.21057769656181335,0.0024565402418375015,0.0,0.06287043541669846,0.03188205137848854,0.0,0.247951477766037,0.0,0.0,0.12278907001018524,0.006440106313675642,0.5465894937515259,0.020954106003046036,0.0,0.0,0.3211436867713928,0.020438045263290405,0.0,0.0,0.0,0.0,0.21987640857696533,0.011007602326571941,0.013535289093852043,0.0,0.0,0.14861829578876495,0.2389986515045166,0.0,0.18078170716762543,0.059144966304302216,0.09459415078163147,0.0,0.22166655957698822,0.07209870964288712,0.0010217460803687572,0.0,0.26106858253479004,0.10125657916069031,0.033884476870298386,0.0,0.05174585431814194,0.4755078852176666,0.16851824522018433,0.01760760322213173,0.05401819571852684,0.047684796154499054,0.084811732172966,0.02635398879647255,0.0,0.2716040015220642,0.0,0.0,0.04767611622810364,0.0,0.02444402500987053,0.0,0.3277808427810669,0.2992042601108551,0.002136480063199997,0.0344037190079689,0.043878939002752304,0.0,0.0,0.06868065893650055,0.05602439492940903,0.03498957306146622,0.0974908322095871,0.0,0.0,0.011711889877915382,0.03701594099402428,0.011926300823688507,0.0,0.07171474397182465,0.019456567242741585,0.0,0.0027722585946321487,0.015057944692671299,0.3793424963951111,0.0,0.0,0.0,0.0,0.0,0.03432650864124298,0.0,0.029309134930372238,1.6522593796253204e-05,0.0,0.0,0.0,0.16029669344425201,0.016595372930169106,0.0,0.005128323100507259,0.0029658153653144836,0.0,0.046634696424007416,0.0,0.0,0.039433613419532776,0.24594806134700775,0.0,0.01906036213040352,0.005710459314286709,0.03054220788180828,0.0,0.0,0.014565307646989822,0.091872438788414,0.0,0.0069878678768873215,0.0,0.020789818838238716,0.0,0.0456404946744442,0.0,0.1563643366098404,0.07951807975769043,0.012288779951632023,0.018985800445079803,0.01504499837756157,0.0,0.0,0.0,0.027386462315917015,0.0,0.0,0.15413713455200195,0.0,0.0,0.11530216038227081,0.03289139270782471,0.0,0.0,0.15222322940826416,0.0,0.005469050258398056,0.015165169723331928,0.13095541298389435,0.0,0.0,0.0,0.0,0.06668292731046677,0.16969649493694305,0.0,0.0885346531867981,0.06863614916801453,0.07514263689517975,0.14102643728256226,0.19817766547203064,0.0,0.051476139575242996,0.0,0.017494631931185722,0.004756416194140911,0.0,0.0,0.002987462095916271,0.0,0.0,0.0,0.08167773485183716,0.19234919548034668,0.0,0.09764408320188522,0.1373240202665329,0.09468267858028412,0.27345219254493713,0.0,0.0,0.28750672936439514,0.0,0.0029862523078918457,0.0,0.0,0.038355886936187744,0.0,0.020915476605296135,0.0,0.04871159791946411,0.14840592443943024,0.0,0.0,0.20769047737121582,0.11387951672077179,0.3251568675041199,0.08889150619506836,0.0,0.0005190700758248568,0.03109733574092388,0.0,0.0,0.016940981149673462,0.0,0.28948327898979187,0.018049929291009903,0.0046009765937924385,0.046175915747880936,0.0,0.0,0.0,0.0,0.2889400124549866,0.0,0.0,0.0,0.03175976127386093,0.0,0.018369141966104507,0.00909520499408245,0.0,0.07756859809160233,0.0,0.0009705177508294582,0.045897819101810455,0.0,0.4560942053794861,0.043459415435791016,0.026999972760677338,0.13595324754714966,0.0,0.0,0.08842077106237411,0.13452334702014923,0.0,0.35038304328918457,0.2066914588212967,0.26008033752441406,0.0,0.0,0.013458575122058392,0.002414525020867586,0.0322391502559185,0.020351234823465347,0.08766894787549973,0.003427803749218583,0.17532342672348022,0.0,0.0,0.44411665201187134,0.3336230516433716,0.02015344426035881,0.0,0.0,0.012637097388505936,0.34250372648239136,0.0,0.3864288628101349,0.1599828600883484,0.06144672632217407,0.0,0.2109575867652893,0.10630196332931519,0.11251724511384964,0.015084606595337391,0.00030695603345520794,0.0,0.7280688881874084,0.026594558730721474,0.002663468709215522,0.19994071125984192,0.03799894452095032,0.0,0.0,0.5508794784545898,0.0,0.03265342488884926,0.09602905809879303,0.0,0.0,0.006824929732829332,0.0,0.016474425792694092,0.06853284686803818,0.055757466703653336,0.0865008682012558,0.0038719300646334887,0.0,0.6280362606048584,0.03690814599394798,0.030574845150113106,0.03834091126918793,0.4128498435020447,0.0,0.07330501824617386,0.19289709627628326,0.10888005048036575,0.0,0.2831827402114868,0.029963647946715355,0.08122920989990234,0.4006825089454651,0.30813661217689514,0.16331055760383606,0.14099273085594177,0.21530435979366302,0.38194841146469116,0.5898776650428772,0.0024799539241939783,0.0,0.04878655821084976,0.07531772553920746,0.016997020691633224,0.3009274899959564,0.0,0.029682982712984085,0.0,0.5273448824882507,1.2087851762771606,0.48251450061798096,0.12358757853507996,0.0,0.06446246802806854,0.43773898482322693,0.0,0.0,0.10630150139331818,0.0006535393185913563,0.03617947921156883,0.46976885199546814,0.3768838047981262,0.1495337337255478,0.0,0.32811248302459717,0.34906843304634094,0.23205730319023132,0.06026367470622063,0.06826206296682358,0.007465423084795475,0.026289893314242363,0.16362591087818146,0.04556291550397873,0.0,0.005817465018481016,0.22003349661827087,0.058925777673721313,0.021420948207378387,0.008973462507128716,0.5120969414710999,0.22859081625938416,0.3456704318523407,0.13246342539787292,0.05419301241636276,0.08953690528869629,0.07230817526578903,0.015222791582345963,0.2041095495223999,0.7814499735832214,0.0,0.023707851767539978,0.02457759715616703,0.02204100973904133,0.43548813462257385,0.0,0.09767415374517441,0.43593233823776245,0.3924729526042938,0.1203521117568016,0.07533925771713257,0.11629396677017212,0.0,0.0,0.047823984175920486,0.0936579555273056,0.33623361587524414,0.39741045236587524,0.0,0.13787981867790222,0.04865283891558647,0.06522640585899353,0.030102599412202835,0.0015386203303933144,0.3187063932418823,0.10453196614980698,0.0,0.0,0.013244581408798695,0.0019028160022571683,0.15982754528522491,0.005295676179230213,0.007476117927581072,0.0,0.02564943954348564,0.2598138153553009,0.025361815467476845,0.07270152866840363,0.378882497549057,0.0,0.0,0.3547920882701874,0.1034955307841301,0.0,0.0,0.03615892305970192,0.0,0.056384939700365067,0.0,0.29097872972488403,0.008879723958671093,0.022335723042488098,0.0,0.0021851356141269207,0.25282445549964905,0.04497890919446945,0.0,0.0,0.5442397594451904,0.09805749356746674,0.0,0.033384695649147034,0.047911521047353745,0.3009778559207916,0.2797117829322815,0.1030498817563057,0.0,0.23013287782669067,0.20357809960842133,0.0,0.21603511273860931,0.0,0.0,0.011961467564105988,0.0,0.029402395710349083,0.049783434718847275,0.7563970685005188,0.040788739919662476,0.028200028464198112,0.1894511878490448,0.000544132140930742,0.01819830760359764,0.0,0.006627988535910845,0.11481675505638123,0.03947309032082558,0.0,0.4140368103981018,0.6153745055198669,0.0006386935710906982,0.38840624690055847,0.0,0.0,0.0068087829276919365,0.21057751774787903,0.0054409075528383255,0.3242226541042328,0.17408956587314606,0.12353510409593582,0.09295520931482315,0.03626595064997673,0.2712399661540985,0.055772338062524796,0.0,0.14513204991817474,0.29557862877845764,0.0,0.00736954202875495,0.0,0.0,0.03194718435406685,0.18339665234088898,0.1840163618326187,0.5627829432487488,0.002860771492123604,0.36218225955963135,0.01785784773528576,0.11997267603874207,0.6307843327522278,0.00946570560336113,0.06377758830785751,0.11146129667758942,0.002446927595883608,0.32739385962486267,0.0,0.07663663476705551,0.0576518252491951,0.0,0.29474323987960815,0.02916923351585865,0.6782671213150024,0.0007952780579216778,0.1497325450181961,0.027709905058145523,0.2660004198551178,0.1305779665708542,0.13347186148166656,0.22361749410629272,0.27859240770339966,0.00015534658450633287,0.0180840902030468,0.007739047985523939,0.15104004740715027,0.010886839590966702,0.006685301661491394,0.11206583678722382,0.022342661395668983,0.10144133865833282,0.031455766409635544,0.0,0.0,0.0026216446422040462,0.0,0.4209173023700714,0.0,0.0,0.03482411056756973,0.33179453015327454,0.009343528188765049,0.07676170766353607,0.10609570145606995,0.02888822928071022,0.03348799794912338,0.0,0.000840772467199713,0.1814647763967514,0.3604342043399811,0.10187019407749176,0.1267784833908081,0.0019672811031341553,0.25708135962486267,0.0,0.01361274067312479,0.21100205183029175,0.009315001778304577,0.0,0.5515998005867004,0.804130494594574,0.26695525646209717,0.2582399249076843,0.0,0.00031129413400776684,0.0,0.08476007729768753,0.030472787097096443,0.057069096714258194,0.2955179214477539,0.5650976896286011,0.0,0.03670119121670723,0.11979959905147552,0.22611311078071594,0.08042421191930771,0.0,0.09077243506908417,0.005691051483154297,0.05861814692616463,0.11710109561681747,0.4171472489833832,0.1568181812763214,0.035371314734220505,0.03821205720305443,-1.2048295736312866
31,0.47120118141174316,0.07365681231021881,0.08961840718984604,0.0,0.0,0.0,0.831439733505249,0.008989649824798107,0.0,0.3964564800262451,0.0,0.0,0.0,0.4491686224937439,0.0,0.035337917506694794,0.04135981202125549,0.0,0.0,0.030930783599615097,0.0,0.010850334540009499,0.00281246704980731,0.048748284578323364,0.3225034177303314,0.0,0.0,0.5782067775726318,0.030639294534921646,0.012696266174316406,0.04378615692257881,0.5698590874671936,0.0,0.04029327630996704,0.11112887412309647,0.019081149250268936,0.0,0.22143319249153137,0.15412075817584991,0.06412317603826523,0.8953627347946167,0.22429847717285156,0.07351426035165787,0.0558491088449955,0.12124142050743103,0.11431688070297241,0.9510701298713684,0.0073657771572470665,0.0,0.14447513222694397,0.20022685825824738,0.0,0.5380289554595947,0.0,0.05348934605717659,0.0,0.3303150236606598,1.5779811143875122,0.42006242275238037,0.3389747738838196,0.0,0.0354682132601738,0.687696099281311,0.0,0.0,0.012775138020515442,0.0,0.03599477559328079,0.6962698698043823,0.3429916501045227,0.1331912726163864,0.0,0.5181646347045898,0.7858050465583801,0.0997137650847435,0.015420721843838692,0.2720581591129303,0.005516425706446171,0.0,0.08015940338373184,0.029736122116446495,0.0070083229802548885,0.02618277631700039,0.2742452025413513,0.0,0.015338887460529804,0.0,0.855745255947113,0.46281611919403076,0.3507367670536041,0.23611758649349213,0.0,0.03639582544565201,0.05847577750682831,0.011816181242465973,0.45876699686050415,0.9551774859428406,0.0,0.017864685505628586,0.00942707248032093,0.05246752128005028,0.5647271871566772,0.0,0.0,0.29727745056152344,0.29384541511535645,0.0754421129822731,0.1383531391620636,0.2500268518924713,0.0,0.0,0.09312436729669571,0.12506461143493652,0.4154202938079834,0.8557095527648926,0.0,0.15065021812915802,0.09240666776895523,0.1043626070022583,0.06516764312982559,0.0049246856942772865,0.5821627974510193,0.1594606190919876,0.00954743567854166,0.0,0.0019887578673660755,0.0,0.14643283188343048,0.0,0.0,0.011659961193799973,0.05352454632520676,0.25589683651924133,0.07275116443634033,0.1661113053560257,0.9795106053352356,0.0,0.0,0.4439154267311096,0.019385740160942078,0.0,0.0,0.0,0.0,0.035615019500255585,0.0,0.6650882959365845,0.0,0.0,0.0,0.0,0.07029123604297638,0.03461203724145889,0.0,0.0,0.8074477910995483,0.05531316623091698,0.0,0.004171664826571941,0.11453033983707428,0.22237679362297058,0.21927522122859955,0.20362801849842072,0.0,0.17180611193180084,0.2816776633262634,0.0,0.07285532355308533,0.0,0.0,0.027748726308345795,0.04435982555150986,0.031317878514528275,0.0400439016520977,1.3046811819076538,0.06390640884637833,0.0032191453501582146,0.22113937139511108,0.0,0.0,0.0,0.0,0.000924614374525845,0.03437243402004242,0.0,0.6312083601951599,0.9205843806266785,0.03839324414730072,0.16492651402950287,0.0,0.0,0.020845243707299232,0.30038172006607056,0.0010525385150685906,0.4309075176715851,0.09667374193668365,0.04156895726919174,0.040495652705430984,0.003465913934633136,0.05730389058589935,0.11298055201768875,0.0,0.04232950881123543,0.4458417296409607,0.0,0.0004476701724343002,0.0,0.2847159504890442,0.012307008728384972,0.024130472913384438,0.30788326263427734,0.8429533839225769,0.034904416650533676,0.11292809993028641,0.0,0.04054613038897514,0.6424926519393921,0.0,0.09689566493034363,0.11684473603963852,0.0,0.5013769865036011,0.06535843014717102,0.09035176038742065,0.06923404335975647,0.0,0.7744443416595459,0.0,0.8765925765037537,0.0,0.2490541636943817,0.3002563416957855,0.36030951142311096,0.11810871213674545,0.12204162776470184,0.1400010734796524,0.01887228526175022,0.0,0.012851299718022346,0.034340161830186844,0.12124844640493393,0.0,0.00038849361590109766,0.00527151208370924,0.0,0.0,0.0,0.0,0.0,0.0,0.0,0.572746992111206,0.0,0.0,0.020577093586325645,0.3704500198364258,0.017336905002593994,0.07829698920249939,0.18085885047912598,0.1754123717546463,0.08140101283788681,0.0,0.017251519486308098,0.2519451081752777,0.21423423290252686,0.32654333114624023,0.03583073616027832,0.0,0.11825892329216003,0.0,0.0873618796467781,0.505525529384613,0.01123120915144682,0.0,0.2748259902000427,0.8034087419509888,0.35167384147644043,0.13681234419345856,0.0,0.0,0.0017627410124987364,0.09196058660745621,0.0,0.13757538795471191,0.31278204917907715,0.6665862798690796,0.0,0.1625789999961853,0.04116997495293617,0.20434951782226562,0.10882603377103806,0.0,0.028392797335982323,0.38127994537353516,0.0210882481187582,0.00020723071065731347,0.4534177780151367,0.4482746720314026,0.014791440218687057,0.013002105988562107,0.38118964433670044,0.07837416976690292,0.03823133558034897,0.0,0.0,0.0,0.5790640115737915,0.003326982958242297,0.029432812705636024,0.19286756217479706,0.10758259147405624,0.0028474414721131325,0.0,0.38536858558654785,0.02461482211947441,0.0,0.016789009794592857,0.027123963460326195,0.12072154134511948,0.0,0.004897499922662973,0.016896653920412064,0.004638529848307371,0.10546398162841797,0.440922349691391,0.0071641537360847,0.0,0.49047955870628357,0.041276633739471436,0.060943473130464554,0.006886598654091358,0.4720984399318695,0.0,0.04138636216521263,0.13531269133090973,0.00812607817351818,0.008196800947189331,0.06356117874383926,0.13485543429851532,0.07997775822877884,0.6761992573738098,0.13334351778030396,0.286941796541214,0.008988945744931698,0.07992159575223923,0.013205662369728088,0.6434640288352966,0.0,0.003358559450134635,0.08802392333745956,0.004214971326291561,0.0,0.7938790321350098,0.0,0.0,0.0,0.16107480227947235,1.1484535932540894,0.39758989214897156,0.11801084131002426,0.0,0.03487510606646538,0.46147051453590393,0.0,0.0,0.0,0.0,0.33486512303352356,0.5289795398712158,0.3874220848083496,0.0,0.0,0.26268020272254944,0.836611270904541,0.02296517603099346,0.017429949715733528,0.313886433839798,0.0,0.0,0.15288354456424713,0.0807470753788948,0.0,0.05784270167350769,0.18741218745708466,0.11146467924118042,0.05129338428378105,0.0,0.6170791983604431,0.6062928438186646,0.2366178333759308,0.10740449279546738,0.25658950209617615,0.17657367885112762,0.04514965042471886,0.007383226882666349,0.4415247142314911,0.7590649127960205,0.0,0.014602812007069588,0.0,0.3105282485485077,0.616969645023346,0.0,0.1618640273809433,0.1525653451681137,0.1388927698135376,0.04274468868970871,0.29769495129585266,0.13501852750778198,0.0,0.14265969395637512,0.14832644164562225,0.02738412655889988,0.3553997576236725,0.4821789264678955,0.0,0.21609614789485931,0.2432112693786621,0.0,0.010478896088898182,0.08656995743513107,0.49531289935112,0.043554823845624924,0.009201970882713795,0.005443796515464783,0.0,0.004852664656937122,0.020202260464429855,0.05740494653582573,0.0,0.013387629762291908,0.02447332628071308,0.1529630422592163,0.06225475296378136,0.000930824491661042,0.5190996527671814,0.04269310459494591,0.0,0.3537687063217163,0.021509366109967232,0.0,0.0,0.0,0.004847466945648193,0.04023757949471474,0.03877078369259834,0.4172421395778656,0.0029835663735866547,0.11043335497379303,0.0,0.0,0.03351666405797005,0.007603663485497236,0.0,0.0,0.4872070252895355,0.029344890266656876,0.008398914709687233,0.00223281211219728,0.07636895775794983,0.035632576793432236,0.12454960495233536,0.2254081815481186,0.0,0.0661156103014946,0.22887594997882843,0.0,0.0,0.007385425269603729,0.0,0.03396102413535118,0.06675418466329575,0.08392243832349777,0.01112435944378376,1.0505043268203735,0.06310298293828964,0.0,0.0038680359721183777,0.04260384663939476,4.584491398418322e-05,0.0,0.009002028964459896,0.05529293417930603,0.03649861365556717,0.021921105682849884,0.31978049874305725,0.6329163908958435,0.006315536797046661,0.03913787379860878,0.0,0.0,0.09365842491388321,0.43041273951530457,0.0,0.2337115854024887,0.1397315263748169,0.2435908168554306,0.017021536827087402,0.1666475385427475,0.01529174204915762,0.07694153487682343,0.0,0.05545322969555855,0.3656834065914154,0.0064361183904111385,0.0,0.031544029712677,0.3903891444206238,0.12578415870666504,0.1351502686738968,0.27651891112327576,0.6945382952690125,0.0,0.005843734834343195,0.08637471497058868,0.05190419778227806,0.33252817392349243,0.0,0.018382230773568153,0.04998285695910454,0.0002707477833610028,0.3616614043712616,0.2906755208969116,0.08870458602905273,0.20405292510986328,0.007553280796855688,0.670069694519043,0.0774533748626709,0.5318949818611145,0.029290083795785904,0.3924879729747772,0.26276424527168274,0.16984285414218903,0.021704886108636856,0.10519524663686752,0.06302261352539062,0.0,0.0,0.0,0.0158331748098135,0.09362750500440598,0.0,0.020597103983163834,0.004197483416646719,0.15238988399505615,0.1342049390077591,0.043799061328172684,0.0,0.0,0.003813305636867881,0.0,0.6936378479003906,0.0,0.0,0.07870399951934814,0.10361583530902863,0.0,0.002555561251938343,0.07382847368717194,0.04533527418971062,0.0,0.004108475521206856,0.08453526347875595,0.025111252442002296,0.08085054904222488,0.5831391215324402,0.003238282399252057,0.07238040119409561,0.04503963142633438,0.0,0.0030268339905887842,0.22606630623340607,0.08037219196557999,0.0,0.14306053519248962,0.3526217043399811,0.2220289260149002,0.0,0.12796151638031006,0.0,0.13903988897800446,0.1252993792295456,0.0,0.25602683424949646,0.25677892565727234,0.4652930796146393,0.0,0.030141634866595268,0.029896480962634087,0.10088828951120377,0.1251419335603714,0.0,0.0,0.5430286526679993,0.06583156436681747,0.0,0.22673232853412628,0.6634736061096191,0.0666990801692009,0.0,0.4510849118232727,0.09633388370275497,0.029846293851733208,0.0,0.0,0.0,0.7524882555007935,0.0298145841807127,0.021460074931383133,0.3373035192489624,0.004194943699985743,0.0070546031929552555,0.016200140118598938,0.5044399499893188,0.01132460217922926,0.0,0.0809265673160553,0.0,0.0,0.024142086505889893,0.0,0.05993150547146797,0.042439043521881104,0.06604068726301193,0.22833514213562012,0.0,0.0033320316579192877,0.6797249913215637,0.07460960745811462,0.009616991505026817,0.026529083028435707,0.5673007369041443,0.0,0.07181461155414581,0.16231946647167206,0.025708183646202087,0.0,0.1493905931711197,0.167103111743927,0.14062632620334625,0.7702879905700684,0.2849835455417633,0.10416757315397263,0.10360648483037949,0.1499815583229065,0.15791919827461243,0.8169534802436829,0.0010174199705943465,0.0,0.0868472158908844,0.08787137269973755,0.0,0.6614059805870056,0.009311482310295105,0.01428840309381485,0.0,0.37865886092185974,1.4903779029846191,0.5137433409690857,0.30334264039993286,0.0,0.10363335907459259,0.7013864517211914,0.0032504312694072723,0.005773001816123724,0.07772048562765121,0.0,0.08820892125368118,0.7091617584228516,0.45594140887260437,0.044583652168512344,0.0,0.354851633310318,0.7205252051353455,0.10524815320968628,0.04975124076008797,0.2617516815662384,0.0,0.001088067190721631,0.07732196152210236,0.047187767922878265,0.0,0.027819419279694557,0.2347916215658188,0.0,0.012775800190865993,0.0,0.8831257820129395,0.42855650186538696,0.34959015250205994,0.13756804168224335,0.0048474716022610664,0.03912271931767464,0.04764404520392418,0.02763696387410164,0.36901596188545227,1.0475414991378784,0.0,0.05179375410079956,0.037707917392253876,0.08207734674215317,0.7886589765548706,0.0,0.006854525301605463,0.25688037276268005,0.2768913209438324,0.08417177945375443,0.13949154317378998,0.2071083039045334,0.0,0.015593436546623707,0.06131855398416519,0.0918087586760521,0.45879754424095154,0.6096087694168091,0.0,0.2140640765428543,0.10256054252386093,0.03240622207522392,0.036715563386678696,0.10765478760004044,0.4639096260070801,0.11112592369318008,0.008865207433700562,0.0,0.0,0.004402338061481714,0.15779033303260803,0.0,0.0008304387447424233,0.012041479349136353,0.059898849576711655,0.2505512237548828,0.03740323334932327,0.11931087076663971,0.7596017122268677,0.008905160240828991,0.003861438250169158,0.35192880034446716,0.04863994941115379,0.0,0.0,0.0020053875632584095,0.002973573748022318,0.028656363487243652,0.0,0.5119323134422302,0.0,0.0,0.0,0.0,0.09879375994205475,0.043495070189237595,0.0,0.0,0.622642993927002,0.09730111807584763,0.0,3.201998697477393e-05,0.058271195739507675,0.21606230735778809,0.18605656921863556,0.13226132094860077,0.028127780184149742,0.15445418655872345,0.3206745386123657,0.0,0.04233101010322571,0.0035703019239008427,0.0,0.02806805446743965,0.05610540136694908,0.024148618802428246,0.0024270773865282536,1.2781190872192383,0.056084610521793365,0.000718259543646127,0.051036298274993896,0.008707639761269093,0.0,0.0,0.02457502856850624,0.005679107736796141,0.028454769402742386,0.0,0.5606665015220642,0.8808096051216125,0.03569585084915161,0.16334208846092224,0.0,0.0007871236884966493,0.048138827085494995,0.36169618368148804,0.0,0.3680788576602936,0.08435162156820297,0.032887015491724014,0.015003196895122528,0.031253159046173096,0.03726009652018547,0.07451360672712326,0.0,0.11255326122045517,0.3318707346916199,0.005419052671641111,0.012426362372934818,0.0,0.28789636492729187,0.02879652939736843,0.14883580803871155,0.3626910150051117,0.8493706583976746,0.01907586120069027,0.07544054836034775,0.03290516138076782,0.017028426751494408,0.559726357460022,0.03380102291703224,0.06108221039175987,0.07960716634988785,0.0038349672686308622,0.457150936126709,0.0836140513420105,0.09845390170812607,0.08042827248573303,0.009465660899877548,0.5902615189552307,0.005635715555399656,0.8451026082038879,0.0,0.24048784375190735,0.23158763349056244,0.21174858510494232,0.054821427911520004,0.10695655643939972,0.11375715583562851,0.015151949599385262,0.0,0.012670069001615047,0.022554751485586166,0.13993172347545624,0.0,0.010100687853991985,0.019967367872595787,0.005902774631977081,0.08782905340194702,0.0,0.0,0.0,0.0007674202206544578,0.0,0.7045955657958984,0.0,0.0,0.03728906065225601,0.21507687866687775,0.0035240668803453445,0.05656811222434044,0.1234978660941124,0.11883902549743652,0.011985031887888908,0.0,0.04212535172700882,0.09879034012556076,0.21437393128871918,0.526814877986908,0.05819472670555115,0.0,0.10442619770765305,0.0,0.04550524428486824,0.29377830028533936,0.03380124643445015,0.009670781902968884,0.25864487886428833,0.7162598371505737,0.25283756852149963,0.0812947005033493,0.009125921875238419,0.0011644692858681083,0.03332820534706116,0.11898045986890793,0.0,0.1296689361333847,0.3620043694972992,0.6027997136116028,0.011314953677356243,0.0695241317152977,0.03635561838746071,0.17954368889331818,0.06617573648691177,0.0,0.033888477832078934,0.3553367257118225,0.07553090155124664,0.02952834777534008,0.3139744699001312,0.47582292556762695,0.0419454462826252,0.00818264577537775,0.14353132247924805
32,0.22094476222991943,0.14054520428180695,0.09013261646032333,0.0,0.0,0.0,0.6588271260261536,0.03160395100712776,0.0,0.020282255485653877,0.030668985098600388,4.8391182644991204e-05,0.0,0.378491073846817,0.0,0.1291886866092682,0.06406199187040329,0.0,0.0,0.0,0.0,0.04763749614357948,0.0003955448919441551,0.17513398826122284,0.01570470817387104,0.0,0.0,0.5239138603210449,0.009133611805737019,0.11950044333934784,0.1729031205177307,0.3255641460418701,0.0,0.2711847126483917,0.09746825695037842,0.07384435087442398,0.0,0.27858608961105347,0.0014014645712450147,0.04736912250518799,0.10500334948301315,0.19752764701843262,0.0965365543961525,0.14179392158985138,0.16406172513961792,0.3161715269088745,0.368338018655777,0.055773310363292694,0.0,0.057086799293756485,0.2257363200187683,0.0,0.10150031745433807,0.025044431909918785,0.04974522069096565,0.0,0.37102070450782776,0.9085069298744202,0.3089969754219055,0.10204744338989258,0.0,0.03075166791677475,0.1935710459947586,0.0,0.0,0.026142865419387817,0.0,0.0,0.2858754098415375,0.19732236862182617,0.13593867421150208,0.0,0.23975789546966553,0.08821187168359756,0.11395858973264694,0.03317858278751373,0.004298361949622631,0.07485201954841614,0.0,0.17212708294391632,0.0,0.1020430475473404,0.0,0.13918602466583252,0.003818890079855919,0.0,0.0660281553864479,0.35816606879234314,0.27159711718559265,0.47343194484710693,0.06052437797188759,0.0,0.023132864385843277,0.09661015123128891,0.0,0.017151296138763428,0.683111846446991,0.0,0.006811114493757486,0.0,0.0,0.381049245595932,0.0,0.2429874837398529,0.5291200876235962,0.4083310067653656,0.07440757006406784,0.0018404468428343534,0.04264454543590546,0.0,0.0,0.10005410760641098,0.09563950449228287,0.3020831346511841,0.158161923289299,0.0,0.041728902608156204,0.0,0.11698582023382187,0.03499315679073334,0.0,0.09543427079916,0.0,0.015206818468868732,0.0,0.24782127141952515,0.0,0.0501696951687336,0.0,0.04587603360414505,0.0,0.13304241001605988,0.08093365281820297,0.0,0.05981432646512985,0.2590380311012268,0.0,0.0,0.05880764499306679,0.017418095842003822,0.0,0.0,0.04267056658864021,0.0,0.2592597007751465,0.0,0.10746940970420837,0.0004739375435747206,0.0,0.0,0.06556162983179092,0.2338898479938507,0.13459709286689758,0.0,0.0,0.4282986521720886,0.008946042507886887,0.0,0.03916550800204277,0.06340761482715607,0.47576290369033813,0.34863853454589844,0.017108643427491188,0.0,0.17082755267620087,0.16946418583393097,0.0,0.30623140931129456,0.0,0.0,0.000395260751247406,0.004878504201769829,0.036664947867393494,0.04120807722210884,0.37681856751441956,0.11775359511375427,0.030656814575195312,0.2588388919830322,0.0,0.013618293218314648,0.0,0.0,0.2694055438041687,0.00976558867841959,0.0,0.31513792276382446,0.39880311489105225,0.0,0.20581138134002686,0.0,0.0,0.0,0.15206921100616455,0.00962871965020895,0.33797529339790344,0.11150622367858887,0.027154812589287758,0.23265770077705383,0.0,0.062419675290584564,0.16966550052165985,0.0,0.04936261847615242,0.08863583952188492,0.0,0.0,0.0,0.0,0.0,0.10591818392276764,0.05489668250083923,0.44872844219207764,0.07953664660453796,0.3567698001861572,0.0,0.0658046081662178,0.5147473812103271,0.0,0.06095756217837334,0.30114734172821045,0.0,0.09896978735923767,0.0,0.0,0.013136133551597595,0.0,0.05813196673989296,0.0,0.45586490631103516,0.0,0.045702382922172546,0.0,0.39402005076408386,0.10609857738018036,0.037652403116226196,0.19468587636947632,0.08198626339435577,0.0,0.0875866636633873,0.16983669996261597,0.07651930302381516,0.0,0.0,0.43078458309173584,0.0,0.01758643239736557,0.041931867599487305,0.0,0.0,0.0,0.0,0.23852965235710144,0.0,0.0,0.01029555220156908,0.2641388475894928,0.0,0.10598953813314438,0.06739082932472229,0.008337886072695255,0.1966341733932495,0.0,0.0,0.2588692903518677,0.2941206693649292,0.031080832704901695,0.2026253193616867,0.0,0.2693580687046051,0.003598752897232771,0.024133136495947838,0.08557991683483124,0.0,0.0,0.39627817273139954,0.785223662853241,0.2727339267730713,0.13424012064933777,0.0,0.0,0.0,0.011498001404106617,0.030290033668279648,0.006917781196534634,0.06586119532585144,0.5442156195640564,0.0,0.09026734530925751,0.23580262064933777,0.1912364363670349,0.045507654547691345,0.0011794420424848795,0.011645256541669369,0.0,0.20276668667793274,0.018214184790849686,0.6153550148010254,0.03174259141087532,2.8369440769893117e-05,0.048023808747529984,0.0,0.2069978564977646,0.5300076603889465,0.0,0.0,0.0,0.39432016015052795,0.08717596530914307,0.0,0.0,0.2506360411643982,0.0,0.0,0.2232654094696045,0.0,0.08607592433691025,0.0,0.08982028067111969,0.0,0.0,0.0,0.16417944431304932,0.05952627211809158,1.0088589191436768,0.0,0.0,0.0,0.8170607686042786,0.05321750417351723,0.06072741001844406,0.13265475630760193,0.26673221588134766,0.0,0.5235058069229126,0.08166712522506714,0.4007180333137512,0.402141809463501,0.8557375073432922,8.333888399647549e-05,0.0,0.0,0.2861839830875397,0.08474878966808319,0.2527971863746643,0.7048323154449463,0.7883607149124146,0.0,0.0,0.0,0.2250700294971466,0.2614714801311493,0.0,0.037699319422245026,0.05088794603943825,0.21401509642601013,0.014467294327914715,0.5268274545669556,0.30438232421875,0.12173257768154144,0.0,0.0,0.015281866304576397,0.0,0.0,0.0,0.08416648209095001,0.0,2.951092210423667e-05,0.05513301491737366,0.0,0.5744131207466125,0.0,0.313334584236145,0.0,0.018328377977013588,0.14690184593200684,0.010711051523685455,0.6092600226402283,0.0,0.13831591606140137,0.06555641442537308,0.2944820821285248,0.01845569722354412,0.1904214471578598,0.43543991446495056,0.01781989447772503,0.11794829368591309,0.030628833919763565,0.5553306937217712,0.37448540329933167,0.08839325606822968,0.08702004700899124,0.0875869169831276,0.6645897030830383,0.0,0.0,0.06902662664651871,0.07773855328559875,0.0,0.010806177742779255,0.0,0.0010323213646188378,0.0,0.8458907008171082,0.5580551624298096,0.27032870054244995,0.205088272690773,0.05445624887943268,0.0,0.0,0.0,0.19003866612911224,0.11015794426202774,0.16021902859210968,0.055095188319683075,0.0,0.0,0.02538255974650383,0.1428956538438797,0.3797460198402405,0.0,0.024714836850762367,0.13296504318714142,0.019218526780605316,0.0,0.47215455770492554,0.0,0.40906867384910583,0.008888470008969307,0.003965620417147875,0.0,0.013694784604012966,0.05206665024161339,0.0,0.05063491314649582,0.0,0.0,0.0,0.02668435499072075,0.0015878946287557483,0.0,0.006925624329596758,0.7927706837654114,0.0,0.5120174884796143,0.0,0.0,0.10119549185037613,0.18012185394763947,0.0,0.033270787447690964,0.8486841917037964,0.3358129858970642,0.0,0.0,0.5317823886871338,0.004495253786444664,0.0,0.0,0.0,1.1275783777236938,0.14061331748962402,0.0014417999191209674,0.0,0.06699488312005997,0.0,0.07689375430345535,0.464372843503952,0.017153743654489517,0.0,0.015729451552033424,0.0,0.05491885915398598,0.1681598573923111,0.01042499765753746,0.2835582196712494,0.026590967550873756,0.41929376125335693,0.08145400136709213,0.027755778282880783,0.0,0.009153793565928936,0.8074544072151184,0.0,0.03146316483616829,0.07076235860586166,0.0011723579373210669,0.0591440387070179,0.5950790047645569,0.0,0.0,0.006336425896733999,0.0,0.10116756707429886,0.014536653645336628,0.8335522413253784,0.045522816479206085,1.0586782693862915,0.17596611380577087,0.00518112862482667,0.23783951997756958,0.0,0.058451175689697266,0.0,0.0,0.0,0.00348502560518682,0.0,0.04177962988615036,0.10662505030632019,0.0,0.012753894552588463,0.029506875202059746,0.6561112403869629,0.1335124969482422,0.15720932185649872,0.3078177869319916,0.0,0.047593243420124054,0.42461097240448,0.05493749678134918,0.0,0.0,0.0,0.0,0.024360191076993942,0.0,0.25163331627845764,0.12752126157283783,0.2048981934785843,0.0,0.0,0.871105968952179,0.559471845626831,0.0,0.1239655390381813,0.05299613997340202,0.005015506409108639,0.24499161541461945,0.02883153222501278,0.004729578737169504,0.00040971674025058746,0.0,1.1535470485687256,0.0,0.1821587234735489,0.05263376235961914,0.0,0.0,0.0,0.0,0.06083907186985016,0.0,0.011125100776553154,0.0,0.7180889248847961,0.005644320510327816,0.013314093463122845,0.0,0.061215996742248535,0.40623772144317627,0.0,0.030608603730797768,0.519995927810669,0.24140548706054688,0.0,0.43767228722572327,0.14635290205478668,0.18450692296028137,0.02106834203004837,0.0,0.026396168395876884,0.0,0.03462519869208336,1.763034462928772,0.3536370098590851,0.375512033700943,0.05574079230427742,0.0,0.01594928652048111,0.027040675282478333,0.0,0.43582287430763245,0.016970019787549973,0.0,0.24281059205532074,0.013036425225436687,0.0,0.8461844325065613,0.19132502377033234,0.08512744307518005,0.04276009649038315,0.0,0.0,0.47529470920562744,0.047780055552721024,0.399303138256073,0.0,0.19645090401172638,0.27474260330200195,0.11727727204561234,0.14058610796928406,0.2187308967113495,0.00031970636337064207,0.0,0.0,0.5264283418655396,0.05563769116997719,0.0,0.015937253832817078,0.034412313252687454,0.0,0.0,0.3703405261039734,0.0,0.10021943598985672,0.07185190916061401,0.0,0.0,0.0,0.0,0.0854458212852478,0.06973331421613693,0.49199289083480835,0.0,0.0,0.0,0.728959321975708,0.037868596613407135,0.04672909900546074,0.17636291682720184,0.35767683386802673,0.0,0.380727082490921,0.09456326812505722,0.27264901995658875,0.05248754844069481,0.4961681365966797,0.0008561650174669921,0.0436750203371048,0.00854879803955555,0.36641624569892883,0.0669323280453682,0.24737761914730072,0.44145897030830383,0.6651492714881897,0.13251790404319763,0.015983209013938904,0.0,0.10238903015851974,0.25256818532943726,0.0,0.08661288768053055,0.012903894297778606,0.10274738818407059,0.0,0.5566136837005615,0.7844640612602234,0.2566415071487427,0.054921653121709824,0.0,0.08452535420656204,0.05098608136177063,0.0,0.0,0.11380694806575775,0.0,0.0003540751349646598,0.245406374335289,0.07900378853082657,0.374954491853714,0.0,0.2526371479034424,0.01388824637979269,0.09418828040361404,0.1281774938106537,0.0,0.29120534658432007,0.0,0.11032355576753616,0.004781945142894983,0.17050056159496307,0.008201323449611664,0.17535066604614258,0.05076626315712929,0.004603571258485317,0.11373019218444824,0.2659161388874054,0.3223779797554016,0.4087412655353546,0.056988414376974106,0.0,0.046315863728523254,0.2612774670124054,0.02495092712342739,0.028868161141872406,0.5211630463600159,0.014463531784713268,0.010058175772428513,0.009406243450939655,0.0,0.16415607929229736,0.0,0.2940441966056824,0.5794703960418701,0.40645745396614075,0.1818162351846695,0.008163191378116608,0.006021077744662762,0.0,0.0005573699600063264,0.1115277037024498,0.07330900430679321,0.2620498239994049,0.14626628160476685,0.0,0.013040895573794842,0.0,0.12865303456783295,0.11303538829088211,0.013392280787229538,0.06826217472553253,0.07154788821935654,0.005791205447167158,0.0,0.2783356308937073,0.005899609997868538,0.18257592618465424,0.0,0.0027683523949235678,0.0,0.041593655943870544,0.09307132661342621,0.0,0.08615348488092422,0.10791470110416412,0.0,0.013913542032241821,0.06770242005586624,0.059263017028570175,0.0,0.0,0.3920566141605377,0.0,0.36276113986968994,0.0,0.003957231063395739,0.0037570944987237453,0.0,0.0,0.05551329627633095,0.5295745730400085,0.24525561928749084,0.0,0.0,0.49232763051986694,0.004102007485926151,0.0,0.008925037458539009,0.03274780139327049,0.7837003469467163,0.3532683253288269,0.0053147985599935055,0.0,0.1416022777557373,0.08055957406759262,0.016462188214063644,0.4335702657699585,0.0,0.0,0.010139238089323044,0.0015696559567004442,0.027869338169693947,0.15108861029148102,0.193125382065773,0.11417022347450256,0.00712908711284399,0.42882785201072693,0.004286122042685747,0.008706635795533657,0.0,0.0,0.55300372838974,0.0017329901456832886,0.0,0.3301568925380707,0.2476346343755722,0.03642381355166435,0.4776632487773895,3.209474743925966e-05,0.0,0.0,0.029748763889074326,0.09928946942090988,0.23600222170352936,0.35660654306411743,0.01746499165892601,0.5323443412780762,0.0,0.02798805758357048,0.1323019564151764,0.0,0.11161770671606064,0.0003808968176599592,0.0,0.00280014262534678,0.0,0.0,0.0,0.0746818482875824,0.014401481486856937,0.2707941234111786,0.06739290058612823,0.48840150237083435,0.0148641187697649,0.10410936176776886,0.4579783082008362,0.002389271045103669,0.08313674479722977,0.3156808018684387,0.009506815113127232,0.03727954626083374,0.0,0.0,0.0,0.009602181613445282,0.0316479317843914,0.005502451676875353,0.4460364282131195,0.0,0.00527601595968008,0.0,0.5810341835021973,0.3286755383014679,0.11025483906269073,0.2076455056667328,0.12335675954818726,0.0,0.10318172723054886,0.08271212130784988,0.02318786457180977,0.0,0.002961591584607959,0.7230901122093201,0.0,0.08428537100553513,0.006433646194636822,0.0,0.0,0.0013241940177977085,0.0,0.18334589898586273,0.0,0.015373383648693562,0.0,0.4942370355129242,0.008393310010433197,0.0597345344722271,0.024338487535715103,0.04612789675593376,0.2501271069049835,0.0,0.0,0.36928877234458923,0.3631422817707062,0.04266110435128212,0.30945611000061035,0.0017306067747995257,0.2462569773197174,0.03750653192400932,0.012973818928003311,0.027111543342471123,0.009617555886507034,0.007467210292816162,1.1094249486923218,0.6780411005020142,0.2676454484462738,0.10757040977478027,0.0,0.009881509467959404,0.0,0.03089621476829052,0.17972248792648315,0.0,0.06115012988448143,0.4691781997680664,0.0013244696892797947,0.02688637003302574,0.4515337646007538,0.23028935492038727,0.07985565811395645,0.0,0.04239462688565254,0.0,0.23353026807308197,0.09268338978290558,0.4330580532550812,0.014770063571631908,0.026316024363040924,0.11820662766695023,-0.7765884399414062
33,0.0,0.14580698311328888,0.49901142716407776,0.0025319962296634912,0.0,0.0,0.6165251135826111,0.023064477369189262,0.0,0.0,0.06971359252929688,0.0,0.0,0.2560161054134369,0.0,0.19062575697898865,0.02071727253496647,0.0,0.0,0.0,0.0,0.13131533563137054,0.024541132152080536,0.6915145516395569,0.0,0.0,0.0,0.8383224606513977,0.07546878606081009,0.050354618579149246,0.2950911819934845,0.31335610151290894,0.0,0.40168699622154236,0.18109342455863953,0.38994666934013367,0.16907644271850586,0.7970860004425049,0.0,0.0014210757799446583,0.0,0.4300292432308197,0.0496140718460083,0.23809538781642914,0.5526755452156067,0.9194612503051758,0.09471753984689713,0.0,0.0,0.19541268050670624,0.3753562569618225,0.0,0.0,0.008799625560641289,0.21441571414470673,0.0,0.705437183380127,0.6566708087921143,0.1545850783586502,0.05330171808600426,0.0,0.031216956675052643,0.005395323503762484,0.0,0.0,0.11193660646677017,0.007867962121963501,0.0,0.1341460943222046,0.009054800495505333,0.6139037609100342,0.0,0.3648563325405121,0.0,0.11197283864021301,0.11362392455339432,0.0,0.5950393080711365,0.0,0.1136055514216423,0.018796073272824287,0.28434595465660095,0.002320026746019721,0.15566471219062805,0.0,0.0,0.15287916362285614,0.1682804375886917,0.4216732680797577,0.5398867726325989,0.10819404572248459,0.0,0.0,0.49480000138282776,0.0,0.0,0.4295858144760132,0.1101142019033432,0.0,0.007106830831617117,0.0,0.041176941245794296,0.0,0.523565411567688,0.7770289778709412,0.45221033692359924,0.25072622299194336,0.00425294041633606,0.0,0.0,0.0,0.23023076355457306,0.23016251623630524,0.2444600760936737,0.17344403266906738,0.0,0.0,0.0,0.23436005413532257,0.17837098240852356,0.0,0.055087246000766754,0.1792672872543335,0.01806602254509926,0.0,0.44949594140052795,0.0021692970767617226,0.251851886510849,0.0,0.0,0.0,0.008321575820446014,0.1466808319091797,0.0,0.08851303160190582,0.033986084163188934,0.0,0.0,0.037221238017082214,0.033826835453510284,0.0,0.01818820834159851,0.5972957611083984,0.0,0.5825796127319336,0.0,0.0,0.039336323738098145,0.0,0.0,0.0770333781838417,0.7553068995475769,0.2995852530002594,0.0,0.0,0.5816555023193359,0.004490009043365717,0.0,2.5456563889747486e-05,0.0,1.1863898038864136,0.3187517821788788,0.0,0.0,0.17561393976211548,0.04143685847520828,0.0,0.6736462712287903,0.0,0.0,0.0,0.0,0.053877200931310654,0.1280384510755539,0.0714355856180191,0.2393416315317154,0.022735506296157837,0.7789468765258789,0.0,0.0232236348092556,0.0,0.0,0.9064512252807617,0.006670026574283838,0.0,0.2480948567390442,0.21862371265888214,0.14484235644340515,0.6863566040992737,0.0,0.0,0.0,0.0,0.11936444789171219,0.1768777072429657,0.6465228199958801,0.019819585606455803,0.8549498319625854,0.0,0.07303962856531143,0.20340029895305634,0.0,0.014215032570064068,0.0,0.0,0.0,0.0,0.0,0.0,0.0027101635932922363,0.00014260431635193527,0.18936091661453247,0.08597730100154877,0.7086277008056641,0.0,0.25761011242866516,0.5193008780479431,0.0,0.07981596887111664,0.5699911713600159,0.011427074670791626,0.0072761401534080505,0.0,0.0,0.0,0.05793948844075203,0.023192021995782852,0.0,0.3738971948623657,0.008960005827248096,0.0,0.0,0.8568225502967834,0.4411666691303253,0.032102812081575394,0.20033086836338043,0.12933868169784546,0.00021978218865115196,0.2841806411743164,0.07842656970024109,0.002091595670208335,0.0,0.0,1.1752516031265259,0.0,0.039286598563194275,0.019569972530007362,0.0,0.0,0.0,0.0,0.008554468862712383,0.0,0.02693403698503971,0.0,0.8790748119354248,0.06585793942213058,0.07828748226165771,0.007446978706866503,0.08901925384998322,0.530750572681427,0.0,0.0,0.645555317401886,0.34800291061401367,0.0,0.5859456658363342,0.0,0.38418906927108765,0.045114580541849136,0.0,0.10873053222894669,0.0,0.028012918308377266,1.4983670711517334,0.8328608274459839,0.479095995426178,0.12274959683418274,0.0,0.0022740827407687902,0.0,0.0031924801878631115,0.4800146520137787,0.0,0.0031826640479266644,0.46405166387557983,0.0,0.0,0.6381208300590515,0.273648738861084,0.021513326093554497,0.010216942988336086,0.0,0.0,0.38818955421447754,0.12531189620494843,0.6468139886856079,0.0,0.007982944138348103,0.25170832872390747,0.0444430336356163,0.07585025578737259,0.0596744678914547,0.0,0.0,0.0,0.5032318830490112,0.1006401777267456,0.0,0.041910625994205475,0.05049874261021614,0.014015737920999527,0.0,0.4347849488258362,0.0,0.04230000823736191,0.028981806710362434,0.0,0.0026888754218816757,0.0,0.0,0.11833570152521133,0.0,0.18054699897766113,0.03541525453329086,0.0,0.0,0.4430232346057892,0.0,0.11466711014509201,0.0,0.2550187110900879,0.0,0.3017619252204895,0.020598165690898895,0.0604245699942112,0.1044049859046936,0.1542169749736786,0.004517966881394386,0.2475479245185852,0.06699080765247345,0.15954016149044037,0.14535650610923767,0.06855398416519165,0.20427200198173523,0.03400818258523941,0.3524695634841919,0.004712284542620182,0.0,0.042264584451913834,0.06008313596248627,0.0,0.2115153968334198,0.009097959846258163,0.01408938504755497,0.0,0.07226443290710449,0.7879100441932678,0.17311501502990723,0.02455783635377884,0.0,0.21640382707118988,0.18632987141609192,0.0,0.0,0.0045583173632621765,0.0,0.02810702472925186,0.09685593098402023,0.16328950226306915,0.008671414107084274,0.0,0.2536718547344208,0.19696557521820068,0.03294995799660683,0.07402412593364716,0.018536385148763657,0.024990910664200783,0.0,0.2490258514881134,0.026814129203557968,0.002575143240392208,0.0,0.22816096246242523,0.0,0.04670272767543793,0.01205832976847887,0.20468682050704956,0.37521523237228394,0.2634257674217224,0.05484597384929657,0.0,0.045658085495233536,0.022283894941210747,0.0,0.0,0.4911733865737915,0.0,0.007565263658761978,0.0,0.0,0.22011245787143707,0.0,0.15924489498138428,0.3463002145290375,0.11092934012413025,0.02291780337691307,0.02632175385951996,0.016154680401086807,0.0,0.014935711398720741,0.08543577045202255,0.051878422498703,0.19031016528606415,0.006918660365045071,0.0,0.05203720182180405,0.002430466003715992,0.027104774489998817,0.01247197575867176,0.0,0.028797192499041557,0.0,0.018052438274025917,0.0,0.2922423779964447,0.0,0.006531218066811562,0.0,0.007534862961620092,0.0,0.07826769351959229,0.008404596708714962,0.030537547543644905,0.004191500134766102,0.031223855912685394,0.0,0.0,0.2368088960647583,0.036749329417943954,0.0,0.0,0.010744890198111534,0.0,0.04473710060119629,0.0,0.030379576608538628,0.00666317343711853,0.20823118090629578,0.0,0.028696691617369652,0.012015383690595627,0.024520665407180786,0.0,0.0,0.10619356483221054,0.022859835997223854,0.0,0.026955358684062958,0.003726240945979953,0.04587069898843765,0.037090495228767395,0.08535883575677872,0.0,0.19361045956611633,0.12618553638458252,0.0,0.04140438884496689,0.0,0.0,0.0,0.0,0.02619062177836895,0.0,0.1241508424282074,0.0327555313706398,0.0,0.026614796370267868,0.02658422663807869,0.09685712307691574,0.0,0.0,0.0916207879781723,0.004956310614943504,0.006188729777932167,0.08826304972171783,0.32976505160331726,0.0,0.028089238330721855,0.0,0.0,0.008525921031832695,0.2431333363056183,0.0,0.14676183462142944,0.022064795717597008,0.13387852907180786,0.11392822116613388,0.06648281216621399,0.009942286647856236,0.04605909809470177,0.0,0.035323143005371094,0.03272716701030731,0.0,0.0,0.0,0.0,0.0,0.037554167211055756,0.07536044716835022,0.3084615170955658,0.0,0.179529070854187,0.011165432631969452,0.13020770251750946,0.410579115152359,0.0,0.0,0.18275567889213562,0.0,0.05520377680659294,0.0,0.0,0.047062184661626816,0.0,0.005127454176545143,0.0,0.21944841742515564,0.018332278355956078,0.0008703875355422497,0.0,0.19018763303756714,0.10682249069213867,0.18371890485286713,0.09265635907649994,0.016275009140372276,0.0011079779360443354,0.03815322741866112,0.02999594807624817,0.012215547263622284,0.009717436507344246,0.0,0.23036131262779236,0.003274358808994293,0.0,0.07301310449838638,0.0,0.0,0.0,0.0,0.30350252985954285,0.0,0.0,0.0028147022239863873,0.04166276007890701,0.0,0.03598805516958237,0.04286778345704079,0.006839023437350988,0.051818303763866425,0.0,0.0,0.12477481365203857,0.020941542461514473,0.23057445883750916,0.06408359110355377,0.005845719948410988,0.22141486406326294,0.0,0.0,0.08554073423147202,0.050323791801929474,0.0,0.24589897692203522,0.5095770359039307,0.2986169159412384,0.0025203016120940447,0.0,0.0,0.0,0.07623254507780075,0.021172819659113884,0.033401988446712494,0.03302504122257233,0.31032487750053406,0.0007510203868150711,0.0,0.32742953300476074,0.2838101089000702,0.018117755651474,0.0,0.0,0.0,0.20602302253246307,0.0,0.5100954174995422,0.1267443299293518,0.019214611500501633,0.0,0.0,0.10063624382019043,0.2917454242706299,0.0053406632505357265,0.0,0.0,0.5341007709503174,0.051845889538526535,0.0,0.00929238274693489,0.030854973942041397,0.00029186392202973366,0.0008388095302507281,0.3944407105445862,0.0,0.07267626374959946,0.07695520669221878,0.0,0.0,0.0,0.0,0.10604992508888245,0.05997859686613083,0.48793113231658936,0.0,0.0005718548782169819,0.0,0.7426789999008179,0.03290712088346481,0.051693394780159,0.11342090368270874,0.34160178899765015,0.0,0.3959711194038391,0.09095245599746704,0.33505332469940186,0.10923194140195847,0.5483294725418091,0.0,0.053132668137550354,0.006182643584907055,0.4081515669822693,0.06616643071174622,0.23246246576309204,0.49739572405815125,0.6611708402633667,0.15525557100772858,0.0,0.0,0.09462418407201767,0.26544609665870667,0.0,0.05717386305332184,0.02033378556370735,0.10491283237934113,0.0,0.5164380669593811,0.7597366571426392,0.2276994287967682,0.047893594950437546,0.0,0.08385778963565826,0.07782445102930069,0.0,0.0,0.09984831511974335,0.0,0.0,0.18589557707309723,0.08128584176301956,0.3727404475212097,0.0,0.30245935916900635,0.03980356454849243,0.08619272708892822,0.1254170686006546,0.0,0.32833507657051086,0.0,0.1325404942035675,0.01942386105656624,0.17193229496479034,0.010832004249095917,0.18529868125915527,0.0932580828666687,0.004634661599993706,0.07005096971988678,0.21447360515594482,0.34076157212257385,0.411065936088562,0.06817740947008133,0.0,0.04308908432722092,0.32059308886528015,0.0217132605612278,0.005576987750828266,0.49234020709991455,0.011730218306183815,0.003500727703794837,0.009821015410125256,0.0,0.08031252771615982,0.0,0.31084516644477844,0.583777666091919,0.381298303604126,0.17342224717140198,0.024847978726029396,0.0009500685264356434,0.0,0.0,0.14091041684150696,0.07507658749818802,0.20691072940826416,0.10063290596008301,0.0,0.014095505699515343,0.0,0.11711396276950836,0.15504509210586548,0.0,0.03497271612286568,0.06906376779079437,0.013404646888375282,0.0,0.30800098180770874,0.0,0.20839577913284302,0.0,0.0031764660961925983,0.0,0.029270710423588753,0.11460059881210327,0.0,0.08627311885356903,0.02198936976492405,0.0,0.00781267136335373,0.12142863124608994,0.07349766790866852,0.0,0.0,0.4306354820728302,0.0,0.3509525656700134,0.0,0.0016130637377500534,0.004595206119120121,0.024264072999358177,0.0,0.04044461250305176,0.5436943173408508,0.2287827432155609,0.0,0.0,0.43656545877456665,0.012149453163146973,0.0,0.011929292231798172,0.0,0.7832650542259216,0.24608270823955536,0.0077850488014519215,0.0,0.1851131170988083,0.07131087779998779,0.013862822204828262,0.4228222072124481,0.0,0.0,0.0,0.0,0.028308847919106483,0.14753544330596924,0.13529685139656067,0.10126123577356339,0.011424770578742027,0.41216418147087097,0.004570640157908201,0.006944045424461365,0.0,0.0,0.5319029092788696,0.005874147638678551,0.002939624711871147,0.26533010601997375,0.2404177486896515,0.03676988184452057,0.48914939165115356,0.0,0.0,0.0,0.02363778091967106,0.09867507219314575,0.2008960098028183,0.397043377161026,0.030118852853775024,0.5780581831932068,0.011378300376236439,0.05674786865711212,0.09733497351408005,0.0,0.09367789328098297,0.0046008555218577385,0.0,0.00031205080449581146,0.0,0.0,0.0,0.07400717586278915,0.03469543904066086,0.23350900411605835,0.030495988205075264,0.5421271324157715,0.003078436478972435,0.17311489582061768,0.4929181933403015,0.0,0.056462667882442474,0.3142601549625397,0.012375786900520325,0.03479140251874924,0.0,0.0,0.0,0.0,0.005289558321237564,0.03378412127494812,0.3871404826641083,0.03505609929561615,0.0,0.0,0.5772063136100769,0.3580669164657593,0.12216611951589584,0.1927076280117035,0.1278868168592453,0.001086798612959683,0.14096957445144653,0.024535728618502617,0.005132429301738739,0.0028341440483927727,0.0008071921765804291,0.7222266793251038,0.0,0.08120796084403992,0.013051168993115425,0.0,0.0,0.0,0.0,0.12388627976179123,0.0,0.0,0.0,0.5216682553291321,0.01893986202776432,0.028061483055353165,0.02917415276169777,0.04569254815578461,0.2400231957435608,0.0,0.0,0.42166200280189514,0.2726808786392212,0.024586165323853493,0.3289293944835663,0.016372013837099075,0.27306604385375977,0.007367726415395737,0.0031401615124195814,0.04882379248738289,0.011929897591471672,0.021201450377702713,1.1731922626495361,0.6941491365432739,0.3422859311103821,0.08832493424415588,0.0,0.006640835199505091,0.0,0.02064060978591442,0.19450286030769348,0.00433492474257946,0.06065214425325394,0.4426506757736206,0.0,0.0,0.5531585216522217,0.2757512629032135,0.07205311954021454,0.0,0.040610186755657196,0.0,0.2240869402885437,0.09116295725107193,0.47620370984077454,0.019513729959726334,0.026776300743222237,0.12402462959289551,-0.5563156604766846
34,0.4131839871406555,0.059250492602586746,0.028756121173501015,0.004445741418749094,0.0,0.0,0.5656653642654419,0.018349740654230118,0.03760075569152832,0.14509405195713043,0.1356019228696823,0.014812207780778408,0.0,0.3548623025417328,0.031922534108161926,0.0,0.008691570721566677,0.058697666972875595,0.13726122677326202,0.005344265606254339,0.0022851868998259306,0.005730575416237116,0.0,0.16414545476436615,0.42752805352211,0.0027536842972040176,0.0053381482139229774,0.4650440216064453,0.03364168480038643,0.08668088167905807,0.027550382539629936,0.41861486434936523,0.0,0.011976998299360275,0.2241167575120926,0.0,0.0,0.08772578090429306,0.19295762479305267,0.12891623377799988,0.6091896891593933,0.0450713150203228,0.3034476935863495,0.0,0.09821467846632004,0.026867805048823357,0.5582608580589294,0.0016409866511821747,0.0,0.09931690245866776,0.0,0.0,0.7537484169006348,0.0,0.0,0.0,0.24861808121204376,1.065958857536316,0.40364494919776917,0.11656896024942398,0.0,0.0031114311423152685,0.45088115334510803,0.0,0.0,0.0,0.0,0.379576712846756,0.5284143090248108,0.4035486876964569,0.0,0.0,0.22604413330554962,0.7926527261734009,0.03784502297639847,0.0,0.2647179067134857,0.0,0.0002971559879370034,0.1577298641204834,0.13237540423870087,0.0,0.06842095404863358,0.13355907797813416,0.1941370964050293,0.03557085618376732,0.0,0.5674266219139099,0.6343843340873718,0.2929762005805969,0.13954316079616547,0.30292731523513794,0.1914157122373581,0.0537002794444561,0.008551635779440403,0.4343968331813812,0.7670871615409851,0.0,0.03624368831515312,0.004754796624183655,0.34881624579429626,0.7691382765769958,0.0,0.2651955485343933,0.12953989207744598,0.21316733956336975,0.05648849532008171,0.32704976201057434,0.08943314850330353,0.0,0.16608327627182007,0.1567421853542328,0.03832867369055748,0.348503977060318,0.4229736328125,0.0,0.24419580399990082,0.23424454033374786,0.000668188207782805,0.024304455146193504,0.08182394504547119,0.4689546227455139,0.037317775189876556,0.0,0.03941787779331207,0.0014265448553487659,0.010857309214770794,0.03562178090214729,0.09493060410022736,0.0,0.03000667132437229,0.010115349665284157,0.1448407769203186,0.06821335852146149,0.0032564231660217047,0.5180273056030273,0.04087541624903679,0.0,0.24684014916419983,0.0,0.0,0.006564407143741846,0.0,0.005633406341075897,0.043732743710279465,0.042011745274066925,0.34063073992729187,0.0010999493533745408,0.13377970457077026,0.0,0.0,0.06590627133846283,0.051273882389068604,0.0,0.0,0.4721083641052246,0.025831550359725952,0.0,0.002324212109670043,0.0910501778125763,0.11102942377328873,0.1317925900220871,0.15750841796398163,0.0,0.021820465102791786,0.18422530591487885,0.0,0.008175368420779705,0.021212680265307426,0.0,0.04389044642448425,0.06650056689977646,0.08580281585454941,0.006684142630547285,1.01799738407135,0.13585138320922852,0.0,0.013127279467880726,0.05972303822636604,0.0,0.01574423536658287,0.009603251703083515,0.07317528873682022,0.06676268577575684,0.02309226058423519,0.22850601375102997,0.6041838526725769,0.011618955992162228,0.053450971841812134,0.0,0.0042247711680829525,0.10601464658975601,0.38242873549461365,0.01502479612827301,0.23525677621364594,0.1830906718969345,0.22970452904701233,0.06493767350912094,0.1749606430530548,0.03666279464960098,0.08670389652252197,0.0,0.04698404669761658,0.33608004450798035,0.007289208471775055,0.0,0.03869006782770157,0.3881424069404602,0.18037644028663635,0.2004544734954834,0.21211016178131104,0.6759573817253113,0.0033075609244406223,0.011371951550245285,0.12365813553333282,0.07598339021205902,0.2856427729129791,0.0,0.017336184158921242,0.0728309378027916,0.0,0.3717106878757477,0.24866275489330292,0.09666901081800461,0.22385458648204803,0.005470606964081526,0.6827483177185059,0.1206415668129921,0.5475194454193115,0.09483611583709717,0.41342827677726746,0.2687534689903259,0.22325502336025238,0.01940208673477173,0.021834364160895348,0.05544435605406761,0.007005775813013315,0.0,0.0,0.008993668481707573,0.10692109912633896,0.0,0.013084768317639828,0.047072332352399826,0.18166996538639069,0.20962630212306976,0.057139258831739426,0.0,0.0,0.006825323682278395,0.0,0.733639657497406,0.0,0.0,0.08737572282552719,0.09283994138240814,0.00390911428257823,0.0020814111921936274,0.043242085725069046,0.04980260878801346,0.0,0.003389717312529683,0.05944429710507393,0.07044120877981186,0.12077300995588303,0.6233004927635193,0.003968448378145695,0.09583421051502228,0.054092343896627426,0.0,0.006798204965889454,0.17803619801998138,0.046510711312294006,0.0,0.10467618703842163,0.3731209933757782,0.24961340427398682,0.008758485317230225,0.1367526352405548,0.0,0.16856126487255096,0.0851195752620697,0.0,0.25689801573753357,0.1888369619846344,0.44030991196632385,0.0,0.05787813663482666,0.07076170295476913,0.02863115444779396,0.1261596530675888,0.0,0.0,0.47889596223831177,0.08520065993070602,0.0,0.21355323493480682,0.6312716603279114,0.08144309371709824,0.0,0.047326672822237015,0.02483653835952282,0.152633398771286,0.0,0.0,0.0,0.19530390202999115,0.09981242567300797,0.005448769312351942,0.14594855904579163,0.28665807843208313,0.005430081393569708,0.0,0.2163628786802292,0.30270496010780334,0.0,0.0,0.2323768138885498,0.16503091156482697,0.002950377529487014,0.12526004016399384,0.06253933161497116,0.0,0.7223798036575317,0.2397715151309967,0.0015290003502741456,0.0,0.5729753375053406,0.05643611028790474,0.027906695380806923,0.0029408857226371765,0.3006060719490051,0.017926735803484917,0.12677399814128876,0.06636738777160645,0.012686572037637234,0.006395199801772833,0.21177425980567932,0.3399374485015869,0.08745767921209335,0.3078647255897522,0.043946512043476105,0.1550251692533493,0.0,0.24453520774841309,0.021531054750084877,0.2594996988773346,0.02339705266058445,0.0,0.3089161813259125,0.0,0.0,0.6995702981948853,0.0,0.005863581784069538,0.1627286821603775,0.09400811046361923,0.6879208087921143,0.06938095390796661,0.01794620417058468,0.0,0.07751675695180893,0.08547794073820114,0.03360338881611824,0.0,0.0,0.0,0.7257424592971802,0.1655047982931137,0.06047024950385094,0.0029362402856349945,0.0,0.16402532160282135,0.6157307028770447,0.0016857130685821176,0.11287879943847656,0.5234199166297913,0.05427442118525505,0.0,0.0,0.2656552493572235,0.0,0.03149526193737984,0.24071131646633148,0.6688908934593201,0.0,0.0004073187883477658,0.15094886720180511,0.6985570788383484,0.07344676554203033,0.14144355058670044,0.56916743516922,0.03109724260866642,0.2989841401576996,0.0,0.23608461022377014,0.23035183548927307,0.0,0.0,0.009091268293559551,0.36345019936561584,0.10548599809408188,0.0,0.6963908076286316,0.02782072126865387,0.04668102413415909,0.023132437840104103,0.42056211829185486,0.020051700994372368,0.0,0.28887730836868286,0.06597717851400375,0.07351567596197128,0.26484236121177673,0.2754072844982147,0.017064686864614487,0.04052145406603813,0.5577532649040222,0.005339788738638163,0.057659175246953964,0.2636955678462982,0.3516819179058075,0.09225129336118698,0.0029319466557353735,0.15376101434230804,0.030113792046904564,0.0,0.1118498370051384,0.40882784128189087,0.0,0.03443016856908798,0.030270317569375038,0.058648884296417236,0.03217191994190216,0.011756468564271927,0.1545453816652298,0.028854260221123695,0.0,0.062168192118406296,0.0,0.0,0.016216697171330452,0.0,0.0,0.11878400295972824,0.0,0.156867116689682,0.02999013103544712,0.024027366191148758,0.0,0.0,0.07722790539264679,0.002513858489692211,0.0,0.003649842692539096,0.46909379959106445,0.2280854433774948,0.004708565771579742,0.0,0.002145188394933939,0.1874149739742279,0.0207960307598114,0.13626399636268616,0.0,0.0,0.04142006114125252,0.010904956609010696,0.0,0.1993127316236496,0.0,0.11175232380628586,0.02569732628762722,0.0017967865569517016,0.0,0.3602597415447235,0.36195647716522217,0.0169257503002882,0.0,0.0847070962190628,0.0,0.00779850734397769,0.04371193051338196,0.16398079693317413,0.00045574011164717376,0.013107686303555965,0.08144646137952805,0.09534542262554169,0.0,0.050725292414426804,0.0,0.0,0.43245846033096313,0.11577267944812775,0.0,0.007469996809959412,0.4728533923625946,0.0,0.3876672387123108,0.6143349409103394,0.02244325540959835,0.3522230088710785,0.0,0.010573898442089558,0.046909112483263016,0.0,0.0,0.0,0.8950002789497375,0.43643316626548767,0.09493099898099899,0.08735974133014679,0.20038370788097382,0.0032947238069027662,0.030296236276626587,0.2920643389225006,0.0428040511906147,0.1416618376970291,0.0,0.0,0.20634305477142334,0.0,0.13592250645160675,0.5472972989082336,0.0297552403062582,0.10357619822025299,0.0042847562581300735,0.6085211634635925,0.4199145436286926,0.1444806158542633,0.2862287759780884,0.15208859741687775,0.15782049298286438,0.46563220024108887,0.08666675537824631,0.0931292176246643,0.03181371092796326,0.0,0.0,0.0,0.0,0.06737080961465836,0.0,0.04438963904976845,0.2009940892457962,0.3489714562892914,0.29473191499710083,0.0250861793756485,0.0,0.0,0.0,0.0,0.49115023016929626,0.0,0.0,0.039461132138967514,0.14373424649238586,0.0,0.0,0.00914212316274643,0.09822940826416016,0.0,0.008874873630702496,0.2574402987957001,0.03421575948596001,0.03901660442352295,0.7017879486083984,0.004055739846080542,0.18302574753761292,0.0,0.0,0.00020431206212379038,0.06908184289932251,0.10687526315450668,0.0,0.5978986620903015,0.03660645708441734,0.20826350152492523,0.0,0.23674435913562775,2.7008354663848877e-06,0.43981119990348816,0.005491127725690603,0.0,0.5788677334785461,0.026708513498306274,0.20097754895687103,0.0,0.024825280532240868,0.34915152192115784,0.0688042938709259,0.058993108570575714,0.0,0.0,0.4806489050388336,0.37263020873069763,0.0,0.10149367153644562,0.5653463006019592,0.3900281488895416,0.06177482753992081,0.2701810300350189,0.05009828507900238,0.050224851816892624,0.0,0.0,0.0,0.5294460654258728,0.07762490212917328,0.022811485454440117,0.18284910917282104,0.058513492345809937,0.020476171746850014,0.0,0.38253501057624817,0.1111564040184021,0.0,0.023905958980321884,0.05148043483495712,0.0,0.006143113598227501,0.010778374969959259,0.07961305975914001,0.008661964908242226,0.2429405003786087,0.2213289886713028,0.0,0.001536869676783681,0.6278608441352844,0.057230353355407715,0.017682984471321106,0.004962216597050428,0.4588083028793335,0.0,0.12063957750797272,0.13256165385246277,0.02238984778523445,0.0,0.0943099707365036,0.22001171112060547,0.16742593050003052,0.5044107437133789,0.16000689566135406,0.16375349462032318,0.04286477342247963,0.17822138965129852,0.05159454792737961,0.5008854269981384,0.003911211155354977,0.0,0.13919606804847717,0.007397173438221216,0.0,0.7355446815490723,0.006971041671931744,0.0003268247237429023,0.0517728365957737,0.19107235968112946,1.131779670715332,0.37721237540245056,0.15780411660671234,0.0,0.10990273207426071,0.4494156241416931,0.0,0.0,0.0271825660020113,0.0,0.350728303194046,0.4716230630874634,0.32605451345443726,0.004047957714647055,0.0,0.2056368887424469,0.6797993779182434,0.04243293032050133,0.0711316466331482,0.3073314428329468,0.010548137128353119,0.0,0.021154655143618584,0.07187075167894363,0.0,0.007725848350673914,0.20673269033432007,0.1841466873884201,0.003581254044547677,0.0,0.6419903635978699,0.5363514423370361,0.21294260025024414,0.08322284370660782,0.1731240451335907,0.04771270975470543,0.066230908036232,0.00504304887726903,0.2962586283683777,0.7582700252532959,0.0,0.01938088983297348,0.039462730288505554,0.2310357540845871,0.5939062833786011,0.0,0.15656863152980804,0.17178158462047577,0.17487958073616028,0.04906492680311203,0.21036048233509064,0.0883515253663063,0.0,0.15681304037570953,0.04014100506901741,0.07798735052347183,0.3795541226863861,0.3442453145980835,0.0,0.16808557510375977,0.23617656528949738,0.01281034667044878,0.013612966984510422,0.18195484578609467,0.34968382120132446,0.05643129348754883,0.0004182065895292908,0.0675453245639801,0.0004436914750840515,0.0,0.05829291790723801,0.11622170358896255,0.0,0.024448242038488388,0.06359418481588364,0.1463950127363205,0.029564647004008293,0.02171573042869568,0.4131179749965668,0.029811162501573563,0.0,0.18753446638584137,0.01984150893986225,0.0,0.0,0.0005058036185801029,0.0,0.029428092762827873,0.0,0.25884950160980225,0.003142008790746331,0.0,0.0,0.0,0.0688599944114685,0.01154172234237194,0.0,0.0,0.4293581247329712,0.11693745106458664,0.0,0.0,0.024117659777402878,0.1510111391544342,0.09180703014135361,0.09585011005401611,0.008917895145714283,0.07962839305400848,0.20837907493114471,0.0,0.02502700686454773,0.029061421751976013,0.0,0.02592739462852478,0.06784974783658981,0.018352512270212173,0.0010693445801734924,0.8865886330604553,0.15927654504776,0.0015920154983177781,0.0,0.014026999473571777,0.0,0.0052331252954900265,0.008207632228732109,0.012784929946064949,0.004801297094672918,0.0,0.33010298013687134,0.5537416338920593,0.011185703799128532,0.06672482192516327,0.0,0.0,0.18505160510540009,0.3137579560279846,0.0,0.20726193487644196,0.19439098238945007,0.031474169343709946,0.061487749218940735,0.21805565059185028,0.022112106904387474,0.13260740041732788,0.0,0.07429111748933792,0.2013869434595108,0.0,0.0028338872361928225,0.0,0.4894408583641052,0.13192665576934814,0.12262161076068878,0.27806612849235535,0.5960435271263123,0.01000790111720562,0.028670888394117355,0.08898147940635681,0.011456994339823723,0.33732515573501587,0.0070079173892736435,0.014031180180609226,0.13086248934268951,0.0,0.2593681514263153,0.24770216643810272,0.07559581100940704,0.10737662762403488,0.009156675077974796,0.5481764078140259,0.09499627351760864,0.54302579164505,0.07093495875597,0.20913805067539215,0.20073817670345306,0.2102465182542801,0.018056930974125862,0.1374046355485916,0.06495413929224014,0.0006708222208544612,0.0,0.0030846812296658754,0.011628249660134315,0.09475434571504593,0.0,0.022732779383659363,0.03848782181739807,0.12835048139095306,0.23184706270694733,0.0009576583979651332,0.0,0.0,0.0,0.0,0.6674018502235413,0.0,0.0,0.06189791113138199,0.14189238846302032,0.0,0.013294701464474201,0.06733829528093338,0.051278214901685715,0.0,0.008424445986747742,0.09216751903295517,0.024687930941581726,0.12078094482421875,0.6885356903076172,0.023583920672535896,0.04325537011027336,0.056352872401475906,0.0,0.0076851737685501575,0.1410353034734726,0.11313726752996445,0.0,0.27461695671081543,0.3650980293750763,0.15121003985404968,0.016007833182811737,0.09030734747648239,0.0,0.13822107017040253,0.07185516506433487,0.0,0.26563790440559387,0.20578551292419434,0.41019922494888306,0.0,0.03168967738747597,0.13967297971248627,0.14992976188659668,0.04821616783738136,0.0,0.0002445508143864572,0.3796328008174896,0.15408915281295776,0.007940470241010189,0.20284554362297058,0.5596460103988647,0.1006806269288063,0.004216894973069429,-0.19718341529369354
35,0.007284971419721842,0.06616643071174622,0.03459453210234642,0.0,0.0,0.0,0.5203761458396912,0.09009060263633728,0.0,0.00962531752884388,0.048428475856781006,0.010219402611255646,0.0,0.32079964876174927,0.0,0.08275346457958221,0.058243848383426666,0.0,0.0,0.0,0.0,0.06778167933225632,0.0,0.28714609146118164,0.014897527173161507,0.0,0.0,0.44128838181495667,0.005019736010581255,0.083610899746418,0.023818284273147583,0.25879716873168945,0.0,0.29221081733703613,0.026216911152005196,0.07249392569065094,0.0664793848991394,0.17290079593658447,0.00554239097982645,0.22107575833797455,0.013379820622503757,0.17158663272857666,0.09500882029533386,0.10542374104261398,0.26541563868522644,0.05869602784514427,0.32588818669319153,0.031822461634874344,0.0,0.0822635218501091,0.06855230033397675,0.0,0.1332336664199829,0.008244683966040611,0.008440001867711544,0.0,0.07424040138721466,0.641164243221283,0.08390617370605469,0.027647819370031357,0.0,0.19669176638126373,0.08933715522289276,0.0,0.0,0.003834631759673357,0.0,0.00799303874373436,0.08389165997505188,0.11386295408010483,0.0,0.0,0.20571747422218323,0.14843763411045074,0.030802275985479355,0.07130388915538788,0.01464092917740345,0.09287969768047333,0.0,0.21542257070541382,0.025577258318662643,0.053932301700115204,0.0,0.15785986185073853,0.008376071229577065,0.017709944397211075,0.0033766813576221466,0.17433424293994904,0.37746334075927734,0.35212063789367676,0.018912166357040405,0.0,0.06629261374473572,0.08731266856193542,0.0029928809963166714,0.0,0.4515286684036255,0.0,0.0011786477407440543,0.005147651769220829,0.0,0.20492903888225555,0.0,0.25638800859451294,0.38211774826049805,0.057763002812862396,0.03533407673239708,0.013974012807011604,0.0,0.0,0.00046463380567729473,0.07547210156917572,0.056808583438396454,0.16648465394973755,0.011207113973796368,0.0,0.02972336672246456,0.0,0.054474275559186935,0.01101335696876049,0.00030305952532216907,0.00711699016392231,0.0,0.0,0.0,0.39433783292770386,0.0,0.0,0.0,0.0,0.0,0.07760503888130188,0.0,0.03515741974115372,0.02894071862101555,0.0,0.0,0.0,0.16053864359855652,0.019664211198687553,0.0,0.0,0.03586391732096672,0.0,0.0697162076830864,0.011028176173567772,0.009246679954230785,0.012801982462406158,0.14294704794883728,0.0,0.02291359379887581,0.0908048152923584,0.06737667322158813,0.0,0.0,0.07793346047401428,0.005622444674372673,0.0,0.010190203785896301,0.013496574014425278,0.14891384541988373,0.019459739327430725,0.0301881842315197,0.0,0.18945473432540894,0.07989513874053955,0.0,0.08169112354516983,0.0,0.0,0.0,0.0,0.03065486252307892,0.0015255063772201538,0.04877045378088951,0.10915344953536987,0.0,0.06886748224496841,0.023544510826468468,0.054165925830602646,0.0,0.0,0.2174467146396637,0.0,0.004358756355941296,0.06161706894636154,0.2785037159919739,0.0,0.01767593063414097,0.0,0.0011180667206645012,0.00646715983748436,0.18730944395065308,0.0014951449120417237,0.17314031720161438,0.057550858706235886,0.05834529176354408,0.1820397675037384,0.014287828467786312,0.0010294457897543907,0.07067129015922546,0.0,0.020501945167779922,0.0327298641204834,0.0,0.0,0.0,0.0,0.0,0.011024587787687778,0.05684298649430275,0.3096078336238861,0.0,0.23069821298122406,0.0,0.1247008740901947,0.3950786888599396,0.0,0.0,0.2467125505208969,0.0,0.008677740581333637,0.0,0.0,0.016933338716626167,0.0,0.03626465052366257,0.0,0.19893142580986023,0.05073460191488266,0.0,0.0,0.25346389412879944,0.09901508688926697,0.17371121048927307,0.10274258255958557,0.0023458264768123627,0.0007917613256722689,0.0491296760737896,0.01869419775903225,0.0,0.02832416072487831,0.0,0.3619734048843384,0.0,0.0,0.04802706092596054,0.0,0.0,0.0,0.0,0.2646911144256592,0.0,0.0,0.0,0.07404012978076935,0.0,0.061763934791088104,0.03255520015954971,0.007676140870898962,0.12021790444850922,0.0,0.0,0.13953819870948792,0.02781841717660427,0.3219604194164276,0.11817116290330887,0.0,0.19368258118629456,0.0,0.0,0.10886400192975998,0.02703026495873928,0.002155284397304058,0.24040842056274414,0.4739735424518585,0.2936680018901825,0.0,0.0,0.0,0.0,0.0031553630251437426,0.04384185001254082,0.008863493800163269,0.021269766613841057,0.2788349986076355,0.0,0.01814892143011093,0.33995312452316284,0.2384578287601471,0.020679831504821777,0.0,0.0,0.0,0.23930871486663818,0.0,0.49033209681510925,0.059579551219940186,0.010286331176757812,0.002892271615564823,0.0015333059709519148,0.07412204146385193,0.27905699610710144,0.0,0.0,0.0,0.40618911385536194,0.1166187971830368,0.0,0.009540501050651073,0.16900619864463806,0.02227598801255226,0.0,0.37211230397224426,0.0,0.06462941318750381,0.0,0.04747031256556511,0.0002452647313475609,0.0,0.0,0.22644618153572083,0.0,0.6705146431922913,0.0,0.0022778338752686977,0.0,0.6071139574050903,0.017823245376348495,0.04320729523897171,0.0,0.23555831611156464,0.0,0.3798120319843292,0.0005539730191230774,0.08262738585472107,0.1418425440788269,0.44616490602493286,0.013369115069508553,0.20502175390720367,0.0,0.13328084349632263,0.10828607529401779,0.13705110549926758,0.40116775035858154,0.12647560238838196,0.08952126652002335,0.07790116965770721,0.0,0.22696882486343384,0.04177285358309746,0.0,0.0807790756225586,0.0,0.02319304458796978,0.1043955385684967,0.03487100824713707,0.6021322011947632,0.03799330070614815,0.0,0.0,0.15843020379543304,0.0008932568598538637,0.002462303265929222,0.0,0.008534116670489311,0.0,0.14326158165931702,0.019782844930887222,0.013233610428869724,0.060423098504543304,0.0,0.26378124952316284,0.05893510580062866,0.0,0.1558152139186859,0.1574622541666031,0.30417901277542114,0.0,0.08721727877855301,0.06861366331577301,0.0,0.0,0.20905911922454834,0.36685389280319214,0.001748865470290184,0.011078707873821259,0.04381909966468811,0.5267518758773804,0.16665714979171753,0.07317805290222168,0.08111265301704407,0.0557793565094471,0.2821044921875,0.0,0.0,0.24248670041561127,0.0,0.0,0.02283083274960518,0.0,0.011908061802387238,0.0,0.6442995071411133,0.4448903203010559,0.04199814051389694,0.0436016321182251,0.0707433670759201,0.0,0.0,0.03994451463222504,0.08287230879068375,0.07961761951446533,0.22998490929603577,0.0,0.0,0.03241986036300659,0.12774665653705597,0.016521690413355827,0.0757225975394249,0.03246769309043884,0.03733668476343155,0.0,0.0,0.0,0.3566187024116516,0.0,0.12116623669862747,0.01868497021496296,0.0,0.0,0.011217642575502396,0.013342524878680706,0.020623857155442238,0.034270621836185455,0.0,0.0,0.0,0.048063889145851135,0.00284460186958313,0.0,0.008519517257809639,0.22035512328147888,0.0,0.27567392587661743,0.0,0.0,0.0628659799695015,0.11856038868427277,0.0,0.009988205507397652,0.22718022763729095,0.023492515087127686,0.0,0.0,0.27792802453041077,0.0516757071018219,0.0,0.0008875657804310322,0.0,0.43237027525901794,0.010048814117908478,0.03652571141719818,0.0,0.14188580214977264,0.02396261878311634,0.00519147701561451,0.0914551392197609,0.020558327436447144,0.0,0.00441662035882473,0.0,0.023737439885735512,0.0,0.008912373334169388,0.2549242675304413,0.0,0.08026019483804703,0.0737517699599266,0.046385399997234344,0.0,0.0,0.39481180906295776,0.005442418158054352,0.0,0.028358206152915955,0.08542392402887344,0.0,0.09803614020347595,0.0,0.0,0.02399413473904133,0.016141463071107864,0.0,0.0732026919722557,0.39235395193099976,0.03113919124007225,0.45844945311546326,0.252105712890625,0.0,0.21674683690071106,0.0,0.010203955695033073,0.0,0.0,0.0,0.0,0.0,0.040329255163669586,0.011387811973690987,0.003761499421671033,0.0715225487947464,0.0,0.26397860050201416,0.1354535073041916,0.08756223320960999,0.27803242206573486,0.0,0.0,0.3750374913215637,0.0,0.006509719416499138,0.0,0.0,0.0,0.0,0.01843170076608658,0.06916841119527817,0.07165192067623138,0.1282307505607605,0.002258485183119774,0.0,0.5465118288993835,0.26115649938583374,0.1106068417429924,0.07692078500986099,0.024335011839866638,0.0,0.08567105233669281,0.0,0.010992685332894325,0.016340743750333786,0.0,0.6626299023628235,0.0,0.07265819609165192,0.042848922312259674,0.0,0.0,0.0,0.0,0.22294950485229492,0.0,0.0,0.0,0.26644769310951233,0.0,0.012125258333981037,0.0014513718197122216,0.01971283182501793,0.10126063972711563,0.0,0.050886668264865875,0.21649916470050812,0.03807608783245087,0.28184014558792114,0.11592303961515427,0.11386504024267197,0.15608519315719604,0.0,0.0,0.0552029013633728,0.05366603285074234,0.0,0.7768397927284241,0.3051470220088959,0.32457998394966125,0.015361946076154709,0.0,0.004055348690599203,0.05521731078624725,0.006323968525975943,0.11932700127363205,0.11757781356573105,0.0,0.18928122520446777,0.0,0.0,0.5917254686355591,0.3218349814414978,0.014432823285460472,0.010512406937777996,0.0,0.0,0.46822887659072876,0.0,0.4946802258491516,0.08209977298974991,0.219846710562706,0.04188121482729912,0.026481997221708298,0.04148420691490173,0.06412013620138168,0.0,0.0,0.0,0.44822752475738525,0.11633127927780151,0.0,0.009811574593186378,0.07651159167289734,0.029799608513712883,0.0,0.4387845993041992,0.0,0.03392767161130905,0.03205422684550285,0.0,0.010256118141114712,0.0,0.0,0.12256168574094772,0.00823797658085823,0.38114458322525024,0.011017506942152977,0.0018636625027284026,0.0,0.6036917567253113,0.005513580050319433,0.03648237884044647,0.009304957464337349,0.3455182611942291,0.0,0.31690701842308044,0.024345919489860535,0.10678624361753464,0.03720196709036827,0.20201359689235687,0.02666628174483776,0.24539096653461456,0.04534824192523956,0.2289968580007553,0.08854659646749496,0.12617264688014984,0.3529353737831116,0.09187515825033188,0.31299689412117004,0.020203372463583946,0.0,0.09080462157726288,0.0360022597014904,0.0,0.274843692779541,0.00036485568853095174,0.005289742723107338,0.011188710108399391,0.10244020074605942,0.7890182733535767,0.12100614607334137,0.0360671691596508,0.0,0.1734749674797058,0.14221322536468506,0.0,0.0,0.0056154015474021435,0.0,0.08280018717050552,0.13414603471755981,0.1909133344888687,0.0,0.0,0.17819440364837646,0.19173234701156616,0.004073350690305233,0.13314038515090942,0.04754515364766121,0.11077319085597992,0.0,0.16899080574512482,0.0389290526509285,0.009090987034142017,0.0,0.2002044916152954,0.11764340847730637,0.016340499743819237,0.003164971014484763,0.23613247275352478,0.37206074595451355,0.25366291403770447,0.028413992375135422,0.0075103407725691795,0.040849097073078156,0.08463209122419357,0.02865229919552803,0.0,0.5071778893470764,0.0,0.003644690616056323,0.02600780315697193,0.0,0.18330205976963043,0.0,0.250338613986969,0.3794991970062256,0.09007377177476883,0.02858942374587059,0.018658146262168884,0.0009974429849535227,0.0,0.017064889892935753,0.061355266720056534,0.030475765466690063,0.20062315464019775,0.020388424396514893,0.0,0.05676804855465889,0.02069784700870514,0.013914045877754688,0.024526864290237427,0.015626346692442894,0.015037736855447292,0.0011568869231268764,0.0011825026012957096,0.004290922544896603,0.2724928855895996,0.0,0.009774577803909779,0.0,0.0,0.0,0.04849119856953621,0.005111223086714745,0.02407841384410858,0.017105435952544212,0.02148071676492691,0.0,0.0,0.12054204195737839,0.03861062601208687,0.0,0.0,0.04409719631075859,0.0,0.08044113963842392,0.0,0.006124688312411308,0.02016679011285305,0.0839068591594696,0.0,0.01112253125756979,0.12216607481241226,0.03380117192864418,0.0,0.0,0.14038769900798798,0.06389252096414566,0.0,0.021006187424063683,0.003961935173720121,0.1813574582338333,0.05528746172785759,0.02563975751399994,0.0,0.18811605870723724,0.09952674061059952,0.00048180075827986,0.05130051076412201,0.0,0.0,0.0,0.0,0.022441063076257706,0.0006112104165367782,0.1476830095052719,0.12003278732299805,0.0,0.04858071357011795,0.05355285853147507,0.026349470019340515,0.0,0.0,0.17294883728027344,0.0005673776613548398,0.000920022081118077,0.13573424518108368,0.28591325879096985,0.0,0.06185942515730858,0.0,0.0,0.016634132713079453,0.13589303195476532,0.0105125205591321,0.1871105581521988,0.12468630820512772,0.05129298195242882,0.19732286036014557,0.0650508925318718,0.0009418979752808809,0.047333892434835434,0.0,0.04382584989070892,0.005573168862611055,0.0,0.0,0.0,0.0006435355171561241,0.008933641016483307,0.010591263882815838,0.09132381528615952,0.25793641805648804,0.0,0.1808440089225769,0.04503621160984039,0.05776688829064369,0.36615023016929626,0.0,0.0,0.229941263794899,0.0,0.016278648748993874,0.0,0.0,0.010267728008329868,0.0,0.0206864345818758,0.0021219318732619286,0.30049020051956177,0.04432712495326996,0.0011333399452269077,0.0,0.3040238320827484,0.15321211516857147,0.24163174629211426,0.07873135805130005,0.0058595179580152035,0.0023904170375317335,0.03974051773548126,0.006603627931326628,0.0053227730095386505,0.009767983108758926,0.0,0.3079613149166107,0.0,0.04240848869085312,0.012505831196904182,0.0,0.0,0.0,0.0,0.3707425594329834,0.0,0.0,0.0,0.07692157477140427,0.0,0.01821266859769821,0.02240665629506111,0.015196493826806545,0.07121724635362625,0.0,0.0,0.12204618006944656,0.03667660057544708,0.3192594051361084,0.06277571618556976,0.011521147564053535,0.12018673866987228,0.0,0.0,0.05450010672211647,0.08370988070964813,0.00506603205576539,0.4889973998069763,0.43071824312210083,0.24816185235977173,0.0,0.0,0.0,0.0,0.019892234355211258,0.05078735575079918,0.04391450062394142,0.0647413358092308,0.30056941509246826,0.0,0.0,0.43024155497550964,0.30622896552085876,0.02794427052140236,0.0,0.0,0.00275408779270947,0.24551014602184296,0.0,0.39822545647621155,0.1294056624174118,0.03900390490889549,0.014383017085492611,-0.40105026960372925
36,0.06082551181316376,0.1308518648147583,0.0278447438031435,0.0,0.0,0.0,0.4306882619857788,0.09225840121507645,0.0,0.009537520818412304,0.0771225094795227,0.006499812938272953,0.0,0.2563668191432953,0.0,0.08856651186943054,0.01899569481611252,0.005777932237833738,0.0,0.0,0.0,0.05432683974504471,0.0,0.4092021882534027,0.027059273794293404,0.0,0.0,0.47542867064476013,0.0026083060074597597,0.04668053984642029,0.0939190536737442,0.28113824129104614,0.0,0.27138417959213257,0.06875140964984894,0.03562169149518013,0.005385398864746094,0.17791712284088135,0.07117041945457458,0.09201987832784653,0.029485762119293213,0.09342250972986221,0.07525946199893951,0.05234663188457489,0.20897869765758514,0.08774768561124802,0.14736419916152954,0.030157502740621567,0.0,0.06699616461992264,0.10360207408666611,0.0,0.2339373528957367,0.0029582870192825794,0.03664713352918625,0.0,0.1901702880859375,0.5895224809646606,0.1447526514530182,0.03223007917404175,0.0,0.08724629878997803,0.0749724879860878,0.0,0.0,0.0019473874708637595,0.0,0.051872823387384415,0.11539485305547714,0.09773007780313492,0.015226508490741253,0.0,0.11235757917165756,0.12036027759313583,0.025422686710953712,0.04555847495794296,0.046272944658994675,0.09239701926708221,0.0,0.062182433903217316,0.031256455928087234,0.03887183219194412,0.0,0.14302249252796173,0.1256788671016693,0.0,0.04145298898220062,0.23229879140853882,0.4087119698524475,0.3445962369441986,0.03508120775222778,0.0,0.032315392047166824,0.08955342322587967,0.0025178424548357725,0.031725797802209854,0.4543115198612213,0.0,0.002052810275927186,0.001868265331722796,0.0039892904460430145,0.3038921058177948,0.0,0.42912396788597107,0.2709784507751465,0.14546893537044525,0.030701259151101112,0.0630008652806282,0.006613817065954208,0.0,0.0,0.039203714579343796,0.04068760946393013,0.23148177564144135,0.05917742848396301,0.0,0.0351959653198719,0.054920148104429245,0.07017724215984344,0.013459201902151108,0.0,0.06282036751508713,0.0013856816804036498,7.076832844177261e-05,0.0,0.30921047925949097,0.0,0.0,0.005227559246122837,0.026872044429183006,0.0,0.19608493149280548,0.0163350198417902,0.009538648650050163,0.0028195702470839024,0.06001489982008934,0.0,0.0,0.01754022017121315,6.956539436941966e-05,0.0,0.004476848058402538,0.0136537691578269,0.0,0.1728779822587967,2.50651082751574e-05,0.02867925725877285,0.0025897969026118517,0.03313300386071205,6.947598740225658e-05,0.040674787014722824,0.1552494764328003,0.07808460295200348,0.0,0.0,0.3040332496166229,0.03575501590967178,0.0,0.027436653152108192,0.028215846046805382,0.25390222668647766,0.09967430680990219,0.01412387378513813,0.0,0.014764287509024143,0.08839516341686249,0.0,0.07135935127735138,0.0,0.0,0.0,0.0,0.0063782925717532635,0.022452494129538536,0.13348641991615295,0.21371805667877197,0.021919284015893936,0.058620236814022064,0.005385638680309057,0.014757472090423107,0.00039129095966927707,0.004145471379160881,0.21196413040161133,0.0,0.0034512660931795835,0.11813545227050781,0.19384726881980896,0.0,0.038752175867557526,0.0,0.0,0.027115903794765472,0.0829756036400795,0.003553964663296938,0.17254602909088135,0.21017660200595856,0.022508079186081886,0.23875783383846283,0.040648575872182846,0.03331770375370979,0.11624476313591003,0.0,0.024599140509963036,0.04928724095225334,0.0,0.0,0.0,0.025443432852625847,0.01134742796421051,0.07346375286579132,0.03909764066338539,0.2746853828430176,0.0160532109439373,0.1590433120727539,0.002651978749781847,0.03716990351676941,0.3014051020145416,0.0,0.011116962879896164,0.2576583921909332,0.0,0.046479325741529465,0.0,0.0007771335076540709,0.009897897019982338,0.0019283152651041746,0.12332411855459213,0.005470143165439367,0.26795023679733276,0.03536948561668396,0.0039205532521009445,0.0,0.36142659187316895,0.060759980231523514,0.05136416479945183,0.07662983238697052,0.030665216967463493,0.0,0.030888423323631287,0.06866513937711716,0.0505264475941658,0.0,0.0,0.33362284302711487,0.0,0.06179492175579071,0.05002208426594734,0.0,0.0,0.0,0.0,0.2602007985115051,0.0,0.0,0.018851077184081078,0.10929762572050095,0.0,0.04688243567943573,0.05777110531926155,0.013247519731521606,0.13041895627975464,0.0,0.0,0.09419292956590652,0.12953051924705505,0.2679122984409332,0.05230896919965744,0.010518847964704037,0.08353870362043381,0.00923728384077549,0.006383512634783983,0.05621667578816414,0.0002845065318979323,0.0,0.3794073164463043,0.31433725357055664,0.1703210175037384,0.020697694271802902,0.0,0.0,0.0,0.0005331588326953351,0.019801760092377663,0.07746429741382599,0.03451462835073471,0.3375169634819031,0.00017051737813744694,0.05469174310564995,0.2561626434326172,0.08890366554260254,0.017309509217739105,0.0,0.0,0.0,0.2828369140625,0.0,0.41652727127075195,0.09194625914096832,0.039144907146692276,0.020381590351462364,0.21835029125213623,0.09956363588571548,0.0384676419198513,0.0,0.0,0.0,0.33715906739234924,0.059216730296611786,0.017512908205389977,0.10980261117219925,0.16082477569580078,0.01777663640677929,0.0,0.3836466372013092,0.12852606177330017,0.03636793792247772,0.003232085146009922,0.12849530577659607,0.05346963554620743,0.0,0.0,0.069413922727108,0.0,0.35476428270339966,0.1238357201218605,0.0,0.0,0.4117734730243683,0.008149519562721252,0.0788789689540863,0.011916269548237324,0.2901255190372467,0.0,0.11965332925319672,0.06384796649217606,0.0,0.02397857792675495,0.07796783000230789,0.16823506355285645,0.30082112550735474,0.31584417819976807,0.025825588032603264,0.2164282351732254,0.0,0.13068516552448273,0.00971502810716629,0.38206276297569275,0.0,0.0,0.08807948976755142,0.004578184336423874,0.0,0.6208317875862122,0.0,0.0,0.04199458658695221,0.056427001953125,0.831071138381958,0.2238951325416565,0.015422130934894085,0.0,0.014288024976849556,0.2882229685783386,0.02136329375207424,0.0,0.0,0.0,0.43381014466285706,0.25862282514572144,0.23496325314044952,0.0,0.0,0.1886502057313919,0.6162446737289429,0.005101572256535292,0.03335614874958992,0.1996307373046875,0.0,0.0,0.10210008919239044,0.08806134015321732,0.0,0.05096672102808952,0.1850556880235672,0.22314368188381195,0.05548402667045593,0.0,0.28929752111434937,0.5009729862213135,0.1775590479373932,0.050680745393037796,0.2913142740726471,0.04844851791858673,0.0018681545043364167,0.0,0.0997905507683754,0.45754119753837585,0.0,0.005124810617417097,0.0,0.33765891194343567,0.376232773065567,0.0,0.34927040338516235,0.14936096966266632,0.11458471417427063,0.01480936724692583,0.29317182302474976,0.043854571878910065,0.0,0.22141888737678528,0.07179924100637436,0.003668945748358965,0.27881771326065063,0.1159224659204483,0.0,0.14790619909763336,0.1909882128238678,0.0,0.03681175038218498,0.13377045094966888,0.21930237114429474,0.03923065960407257,0.0,0.030716413632035255,0.02998698502779007,0.0,0.0,0.08356926590204239,0.0,0.0,0.019129090011119843,0.03239317238330841,0.04197065532207489,0.030865494161844254,0.20867177844047546,0.02217513881623745,0.0,0.2090674191713333,0.01112489216029644,0.0,0.0,0.0,0.0,0.05412377789616585,0.030864153057336807,0.08997751027345657,0.0,0.09197860956192017,0.0,0.0,0.02017062157392502,0.012506883591413498,0.0,0.0,0.23073549568653107,0.10862500220537186,0.0,0.00206971843726933,0.007474579848349094,0.032855074852705,0.03927597030997276,0.098565973341465,0.007039519492536783,0.02979707159101963,0.1598106175661087,0.0,0.0009322464466094971,0.04337522014975548,0.0,0.020565215498209,0.030141571536660194,0.015149067156016827,0.0,0.42462122440338135,0.11056826263666153,0.0,0.004417091608047485,0.1672649085521698,0.014094929210841656,0.020460372790694237,0.0,0.09520450234413147,0.019090697169303894,0.018131818622350693,0.08537910133600235,0.33934974670410156,0.0,0.007491643074899912,0.0,0.0,0.21473699808120728,0.2838228940963745,0.0,0.17169983685016632,0.10780840367078781,0.06925055384635925,0.11594205349683762,0.2920725643634796,0.0,0.08347893506288528,0.0,0.007006207946687937,0.08526883274316788,0.0,0.0,0.011678793467581272,0.4321897625923157,0.15045049786567688,0.05091669782996178,0.17775842547416687,0.3649847209453583,0.0,0.0,0.17671771347522736,0.05798174440860748,0.1837529093027115,0.0,0.0,0.039646923542022705,0.01092261541634798,0.13594114780426025,0.24311572313308716,0.0,0.12158858776092529,0.0,0.18785491585731506,0.12915457785129547,0.2688094675540924,0.14075809717178345,0.15526142716407776,0.11138749122619629,0.2222631275653839,0.03258925676345825,0.0995333343744278,0.0,0.0,0.0,0.013973714783787727,0.007578507997095585,0.014912145212292671,0.0,0.009360040538012981,0.02927371859550476,0.1400759220123291,0.09455231577157974,0.07158461213111877,0.004744863603264093,0.0,0.004389640409499407,0.0,0.628820538520813,0.0,0.0,0.041817788034677505,0.0,0.0,0.025136031210422516,0.0007106636767275631,0.007327877916395664,0.0007253653602674603,0.02064277045428753,0.054262880235910416,0.04930511489510536,0.014769461937248707,0.5688287615776062,0.01482363510876894,0.10211290419101715,0.05475768819451332,0.0,0.0,0.08510737121105194,0.15327347815036774,0.0,0.14846393465995789,0.20990662276744843,0.14237435162067413,0.0,0.05367618054151535,0.0,0.08919505774974823,0.040981028228998184,0.004135313909500837,0.25530707836151123,0.023365825414657593,0.24330070614814758,0.0,0.0,0.3008722960948944,0.03640312701463699,0.025701338425278664,0.0,0.0,0.3529437780380249,0.19727672636508942,0.0,0.18650159239768982,0.5692127346992493,0.1097656786441803,0.0,0.24721860885620117,0.09247776120901108,0.0,0.0,0.0,0.0,0.44295039772987366,0.06589274108409882,0.004562480840831995,0.06329041719436646,0.05095475912094116,0.022443987429142,0.0,0.36503276228904724,0.019924642518162727,0.04207516834139824,0.025595955550670624,0.0012482075253501534,0.006993014831095934,0.0,0.0,0.08621100336313248,0.007031015586107969,0.28476154804229736,0.06699568033218384,0.0009142905473709106,0.0,0.564341127872467,0.013015818782150745,0.024958208203315735,0.060511086136102676,0.3891632854938507,0.0,0.19004181027412415,0.05808116868138313,0.055898942053318024,0.0,0.08262785524129868,0.11530311405658722,0.20067137479782104,0.23089316487312317,0.15102089941501617,0.10706399381160736,0.041224271059036255,0.193740576505661,0.05363326892256737,0.375043123960495,0.006505679804831743,0.007600340526551008,0.057055290788412094,0.061659034341573715,0.0,0.4859858453273773,0.0,0.0,0.0095879677683115,0.10464335232973099,0.8684422373771667,0.2717811167240143,0.10365276783704758,0.0,0.10098704695701599,0.28532910346984863,0.0,0.0,0.0068577793426811695,0.0,0.16220566630363464,0.30199649930000305,0.28098320960998535,0.0021687920670956373,0.0,0.12288219481706619,0.412055104970932,0.0064260633662343025,0.06427715718746185,0.09232986718416214,0.009611493907868862,0.0,0.05748572573065758,0.0487293042242527,0.0,0.014517373405396938,0.19411903619766235,0.08718017488718033,0.014486748725175858,0.011560999788343906,0.4314044117927551,0.37211132049560547,0.278181791305542,0.03279426321387291,0.040505893528461456,0.0326799675822258,0.03699708357453346,0.028026370331645012,0.10964749753475189,0.5977937579154968,0.0,0.006796941161155701,0.04120014235377312,0.11435945332050323,0.4077535569667816,0.0,0.23413816094398499,0.265540212392807,0.1207013800740242,0.021106626838445663,0.11566538363695145,0.04166269302368164,0.0,0.04778432846069336,0.03317456692457199,0.004043696913868189,0.3156718313694,0.1502174288034439,0.0,0.12085329741239548,0.07348613440990448,0.021005239337682724,0.013852990232408047,0.0799676775932312,0.19185911118984222,0.04143800958991051,0.0,0.010907228104770184,0.06286806613206863,0.003344468306750059,0.014462626539170742,0.012674965895712376,0.0,0.00019780742877628654,0.1018403097987175,0.02744709886610508,0.020959561690688133,0.01278461329638958,0.2608204782009125,0.0034455477725714445,0.0,0.0867488756775856,0.042914435267448425,0.0,0.0,0.0,0.0,0.051824092864990234,0.0,0.08616174012422562,0.0,7.982630631886423e-05,0.0,0.00020658450375776738,0.028445519506931305,0.041368138045072556,0.0,0.0,0.2601577639579773,0.06194032356142998,0.0,0.008441777899861336,0.04997057095170021,0.09365382790565491,0.1312524974346161,0.01969604194164276,0.0008410729933530092,0.1090390682220459,0.1584704965353012,0.0,0.014519833028316498,0.0,0.0,0.020739611238241196,0.02424762398004532,0.009658969938755035,0.000876834150403738,0.44541433453559875,0.11429741233587265,0.0,0.010770587250590324,0.04725353792309761,0.00850939005613327,0.018617743626236916,0.003521720413118601,0.1189027950167656,0.003981590270996094,0.0033751523587852716,0.24843697249889374,0.37845301628112793,0.0,0.016319533810019493,0.0,0.0,0.08855901658535004,0.19919748604297638,0.003956872504204512,0.24593539535999298,0.08452636003494263,0.02426419034600258,0.09097281843423843,0.05807972699403763,0.0,0.05914847552776337,0.0,0.031983256340026855,0.08290618658065796,0.0,0.0014635547995567322,0.0,0.29162824153900146,0.029834916815161705,0.055704448372125626,0.20760014653205872,0.41139206290245056,0.0017383132362738252,0.02698655240237713,0.044533416628837585,0.015807386487722397,0.30315038561820984,0.002752504078671336,0.0013739231508225203,0.15012912452220917,0.0050963303074240685,0.11249103397130966,0.0465511791408062,0.0,0.05479860305786133,0.006950701586902142,0.18218666315078735,0.031851671636104584,0.40494999289512634,0.00509992241859436,0.08130426704883575,0.1029682382941246,0.24919429421424866,0.028414450585842133,0.17106999456882477,0.061521921306848526,0.0,0.0,0.013624523766338825,0.027212101966142654,0.019122660160064697,0.0,0.0033789854496717453,0.07690437138080597,0.00786540936678648,0.08779006451368332,0.008647355251014233,0.0,0.0,0.00861163530498743,0.0,0.5090441703796387,0.0,0.0,0.013339828699827194,0.016929950565099716,0.0,0.038694702088832855,0.05802420154213905,0.0346851646900177,0.06093212962150574,0.004660035017877817,0.0,0.026909159496426582,0.05324088782072067,0.4258056581020355,0.020855972543358803,0.009836461395025253,0.041530124843120575,0.0,0.018945148214697838,0.08022097498178482,0.11615858972072601,0.0,0.28316444158554077,0.35877394676208496,0.11056794971227646,0.0,0.007607306353747845,0.0010763639584183693,0.0219386275857687,0.02093561179935932,0.0,0.11190487444400787,0.11842034012079239,0.3661419153213501,0.0,0.01785888522863388,0.18941262364387512,0.1608988344669342,0.037409812211990356,0.0,0.0,0.07856351137161255,0.1811407059431076,0.0005108424229547381,0.25412076711654663,0.3276577889919281,0.03546513244509697,0.0,0.13080590963363647
37,0.0,0.06824825704097748,0.014882892370223999,0.0,0.0,0.0,0.13127805292606354,0.19287800788879395,0.0,0.03886881843209267,0.326225221157074,0.045642971992492676,0.0,0.2339913249015808,0.23528113961219788,0.01603882573544979,0.003488001646474004,0.29349327087402344,0.17274333536624908,0.0,0.000559498555958271,0.22123634815216064,0.0,0.7362873554229736,0.07065153867006302,0.0,0.0,0.45469701290130615,0.0,0.07130879163742065,0.0,0.1619151085615158,0.0,0.33614104986190796,0.008828948251903057,0.01182740367949009,0.05543254315853119,0.11655546724796295,0.16033560037612915,0.36008697748184204,0.0,0.015733204782009125,0.19540013372898102,0.01621987484395504,0.3399679660797119,0.0,0.08929218351840973,0.012424830347299576,0.0,0.05466800183057785,0.0,0.0,0.4219684898853302,0.0,0.0,0.3178839087486267,0.0,0.37715113162994385,0.0,0.0006786733865737915,0.0,0.29335641860961914,0.0,0.19696998596191406,0.0,0.0,0.0,0.5971920490264893,0.006644205655902624,0.003463718108832836,0.0,0.0,0.09131234884262085,0.3853863477706909,0.0,0.1403382122516632,0.1712188869714737,0.1587323248386383,0.0,0.08457507193088531,0.12880438566207886,0.002260303357616067,0.0,0.19184619188308716,0.5672146081924438,0.0172166395932436,0.0019479249604046345,0.0288429856300354,0.6297174096107483,0.15643076598644257,0.015320192091166973,0.4597880244255066,0.04231899976730347,0.08890001475811005,0.007486240938305855,0.008352411910891533,0.11421410739421844,0.0,0.0,0.12453726679086685,0.20769383013248444,0.08268564939498901,0.0,0.706093966960907,0.17413970828056335,0.0,0.00823449157178402,0.24197398126125336,0.0,0.0,0.2537301778793335,0.02137787826359272,0.0,0.12162002176046371,0.0,0.0,0.0048004817217588425,0.2526828944683075,0.0,0.011156284250319004,0.3137394189834595,0.01885492354631424,0.0,0.0,0.20749656856060028,0.45469629764556885,0.0,0.0,0.299348384141922,0.0,0.0,0.1607961803674698,0.0,0.0,0.0,0.0,0.0,0.0,0.029782969504594803,0.0,0.0,0.034843169152736664,0.003337132977321744,0.0,0.12350612878799438,0.09862085431814194,0.0,0.012352284044027328,0.28372663259506226,0.0,0.0,0.03543012589216232,0.028393138200044632,0.0,0.0,0.0,0.03187275305390358,0.019190793856978416,0.0,0.0,0.14464102685451508,0.0,0.020871512591838837,0.0,0.011686667799949646,0.06887874007225037,0.0,0.0,0.1659962683916092,0.0,0.0009803958237171173,0.0,0.002394553739577532,0.0,0.0,0.4027126431465149,0.0,0.0,0.27322888374328613,0.001433543860912323,0.043835241347551346,0.0,0.11880583316087723,0.0,0.0501784011721611,0.0,0.000710667110979557,0.0,0.0,0.0,0.0,0.3359883427619934,0.12587623298168182,0.0,0.060521721839904785,0.2202279269695282,0.009533783420920372,0.25130027532577515,0.4644009470939636,0.0,0.11344622075557709,0.0,0.0,0.0,0.0,0.0,0.052987948060035706,0.32227760553359985,0.19483166933059692,0.0,0.050049517303705215,0.07776015996932983,0.0,0.0,0.34252023696899414,0.06956936419010162,0.03393881395459175,0.0,0.0,0.34964829683303833,0.0,0.0050017135217785835,0.11025737971067429,0.0,0.1221945509314537,0.0,0.11149471253156662,0.2911040186882019,0.019174158573150635,0.5083954334259033,0.004992855712771416,0.0,0.27662432193756104,0.02104881964623928,0.30541613698005676,0.05311852693557739,0.0,0.0,0.0003149844706058502,0.017214816063642502,0.0,0.011198965832591057,0.0,0.2818734347820282,0.19244293868541718,0.14070060849189758,0.09277281910181046,0.0009623263031244278,0.0,0.0,0.0,0.48684361577033997,0.0,0.0,0.0,0.0,0.0,0.022590933367609978,0.010663345456123352,0.0,0.014806222170591354,0.17451994121074677,0.07612249255180359,0.01330342423170805,0.0,0.832625687122345,0.013788971118628979,0.1926182210445404,0.06229934096336365,0.0,0.0,0.04756287485361099,0.20668262243270874,0.0,0.17630994319915771,0.0013630450703203678,0.15047751367092133,0.0,0.19270865619182587,0.0,0.27670764923095703,0.010728323832154274,0.001820916309952736,0.35819992423057556,0.0,0.1279371976852417,0.0,0.0,0.5798078179359436,0.19436880946159363,0.024785444140434265,0.0,0.0,0.20889580249786377,0.4405536651611328,0.0,0.21187978982925415,0.371809184551239,0.16620013117790222,0.001124432310461998,0.0015333059709519148,0.07412204146385193,0.27905699610710144,0.0,0.0,0.0,0.40618911385536194,0.1166187971830368,0.0,0.009540501050651073,0.16900619864463806,0.02227598801255226,0.0,0.37211230397224426,0.0,0.06462941318750381,0.0,0.04747031256556511,0.0002452647313475609,0.0,0.0,0.22644618153572083,0.0,0.6705146431922913,0.0,0.0022778338752686977,0.0,0.6071139574050903,0.017823245376348495,0.04320729523897171,0.0,0.23555831611156464,0.0,0.3798120319843292,0.0005539730191230774,0.08262738585472107,0.1418425440788269,0.44616490602493286,0.013369115069508553,0.20502175390720367,0.0,0.13328084349632263,0.10828607529401779,0.13705110549926758,0.40116775035858154,0.12647560238838196,0.08952126652002335,0.07790116965770721,0.0,0.22696882486343384,0.04177285358309746,0.0,0.0807790756225586,0.0,0.02319304458796978,0.1043955385684967,0.03487100824713707,0.6021322011947632,0.03799330070614815,0.0,0.0,0.15843020379543304,0.0008932568598538637,0.002462303265929222,0.0,0.008534116670489311,0.0,0.14326158165931702,0.019782844930887222,0.013233610428869724,0.060423098504543304,0.0,0.26378124952316284,0.05893510580062866,0.0,0.1558152139186859,0.1574622541666031,0.30417901277542114,0.0,0.08721727877855301,0.06861366331577301,0.0,0.0,0.20905911922454834,0.36685389280319214,0.001748865470290184,0.011078707873821259,0.04381909966468811,0.5267518758773804,0.16665714979171753,0.07317805290222168,0.08111265301704407,0.0557793565094471,0.2821044921875,0.0,0.0,0.24248670041561127,0.0,0.0,0.02283083274960518,0.0,0.011908061802387238,0.0,0.6442995071411133,0.4448903203010559,0.04199814051389694,0.0436016321182251,0.0707433670759201,0.0,0.0,0.03994451463222504,0.08287230879068375,0.07961761951446533,0.22998490929603577,0.0,0.0,0.03241986036300659,0.12774665653705597,0.016521690413355827,0.0757225975394249,0.03246769309043884,0.03733668476343155,0.0,0.0,0.0,0.3566187024116516,0.0,0.12116623669862747,0.01868497021496296,0.0,0.0,0.011217642575502396,0.013342524878680706,0.020623857155442238,0.034270621836185455,0.0,0.0,0.0,0.048063889145851135,0.00284460186958313,0.0,0.008519517257809639,0.22035512328147888,0.0,0.27567392587661743,0.0,0.0,0.0628659799695015,0.11856038868427277,0.0,0.009988205507397652,0.22718022763729095,0.023492515087127686,0.0,0.0,0.27792802453041077,0.0516757071018219,0.0,0.0008875657804310322,0.0,0.43237027525901794,0.010048814117908478,0.03652571141719818,0.0,0.14188580214977264,0.02396261878311634,0.00519147701561451,0.0914551392197609,0.020558327436447144,0.0,0.00441662035882473,0.0,0.023737439885735512,0.0,0.008912373334169388,0.2549242675304413,0.0,0.08026019483804703,0.0737517699599266,0.046385399997234344,0.0,0.0,0.39481180906295776,0.005442418158054352,0.0,0.028358206152915955,0.08542392402887344,0.0,0.09803614020347595,0.0,0.0,0.02399413473904133,0.016141463071107864,0.0,0.0732026919722557,0.39235395193099976,0.03113919124007225,0.45844945311546326,0.252105712890625,0.0,0.21674683690071106,0.0,0.010203955695033073,0.0,0.0,0.0,0.0,0.0,0.040329255163669586,0.011387811973690987,0.003761499421671033,0.0715225487947464,0.0,0.26397860050201416,0.1354535073041916,0.08756223320960999,0.27803242206573486,0.0,0.0,0.3750374913215637,0.0,0.006509719416499138,0.0,0.0,0.0,0.0,0.01843170076608658,0.06916841119527817,0.07165192067623138,0.1282307505607605,0.002258485183119774,0.0,0.5465118288993835,0.26115649938583374,0.1106068417429924,0.07692078500986099,0.024335011839866638,0.0,0.08567105233669281,0.0,0.010992685332894325,0.016340743750333786,0.0,0.6626299023628235,0.0,0.07265819609165192,0.042848922312259674,0.0,0.0,0.0,0.0,0.22294950485229492,0.0,0.0,0.0,0.26644769310951233,0.0,0.012125258333981037,0.0014513718197122216,0.01971283182501793,0.10126063972711563,0.0,0.050886668264865875,0.21649916470050812,0.03807608783245087,0.28184014558792114,0.11592303961515427,0.11386504024267197,0.15608519315719604,0.0,0.0,0.0552029013633728,0.05366603285074234,0.0,0.7768397927284241,0.3051470220088959,0.32457998394966125,0.015361946076154709,0.0,0.004055348690599203,0.05521731078624725,0.006323968525975943,0.11932700127363205,0.11757781356573105,0.0,0.18928122520446777,0.0,0.0,0.5917254686355591,0.3218349814414978,0.014432823285460472,0.010512406937777996,0.0,0.0,0.46822887659072876,0.0,0.4946802258491516,0.08209977298974991,0.219846710562706,0.04188121482729912,0.0,0.040707554668188095,0.0724521353840828,0.0,0.0,0.0,0.2583023011684418,0.18095287680625916,0.0,0.010579596273601055,0.23720332980155945,0.0735996812582016,0.0,0.3605841398239136,0.10609962791204453,0.04114745184779167,0.0037181249354034662,0.11365846544504166,0.003914532717317343,0.0,0.0,0.2070295810699463,0.0,0.6291571259498596,0.020159386098384857,0.0,0.0,0.5961909294128418,0.00525428494438529,0.023940864950418472,0.006693614646792412,0.2907266318798065,0.0,0.34346070885658264,0.0,0.0763428658246994,0.01303919404745102,0.18393270671367645,0.09868213534355164,0.3359955847263336,0.013949566520750523,0.1577550321817398,0.15194278955459595,0.0645553320646286,0.4265117347240448,0.01710275560617447,0.1815386265516281,0.01716231368482113,0.0,0.07226086407899857,0.005894744768738747,0.0,0.3937026560306549,0.0,0.0,0.20493285357952118,0.001797333243303001,0.6360703706741333,0.028201399371027946,0.003546943422406912,0.0,0.27442774176597595,0.02620813250541687,0.05829433724284172,0.0,0.0,0.0,0.42919284105300903,0.04080640524625778,0.024305712431669235,0.00015110672393348068,0.0,0.14123840630054474,0.3440919518470764,0.0,0.22856082022190094,0.11390012502670288,0.14284107089042664,0.0,0.11823359876871109,0.050597548484802246,0.0,0.0,0.23501838743686676,0.3596764802932739,0.00891789235174656,0.002439709147438407,0.1064588651061058,0.531445324420929,0.1567443311214447,0.03869307413697243,0.2294570952653885,0.02241414226591587,0.09983699768781662,0.028142128139734268,0.00012744666310027242,0.29604384303092957,0.0,0.0,0.1343654841184616,0.06376565992832184,0.11172809451818466,0.0,0.40793734788894653,0.31170499324798584,0.006155245937407017,0.022021885961294174,0.09560291469097137,0.0,0.0,0.18487340211868286,0.05312313884496689,0.008856323547661304,0.16396883130073547,0.0012910771183669567,0.0,0.021775290369987488,0.1433490812778473,0.0,0.025548499077558517,0.21230778098106384,0.04075130075216293,0.007190612144768238,0.0,0.1210504099726677,0.3324049413204193,0.0,0.0,0.16230125725269318,0.0,0.0,0.09958946704864502,0.0,0.010647746734321117,0.014347481541335583,0.001902880030684173,0.0,0.0,0.06342921406030655,0.007587742991745472,0.0,0.003217071760445833,0.04251500219106674,0.0,0.13615375757217407,0.011498515494167805,0.0,0.01951714977622032,0.052211105823516846,0.0,0.0,0.09337187558412552,0.02506067231297493,0.0,0.0,0.08622459322214127,0.05568087846040726,0.0,0.0038703058380633593,0.0010442783823236823,0.20161442458629608,0.0,0.01984388940036297,0.0,0.09735480695962906,0.10795000940561295,0.01160986628383398,0.020991921424865723,0.06973380595445633,0.0,0.0,0.0,0.008535903878509998,0.0,0.006453684996813536,0.2634460926055908,0.0,0.0038568112067878246,0.1810164749622345,0.007516372483223677,0.0,0.0,0.17442867159843445,0.00124081177636981,0.0,0.03383076936006546,0.09765002131462097,0.0,0.0036440042313188314,0.0,0.0,0.20268191397190094,0.10274140536785126,0.0,0.10290490835905075,0.18700546026229858,0.015532299876213074,0.25535666942596436,0.3051087260246277,0.0,0.07751673460006714,0.0,0.0018360659014433622,0.002796095795929432,0.0,0.0,0.0,0.12856963276863098,0.1122380942106247,0.0,0.07571785151958466,0.1302155703306198,0.005600444041192532,0.047545742243528366,0.30760878324508667,0.059259530156850815,0.14820130169391632,0.0,0.0,0.3202818036079407,0.0,0.011673422530293465,0.009942139498889446,0.0,0.023124827072024345,0.0,0.054570022970438004,0.14177213609218597,0.1143074631690979,0.28957152366638184,0.013976960442960262,0.0023311034310609102,0.3188963234424591,0.1171368807554245,0.35287925601005554,0.03256535157561302,0.0,4.2523693991824985e-05,0.015312203206121922,0.003949962556362152,0.0,0.0014132537180557847,0.0,0.3059610426425934,0.05218265950679779,0.09935640543699265,0.013239944353699684,0.0017567004542797804,0.0,0.0,0.0,0.46433135867118835,0.0,0.0,0.0,0.0655067190527916,0.0,0.015866072848439217,0.007150925230234861,0.007445067632943392,0.033104658126831055,0.020349916070699692,0.0169256329536438,0.08800358325242996,0.0,0.6337307095527649,0.02683361992239952,0.06919965893030167,0.05824615806341171,0.0,0.0,0.03709439933300018,0.1922624111175537,0.0,0.4226973056793213,0.13449116051197052,0.18115393817424774,0.0,0.007139707449823618,0.0,0.09804803878068924,0.0,0.024589616805315018,0.18249861896038055,0.002492257161065936,0.20710912346839905,0.0,0.0,0.5777367949485779,0.29902413487434387,0.023738041520118713,0.0,0.0,0.03950927034020424,0.3727818429470062,0.0,0.29045283794403076,0.26078975200653076,0.1111118346452713,0.02110600471496582,-0.45171791315078735
38,0.007284971419721842,0.06616643071174622,0.03459453210234642,0.0,0.0,0.0,0.5203761458396912,0.09009060263633728,0.0,0.00962531752884388,0.048428475856781006,0.010219402611255646,0.0,0.32079964876174927,0.0,0.08275346457958221,0.058243848383426666,0.0,0.0,0.0,0.0,0.06778167933225632,0.0,0.28714609146118164,0.014897527173161507,0.0,0.0,0.44128838181495667,0.005019736010581255,0.083610899746418,0.023818284273147583,0.25879716873168945,0.0,0.29221081733703613,0.026216911152005196,0.07249392569065094,0.0664793848991394,0.17290079593658447,0.00554239097982645,0.22107575833797455,0.013379820622503757,0.17158663272857666,0.09500882029533386,0.10542374104261398,0.26541563868522644,0.05869602784514427,0.32588818669319153,0.031822461634874344,0.0,0.0822635218501091,0.06855230033397675,0.0,0.1332336664199829,0.008244683966040611,0.008440001867711544,0.0,0.07424040138721466,0.641164243221283,0.08390617370605469,0.027647819370031357,0.0,0.19669176638126373,0.08933715522289276,0.0,0.0,0.003834631759673357,0.0,0.00799303874373436,0.08389165997505188,0.11386295408010483,0.0,0.0,0.20571747422218323,0.14843763411045074,0.030802275985479355,0.07130388915538788,0.01464092917740345,0.09287969768047333,0.0,0.21542257070541382,0.025577258318662643,0.053932301700115204,0.0,0.15785986185073853,0.008376071229577065,0.017709944397211075,0.0033766813576221466,0.17433424293994904,0.37746334075927734,0.35212063789367676,0.018912166357040405,0.0,0.06629261374473572,0.08731266856193542,0.0029928809963166714,0.0,0.4515286684036255,0.0,0.0011786477407440543,0.005147651769220829,0.0,0.20492903888225555,0.0,0.25638800859451294,0.38211774826049805,0.057763002812862396,0.03533407673239708,0.013974012807011604,0.0,0.0,0.00046463380567729473,0.07547210156917572,0.056808583438396454,0.16648465394973755,0.011207113973796368,0.0,0.02972336672246456,0.0,0.054474275559186935,0.01101335696876049,0.00030305952532216907,0.00711699016392231,0.0,0.0,0.0,0.39433783292770386,0.0,0.0,0.0,0.0,0.0,0.07760503888130188,0.0,0.03515741974115372,0.02894071862101555,0.0,0.0,0.0,0.16053864359855652,0.019664211198687553,0.0,0.0,0.03586391732096672,0.0,0.0697162076830864,0.011028176173567772,0.009246679954230785,0.012801982462406158,0.14294704794883728,0.0,0.02291359379887581,0.0908048152923584,0.06737667322158813,0.0,0.0,0.07793346047401428,0.005622444674372673,0.0,0.010190203785896301,0.013496574014425278,0.14891384541988373,0.019459739327430725,0.0301881842315197,0.0,0.18945473432540894,0.07989513874053955,0.0,0.08169112354516983,0.0,0.0,0.0,0.0,0.03065486252307892,0.0015255063772201538,0.04877045378088951,0.10915344953536987,0.0,0.06886748224496841,0.023544510826468468,0.054165925830602646,0.0,0.0,0.2174467146396637,0.0,0.004358756355941296,0.06161706894636154,0.2785037159919739,0.0,0.01767593063414097,0.0,0.0011180667206645012,0.00646715983748436,0.18730944395065308,0.0014951449120417237,0.17314031720161438,0.057550858706235886,0.05834529176354408,0.1820397675037384,0.014287828467786312,0.0010294457897543907,0.07067129015922546,0.0,0.020501945167779922,0.0327298641204834,0.0,0.0,0.0,0.0,0.0,0.011024587787687778,0.05684298649430275,0.3096078336238861,0.0,0.23069821298122406,0.0,0.1247008740901947,0.3950786888599396,0.0,0.0,0.2467125505208969,0.0,0.008677740581333637,0.0,0.0,0.016933338716626167,0.0,0.03626465052366257,0.0,0.19893142580986023,0.05073460191488266,0.0,0.0,0.25346389412879944,0.09901508688926697,0.17371121048927307,0.10274258255958557,0.0023458264768123627,0.0007917613256722689,0.0491296760737896,0.01869419775903225,0.0,0.02832416072487831,0.0,0.3619734048843384,0.0,0.0,0.04802706092596054,0.0,0.0,0.0,0.0,0.2646911144256592,0.0,0.0,0.0,0.07404012978076935,0.0,0.061763934791088104,0.03255520015954971,0.007676140870898962,0.12021790444850922,0.0,0.0,0.13953819870948792,0.02781841717660427,0.3219604194164276,0.11817116290330887,0.0,0.19368258118629456,0.0,0.0,0.10886400192975998,0.02703026495873928,0.002155284397304058,0.24040842056274414,0.4739735424518585,0.2936680018901825,0.0,0.0,0.0,0.0,0.0031553630251437426,0.04384185001254082,0.008863493800163269,0.021269766613841057,0.2788349986076355,0.0,0.01814892143011093,0.33995312452316284,0.2384578287601471,0.020679831504821777,0.0,0.0,0.0,0.23930871486663818,0.0,0.49033209681510925,0.059579551219940186,0.010286331176757812,0.002892271615564823,0.19583147764205933,0.1679881066083908,0.06608352810144424,0.0,0.0,0.0,0.5136561393737793,0.10942292213439941,0.0,0.021956445649266243,0.1356654167175293,0.0,0.0,0.34977492690086365,0.0,0.05381631851196289,0.04458675533533096,0.0,0.0,0.0,0.0,0.08485563099384308,0.0,0.24984969198703766,0.025035832077264786,0.0,0.0,0.4585268795490265,4.8040667024906725e-05,0.11346324533224106,0.08725404739379883,0.3037387728691101,0.0,0.29535943269729614,0.1347828358411789,0.024163836613297462,0.04931982234120369,0.1752166599035263,0.02895415760576725,0.11272820085287094,0.10191122442483902,0.11145810037851334,0.1474645435810089,0.05318759009242058,0.15440025925636292,0.159063458442688,0.19212675094604492,0.014545287005603313,0.0,0.06359324604272842,0.1374610811471939,0.0,0.24977156519889832,0.024121755734086037,0.024002758786082268,0.0006960695027373731,0.316399484872818,0.7342823147773743,0.28684836626052856,0.04996828734874725,0.0,0.062490902841091156,0.17960131168365479,0.0,0.0,0.009247420355677605,6.391243368852884e-05,0.0831761583685875,0.2202446311712265,0.215547114610672,0.054830677807331085,0.0,0.15049989521503448,0.14869330823421478,0.06784181296825409,0.04091694951057434,0.00484122708439827,0.02617727406322956,0.0,0.16192233562469482,0.02745189517736435,0.016390692442655563,0.0,0.15816299617290497,0.11884800344705582,0.010702984407544136,0.06790798157453537,0.3175521492958069,0.3794527053833008,0.3444646894931793,0.0661163330078125,0.0709710419178009,0.046725139021873474,0.04250650852918625,0.0,0.034481413662433624,0.5683425068855286,0.0,0.0004412514972500503,0.0,0.01773158833384514,0.41502395272254944,0.0,0.343743234872818,0.3018072247505188,0.31298893690109253,0.06979164481163025,0.06045413762331009,0.027597537264227867,0.0,0.03560146689414978,0.0811249390244484,0.03132741525769234,0.2503454387187958,0.10090357810258865,0.0,0.08119259029626846,0.043222825974226,0.06492634117603302,0.028231225907802582,0.0,0.07823850959539413,0.0,0.02166161499917507,0.0,0.2391599863767624,0.0,0.014115666970610619,0.031232813373208046,0.056937236338853836,0.0,0.19108431041240692,0.03691112622618675,0.004156370181590319,0.004226158373057842,0.16463477909564972,0.0,0.0,0.10131416469812393,0.0,0.0,0.0,0.01470328401774168,0.0,0.14106485247612,0.0,0.0944879949092865,0.0256611630320549,0.10309308767318726,0.0,0.041750259697437286,0.11108571290969849,0.07220233976840973,0.0,0.0,0.37621021270751953,0.02618911862373352,0.0,0.051864754408597946,0.04612522944808006,0.2239481657743454,0.22461068630218506,0.025309525430202484,0.0,0.053841277956962585,0.116849385201931,0.004338685888797045,0.09722121804952621,0.0,0.0,0.0,0.0,0.020971225574612617,0.03618583828210831,0.3105771541595459,0.08425424247980118,0.04027177765965462,0.08480583131313324,0.017865074798464775,0.056289684027433395,0.0013573847245424986,0.0,0.15599747002124786,0.0,0.0,0.1861094981431961,0.30587735772132874,0.0,0.09886854887008667,0.0,0.0,0.057756587862968445,0.1779099702835083,0.007284694351255894,0.22502455115318298,0.13794508576393127,0.06425800174474716,0.17904889583587646,0.1108141541481018,0.0799105316400528,0.079033263027668,0.0,0.06926246732473373,0.07762641459703445,0.0,0.0,0.0,0.007140768226236105,0.036744147539138794,0.17019625008106232,0.04900335893034935,0.3489031493663788,0.00891771912574768,0.19605019688606262,0.05112652853131294,0.05522565543651581,0.36934489011764526,0.0,0.052040643990039825,0.21677803993225098,0.008752405643463135,0.0748344138264656,0.0005077902460470796,0.0007362460601143539,0.02411177009344101,0.0,0.03060240112245083,0.05951180309057236,0.3536507189273834,0.04964257404208183,0.028809206560254097,0.007713879458606243,0.3315185010433197,0.07232052087783813,0.0215611569583416,0.10092532634735107,0.10192570090293884,0.0,0.029418019577860832,0.09004739671945572,0.09065502882003784,0.0026386675890535116,0.0,0.26015573740005493,0.011717962101101875,0.04651918262243271,0.08905250579118729,0.0,0.0,0.0,0.0,0.3143148124217987,0.0,0.0,0.04445341229438782,0.09756544977426529,0.0,0.07002165913581848,0.09256625175476074,0.008960896171629429,0.0900493860244751,0.0,0.0,0.13215526938438416,0.1987939327955246,0.17459125816822052,0.07664231210947037,0.018919315189123154,0.1413787305355072,0.0,0.0005642016767524183,0.050249405205249786,0.004513292107731104,0.0,0.37195467948913574,0.49701058864593506,0.21290268003940582,0.08423614501953125,0.0,0.0008097352110780776,0.0,0.011516581289470196,0.01512960996478796,0.0767209380865097,0.05649842694401741,0.42081019282341003,0.0,0.06900463998317719,0.2506704330444336,0.13701286911964417,0.024546945467591286,0.0,0.015414522960782051,0.0,0.25544416904449463,0.0013623973354697227,0.46463093161582947,0.11863178759813309,0.04149715229868889,0.031182078644633293,0.1026318371295929,0.09923813492059708,0.04302169382572174,0.0,0.0,0.0,0.508663535118103,0.08997078239917755,0.0,0.018415281549096107,0.03652000054717064,0.023702146485447884,0.0,0.37084436416625977,0.0,0.06777237355709076,0.053082890808582306,0.0,0.0,0.0,0.0,0.08920688182115555,0.009130829013884068,0.2943931818008423,0.02503024786710739,0.0,0.0,0.5733426213264465,0.005137876607477665,0.029703957960009575,0.08297757059335709,0.34351038932800293,0.0,0.28538215160369873,0.03511436656117439,0.11099990457296371,0.0004880329070147127,0.1419118493795395,0.015064156614243984,0.1580808460712433,0.06970880180597305,0.25470298528671265,0.07419531047344208,0.1217927411198616,0.2667052447795868,0.1340717226266861,0.3222957253456116,0.03747377172112465,0.0,0.062337689101696014,0.1380072981119156,0.0,0.26758378744125366,0.0,0.03833571448922157,0.004370066802948713,0.1830923855304718,0.8015400767326355,0.19093361496925354,0.09739536792039871,0.0,0.1643727570772171,0.15607959032058716,0.0,0.0,0.017535585910081863,0.0,0.010609976947307587,0.21437354385852814,0.1798531711101532,0.03725645691156387,0.0,0.1299229860305786,0.18479344248771667,0.01697269082069397,0.12602615356445312,0.019773954525589943,0.05632149055600166,0.0,0.13141284883022308,0.012081564404070377,0.013206089846789837,0.0,0.205941841006279,0.014214802533388138,0.00560067780315876,0.037171874195337296,0.3301122784614563,0.30685436725616455,0.2993028163909912,0.029268112033605576,0.0,0.027243714779615402,0.07899166643619537,0.03880884870886803,0.06236755847930908,0.5755080580711365,0.0,0.002668354893103242,0.04062063992023468,0.0022175461053848267,0.2590530514717102,0.0,0.23992307484149933,0.38520950078964233,0.16144131124019623,0.04302101954817772,0.011025412008166313,0.012646920047700405,0.0,0.006550455931574106,0.0536467544734478,0.03748757019639015,0.2513566315174103,0.10383347421884537,0.0,0.04138520732522011,0.0030195957515388727,0.06644212454557419,0.023097017779946327,0.02129058539867401,0.08668792247772217,0.0201413594186306,0.0090525783598423,0.0,0.22214818000793457,0.0,0.01560076791793108,0.0,0.001512780785560608,0.0,0.09284571558237076,0.014477299526333809,0.003986685536801815,0.014343193732202053,0.12191981822252274,0.0,0.0,0.0688936859369278,0.05200040340423584,0.0,0.0,0.012601575814187527,0.0,0.11601338535547256,0.0,0.04382895678281784,0.0,0.004267481621354818,0.0,0.05254083871841431,0.08221744745969772,0.06816648691892624,0.0,0.0,0.24969474971294403,0.062000684440135956,0.0,0.024408485740423203,0.050384409725666046,0.18321426212787628,0.16270680725574493,0.011895042844116688,0.0,0.16060765087604523,0.129989355802536,0.00010085230314871296,0.10784521698951721,0.0,0.0,0.007694501895457506,0.0011788724223151803,0.009433847852051258,0.00808745063841343,0.21881869435310364,0.09843216091394424,0.0,0.10793527960777283,0.016308099031448364,0.015814917162060738,0.0,0.0,0.19958694279193878,0.0016799867153167725,0.0,0.24385078251361847,0.322978675365448,0.0,0.06574033945798874,0.0,0.0,0.00014082259440328926,0.13375306129455566,0.003652754006907344,0.23090781271457672,0.09014715254306793,0.02667328156530857,0.15692347288131714,0.0,0.00783911719918251,0.08354955166578293,0.0,0.05053144693374634,0.04062889516353607,0.0,0.001703172572888434,0.0,0.0018318560905754566,0.0,0.028018513694405556,0.11904748529195786,0.3459542691707611,0.019710946828126907,0.17446082830429077,0.023879123851656914,0.03908064588904381,0.39390501379966736,0.0,0.028692057356238365,0.24011023342609406,0.0,0.06468049436807632,0.0,0.0019131063017994165,0.015299811959266663,0.010267040692269802,0.09414638578891754,0.0,0.3728804290294647,0.0,0.023325767368078232,0.01803918182849884,0.3040250837802887,0.09117095172405243,0.24244751036167145,0.13236352801322937,0.0015103718033060431,0.0,0.05039234459400177,0.057963013648986816,0.0203260388225317,0.0013694819062948227,0.00046178014599718153,0.27944380044937134,0.0,0.016319897025823593,0.008946278132498264,0.0,0.0,0.0,0.0,0.31218913197517395,0.0,0.0,0.0005839972873218358,0.13771724700927734,0.0,0.052370231598615646,0.06471031159162521,0.028886135667562485,0.1284932643175125,0.0,0.0,0.11652503907680511,0.1477760374546051,0.2065049707889557,0.07065863907337189,0.0,0.12796999514102936,0.0008860300877131522,0.022001031786203384,0.06031738966703415,0.055092498660087585,0.0,0.4281773865222931,0.48991501331329346,0.21834582090377808,0.027990499511361122,0.0,0.005724390968680382,0.0,0.03517390787601471,0.019956154748797417,0.011258741840720177,0.1190592423081398,0.3947544991970062,0.0,0.04398663714528084,0.2814134657382965,0.2619158923625946,0.03549357131123543,0.0,0.0024269926361739635,0.0,0.23126669228076935,0.0,0.444081574678421,0.10122529417276382,0.010292885825037956,0.016837576404213905,0.021144596859812737
39,0.08555958420038223,0.12197568267583847,0.2657015025615692,0.0,0.0,0.0,0.554180920124054,0.021581020206212997,0.017007816582918167,0.21662405133247375,0.038197752088308334,0.0,0.0,0.3360939621925354,0.0,0.06665964424610138,0.0,0.0,0.0,0.002113375812768936,0.0,0.007220244500786066,0.015379172749817371,0.3887833058834076,0.102030910551548,0.0010325330076739192,0.0,0.6312861442565918,0.045153792947530746,0.010146803222596645,0.059204887598752975,0.33228492736816406,0.0,0.07084959000349045,0.12692604959011078,0.045857563614845276,0.0,0.407912015914917,0.1568085253238678,0.0225753765553236,0.3744402229785919,0.14112697541713715,0.14026446640491486,0.022651849314570427,0.22281070053577423,0.27632641792297363,0.29302582144737244,0.016876500099897385,0.0,0.21918454766273499,0.09299203008413315,0.0036158524453639984,0.27891597151756287,0.005374039988964796,0.07116185128688812,0.0,0.41538572311401367,0.9314582943916321,0.2796251177787781,0.05751028284430504,0.0,0.0019695856608450413,0.12170346081256866,0.0,0.0,0.0,0.0,0.0763348862528801,0.2722720503807068,0.11276166886091232,0.14645832777023315,0.0,0.2893589437007904,0.3741455078125,0.04340989515185356,0.021139616146683693,0.2529618740081787,0.1186448335647583,0.0,0.0010672964854165912,0.07905300706624985,0.020018666982650757,0.0,0.17820706963539124,0.20426733791828156,0.012238740921020508,0.0,0.27588608860969543,0.4460205137729645,0.22320733964443207,0.14955686032772064,0.013567081652581692,0.003707310650497675,0.2024647742509842,0.0,0.2945483326911926,0.4101978838443756,0.0,0.0,0.0,0.04244392737746239,0.2840019762516022,0.00411278335377574,0.31425219774246216,0.2280573844909668,0.12307335436344147,0.09157802164554596,0.2031387835741043,0.026713285595178604,0.0,0.0,0.07896634191274643,0.14438621699810028,0.3046388328075409,0.4688125550746918,0.0,0.07591549307107925,0.18129348754882812,0.10110453516244888,0.06893303245306015,0.0,0.4285569190979004,0.2511771321296692,0.0026447863783687353,0.0,0.0020820030476897955,0.0,0.30782973766326904,0.0,0.005357574671506882,0.0,0.03129344806075096,0.21093177795410156,0.07609601318836212,0.07444217056035995,0.24039311707019806,0.0,0.0,0.1519589126110077,0.0,0.0,0.0,0.10135243088006973,0.0,0.1860274374485016,0.0,0.19337835907936096,0.0028471872210502625,0.0,0.0,0.0,0.3886139392852783,0.016819126904010773,0.0,0.0,0.774865448474884,0.08855872601270676,0.0,0.0017891466850414872,0.018777329474687576,0.4813806712627411,0.06210532411932945,0.1007334366440773,0.0,0.0007535979384556413,0.09028535336256027,0.0,0.08702776581048965,0.0,0.0,0.036823149770498276,0.0,0.0,0.00760143855586648,0.5416900515556335,0.18172045052051544,0.017451245337724686,0.20712952315807343,0.0,0.007264137268066406,0.0,0.019961338490247726,0.19897539913654327,0.05118269473314285,0.0,0.2572493553161621,0.35811975598335266,0.016123278066515923,0.4241897761821747,0.0,0.0,0.0,0.012896138243377209,0.030953455716371536,0.12596027553081512,0.512128472328186,0.04305853322148323,0.3555532693862915,0.05528116971254349,0.09849698841571808,0.20765426754951477,0.0,0.021168846637010574,0.2402060478925705,0.0,0.0,0.0,0.07784321159124374,0.05353492125868797,0.10897692292928696,0.04056359454989433,0.3583240211009979,0.02623583748936653,0.32427823543548584,0.004896427039057016,0.07091834396123886,0.4582730233669281,0.0,0.06341103464365005,0.22205977141857147,0.005846045445650816,0.2567245662212372,0.034743890166282654,0.0548991933465004,0.013052741065621376,0.038681820034980774,0.570581316947937,0.0036336169578135014,0.4904848039150238,0.0,0.15490292012691498,0.1085275411605835,0.5043468475341797,0.19228427112102509,0.02460399642586708,0.13433824479579926,0.04553646966814995,0.0,0.02135668694972992,0.0024436318781226873,0.1435951292514801,0.005415624938905239,0.0007463902584277093,0.26009079813957214,0.0,0.13062314689159393,0.021742774173617363,0.0,0.0,0.0,0.0,0.28524693846702576,0.0,0.0,0.02518092468380928,0.49875590205192566,0.0,0.0016351882368326187,0.017628444358706474,0.17282985150814056,0.08895856887102127,0.0,0.05073035880923271,0.20874564349651337,0.34945476055145264,0.2417229264974594,0.09288235008716583,0.0,0.08240842074155807,0.0,0.0,0.17382189631462097,0.0,0.0,0.9008073806762695,0.376160591840744,0.21095295250415802,0.09500398486852646,0.0,0.0,0.035066377371549606,0.01199956052005291,0.06941776722669601,0.1840866655111313,0.1734108179807663,0.3803858757019043,0.0,0.055089958012104034,0.1297026127576828,0.058198411017656326,0.06397438794374466,0.0,0.0018858835101127625,0.04392554238438606,0.1822126805782318,0.0,0.34922048449516296,0.1641208529472351,0.1791517436504364,0.1352359652519226,0.38118964433670044,0.07837416976690292,0.03823133558034897,0.0,0.0,0.0,0.5790640115737915,0.003326982958242297,0.029432812705636024,0.19286756217479706,0.10758259147405624,0.0028474414721131325,0.0,0.38536858558654785,0.02461482211947441,0.0,0.016789009794592857,0.027123963460326195,0.12072154134511948,0.0,0.004897499922662973,0.016896653920412064,0.004638529848307371,0.10546398162841797,0.440922349691391,0.0071641537360847,0.0,0.49047955870628357,0.041276633739471436,0.060943473130464554,0.006886598654091358,0.4720984399318695,0.0,0.04138636216521263,0.13531269133090973,0.00812607817351818,0.008196800947189331,0.06356117874383926,0.13485543429851532,0.07997775822877884,0.6761992573738098,0.13334351778030396,0.286941796541214,0.008988945744931698,0.07992159575223923,0.013205662369728088,0.6434640288352966,0.0,0.003358559450134635,0.08802392333745956,0.004214971326291561,0.0,0.7938790321350098,0.0,0.0,0.0,0.16107480227947235,1.1484535932540894,0.39758989214897156,0.11801084131002426,0.0,0.03487510606646538,0.46147051453590393,0.0,0.0,0.0,0.0,0.33486512303352356,0.5289795398712158,0.3874220848083496,0.0,0.0,0.26268020272254944,0.836611270904541,0.02296517603099346,0.017429949715733528,0.313886433839798,0.0,0.0,0.15288354456424713,0.0807470753788948,0.0,0.05784270167350769,0.18741218745708466,0.11146467924118042,0.05129338428378105,0.0,0.6170791983604431,0.6062928438186646,0.2366178333759308,0.10740449279546738,0.25658950209617615,0.17657367885112762,0.04514965042471886,0.007383226882666349,0.4415247142314911,0.7590649127960205,0.0,0.014602812007069588,0.0,0.3105282485485077,0.616969645023346,0.0,0.1618640273809433,0.1525653451681137,0.1388927698135376,0.04274468868970871,0.29769495129585266,0.13501852750778198,0.0,0.14265969395637512,0.14832644164562225,0.02738412655889988,0.3553997576236725,0.4821789264678955,0.0,0.21609614789485931,0.2432112693786621,0.0,0.010478896088898182,0.08656995743513107,0.49531289935112,0.043554823845624924,0.009201970882713795,0.005443796515464783,0.0,0.004852664656937122,0.020202260464429855,0.05740494653582573,0.0,0.013387629762291908,0.02447332628071308,0.1529630422592163,0.06225475296378136,0.000930824491661042,0.5190996527671814,0.04269310459494591,0.0,0.3537687063217163,0.021509366109967232,0.0,0.0,0.0,0.004847466945648193,0.04023757949471474,0.03877078369259834,0.4172421395778656,0.0029835663735866547,0.11043335497379303,0.0,0.0,0.03351666405797005,0.007603663485497236,0.0,0.0,0.4872070252895355,0.029344890266656876,0.008398914709687233,0.00223281211219728,0.07636895775794983,0.035632576793432236,0.12454960495233536,0.2254081815481186,0.0,0.0661156103014946,0.22887594997882843,0.0,0.0,0.007385425269603729,0.0,0.03396102413535118,0.06675418466329575,0.08392243832349777,0.01112435944378376,1.0505043268203735,0.06310298293828964,0.0,0.0038680359721183777,0.04260384663939476,4.584491398418322e-05,0.0,0.009002028964459896,0.05529293417930603,0.03649861365556717,0.021921105682849884,0.31978049874305725,0.6329163908958435,0.006315536797046661,0.03913787379860878,0.0,0.0,0.09365842491388321,0.43041273951530457,0.0,0.2337115854024887,0.1397315263748169,0.2435908168554306,0.017021536827087402,0.1666475385427475,0.01529174204915762,0.07694153487682343,0.0,0.05545322969555855,0.3656834065914154,0.0064361183904111385,0.0,0.031544029712677,0.3903891444206238,0.12578415870666504,0.1351502686738968,0.27651891112327576,0.6945382952690125,0.0,0.005843734834343195,0.08637471497058868,0.05190419778227806,0.33252817392349243,0.0,0.018382230773568153,0.04998285695910454,0.0002707477833610028,0.3616614043712616,0.2906755208969116,0.08870458602905273,0.20405292510986328,0.007553280796855688,0.670069694519043,0.0774533748626709,0.5318949818611145,0.029290083795785904,0.3924879729747772,0.26276424527168274,0.16984285414218903,0.021704886108636856,0.10519524663686752,0.06302261352539062,0.0,0.0,0.0,0.0158331748098135,0.09362750500440598,0.0,0.020597103983163834,0.004197483416646719,0.15238988399505615,0.1342049390077591,0.043799061328172684,0.0,0.0,0.003813305636867881,0.0,0.6936378479003906,0.0,0.0,0.07870399951934814,0.10361583530902863,0.0,0.002555561251938343,0.07382847368717194,0.04533527418971062,0.0,0.004108475521206856,0.08453526347875595,0.025111252442002296,0.08085054904222488,0.5831391215324402,0.003238282399252057,0.07238040119409561,0.04503963142633438,0.0,0.0030268339905887842,0.22606630623340607,0.08037219196557999,0.0,0.14306053519248962,0.3526217043399811,0.2220289260149002,0.0,0.12796151638031006,0.0,0.13903988897800446,0.1252993792295456,0.0,0.25602683424949646,0.25677892565727234,0.4652930796146393,0.0,0.030141634866595268,0.029896480962634087,0.10088828951120377,0.1251419335603714,0.0,0.0,0.5430286526679993,0.06583156436681747,0.0,0.22673232853412628,0.6634736061096191,0.0666990801692009,0.0,0.3026278018951416,0.11753252893686295,0.11070504784584045,0.0,0.0,0.0,0.6293927431106567,0.03793533518910408,0.015178762376308441,0.24032574892044067,0.027502091601490974,0.009183552116155624,0.0012223339872434735,0.45547807216644287,0.0,0.010436530224978924,0.049809530377388,0.0,0.0,0.01001022569835186,0.0,0.06032466143369675,0.029791120439767838,0.14710409939289093,0.1623009443283081,9.180017514154315e-05,0.001766185276210308,0.6710546016693115,0.06693790853023529,0.012939983047544956,0.0191703662276268,0.47720101475715637,0.0,0.08443135768175125,0.1591358631849289,0.04419749975204468,0.0,0.20594961941242218,0.1256212443113327,0.13242968916893005,0.5468570590019226,0.23616276681423187,0.18689443171024323,0.07115211337804794,0.19045621156692505,0.20398181676864624,0.5935284495353699,0.00281480117700994,0.0,0.10370329767465591,0.06862549483776093,0.0,0.5740872621536255,0.015039299614727497,0.019812608137726784,0.0,0.3791671693325043,1.242159366607666,0.46166741847991943,0.20733918249607086,0.0,0.08799367398023605,0.46261662244796753,0.0,0.0,0.053616397082805634,0.0,0.08772484958171844,0.5511430501937866,0.36896374821662903,0.05019279569387436,0.0,0.26950985193252563,0.5786807537078857,0.08199002593755722,0.0560125932097435,0.20972304046154022,0.007031785789877176,0.0,0.05919557064771652,0.04890943691134453,0.0,0.016970867291092873,0.2045445293188095,0.06417697668075562,0.011733477003872395,0.0,0.6438034772872925,0.40136122703552246,0.27251574397087097,0.13160797953605652,0.032606594264507294,0.019765831530094147,0.10841558873653412,0.021248890087008476,0.32589542865753174,0.8023228049278259,0.0,0.03010297380387783,0.03315074369311333,0.1144162118434906,0.5748240947723389,0.0,0.10460477322340012,0.2780444622039795,0.21067295968532562,0.07414361089468002,0.17752760648727417,0.10962408781051636,0.0,0.021189041435718536,0.07998377084732056,0.10245227813720703,0.38483428955078125,0.49017569422721863,0.0,0.16518889367580414,0.13389241695404053,0.05938798561692238,0.04371828958392143,0.06201765313744545,0.42795079946517944,0.16588684916496277,0.00824831984937191,0.0006892484962008893,0.0020926909055560827,0.0,0.2003137469291687,0.00261071790009737,0.0,0.015084688551723957,0.04875076562166214,0.23275184631347656,0.056756120175123215,0.054952170699834824,0.48554620146751404,0.010452279821038246,0.0,0.2724877595901489,0.050140392035245895,0.0,0.0,0.021912790834903717,0.0,0.03961775079369545,0.0,0.342558354139328,0.0,0.0,0.0,0.0,0.19070987403392792,0.018753642216324806,0.0,0.0,0.6220453977584839,0.08217468857765198,0.0,0.0022089865524321795,0.04289461672306061,0.2780110836029053,0.1465986967086792,0.09792827069759369,0.010931321419775486,0.13237755000591278,0.22381994128227234,0.0,0.06395795196294785,0.0,0.0,0.03839106112718582,0.03959090635180473,0.006221316289156675,0.007154954131692648,0.9797358512878418,0.05274302139878273,0.0,0.07534179836511612,0.006050898693501949,0.0008365088724531233,0.0,0.009161467663943768,0.08032164722681046,0.04350530356168747,0.0,0.4213140308856964,0.6422567367553711,0.04361403360962868,0.24166293442249298,0.0,0.0,0.017934992909431458,0.24115385115146637,0.019978288561105728,0.2777758538722992,0.26827535033226013,0.043173596262931824,0.1492481231689453,0.04334624856710434,0.036169979721307755,0.142808198928833,0.0,0.09371598809957504,0.2789941728115082,0.0004796185821760446,0.010926272720098495,0.0,0.16123951971530914,0.04176274687051773,0.14940886199474335,0.2290879786014557,0.6670964956283569,0.016418438404798508,0.1447337120771408,0.02661091461777687,0.06515975296497345,0.4903658330440521,0.01440842729061842,0.06152603030204773,0.1021936908364296,0.01392472442239523,0.332332044839859,0.07541248202323914,0.08933889865875244,0.05919583886861801,0.03719149902462959,0.538480818271637,0.0037512246053665876,0.6864571571350098,0.0,0.24190554022789001,0.14883928000926971,0.2852277159690857,0.06245371699333191,0.10913874208927155,0.15522919595241547,0.021053355187177658,0.0,0.007240989711135626,0.010971617884933949,0.1278199553489685,0.0,0.01811383292078972,0.04605337604880333,0.016491252928972244,0.17253772914409637,0.005362206604331732,0.0,0.0,0.003071714425459504,0.0,0.5799752473831177,0.0,0.0,0.04670151695609093,0.2846917510032654,0.0,0.027493540197610855,0.08274846524000168,0.08792126923799515,0.02147619053721428,0.0,0.027216246351599693,0.10436498373746872,0.24095377326011658,0.4016970992088318,0.06744327396154404,0.0,0.10925585776567459,0.0,0.019039349630475044,0.17887568473815918,0.04374507814645767,0.0,0.5098376274108887,0.5577908754348755,0.2045772671699524,0.0740111768245697,0.005324819125235081,0.00021309494331944734,0.07309672236442566,0.0735146701335907,0.005942598916590214,0.12555760145187378,0.2930178940296173,0.5108097791671753,0.002489563077688217,0.03397047147154808,0.07517538964748383,0.1612049639225006,0.0578138567507267,0.0,0.014529554173350334,0.17196772992610931,0.07882119715213776,0.012624806724488735,0.28813207149505615,0.3777327239513397,0.10128436982631683,0.0468875877559185,0.18960238993167877
40,0.0,0.05932925269007683,0.03235556557774544,0.0,0.0,0.0,0.4257378578186035,0.12299922853708267,0.0,0.008388910442590714,0.09966904670000076,0.011791544035077095,0.0,0.2796831727027893,0.0,0.07691676169633865,0.022831309586763382,0.006025059148669243,0.0,0.0,0.0,0.10844731330871582,0.0,0.41518592834472656,0.029925810173153877,0.0,0.0,0.4514228403568268,0.0,0.0478677898645401,0.020838003605604172,0.23196600377559662,0.0,0.2995498776435852,0.005732339806854725,0.06790250539779663,0.05939936637878418,0.16976574063301086,0.03864775970578194,0.2356370985507965,0.0,0.10571733862161636,0.09973226487636566,0.06740159541368484,0.2783487141132355,0.010238590650260448,0.20389001071453094,0.03689182549715042,0.0,0.09256070852279663,0.054090194404125214,0.0,0.16018980741500854,0.0,0.0074836136773228645,0.020116468891501427,0.04707938805222511,0.5082555413246155,0.056413840502500534,0.01972316950559616,0.0,0.20449398458003998,0.03317580744624138,0.0,0.0,0.0,0.0,0.054270029067993164,0.03645430505275726,0.06392461061477661,0.0,0.0,0.14137892425060272,0.12036502361297607,0.0,0.06896506249904633,0.04189208522439003,0.11077287793159485,0.0,0.13288551568984985,0.042401399463415146,0.052221380174160004,0.0,0.16440095007419586,0.09850500524044037,0.02979953959584236,0.00020233448594808578,0.1325562596321106,0.42232614755630493,0.2994224727153778,0.017817888408899307,0.0,0.05688152834773064,0.10078435391187668,0.009576226584613323,0.002518198685720563,0.3527146577835083,0.0,0.0,0.006228077225387096,0.0,0.15987277030944824,0.0,0.38986116647720337,0.2983805537223816,0.028356505557894707,0.01847221702337265,0.06707514822483063,0.0,0.0,0.0007798081496730447,0.05747596174478531,0.0345136821269989,0.15996187925338745,0.0,0.0,0.030046803876757622,0.009839728474617004,0.035423509776592255,0.016423393040895462,0.00616725068539381,0.008526597172021866,0.0,0.0,0.0,0.3741344213485718,0.0,0.0,0.0,0.0,0.0,0.0627286285161972,0.0,0.034715745598077774,0.007755976635962725,0.0,0.0,0.0,0.0739750936627388,0.014665970578789711,0.0,0.0,0.01847076416015625,0.0,0.10224633663892746,0.02101670578122139,0.0,0.01619229093194008,0.11056739091873169,0.0,0.02128177508711815,0.0774611085653305,0.06893043220043182,0.0,0.0,0.08354371786117554,0.020459916442632675,0.0,0.0030762283131480217,0.00014550425112247467,0.13770577311515808,0.011293429881334305,0.020504171028733253,0.0,0.11047389358282089,0.07048856467008591,0.0,0.03689929470419884,0.0,0.0,0.0,0.0,0.028703683987259865,0.0001472514122724533,0.005170893855392933,0.2030411809682846,0.0,0.014255431480705738,0.0656791478395462,0.04221207648515701,0.0,0.0,0.21820586919784546,0.0,0.013138450682163239,0.04387538507580757,0.18699276447296143,0.0,0.0,0.0,0.0,0.023476066067814827,0.13123877346515656,0.0,0.1273481249809265,0.14131689071655273,0.07225652039051056,0.2146875560283661,0.07822437584400177,0.0,0.07499593496322632,0.0,0.009786216542124748,0.011815031990408897,0.0,0.0,0.004138807766139507,0.0,0.0,5.1342882215976715e-05,0.035829346626996994,0.20922881364822388,0.0,0.17153719067573547,0.014624008908867836,0.06433236598968506,0.3086042106151581,0.00015429779887199402,0.0,0.26426059007644653,0.0,5.7223718613386154e-05,0.0,0.0,0.040289491415023804,0.0,0.07007525861263275,0.0,0.14057625830173492,0.11574726551771164,0.0021488741040229797,0.0,0.26627400517463684,0.08462244272232056,0.13839484751224518,0.05613437294960022,0.0,0.0024886506143957376,0.04421273618936539,0.006888640113174915,0.0,0.02624998614192009,0.0,0.35043856501579285,0.0,0.0012562774354591966,0.05830555409193039,0.0,0.0,0.0,0.0,0.25585922598838806,0.0,0.0,0.0,0.048715632408857346,0.0,0.028681281954050064,0.03992769494652748,0.00938272662460804,0.1051856279373169,0.0,0.0,0.09588617086410522,0.006325313355773687,0.3900904655456543,0.06642946600914001,0.014775997027754784,0.13216336071491241,0.0,0.0,0.06883955001831055,0.019894486293196678,0.0010143090039491653,0.3122558295726776,0.28798726201057434,0.2560153007507324,0.0,0.0,0.0,0.0,0.004075534176081419,0.02595742605626583,0.0512518584728241,0.020625311881303787,0.21556952595710754,0.0,0.007710026111453772,0.346756249666214,0.15731629729270935,0.02281152456998825,0.0,0.0,0.0,0.3107682466506958,0.0,0.41110339760780334,0.08234594762325287,0.03344424068927765,0.005130158271640539,0.19570933282375336,0.059403784573078156,0.09875468164682388,0.0,0.0,0.0,0.4435644745826721,0.050585757941007614,0.0032992407213896513,0.1808840036392212,0.08500783890485764,0.0,0.0,0.347015917301178,0.06048382446169853,0.0,0.003797736717388034,0.0062376707792282104,0.002774342894554138,0.0,0.030930092558264732,0.019509414210915565,0.0,0.38151785731315613,0.24807392060756683,0.012383028864860535,0.0,0.5586555600166321,0.05675426870584488,0.02692594565451145,0.02472066693007946,0.3740661144256592,0.0,0.08103764802217484,0.07609110325574875,0.013236462138593197,0.0,0.23645912110805511,0.20060446858406067,0.08601973205804825,0.47328421473503113,0.1018160730600357,0.1468380242586136,0.0,0.19662600755691528,0.05014047026634216,0.5234405994415283,0.023186488077044487,0.0,0.19995461404323578,0.02736460044980049,0.0,0.6069731116294861,0.0021091524977236986,0.010848542675375938,0.019559351727366447,0.14209310710430145,0.9548977017402649,0.2453586906194687,0.08599663525819778,0.0,0.0283262487500906,0.20349879562854767,0.0,0.0,0.0,0.0,0.4257054328918457,0.32887861132621765,0.10966923087835312,0.019703075289726257,0.0,0.30702003836631775,0.6298726201057434,0.017232343554496765,0.04655542969703674,0.4315590560436249,0.007648703642189503,0.0,0.0026165032759308815,0.143973708152771,0.0,0.023836523294448853,0.2596000134944916,0.3299811780452728,0.0,0.0035698898136615753,0.3405637741088867,0.5522429347038269,0.16262970864772797,0.17295248806476593,0.2722654342651367,0.03800831735134125,0.1856795996427536,0.0,0.29572588205337524,0.45572859048843384,0.0,0.0,0.0,0.1777729094028473,0.16005586087703705,0.0,0.37142425775527954,0.18085609376430511,0.0859690010547638,0.027004122734069824,0.2791104316711426,0.08355280011892319,0.0,0.12663118541240692,0.04444574937224388,0.0974520668387413,0.3585330843925476,0.387796550989151,0.0,0.05805058404803276,0.3745283782482147,0.013318374752998352,0.041135288774967194,0.11730611324310303,0.35401037335395813,0.11104805767536163,0.005135142710059881,0.029456814751029015,0.0015542760957032442,0.0,0.14456142485141754,0.1874821037054062,0.0,0.026700450107455254,0.01603025570511818,0.09728803485631943,0.013664654456079006,0.03205837681889534,0.30323490500450134,0.018390847370028496,0.0,0.1887078732252121,0.009692761115729809,0.0,7.253848161781207e-05,0.0,0.0,0.09178090840578079,0.0,0.2978983223438263,0.0007001787307672203,0.00020889044390060008,0.0,0.0,0.0660746842622757,0.005695007275789976,0.0,0.0030260279309004545,0.5653396248817444,0.18174438178539276,0.0,0.0,0.028660276904702187,0.1852758377790451,0.04150558263063431,0.17430531978607178,0.0,0.001050350139848888,0.11131300032138824,0.0,0.005815564189106226,0.023391231894493103,0.0,0.04073554649949074,0.016630031168460846,0.017903132364153862,0.0,0.6281755566596985,0.20632866024971008,0.01639345847070217,0.0,0.021922362968325615,0.0,0.004108688328415155,0.008390444330871105,0.09619550406932831,0.012040520086884499,0.0,0.26310044527053833,0.38592591881752014,0.005492758937180042,0.07412372529506683,0.0,0.0,0.24511151015758514,0.21083298325538635,0.0,0.07431165874004364,0.28683724999427795,0.0,0.2891610562801361,0.32681891322135925,0.03845591098070145,0.32481834292411804,0.0,0.019802803173661232,0.1670953780412674,0.0,0.0,0.0,0.5526261329650879,0.23687021434307098,0.1236967071890831,0.11519359797239304,0.4091181755065918,0.002393718808889389,0.06446398049592972,0.13278882205486298,0.05861510708928108,0.32868799567222595,0.0,0.013744289986789227,0.13523589074611664,0.0,0.2723377048969269,0.30558881163597107,0.030643869191408157,0.08049304038286209,0.0,0.5931611657142639,0.2046259641647339,0.30586203932762146,0.0629817396402359,0.23170824348926544,0.14727042615413666,0.39975520968437195,0.0701056495308876,0.07156992703676224,0.04417196288704872,0.019525278359651566,0.0,0.0,0.003074370324611664,0.08448197692632675,0.0,0.04069434851408005,0.1745278388261795,0.1720898151397705,0.11481466144323349,0.01402890682220459,0.0,0.0,0.0,0.0,0.4950112998485565,0.0,0.0,0.04139556363224983,0.1994820535182953,0.0,0.0,0.011654219590127468,0.07247153669595718,0.0,0.0,0.10194722563028336,0.08081400394439697,0.07322097569704056,0.4968244135379791,0.014967245049774647,0.07690443098545074,0.021376488730311394,0.0,0.007790619973093271,0.13743191957473755,0.04276145622134209,0.0,0.46058961749076843,0.21981501579284668,0.2776482105255127,0.007997588254511356,0.05537254735827446,0.0,0.19990423321723938,0.0314214862883091,0.0,0.32770809531211853,0.1109253540635109,0.3658609390258789,0.0,0.028518198058009148,0.2284862995147705,0.11514153331518173,0.06275138258934021,0.0,0.0,0.3989213705062866,0.2342393696308136,0.0,0.23919346928596497,0.5035282969474792,0.25828543305397034,0.03611297905445099,0.34941282868385315,0.04176872596144676,0.01325172558426857,0.005781249143183231,0.0,0.0,0.6733230948448181,0.03151383996009827,0.011897368356585503,0.1633363515138626,0.05229555815458298,0.008195812813937664,0.0,0.4839204251766205,0.0,0.0,0.09824894368648529,0.0,0.05093364417552948,0.0021247321274131536,0.0,0.02290687896311283,0.038629114627838135,0.04506903514266014,0.20029385387897491,0.002368638291954994,0.0,0.5601488947868347,0.033337950706481934,0.045219000428915024,0.02352888509631157,0.46608567237854004,0.0,0.08154556155204773,0.14882680773735046,0.06560678780078888,0.0,0.0955871045589447,0.06286987662315369,0.15684711933135986,0.5203090906143188,0.20928069949150085,0.16887739300727844,0.06591977924108505,0.16454018652439117,0.10177631676197052,0.6950085163116455,0.0,0.0,0.049404460936784744,0.0074395048432052135,0.0,0.5675698518753052,0.0009856605902314186,0.0,0.0,0.28634053468704224,1.210358738899231,0.4483329653739929,0.20028652250766754,0.0,0.08051590621471405,0.5398021340370178,0.0,0.0,0.053544458001852036,0.0,0.12431807816028595,0.5420204997062683,0.4565364420413971,0.02592656947672367,0.0,0.27330610156059265,0.5725659132003784,0.10769659280776978,0.05194125324487686,0.1359165459871292,0.0,0.001471822732128203,0.16391515731811523,0.04387733340263367,0.0,0.038045983761548996,0.20394909381866455,0.07115038484334946,0.020648639649152756,0.0,0.6396722793579102,0.3522205352783203,0.32979920506477356,0.09234831482172012,0.11141838878393173,0.10173632949590683,0.017485780641436577,0.02213655784726143,0.2397831827402115,0.8614002466201782,0.0,0.028123971074819565,0.033207911998033524,0.10768820345401764,0.5974146723747253,0.0,0.12327195703983307,0.30601152777671814,0.26776939630508423,0.05541544780135155,0.14787352085113525,0.10440534353256226,0.0,0.018415385857224464,0.09526076167821884,0.047484491020441055,0.32812556624412537,0.34512200951576233,0.0,0.18387869000434875,0.09111965447664261,0.010070943273603916,0.013131197541952133,0.020589368417859077,0.2999832332134247,0.029581928625702858,0.0,5.3455067245522514e-05,0.005733307916671038,0.02882865071296692,0.03109355829656124,0.0309505145996809,0.0,0.015995927155017853,0.04252350330352783,0.14467446506023407,0.039695605635643005,0.020749904215335846,0.4763481020927429,0.008944567292928696,0.0,0.3263338506221771,0.07999292761087418,0.0,0.0,0.0,0.00857566948980093,0.013328257948160172,0.01176296453922987,0.32291463017463684,0.0,0.041404593735933304,0.0,0.0,0.06121394410729408,0.030257029458880424,0.0,0.0,0.37414276599884033,0.0842440128326416,0.0,0.017788374796509743,0.047778770327568054,0.07862816005945206,0.18368901312351227,0.11812025308609009,0.0012471756199374795,0.1462937295436859,0.25451749563217163,0.0,0.055235497653484344,0.0,0.0,0.010723608545958996,0.014025726355612278,0.049360182136297226,0.012404439970850945,0.9086636304855347,0.043029241263866425,0.0,0.015829836949706078,0.0225390437990427,0.005196076817810535,0.0,0.0,0.04410915449261665,0.0320853628218174,0.006133059971034527,0.38239625096321106,0.7127925753593445,0.014406912960112095,0.10999083518981934,0.0,0.0,0.04288926720619202,0.3664110004901886,0.00693513173609972,0.33720663189888,0.07441642880439758,0.1347055733203888,0.05595894157886505,0.07857882231473923,0.05608188360929489,0.056187327951192856,0.0,0.10379157960414886,0.2669227719306946,0.0011175835970789194,0.006139790173619986,0.004831307101994753,0.10170597583055496,0.07654869556427002,0.16808435320854187,0.26605069637298584,0.6714338064193726,0.005464389454573393,0.0821491926908493,0.04538682475686073,0.055312346667051315,0.48353278636932373,0.0040876963175833225,0.018447330221533775,0.06834549456834793,0.0,0.2922872006893158,0.060111936181783676,0.056407682597637177,0.10091100633144379,0.0,0.3713442087173462,0.04250258207321167,0.6178334355354309,0.019580213353037834,0.2568987011909485,0.09049730747938156,0.1609998345375061,0.02540101297199726,0.1583808809518814,0.11302845180034637,0.04060933738946915,0.0019392432877793908,0.00019012654956895858,0.023219171911478043,0.09844843298196793,0.0,0.020402299240231514,0.034042730927467346,0.07956335693597794,0.08651174604892731,0.03039677068591118,0.0,0.0,0.008216307498514652,0.0,0.6199547052383423,0.0,0.0,0.04610373079776764,0.08428854495286942,0.0026217754930257797,0.0285955797880888,0.08565337210893631,0.02128296159207821,0.005385552532970905,0.0,0.0007079771021381021,0.058622635900974274,0.16560299694538116,0.3520180284976959,0.02391797862946987,0.02077752910554409,0.1342317759990692,0.0,0.005790384486317635,0.1785091906785965,0.051925212144851685,0.0,0.14473167061805725,0.6340821981430054,0.24943850934505463,0.06412792950868607,0.025775868445634842,0.0,0.0394086129963398,0.09241592884063721,0.008289732970297337,0.08853965997695923,0.2842150330543518,0.5058024525642395,0.0,0.02490176633000374,0.08468839526176453,0.16898304224014282,0.06800675392150879,0.0,0.04045756906270981,0.23014996945858002,0.06550080329179764,0.02136557176709175,0.33330583572387695,0.42035552859306335,0.0373958982527256,0.0,-0.9910904169082642
41,0.47120118141174316,0.07365681231021881,0.08961840718984604,0.0,0.0,0.0,0.831439733505249,0.008989649824798107,0.0,0.3964564800262451,0.0,0.0,0.0,0.4491686224937439,0.0,0.035337917506694794,0.04135981202125549,0.0,0.0,0.030930783599615097,0.0,0.010850334540009499,0.00281246704980731,0.048748284578323364,0.3225034177303314,0.0,0.0,0.5782067775726318,0.030639294534921646,0.012696266174316406,0.04378615692257881,0.5698590874671936,0.0,0.04029327630996704,0.11112887412309647,0.019081149250268936,0.0,0.22143319249153137,0.15412075817584991,0.06412317603826523,0.8953627347946167,0.22429847717285156,0.07351426035165787,0.0558491088449955,0.12124142050743103,0.11431688070297241,0.9510701298713684,0.0073657771572470665,0.0,0.14447513222694397,0.20022685825824738,0.0,0.5380289554595947,0.0,0.05348934605717659,0.0,0.3303150236606598,1.5779811143875122,0.42006242275238037,0.3389747738838196,0.0,0.0354682132601738,0.687696099281311,0.0,0.0,0.012775138020515442,0.0,0.03599477559328079,0.6962698698043823,0.3429916501045227,0.1331912726163864,0.0,0.5181646347045898,0.7858050465583801,0.0997137650847435,0.015420721843838692,0.2720581591129303,0.005516425706446171,0.0,0.08015940338373184,0.029736122116446495,0.0070083229802548885,0.02618277631700039,0.2742452025413513,0.0,0.015338887460529804,0.0,0.855745255947113,0.46281611919403076,0.3507367670536041,0.23611758649349213,0.0,0.03639582544565201,0.05847577750682831,0.011816181242465973,0.45876699686050415,0.9551774859428406,0.0,0.017864685505628586,0.00942707248032093,0.05246752128005028,0.5647271871566772,0.0,0.0,0.29727745056152344,0.29384541511535645,0.0754421129822731,0.1383531391620636,0.2500268518924713,0.0,0.0,0.09312436729669571,0.12506461143493652,0.4154202938079834,0.8557095527648926,0.0,0.15065021812915802,0.09240666776895523,0.1043626070022583,0.06516764312982559,0.0049246856942772865,0.5821627974510193,0.1594606190919876,0.00954743567854166,0.0,0.0019887578673660755,0.0,0.14643283188343048,0.0,0.0,0.011659961193799973,0.05352454632520676,0.25589683651924133,0.07275116443634033,0.1661113053560257,0.9795106053352356,0.0,0.0,0.4439154267311096,0.019385740160942078,0.0,0.0,0.0,0.0,0.035615019500255585,0.0,0.6650882959365845,0.0,0.0,0.0,0.0,0.07029123604297638,0.03461203724145889,0.0,0.0,0.8074477910995483,0.05531316623091698,0.0,0.004171664826571941,0.11453033983707428,0.22237679362297058,0.21927522122859955,0.20362801849842072,0.0,0.17180611193180084,0.2816776633262634,0.0,0.07285532355308533,0.0,0.0,0.027748726308345795,0.04435982555150986,0.031317878514528275,0.0400439016520977,1.3046811819076538,0.06390640884637833,0.0032191453501582146,0.22113937139511108,0.0,0.0,0.0,0.0,0.000924614374525845,0.03437243402004242,0.0,0.6312083601951599,0.9205843806266785,0.03839324414730072,0.16492651402950287,0.0,0.0,0.020845243707299232,0.30038172006607056,0.0010525385150685906,0.4309075176715851,0.09667374193668365,0.04156895726919174,0.040495652705430984,0.003465913934633136,0.05730389058589935,0.11298055201768875,0.0,0.04232950881123543,0.4458417296409607,0.0,0.0004476701724343002,0.0,0.2847159504890442,0.012307008728384972,0.024130472913384438,0.30788326263427734,0.8429533839225769,0.034904416650533676,0.11292809993028641,0.0,0.04054613038897514,0.6424926519393921,0.0,0.09689566493034363,0.11684473603963852,0.0,0.5013769865036011,0.06535843014717102,0.09035176038742065,0.06923404335975647,0.0,0.7744443416595459,0.0,0.8765925765037537,0.0,0.2490541636943817,0.3002563416957855,0.36030951142311096,0.11810871213674545,0.12204162776470184,0.1400010734796524,0.01887228526175022,0.0,0.012851299718022346,0.034340161830186844,0.12124844640493393,0.0,0.00038849361590109766,0.00527151208370924,0.0,0.0,0.0,0.0,0.0,0.0,0.0,0.572746992111206,0.0,0.0,0.020577093586325645,0.3704500198364258,0.017336905002593994,0.07829698920249939,0.18085885047912598,0.1754123717546463,0.08140101283788681,0.0,0.017251519486308098,0.2519451081752777,0.21423423290252686,0.32654333114624023,0.03583073616027832,0.0,0.11825892329216003,0.0,0.0873618796467781,0.505525529384613,0.01123120915144682,0.0,0.2748259902000427,0.8034087419509888,0.35167384147644043,0.13681234419345856,0.0,0.0,0.0017627410124987364,0.09196058660745621,0.0,0.13757538795471191,0.31278204917907715,0.6665862798690796,0.0,0.1625789999961853,0.04116997495293617,0.20434951782226562,0.10882603377103806,0.0,0.028392797335982323,0.38127994537353516,0.0210882481187582,0.00020723071065731347,0.4534177780151367,0.4482746720314026,0.014791440218687057,0.013002105988562107,0.0444430336356163,0.07585025578737259,0.0596744678914547,0.0,0.0,0.0,0.5032318830490112,0.1006401777267456,0.0,0.041910625994205475,0.05049874261021614,0.014015737920999527,0.0,0.4347849488258362,0.0,0.04230000823736191,0.028981806710362434,0.0,0.0026888754218816757,0.0,0.0,0.11833570152521133,0.0,0.18054699897766113,0.03541525453329086,0.0,0.0,0.4430232346057892,0.0,0.11466711014509201,0.0,0.2550187110900879,0.0,0.3017619252204895,0.020598165690898895,0.0604245699942112,0.1044049859046936,0.1542169749736786,0.004517966881394386,0.2475479245185852,0.06699080765247345,0.15954016149044037,0.14535650610923767,0.06855398416519165,0.20427200198173523,0.03400818258523941,0.3524695634841919,0.004712284542620182,0.0,0.042264584451913834,0.06008313596248627,0.0,0.2115153968334198,0.009097959846258163,0.01408938504755497,0.0,0.07226443290710449,0.7879100441932678,0.17311501502990723,0.02455783635377884,0.0,0.21640382707118988,0.18632987141609192,0.0,0.0,0.0045583173632621765,0.0,0.02810702472925186,0.09685593098402023,0.16328950226306915,0.008671414107084274,0.0,0.2536718547344208,0.19696557521820068,0.03294995799660683,0.07402412593364716,0.018536385148763657,0.024990910664200783,0.0,0.2490258514881134,0.026814129203557968,0.002575143240392208,0.0,0.22816096246242523,0.0,0.04670272767543793,0.01205832976847887,0.20468682050704956,0.37521523237228394,0.2634257674217224,0.05484597384929657,0.0,0.045658085495233536,0.022283894941210747,0.0,0.0,0.4911733865737915,0.0,0.007565263658761978,0.0,0.0,0.22011245787143707,0.0,0.15924489498138428,0.3463002145290375,0.11092934012413025,0.02291780337691307,0.02632175385951996,0.016154680401086807,0.0,0.014935711398720741,0.08543577045202255,0.051878422498703,0.19031016528606415,0.006918660365045071,0.0,0.05203720182180405,0.002430466003715992,0.027104774489998817,0.01247197575867176,0.0,0.028797192499041557,0.0,0.018052438274025917,0.0,0.2922423779964447,0.0,0.006531218066811562,0.0,0.007534862961620092,0.0,0.07826769351959229,0.008404596708714962,0.030537547543644905,0.004191500134766102,0.031223855912685394,0.0,0.0,0.2368088960647583,0.036749329417943954,0.0,0.0,0.010744890198111534,0.0,0.04473710060119629,0.0,0.030379576608538628,0.00666317343711853,0.20823118090629578,0.0,0.028696691617369652,0.012015383690595627,0.024520665407180786,0.0,0.0,0.10619356483221054,0.022859835997223854,0.0,0.026955358684062958,0.003726240945979953,0.04587069898843765,0.037090495228767395,0.08535883575677872,0.0,0.19361045956611633,0.12618553638458252,0.0,0.04140438884496689,0.0,0.0,0.0,0.0,0.02619062177836895,0.0,0.1241508424282074,0.0327555313706398,0.0,0.026614796370267868,0.02658422663807869,0.09685712307691574,0.0,0.0,0.0916207879781723,0.004956310614943504,0.006188729777932167,0.08826304972171783,0.32976505160331726,0.0,0.028089238330721855,0.0,0.0,0.008525921031832695,0.2431333363056183,0.0,0.14676183462142944,0.022064795717597008,0.13387852907180786,0.11392822116613388,0.06648281216621399,0.009942286647856236,0.04605909809470177,0.0,0.035323143005371094,0.03272716701030731,0.0,0.0,0.0,0.0,0.0,0.037554167211055756,0.07536044716835022,0.3084615170955658,0.0,0.179529070854187,0.011165432631969452,0.13020770251750946,0.410579115152359,0.0,0.0,0.18275567889213562,0.0,0.05520377680659294,0.0,0.0,0.047062184661626816,0.0,0.005127454176545143,0.0,0.21944841742515564,0.018332278355956078,0.0008703875355422497,0.0,0.19018763303756714,0.10682249069213867,0.18371890485286713,0.09265635907649994,0.016275009140372276,0.0011079779360443354,0.03815322741866112,0.02999594807624817,0.012215547263622284,0.009717436507344246,0.0,0.23036131262779236,0.003274358808994293,0.0,0.07301310449838638,0.0,0.0,0.0,0.0,0.30350252985954285,0.0,0.0,0.0028147022239863873,0.04166276007890701,0.0,0.03598805516958237,0.04286778345704079,0.006839023437350988,0.051818303763866425,0.0,0.0,0.12477481365203857,0.020941542461514473,0.23057445883750916,0.06408359110355377,0.005845719948410988,0.22141486406326294,0.0,0.0,0.08554073423147202,0.050323791801929474,0.0,0.24589897692203522,0.5095770359039307,0.2986169159412384,0.0025203016120940447,0.0,0.0,0.0,0.07623254507780075,0.021172819659113884,0.033401988446712494,0.03302504122257233,0.31032487750053406,0.0007510203868150711,0.0,0.32742953300476074,0.2838101089000702,0.018117755651474,0.0,0.0,0.0,0.20602302253246307,0.0,0.5100954174995422,0.1267443299293518,0.019214611500501633,0.0,0.47396427392959595,0.08910251408815384,0.059403494000434875,0.026354948058724403,0.005583588033914566,0.0,0.8317768573760986,0.011810076422989368,0.008547144010663033,0.2606070637702942,0.02110961638391018,0.0026194751262664795,0.00548425642773509,0.5813676714897156,0.0,0.023428931832313538,0.11131109297275543,0.0,0.015526637434959412,0.04487429931759834,0.0,0.015657693147659302,0.07637277990579605,0.017250217497348785,0.17199401557445526,0.0011699324240908027,0.0,0.5945539474487305,0.04361409693956375,0.053969018161296844,0.059189993888139725,0.5114995241165161,0.0,0.03791201859712601,0.23607808351516724,0.060149967670440674,0.0,0.15990380942821503,0.08611621707677841,0.13271093368530273,0.6809006929397583,0.2633325457572937,0.1465742290019989,0.10614939779043198,0.14071957767009735,0.2395668774843216,0.8370841145515442,0.002702772617340088,0.0,0.04725654795765877,0.08458250761032104,0.005788481794297695,0.49027252197265625,0.00565730407834053,0.006392125505954027,0.0,0.4912932217121124,1.4823095798492432,0.5640273094177246,0.2619357407093048,0.0,0.06937414407730103,0.7082123160362244,0.0,0.0,0.10055714100599289,0.0,0.06128309294581413,0.6869408488273621,0.557768702507019,0.1051749736070633,0.0,0.3654240071773529,0.5415273904800415,0.21750889718532562,0.042399898171424866,0.10130248218774796,0.0,0.007443004287779331,0.18798701465129852,0.039100319147109985,0.0,0.03603320196270943,0.20385141670703888,0.045743051916360855,0.028730498626828194,0.0,0.7886793613433838,0.34100738167762756,0.43691983819007874,0.15256470441818237,0.05305652692914009,0.10300721228122711,0.019982077181339264,0.031045062467455864,0.28858548402786255,1.079555869102478,0.0,0.10468487441539764,0.05101468041539192,0.055211104452610016,0.7468575835227966,0.0,0.08273062855005264,0.34299221634864807,0.4183714687824249,0.10717400163412094,0.1038963571190834,0.1754414439201355,0.0,0.006436892785131931,0.10308299213647842,0.0663740262389183,0.3652661144733429,0.5511913299560547,0.0,0.22186531126499176,0.07001100480556488,0.03769209608435631,0.04803819954395294,0.016297824680805206,0.3953608274459839,0.046875882893800735,0.0034424299374222755,0.0,0.0,0.014441370964050293,0.06592176109552383,0.010522059164941311,0.0,0.006027319468557835,0.03919785097241402,0.25789278745651245,0.017704928293824196,0.09174046665430069,0.7300884127616882,0.0,0.00019231438636779785,0.4486331045627594,0.08267414569854736,0.0,0.0,0.0,0.0,0.028468331322073936,0.0,0.4639795124530792,0.0,0.0,0.0,0.0,0.11921411007642746,0.044720765203237534,0.0,0.0,0.5905076265335083,0.12306206673383713,0.0,0.018682487308979034,0.0968514159321785,0.15716035664081573,0.27155494689941406,0.1375419944524765,0.006545140873640776,0.2391032725572586,0.2902175188064575,0.0,0.1556653082370758,0.0,0.0,0.005435824394226074,0.00015978681039996445,0.048573095351457596,0.022234193980693817,1.204992413520813,0.05169941484928131,0.021299459040164948,0.11980652809143066,0.0037551037967205048,0.005153887905180454,0.0,0.0003178392944391817,0.033801186829805374,0.038986582309007645,0.0,0.554145872592926,0.9146292805671692,0.01462606806308031,0.24556300044059753,0.0,0.0,0.030780473724007607,0.34688499569892883,0.014015721157193184,0.4699150621891022,0.09125424921512604,0.11074694246053696,0.06340966373682022,0.025309734046459198,0.19442185759544373,0.03313625603914261,0.0,0.11980751901865005,0.3372915983200073,0.0,0.015276038087904453,0.0,0.05309231951832771,0.07683145254850388,0.23936234414577484,0.2928212285041809,0.8095457553863525,0.013382910750806332,0.16942699253559113,0.012049766257405281,0.07084540277719498,0.6273733973503113,0.0066779134795069695,0.05010548606514931,0.07749152928590775,0.0,0.41307368874549866,0.003207928966730833,0.11862310022115707,0.0633261501789093,0.0,0.427389919757843,0.03858574107289314,0.852828860282898,0.0,0.23900562524795532,0.09591585397720337,0.22701512277126312,0.11715655773878098,0.1538197249174118,0.11259330809116364,0.1704912930727005,0.0,0.0019136613700538874,0.01234738714993,0.18250329792499542,0.0,0.006963241379708052,0.04963924363255501,0.02889702096581459,0.09110302478075027,0.02676250971853733,0.0,0.0,0.018121011555194855,0.0,0.6446308493614197,0.0,0.0,0.0344841368496418,0.18758003413677216,0.04037151485681534,0.10818012803792953,0.129830464720726,0.06655815243721008,0.030213214457035065,0.0,0.0033206322696059942,0.18793576955795288,0.30125442147254944,0.21303197741508484,0.05693412572145462,0.0,0.1959194391965866,0.0,0.041177891194820404,0.31519615650177,0.030230224132537842,0.0,0.19571781158447266,0.9076641201972961,0.3027217388153076,0.23030056059360504,0.0,0.00014727097004652023,0.0010912915458902717,0.11037937551736832,0.01288206409662962,0.06492862105369568,0.33727627992630005,0.6504608392715454,7.494156307075173e-05,0.07168077677488327,0.07936635613441467,0.2111664116382599,0.10209523141384125,0.0,0.11328551918268204,0.16494077444076538,0.02787482738494873,0.06911888718605042,0.3948780298233032,0.33905109763145447,0.02628466673195362,0.0049309697933495045,-0.6812323927879333
42,0.22094476222991943,0.14054520428180695,0.09013261646032333,0.0,0.0,0.0,0.6588271260261536,0.03160395100712776,0.0,0.020282255485653877,0.030668985098600388,4.8391182644991204e-05,0.0,0.378491073846817,0.0,0.1291886866092682,0.06406199187040329,0.0,0.0,0.0,0.0,0.04763749614357948,0.0003955448919441551,0.17513398826122284,0.01570470817387104,0.0,0.0,0.5239138603210449,0.009133611805737019,0.11950044333934784,0.1729031205177307,0.3255641460418701,0.0,0.2711847126483917,0.09746825695037842,0.07384435087442398,0.0,0.27858608961105347,0.0014014645712450147,0.04736912250518799,0.10500334948301315,0.19752764701843262,0.0965365543961525,0.14179392158985138,0.16406172513961792,0.3161715269088745,0.368338018655777,0.055773310363292694,0.0,0.057086799293756485,0.2257363200187683,0.0,0.10150031745433807,0.025044431909918785,0.04974522069096565,0.0,0.37102070450782776,0.9085069298744202,0.3089969754219055,0.10204744338989258,0.0,0.03075166791677475,0.1935710459947586,0.0,0.0,0.026142865419387817,0.0,0.0,0.2858754098415375,0.19732236862182617,0.13593867421150208,0.0,0.23975789546966553,0.08821187168359756,0.11395858973264694,0.03317858278751373,0.004298361949622631,0.07485201954841614,0.0,0.17212708294391632,0.0,0.1020430475473404,0.0,0.13918602466583252,0.003818890079855919,0.0,0.0660281553864479,0.35816606879234314,0.27159711718559265,0.47343194484710693,0.06052437797188759,0.0,0.023132864385843277,0.09661015123128891,0.0,0.017151296138763428,0.683111846446991,0.0,0.006811114493757486,0.0,0.0,0.381049245595932,0.0,0.2429874837398529,0.5291200876235962,0.4083310067653656,0.07440757006406784,0.0018404468428343534,0.04264454543590546,0.0,0.0,0.10005410760641098,0.09563950449228287,0.3020831346511841,0.158161923289299,0.0,0.041728902608156204,0.0,0.11698582023382187,0.03499315679073334,0.0,0.09543427079916,0.0,0.015206818468868732,0.0,0.24782127141952515,0.0,0.0501696951687336,0.0,0.04587603360414505,0.0,0.13304241001605988,0.08093365281820297,0.0,0.05981432646512985,0.2590380311012268,0.0,0.0,0.05880764499306679,0.017418095842003822,0.0,0.0,0.04267056658864021,0.0,0.2592597007751465,0.0,0.10746940970420837,0.0004739375435747206,0.0,0.0,0.06556162983179092,0.2338898479938507,0.13459709286689758,0.0,0.0,0.4282986521720886,0.008946042507886887,0.0,0.03916550800204277,0.06340761482715607,0.47576290369033813,0.34863853454589844,0.017108643427491188,0.0,0.17082755267620087,0.16946418583393097,0.0,0.30623140931129456,0.0,0.0,0.000395260751247406,0.004878504201769829,0.036664947867393494,0.04120807722210884,0.37681856751441956,0.11775359511375427,0.030656814575195312,0.2588388919830322,0.0,0.013618293218314648,0.0,0.0,0.2694055438041687,0.00976558867841959,0.0,0.31513792276382446,0.39880311489105225,0.0,0.20581138134002686,0.0,0.0,0.0,0.15206921100616455,0.00962871965020895,0.33797529339790344,0.11150622367858887,0.027154812589287758,0.23265770077705383,0.0,0.062419675290584564,0.16966550052165985,0.0,0.04936261847615242,0.08863583952188492,0.0,0.0,0.0,0.0,0.0,0.10591818392276764,0.05489668250083923,0.44872844219207764,0.07953664660453796,0.3567698001861572,0.0,0.0658046081662178,0.5147473812103271,0.0,0.06095756217837334,0.30114734172821045,0.0,0.09896978735923767,0.0,0.0,0.013136133551597595,0.0,0.05813196673989296,0.0,0.45586490631103516,0.0,0.045702382922172546,0.0,0.39402005076408386,0.10609857738018036,0.037652403116226196,0.19468587636947632,0.08198626339435577,0.0,0.0875866636633873,0.16983669996261597,0.07651930302381516,0.0,0.0,0.43078458309173584,0.0,0.01758643239736557,0.041931867599487305,0.0,0.0,0.0,0.0,0.23852965235710144,0.0,0.0,0.01029555220156908,0.2641388475894928,0.0,0.10598953813314438,0.06739082932472229,0.008337886072695255,0.1966341733932495,0.0,0.0,0.2588692903518677,0.2941206693649292,0.031080832704901695,0.2026253193616867,0.0,0.2693580687046051,0.003598752897232771,0.024133136495947838,0.08557991683483124,0.0,0.0,0.39627817273139954,0.785223662853241,0.2727339267730713,0.13424012064933777,0.0,0.0,0.0,0.011498001404106617,0.030290033668279648,0.006917781196534634,0.06586119532585144,0.5442156195640564,0.0,0.09026734530925751,0.23580262064933777,0.1912364363670349,0.045507654547691345,0.0011794420424848795,0.011645256541669369,0.0,0.20276668667793274,0.018214184790849686,0.6153550148010254,0.03174259141087532,2.8369440769893117e-05,0.048023808747529984,0.5416882634162903,0.20798130333423615,0.2662208676338196,0.0,0.0,0.0,1.0151817798614502,0.0,0.007687476463615894,0.3833911120891571,0.008574907667934895,0.0,0.0,0.5910347104072571,0.0,0.009286771528422832,0.031797461211681366,0.0,0.0,0.017868485301733017,0.0,0.005202101077884436,0.03490433096885681,0.010885943658649921,0.16594313085079193,0.002946047345176339,0.0,0.7573108673095703,0.08457302302122116,0.03479490056633949,0.010237184353172779,0.563236653804779,0.0,0.005945172626525164,0.33577749133110046,0.03682831674814224,0.0,0.4683355689048767,0.061781223863363266,0.00038220908027142286,0.9565603137016296,0.31341519951820374,0.09620025753974915,0.04785769432783127,0.05707733333110809,0.6697444319725037,0.833453893661499,0.02908436208963394,0.0,0.17174343764781952,0.23679237067699432,0.017799368128180504,0.3031168282032013,0.0007998193032108247,0.07699310779571533,0.0,0.9315018057823181,1.8331695795059204,0.7444125413894653,0.2398565411567688,0.0,0.0,0.6691035628318787,0.0,0.0,0.0873865857720375,0.0018210263224318624,0.005587445106357336,0.8255873322486877,0.49270543456077576,0.3790234625339508,0.0,0.5453169941902161,0.5081740617752075,0.34983789920806885,0.0,0.24415846168994904,0.0,0.0,0.10514845699071884,0.02901189774274826,0.0,0.004890539683401585,0.2079983800649643,0.0,0.0,0.01102143432945013,0.8264026045799255,0.3188704550266266,0.41562047600746155,0.3089893162250519,0.0,0.0580042265355587,0.19683772325515747,0.0,0.5113283395767212,1.1613668203353882,0.0,0.007770908996462822,0.0001522666570963338,0.0193614698946476,0.7026661038398743,0.0,0.007349773310124874,0.5153951644897461,0.6618069410324097,0.17988085746765137,0.12752482295036316,0.2662500739097595,0.0,0.0,0.11951643228530884,0.3446751832962036,0.5295689702033997,1.036062240600586,0.0,0.22721992433071136,0.041940122842788696,0.25230488181114197,0.07628434151411057,0.0,0.7153369784355164,0.20243361592292786,0.0,0.0,0.0,0.0,0.3786470592021942,0.0,0.0003568604588508606,0.008688987232744694,0.0011408530408516526,0.6153426766395569,0.045276954770088196,0.13129590451717377,0.8938624858856201,0.0,0.0,0.3861851096153259,0.03218039125204086,0.0,0.0,0.050511106848716736,0.0,0.10378120839595795,0.0,0.6995187401771545,0.01035310234874487,0.0,0.0,0.0,0.4099135100841522,0.02441452629864216,0.0,0.0,1.2095826864242554,0.1161559596657753,0.0,0.026889128610491753,0.09963463246822357,0.6544652581214905,0.4566594362258911,0.20660609006881714,0.0,0.11996915936470032,0.26325523853302,0.0,0.4549017548561096,0.0,0.0,0.04590373858809471,0.015577699989080429,0.015657175332307816,0.04394957795739174,1.6305617094039917,0.04518449306488037,0.025149988010525703,0.4748533368110657,0.0,0.00365474377758801,0.0,0.003957320936024189,0.044352974742650986,0.024500951170921326,0.0,0.6721904873847961,1.0088274478912354,0.026550965383648872,0.7821952700614929,0.0,0.0,0.0,0.2487892508506775,0.0009642536169849336,0.4390808045864105,0.3713257610797882,0.029764117673039436,0.11204379051923752,0.0021208778489381075,0.48033010959625244,0.21520179510116577,0.0,0.12212736904621124,0.5535287261009216,0.0,0.014373896643519402,0.0,0.03374667093157768,0.0,0.29884591698646545,0.1842261701822281,0.948043942451477,0.06769970804452896,0.5200276374816895,0.0,0.061467062681913376,0.8895312547683716,0.0,0.23681220412254333,0.09617231786251068,0.0,0.6121633648872375,0.04192200303077698,0.22590668499469757,0.02272012270987034,0.0,0.8412157297134399,0.0,1.1102091073989868,0.0,0.37414121627807617,0.13676407933235168,0.47722452878952026,0.13262318074703217,0.02336915209889412,0.30786386132240295,0.5392465591430664,0.0,0.035478126257658005,0.023846281692385674,0.35487666726112366,0.0,0.003096733009442687,0.11704809963703156,0.0,0.10597465932369232,0.0,0.0,0.0,0.0,0.0,0.4555143117904663,0.0,0.0,0.0479726567864418,0.8151054978370667,0.008903443813323975,0.09689036011695862,0.06539367139339447,0.20186816155910492,0.05559519678354263,0.0,0.00819437950849533,0.2592633366584778,0.7912307977676392,0.022719040513038635,0.2114092856645584,0.0,0.20160086452960968,0.0,0.09890246391296387,0.3424542546272278,0.0,0.0,0.7940532565116882,1.2241188287734985,0.32358118891716003,0.5189617872238159,0.0,0.0,0.009715095162391663,0.08383305370807648,0.00691309804096818,0.09689944982528687,0.42356589436531067,0.8112440705299377,0.0,0.21159428358078003,0.0,0.15482690930366516,0.1566222459077835,0.0,0.10799307376146317,0.07062318176031113,0.0,0.13155683875083923,0.5431278944015503,0.21124865114688873,0.05948982015252113,0.0601903572678566,0.5834206938743591,0.20856843888759613,0.09517768025398254,0.019256988540291786,0.0,0.0,0.9763532876968384,0.0,0.024312125518918037,0.26450085639953613,0.024906430393457413,0.007674327585846186,0.03469252213835716,0.548372209072113,0.02113197185099125,0.10580552369356155,0.16102702915668488,0.0,0.0004933155723847449,0.051614876836538315,0.0,0.09256622940301895,0.044997163116931915,0.012006754986941814,0.04641348496079445,0.0,0.0,0.6882089376449585,0.08806861937046051,0.031165607273578644,0.14992383122444153,0.5482775568962097,0.0,0.018747858703136444,0.3670911490917206,0.04856682941317558,0.0,0.3287754952907562,0.055585671216249466,0.030064744874835014,0.6738107204437256,0.4090932011604309,0.12773333489894867,0.19699235260486603,0.12660005688667297,0.7057374119758606,0.6757355332374573,0.012563622556626797,0.0,0.061068546026945114,0.26901060342788696,0.016226736828684807,0.29613029956817627,0.012173737399280071,0.052682120352983475,0.0,0.9519925713539124,1.5220115184783936,0.7817898988723755,0.27199068665504456,0.0,0.1031435877084732,0.698192834854126,0.0,0.06871764361858368,0.23968832194805145,0.0,0.0,0.8145450353622437,0.5554623007774353,0.2844381034374237,0.0,0.3490307033061981,0.2668594419956207,0.40937340259552,0.04585853964090347,0.05431327596306801,0.019209330901503563,0.03806902840733528,0.1483684927225113,0.017218882218003273,0.015297547914087772,0.0009094765409827232,0.10334210097789764,0.012600176967680454,0.008836941793560982,0.03262840583920479,0.948951244354248,0.24287201464176178,0.5540041327476501,0.13753582537174225,0.01754661090672016,0.07837777584791183,0.09751223772764206,0.039673373103141785,0.31961965560913086,1.2890591621398926,0.008184526115655899,0.13960884511470795,0.02200152538716793,0.008747991174459457,1.1057215929031372,0.0,0.10648151487112045,0.45888954401016235,0.7129431962966919,0.1839221715927124,0.029164524748921394,0.2757915258407593,0.0,0.0,0.09259804338216782,0.15978506207466125,0.5688362717628479,0.6508484482765198,0.0,0.2532988488674164,0.015737958252429962,0.15236346423625946,0.041222237050533295,0.015158969908952713,0.4704911708831787,0.10568838566541672,0.0053969076834619045,0.0,0.0,0.030156318098306656,0.27136752009391785,0.002074858406558633,0.012968502938747406,0.0055630868300795555,0.03053239919245243,0.5074096322059631,0.00987439788877964,0.17573249340057373,0.785719096660614,0.0,0.0,0.30330890417099,0.03322664648294449,0.0,0.0,0.042307086288928986,0.0023555089719593525,0.11007315665483475,0.0,0.45821714401245117,0.003214262193068862,0.0,0.0,0.005904235411435366,0.3805413544178009,0.1997920721769333,0.0,0.0,0.8696335554122925,0.08968330919742584,0.0,0.012299778871238232,0.12201546877622604,0.5536231994628906,0.5064406991004944,0.06567618995904922,0.05921310558915138,0.19955967366695404,0.3310287296772003,0.0,0.45552781224250793,0.0,0.0,0.02704288624227047,0.015071699395775795,0.056396424770355225,0.014311558566987514,1.358106017112732,0.04941385239362717,0.04645915701985359,0.3164278268814087,0.004618336446583271,0.002688765525817871,0.002589320996776223,0.005737804342061281,0.11006290465593338,0.08547858893871307,0.0,0.6495203971862793,1.0381982326507568,0.02008952386677265,0.5823222398757935,0.0,0.025960907340049744,0.0,0.3053557872772217,0.024011747911572456,0.4289957284927368,0.18629798293113708,0.05409036576747894,0.10594192147254944,0.0,0.33144718408584595,0.07483776658773422,0.0,0.28075358271598816,0.34719911217689514,0.02017613686621189,0.061079636216163635,0.0,0.0,0.014382855966687202,0.3671985864639282,0.20810307562351227,0.9606208801269531,0.03611300513148308,0.4837845265865326,0.026019692420959473,0.04519037529826164,0.7432461977005005,0.062102410942316055,0.16764752566814423,0.10179614275693893,0.0,0.5239774584770203,0.0,0.16148370504379272,0.022542186081409454,0.0,0.42371734976768494,0.009387405589222908,1.0381906032562256,0.0,0.258854478597641,0.07563804090023041,0.358884334564209,0.15790198743343353,0.016217907890677452,0.26045462489128113,0.45742592215538025,0.0,0.04328933730721474,0.04385155439376831,0.31091320514678955,0.0,0.0029647555202245712,0.17856284976005554,0.0,0.13933570683002472,0.012161469087004662,0.0,0.0,0.016322769224643707,0.0,0.5221543312072754,0.0,0.0,0.028953054919838905,0.47944915294647217,0.025331959128379822,0.13315413892269135,0.1603773981332779,0.13694962859153748,0.1173756867647171,0.0,0.0,0.2859458029270172,0.7315292358398438,0.09977061301469803,0.3029910624027252,0.0,0.3695205748081207,0.0,0.08949004113674164,0.22266550362110138,0.0,0.006343350745737553,0.5520569682121277,1.1453386545181274,0.27913030982017517,0.4729127585887909,0.0,0.0012004547752439976,0.00012306934513617307,0.1440896838903427,0.03901270404458046,0.01499137282371521,0.4271236062049866,0.8478264212608337,0.07261667400598526,0.14981764554977417,0.010770744644105434,0.128184512257576,0.11751332879066467,0.0,0.21038715541362762,0.05363502725958824,0.05449630320072174,0.2191295474767685,0.4086898863315582,0.11002563685178757,0.022135687991976738,0.05104269087314606,-0.17040018737316132
43,0.06082551181316376,0.1308518648147583,0.0278447438031435,0.0,0.0,0.0,0.4306882619857788,0.09225840121507645,0.0,0.009537520818412304,0.0771225094795227,0.006499812938272953,0.0,0.2563668191432953,0.0,0.08856651186943054,0.01899569481611252,0.005777932237833738,0.0,0.0,0.0,0.05432683974504471,0.0,0.4092021882534027,0.027059273794293404,0.0,0.0,0.47542867064476013,0.0026083060074597597,0.04668053984642029,0.0939190536737442,0.28113824129104614,0.0,0.27138417959213257,0.06875140964984894,0.03562169149518013,0.005385398864746094,0.17791712284088135,0.07117041945457458,0.09201987832784653,0.029485762119293213,0.09342250972986221,0.07525946199893951,0.05234663188457489,0.20897869765758514,0.08774768561124802,0.14736419916152954,0.030157502740621567,0.0,0.06699616461992264,0.10360207408666611,0.0,0.2339373528957367,0.0029582870192825794,0.03664713352918625,0.0,0.1901702880859375,0.5895224809646606,0.1447526514530182,0.03223007917404175,0.0,0.08724629878997803,0.0749724879860878,0.0,0.0,0.0019473874708637595,0.0,0.051872823387384415,0.11539485305547714,0.09773007780313492,0.015226508490741253,0.0,0.11235757917165756,0.12036027759313583,0.025422686710953712,0.04555847495794296,0.046272944658994675,0.09239701926708221,0.0,0.062182433903217316,0.031256455928087234,0.03887183219194412,0.0,0.14302249252796173,0.1256788671016693,0.0,0.04145298898220062,0.23229879140853882,0.4087119698524475,0.3445962369441986,0.03508120775222778,0.0,0.032315392047166824,0.08955342322587967,0.0025178424548357725,0.031725797802209854,0.4543115198612213,0.0,0.002052810275927186,0.001868265331722796,0.0039892904460430145,0.3038921058177948,0.0,0.42912396788597107,0.2709784507751465,0.14546893537044525,0.030701259151101112,0.0630008652806282,0.006613817065954208,0.0,0.0,0.039203714579343796,0.04068760946393013,0.23148177564144135,0.05917742848396301,0.0,0.0351959653198719,0.054920148104429245,0.07017724215984344,0.013459201902151108,0.0,0.06282036751508713,0.0013856816804036498,7.076832844177261e-05,0.0,0.30921047925949097,0.0,0.0,0.005227559246122837,0.026872044429183006,0.0,0.19608493149280548,0.0163350198417902,0.009538648650050163,0.0028195702470839024,0.06001489982008934,0.0,0.0,0.01754022017121315,6.956539436941966e-05,0.0,0.004476848058402538,0.0136537691578269,0.0,0.1728779822587967,2.50651082751574e-05,0.02867925725877285,0.0025897969026118517,0.03313300386071205,6.947598740225658e-05,0.040674787014722824,0.1552494764328003,0.07808460295200348,0.0,0.0,0.3040332496166229,0.03575501590967178,0.0,0.027436653152108192,0.028215846046805382,0.25390222668647766,0.09967430680990219,0.01412387378513813,0.0,0.014764287509024143,0.08839516341686249,0.0,0.07135935127735138,0.0,0.0,0.0,0.0,0.0063782925717532635,0.022452494129538536,0.13348641991615295,0.21371805667877197,0.021919284015893936,0.058620236814022064,0.005385638680309057,0.014757472090423107,0.00039129095966927707,0.004145471379160881,0.21196413040161133,0.0,0.0034512660931795835,0.11813545227050781,0.19384726881980896,0.0,0.038752175867557526,0.0,0.0,0.027115903794765472,0.0829756036400795,0.003553964663296938,0.17254602909088135,0.21017660200595856,0.022508079186081886,0.23875783383846283,0.040648575872182846,0.03331770375370979,0.11624476313591003,0.0,0.024599140509963036,0.04928724095225334,0.0,0.0,0.0,0.025443432852625847,0.01134742796421051,0.07346375286579132,0.03909764066338539,0.2746853828430176,0.0160532109439373,0.1590433120727539,0.002651978749781847,0.03716990351676941,0.3014051020145416,0.0,0.011116962879896164,0.2576583921909332,0.0,0.046479325741529465,0.0,0.0007771335076540709,0.009897897019982338,0.0019283152651041746,0.12332411855459213,0.005470143165439367,0.26795023679733276,0.03536948561668396,0.0039205532521009445,0.0,0.36142659187316895,0.060759980231523514,0.05136416479945183,0.07662983238697052,0.030665216967463493,0.0,0.030888423323631287,0.06866513937711716,0.0505264475941658,0.0,0.0,0.33362284302711487,0.0,0.06179492175579071,0.05002208426594734,0.0,0.0,0.0,0.0,0.2602007985115051,0.0,0.0,0.018851077184081078,0.10929762572050095,0.0,0.04688243567943573,0.05777110531926155,0.013247519731521606,0.13041895627975464,0.0,0.0,0.09419292956590652,0.12953051924705505,0.2679122984409332,0.05230896919965744,0.010518847964704037,0.08353870362043381,0.00923728384077549,0.006383512634783983,0.05621667578816414,0.0002845065318979323,0.0,0.3794073164463043,0.31433725357055664,0.1703210175037384,0.020697694271802902,0.0,0.0,0.0,0.0005331588326953351,0.019801760092377663,0.07746429741382599,0.03451462835073471,0.3375169634819031,0.00017051737813744694,0.05469174310564995,0.2561626434326172,0.08890366554260254,0.017309509217739105,0.0,0.0,0.0,0.2828369140625,0.0,0.41652727127075195,0.09194625914096832,0.039144907146692276,0.020381590351462364,0.19583147764205933,0.1679881066083908,0.06608352810144424,0.0,0.0,0.0,0.5136561393737793,0.10942292213439941,0.0,0.021956445649266243,0.1356654167175293,0.0,0.0,0.34977492690086365,0.0,0.05381631851196289,0.04458675533533096,0.0,0.0,0.0,0.0,0.08485563099384308,0.0,0.24984969198703766,0.025035832077264786,0.0,0.0,0.4585268795490265,4.8040667024906725e-05,0.11346324533224106,0.08725404739379883,0.3037387728691101,0.0,0.29535943269729614,0.1347828358411789,0.024163836613297462,0.04931982234120369,0.1752166599035263,0.02895415760576725,0.11272820085287094,0.10191122442483902,0.11145810037851334,0.1474645435810089,0.05318759009242058,0.15440025925636292,0.159063458442688,0.19212675094604492,0.014545287005603313,0.0,0.06359324604272842,0.1374610811471939,0.0,0.24977156519889832,0.024121755734086037,0.024002758786082268,0.0006960695027373731,0.316399484872818,0.7342823147773743,0.28684836626052856,0.04996828734874725,0.0,0.062490902841091156,0.17960131168365479,0.0,0.0,0.009247420355677605,6.391243368852884e-05,0.0831761583685875,0.2202446311712265,0.215547114610672,0.054830677807331085,0.0,0.15049989521503448,0.14869330823421478,0.06784181296825409,0.04091694951057434,0.00484122708439827,0.02617727406322956,0.0,0.16192233562469482,0.02745189517736435,0.016390692442655563,0.0,0.15816299617290497,0.11884800344705582,0.010702984407544136,0.06790798157453537,0.3175521492958069,0.3794527053833008,0.3444646894931793,0.0661163330078125,0.0709710419178009,0.046725139021873474,0.04250650852918625,0.0,0.034481413662433624,0.5683425068855286,0.0,0.0004412514972500503,0.0,0.01773158833384514,0.41502395272254944,0.0,0.343743234872818,0.3018072247505188,0.31298893690109253,0.06979164481163025,0.06045413762331009,0.027597537264227867,0.0,0.03560146689414978,0.0811249390244484,0.03132741525769234,0.2503454387187958,0.10090357810258865,0.0,0.08119259029626846,0.043222825974226,0.06492634117603302,0.028231225907802582,0.0,0.07823850959539413,0.0,0.02166161499917507,0.0,0.2391599863767624,0.0,0.014115666970610619,0.031232813373208046,0.056937236338853836,0.0,0.19108431041240692,0.03691112622618675,0.004156370181590319,0.004226158373057842,0.16463477909564972,0.0,0.0,0.10131416469812393,0.0,0.0,0.0,0.01470328401774168,0.0,0.14106485247612,0.0,0.0944879949092865,0.0256611630320549,0.10309308767318726,0.0,0.041750259697437286,0.11108571290969849,0.07220233976840973,0.0,0.0,0.37621021270751953,0.02618911862373352,0.0,0.051864754408597946,0.04612522944808006,0.2239481657743454,0.22461068630218506,0.025309525430202484,0.0,0.053841277956962585,0.116849385201931,0.004338685888797045,0.09722121804952621,0.0,0.0,0.0,0.0,0.020971225574612617,0.03618583828210831,0.3105771541595459,0.08425424247980118,0.04027177765965462,0.08480583131313324,0.017865074798464775,0.056289684027433395,0.0013573847245424986,0.0,0.15599747002124786,0.0,0.0,0.1861094981431961,0.30587735772132874,0.0,0.09886854887008667,0.0,0.0,0.057756587862968445,0.1779099702835083,0.007284694351255894,0.22502455115318298,0.13794508576393127,0.06425800174474716,0.17904889583587646,0.1108141541481018,0.0799105316400528,0.079033263027668,0.0,0.06926246732473373,0.07762641459703445,0.0,0.0,0.0,0.007140768226236105,0.036744147539138794,0.17019625008106232,0.04900335893034935,0.3489031493663788,0.00891771912574768,0.19605019688606262,0.05112652853131294,0.05522565543651581,0.36934489011764526,0.0,0.052040643990039825,0.21677803993225098,0.008752405643463135,0.0748344138264656,0.0005077902460470796,0.0007362460601143539,0.02411177009344101,0.0,0.03060240112245083,0.05951180309057236,0.3536507189273834,0.04964257404208183,0.028809206560254097,0.007713879458606243,0.3315185010433197,0.07232052087783813,0.0215611569583416,0.10092532634735107,0.10192570090293884,0.0,0.029418019577860832,0.09004739671945572,0.09065502882003784,0.0026386675890535116,0.0,0.26015573740005493,0.011717962101101875,0.04651918262243271,0.08905250579118729,0.0,0.0,0.0,0.0,0.3143148124217987,0.0,0.0,0.04445341229438782,0.09756544977426529,0.0,0.07002165913581848,0.09256625175476074,0.008960896171629429,0.0900493860244751,0.0,0.0,0.13215526938438416,0.1987939327955246,0.17459125816822052,0.07664231210947037,0.018919315189123154,0.1413787305355072,0.0,0.0005642016767524183,0.050249405205249786,0.004513292107731104,0.0,0.37195467948913574,0.49701058864593506,0.21290268003940582,0.08423614501953125,0.0,0.0008097352110780776,0.0,0.011516581289470196,0.01512960996478796,0.0767209380865097,0.05649842694401741,0.42081019282341003,0.0,0.06900463998317719,0.2506704330444336,0.13701286911964417,0.024546945467591286,0.0,0.015414522960782051,0.0,0.25544416904449463,0.0013623973354697227,0.46463093161582947,0.11863178759813309,0.04149715229868889,0.031182078644633293,0.17356890439987183,0.13532839715480804,0.030706005170941353,0.0,0.0,0.0,0.5613846778869629,0.06787466257810593,0.0,0.03506471961736679,0.023590093478560448,0.00412996718659997,0.0004466964164748788,0.35191744565963745,0.0,0.06499166041612625,0.0793774276971817,0.0,0.0,0.0,0.0,0.06950806826353073,0.009486538358032703,0.20814171433448792,0.02019253745675087,0.0,0.0,0.5630742311477661,0.008683005347847939,0.03652555122971535,0.08658906817436218,0.3906788229942322,0.0,0.27144208550453186,0.09348508715629578,0.09523452818393707,0.0,0.1491280347108841,0.017752263695001602,0.092219278216362,0.1023736223578453,0.23035989701747894,0.06569569557905197,0.122744619846344,0.20288394391536713,0.22503727674484253,0.28904661536216736,0.03067491017282009,0.0,0.043902572244405746,0.1635916382074356,0.0,0.24311767518520355,0.015322251245379448,0.03217782825231552,0.0,0.32710301876068115,0.8538811206817627,0.2800329029560089,0.1153310015797615,0.0,0.10879221558570862,0.22125987708568573,0.0,0.0032215530518442392,0.05244982987642288,0.0,0.0,0.28414684534072876,0.22613482177257538,0.046862050890922546,0.0,0.11356726288795471,0.14092116057872772,0.06918597966432571,0.08547548949718475,0.01648326963186264,0.04162992537021637,0.00030373374465852976,0.10087057948112488,0.0144454101100564,0.012662935070693493,0.0,0.17041459679603577,0.013767114840447903,0.0020660317968577147,0.05807441845536232,0.4313381016254425,0.2839374244213104,0.34069448709487915,0.025544030591845512,0.0017992762150242925,0.024084364995360374,0.06798705458641052,0.030777335166931152,0.06681568175554276,0.6757081747055054,0.0,0.020409801974892616,0.02039613202214241,0.005559514742344618,0.41153332591056824,0.0,0.20587335526943207,0.37623360753059387,0.28114718198776245,0.06885205209255219,0.013244190253317356,0.014711108058691025,0.0,0.0003460447187535465,0.042265575379133224,0.028054893016815186,0.30380699038505554,0.1273883879184723,0.0,0.0616324357688427,0.009853814728558064,0.07535246759653091,0.013515637256205082,0.011215608566999435,0.09378845244646072,0.0159393772482872,0.006385836750268936,0.0,0.15800264477729797,0.0014990846393629909,0.021072139963507652,0.0,0.026798782870173454,0.0,0.16997894644737244,0.034853074699640274,0.0023164753802120686,0.029776310548186302,0.18838392198085785,0.0,0.0,0.05350678414106369,0.02993675321340561,0.0,0.0,0.006854759994894266,0.0,0.12469632178544998,0.0,0.06662342697381973,0.0,0.0,0.0,0.043701980262994766,0.09521347284317017,0.07647518813610077,0.0018291051965206861,0.0,0.326779305934906,0.03730307146906853,0.0,0.04117685183882713,0.05135998874902725,0.2391698956489563,0.28297901153564453,0.010498709976673126,0.0014563070144504309,0.14115971326828003,0.15885908901691437,0.0,0.12131337821483612,0.0,0.0,0.006568439304828644,0.0037293590139597654,0.008580463007092476,0.03582628071308136,0.34910619258880615,0.08682934194803238,0.0072517176158726215,0.11880352348089218,0.0,0.011928915046155453,0.0,0.002554074628278613,0.18972896039485931,0.00017543988360557705,0.0,0.2967287302017212,0.3857828974723816,0.0,0.11428659409284592,0.0,0.0,0.0,0.14282993972301483,0.010365989990532398,0.28414738178253174,0.08710294961929321,0.02051842026412487,0.12293533235788345,0.0,0.03992297872900963,0.07407088577747345,0.0,0.10262664407491684,0.07036875933408737,0.0014587335754185915,0.006624961271882057,0.0,0.007174518890678883,0.0,0.11202165484428406,0.1035076230764389,0.4251093864440918,0.014856081455945969,0.20299217104911804,0.013542638160288334,0.02046654187142849,0.40394237637519836,0.007407320663332939,0.03537270426750183,0.2130250483751297,0.0,0.0847700908780098,0.0,0.004384334664791822,0.011543788947165012,0.0060760630294680595,0.08020836114883423,0.0,0.4822036623954773,0.00043610591092146933,0.024091415107250214,0.02211722917854786,0.3074513375759125,0.0909561812877655,0.11695706844329834,0.1618572175502777,0.056281812489032745,0.0,0.043734148144721985,0.08406509459018707,0.07678274065256119,0.0,0.0008446258725598454,0.2742859125137329,0.0,0.03687184676527977,0.006689758505672216,0.0,0.0,0.0,0.0,0.347202867269516,0.0,0.0,0.009462808258831501,0.12506267428398132,0.0,0.06417001038789749,0.09574604034423828,0.027598557993769646,0.1237325370311737,0.0,0.0,0.12114056944847107,0.25823360681533813,0.13126420974731445,0.06804434955120087,0.0,0.14964327216148376,0.0020476598292589188,0.022453106939792633,0.052961934357881546,0.0030099796131253242,0.0,0.4067172110080719,0.560905933380127,0.1940801739692688,0.0829901397228241,0.0,0.010643046349287033,0.0,0.033320292830467224,0.015579011291265488,0.011565045453608036,0.1319834142923355,0.450016587972641,0.00572033878415823,0.051297858357429504,0.18914727866649628,0.17960765957832336,0.02839701622724533,0.0,0.03930562734603882,0.0,0.18276159465312958,0.018271194770932198,0.4247119724750519,0.08115604519844055,0.015596188604831696,0.012671737931668758,-1.2684826850891113
44,0.22094476222991943,0.14054520428180695,0.09013261646032333,0.0,0.0,0.0,0.6588271260261536,0.03160395100712776,0.0,0.020282255485653877,0.030668985098600388,4.8391182644991204e-05,0.0,0.378491073846817,0.0,0.1291886866092682,0.06406199187040329,0.0,0.0,0.0,0.0,0.04763749614357948,0.0003955448919441551,0.17513398826122284,0.01570470817387104,0.0,0.0,0.5239138603210449,0.009133611805737019,0.11950044333934784,0.1729031205177307,0.3255641460418701,0.0,0.2711847126483917,0.09746825695037842,0.07384435087442398,0.0,0.27858608961105347,0.0014014645712450147,0.04736912250518799,0.10500334948301315,0.19752764701843262,0.0965365543961525,0.14179392158985138,0.16406172513961792,0.3161715269088745,0.368338018655777,0.055773310363292694,0.0,0.057086799293756485,0.2257363200187683,0.0,0.10150031745433807,0.025044431909918785,0.04974522069096565,0.0,0.37102070450782776,0.9085069298744202,0.3089969754219055,0.10204744338989258,0.0,0.03075166791677475,0.1935710459947586,0.0,0.0,0.026142865419387817,0.0,0.0,0.2858754098415375,0.19732236862182617,0.13593867421150208,0.0,0.23975789546966553,0.08821187168359756,0.11395858973264694,0.03317858278751373,0.004298361949622631,0.07485201954841614,0.0,0.17212708294391632,0.0,0.1020430475473404,0.0,0.13918602466583252,0.003818890079855919,0.0,0.0660281553864479,0.35816606879234314,0.27159711718559265,0.47343194484710693,0.06052437797188759,0.0,0.023132864385843277,0.09661015123128891,0.0,0.017151296138763428,0.683111846446991,0.0,0.006811114493757486,0.0,0.0,0.381049245595932,0.0,0.2429874837398529,0.5291200876235962,0.4083310067653656,0.07440757006406784,0.0018404468428343534,0.04264454543590546,0.0,0.0,0.10005410760641098,0.09563950449228287,0.3020831346511841,0.158161923289299,0.0,0.041728902608156204,0.0,0.11698582023382187,0.03499315679073334,0.0,0.09543427079916,0.0,0.015206818468868732,0.0,0.24782127141952515,0.0,0.0501696951687336,0.0,0.04587603360414505,0.0,0.13304241001605988,0.08093365281820297,0.0,0.05981432646512985,0.2590380311012268,0.0,0.0,0.05880764499306679,0.017418095842003822,0.0,0.0,0.04267056658864021,0.0,0.2592597007751465,0.0,0.10746940970420837,0.0004739375435747206,0.0,0.0,0.06556162983179092,0.2338898479938507,0.13459709286689758,0.0,0.0,0.4282986521720886,0.008946042507886887,0.0,0.03916550800204277,0.06340761482715607,0.47576290369033813,0.34863853454589844,0.017108643427491188,0.0,0.17082755267620087,0.16946418583393097,0.0,0.30623140931129456,0.0,0.0,0.000395260751247406,0.004878504201769829,0.036664947867393494,0.04120807722210884,0.37681856751441956,0.11775359511375427,0.030656814575195312,0.2588388919830322,0.0,0.013618293218314648,0.0,0.0,0.2694055438041687,0.00976558867841959,0.0,0.31513792276382446,0.39880311489105225,0.0,0.20581138134002686,0.0,0.0,0.0,0.15206921100616455,0.00962871965020895,0.33797529339790344,0.11150622367858887,0.027154812589287758,0.23265770077705383,0.0,0.062419675290584564,0.16966550052165985,0.0,0.04936261847615242,0.08863583952188492,0.0,0.0,0.0,0.0,0.0,0.10591818392276764,0.05489668250083923,0.44872844219207764,0.07953664660453796,0.3567698001861572,0.0,0.0658046081662178,0.5147473812103271,0.0,0.06095756217837334,0.30114734172821045,0.0,0.09896978735923767,0.0,0.0,0.013136133551597595,0.0,0.05813196673989296,0.0,0.45586490631103516,0.0,0.045702382922172546,0.0,0.39402005076408386,0.10609857738018036,0.037652403116226196,0.19468587636947632,0.08198626339435577,0.0,0.0875866636633873,0.16983669996261597,0.07651930302381516,0.0,0.0,0.43078458309173584,0.0,0.01758643239736557,0.041931867599487305,0.0,0.0,0.0,0.0,0.23852965235710144,0.0,0.0,0.01029555220156908,0.2641388475894928,0.0,0.10598953813314438,0.06739082932472229,0.008337886072695255,0.1966341733932495,0.0,0.0,0.2588692903518677,0.2941206693649292,0.031080832704901695,0.2026253193616867,0.0,0.2693580687046051,0.003598752897232771,0.024133136495947838,0.08557991683483124,0.0,0.0,0.39627817273139954,0.785223662853241,0.2727339267730713,0.13424012064933777,0.0,0.0,0.0,0.011498001404106617,0.030290033668279648,0.006917781196534634,0.06586119532585144,0.5442156195640564,0.0,0.09026734530925751,0.23580262064933777,0.1912364363670349,0.045507654547691345,0.0011794420424848795,0.011645256541669369,0.0,0.20276668667793274,0.018214184790849686,0.6153550148010254,0.03174259141087532,2.8369440769893117e-05,0.048023808747529984,0.0,0.03808306157588959,0.028109757229685783,0.0,0.0,0.0,0.18709449470043182,0.19852685928344727,0.0,0.03458299860358238,0.31601086258888245,0.14217905700206757,0.0,0.2839653193950653,0.3661317527294159,0.05273488909006119,0.0,0.30492955446243286,0.05248473212122917,0.0,0.0,0.29066941142082214,0.0,0.7075783610343933,0.04714532941579819,0.0,0.0,0.47788968682289124,0.0089546674862504,0.048175133764743805,0.0013332441449165344,0.1488374024629593,0.0029499472584575415,0.30678167939186096,0.0,0.0020774591248482466,0.026931194588541985,0.11522897332906723,0.24516136944293976,0.3978058397769928,0.011115162633359432,0.004122751299291849,0.2386426031589508,0.0018956505227833986,0.3188716173171997,0.0,0.14019986987113953,0.03098183311522007,0.0,0.12120186537504196,0.004794736858457327,0.0,0.4768010675907135,0.0,0.0,0.412319153547287,0.0,0.5401057004928589,0.055036336183547974,0.0,0.0,0.24887175858020782,0.024745432659983635,0.2413603812456131,0.0,0.0,0.0,0.7328022122383118,0.023274371400475502,0.007992248050868511,0.0,0.0,0.0918307825922966,0.4934772551059723,0.0,0.1326923817396164,0.2058718204498291,0.16761234402656555,0.0,0.11536935716867447,0.07140150666236877,0.0,0.0,0.23506303131580353,0.7126396894454956,0.024243189021945,0.0,0.09860844165086746,0.6504210829734802,0.2348146289587021,0.045204270631074905,0.4765815734863281,0.02778920903801918,0.03283197805285454,0.0006661549559794366,0.017395976930856705,0.22883081436157227,0.0,0.0,0.18587596714496613,0.2077629566192627,0.28263217210769653,0.0,0.6962273716926575,0.25209274888038635,0.0005387944984249771,0.01229921169579029,0.16018836200237274,0.0,0.0,0.4402637481689453,0.023964568972587585,0.014835494570434093,0.2288602590560913,0.00021576658764388412,0.0,0.036857616156339645,0.36723047494888306,0.0,0.021908005699515343,0.4239423871040344,0.026091773062944412,0.0,0.016779186204075813,0.2553010582923889,0.4062531590461731,0.0,0.0,0.4157927930355072,0.0,0.0,0.197463721036911,0.0,0.01350319106131792,0.0,0.0,0.015595239587128162,0.0,0.044274721294641495,0.0,0.0,0.00962813850492239,0.0,0.0,0.138052836060524,0.04460078850388527,0.0,0.008022555150091648,0.11492651700973511,0.0,0.0,0.0775269940495491,0.02631484344601631,0.0,0.0,0.07465993613004684,0.015253523364663124,0.0,0.0,0.0,0.29373684525489807,0.0,0.036212075501680374,0.0,0.0032541656401008368,0.09605933725833893,0.0,0.0,0.21947155892848969,0.0,0.00018790514150168747,0.016469351947307587,0.011169638484716415,0.0,0.00933572556823492,0.503085732460022,0.0,0.005641463678330183,0.1646849364042282,0.026057545095682144,0.004324119072407484,0.007903127931058407,0.13361093401908875,0.004212221596390009,0.026786107569932938,0.005700035952031612,0.05461648106575012,0.0,0.0,0.0,0.0,0.5211782455444336,0.16167621314525604,0.0,0.14324438571929932,0.3109000027179718,0.024531327188014984,0.31857967376708984,0.5024561285972595,0.0,0.11003141850233078,0.0,0.0,0.009622626006603241,0.0,0.0,0.0,0.4406033456325531,0.2682037353515625,0.0,0.14556638896465302,0.13709472119808197,0.0,0.00746565917506814,0.40608343482017517,0.06045098230242729,0.07970347255468369,0.0,0.0,0.5058687925338745,0.0,0.01854676753282547,0.10396770387887955,0.0,0.04450566694140434,0.005125170107930899,0.08650711923837662,0.38639554381370544,0.021686043590307236,0.4958049952983856,0.007456738501787186,0.011334389448165894,0.36218294501304626,0.01229157205671072,0.2761365473270416,0.04671480879187584,0.0,0.0,0.0156775563955307,0.02119634486734867,0.0,0.005494222044944763,0.0026017487980425358,0.3150496780872345,0.2023431807756424,0.18662479519844055,0.04873111471533775,0.0,0.0,0.0,0.0,0.4547695219516754,0.0,0.0,0.002473641885444522,0.020164167508482933,0.0,0.03186710551381111,0.0,0.0035463664680719376,0.02423185668885708,0.17439596354961395,0.04868466407060623,0.03742406889796257,0.0,0.968599259853363,0.0128690330311656,0.1982201337814331,0.08625166118144989,0.0,0.0,0.06260501593351364,0.28119736909866333,0.0,0.1029016375541687,0.06600619852542877,0.1295957863330841,0.0,0.23936787247657776,0.0,0.25978273153305054,0.015528731048107147,0.00873527955263853,0.44633179903030396,0.001961872912943363,0.20786559581756592,0.0,0.0,0.5748993754386902,0.22975924611091614,0.022627711296081543,0.0,0.0,0.2753615975379944,0.47140389680862427,0.0,0.32213497161865234,0.36742502450942993,0.2468881607055664,0.0014882341492921114,0.1738906353712082,0.10914665460586548,0.02989727258682251,0.0,0.0005903281271457672,0.0,0.4572150707244873,0.13278919458389282,0.0,0.017195260152220726,0.09282004833221436,0.08052348345518112,0.0,0.3646146059036255,0.10294301807880402,0.09917183965444565,0.0525934100151062,0.04113491624593735,0.00703852204605937,0.0,0.0,0.1509699672460556,0.0,0.3588390350341797,0.027001360431313515,0.0,0.0,0.5825135707855225,0.023159239441156387,0.03946518525481224,0.08946994692087173,0.3176971673965454,0.0,0.2567715644836426,0.05275494605302811,0.048238493502140045,0.0,0.16831691563129425,0.11973970383405685,0.22639040648937225,0.10502191632986069,0.15398173034191132,0.14826662838459015,0.07427086681127548,0.26697611808776855,0.17200563848018646,0.28084757924079895,0.04361700266599655,0.0,0.04604317620396614,0.11532142013311386,0.0,0.3375782370567322,0.0,0.02935568057000637,0.12166400998830795,0.1490762084722519,0.8373461961746216,0.24498966336250305,0.10498770326375961,0.0,0.20500536262989044,0.20060685276985168,0.06698796898126602,0.0,0.0,0.0,0.26218029856681824,0.25993573665618896,0.18041090667247772,0.06022016331553459,0.0,0.12843024730682373,0.3138570487499237,0.0063654109835624695,0.1278218924999237,0.06896626949310303,0.09269469231367111,0.0,0.14122489094734192,0.01231164950877428,0.02011820487678051,0.0,0.2064150869846344,0.14556148648262024,0.011252805590629578,0.04483797028660774,0.3740735948085785,0.4138036370277405,0.35332897305488586,0.04020193591713905,0.09894515573978424,0.04579718038439751,0.07753760367631912,0.023384815081954002,0.047901254147291183,0.5951787233352661,0.0,0.003829574678093195,0.13880303502082825,0.017947053536772728,0.45486146211624146,0.0,0.24895814061164856,0.40341344475746155,0.14336799085140228,0.06297829002141953,0.031526435166597366,0.04706093668937683,0.0,0.17161603271961212,0.06787805259227753,0.026176730170845985,0.3104219436645508,0.11208163946866989,0.0,0.06032349541783333,0.04584195837378502,0.05698167905211449,0.022326558828353882,0.18935362994670868,0.10318314284086227,0.023472264409065247,0.01647227443754673,0.10177246481180191,0.23417077958583832,0.006504331715404987,0.031170636415481567,0.08052925765514374,0.0,0.0,0.17746953666210175,0.030087918043136597,0.002259594388306141,0.015925614163279533,0.21844904124736786,0.0,0.0,0.03815210983157158,0.004732320550829172,0.0,0.0003724176494870335,0.014983290806412697,0.00014090091281104833,0.15359282493591309,0.0,0.07350170612335205,0.0,0.0,0.0,0.036627452820539474,0.1139400526881218,0.09039939194917679,0.0,0.0,0.2644352614879608,0.01852167770266533,0.0,0.0,0.045919742435216904,0.3591635227203369,0.15266966819763184,0.01305233221501112,0.0,0.13569116592407227,0.16606299579143524,0.0004091341106686741,0.14939473569393158,0.011385357938706875,0.0,0.01157580316066742,0.02096177637577057,0.023013753816485405,0.0011694043641909957,0.33918723464012146,0.22858090698719025,0.002116153482347727,0.10248961299657822,0.055652834475040436,0.014539310708642006,0.0010028511751443148,0.007546558976173401,0.19120073318481445,0.008591161109507084,0.0,0.24392734467983246,0.2955167889595032,0.0,0.053892653435468674,0.0,0.0,0.17137616872787476,0.18343080580234528,0.008068687282502651,0.2869799733161926,0.12859924137592316,0.021899959072470665,0.15589098632335663,0.09980582445859909,0.006856297142803669,0.10342657566070557,0.0,0.01600683480501175,0.07493948936462402,0.0013123240787535906,0.0,0.0,0.10226819664239883,0.0260001327842474,0.02219071052968502,0.17918981611728668,0.36898159980773926,0.04970821365714073,0.12484139204025269,0.16637325286865234,0.0289332065731287,0.3305732309818268,0.010179425589740276,0.02844942919909954,0.38396063446998596,0.0,0.09238343685865402,0.006889537908136845,0.013831892982125282,0.015859784558415413,0.005061058793216944,0.07836568355560303,0.07972704619169235,0.3482237458229065,0.12213251739740372,0.0665917843580246,0.032895684242248535,0.34838366508483887,0.03302610293030739,0.27316299080848694,0.10860929638147354,0.0030037567485123873,0.0,0.05733681470155716,0.09771442413330078,0.01778348907828331,0.0,0.0,0.32502394914627075,0.024970754981040955,0.07113564014434814,0.0068099359050393105,0.0,0.0,0.0016004011267796159,0.0,0.4095737040042877,0.0,0.0,0.0,0.15622049570083618,0.0,0.060220133513212204,0.012412472628057003,0.017346849665045738,0.13138368725776672,0.02073577046394348,0.0,0.1037551760673523,0.12175069004297256,0.5019742846488953,0.10776875168085098,0.00047080367221497,0.14131584763526917,0.0,0.022882478311657906,0.06267669051885605,0.15729406476020813,0.0,0.2772020101547241,0.47173187136650085,0.15304625034332275,0.03225110098719597,0.022833174094557762,0.007566631771624088,0.02980731427669525,0.0010706292232498527,0.010282090865075588,0.07416404783725739,0.05276217684149742,0.4139716327190399,0.0,0.047630224376916885,0.30876848101615906,0.2501072585582733,0.055401455610990524,0.0,0.0005428992444649339,0.05371973663568497,0.285400927066803,0.002113239374011755,0.4274054169654846,0.1698811650276184,0.04073522239923477,0.011172368191182613,-1.3434611558914185
45,0.22094476222991943,0.14054520428180695,0.09013261646032333,0.0,0.0,0.0,0.6588271260261536,0.03160395100712776,0.0,0.020282255485653877,0.030668985098600388,4.8391182644991204e-05,0.0,0.378491073846817,0.0,0.1291886866092682,0.06406199187040329,0.0,0.0,0.0,0.0,0.04763749614357948,0.0003955448919441551,0.17513398826122284,0.01570470817387104,0.0,0.0,0.5239138603210449,0.009133611805737019,0.11950044333934784,0.1729031205177307,0.3255641460418701,0.0,0.2711847126483917,0.09746825695037842,0.07384435087442398,0.0,0.27858608961105347,0.0014014645712450147,0.04736912250518799,0.10500334948301315,0.19752764701843262,0.0965365543961525,0.14179392158985138,0.16406172513961792,0.3161715269088745,0.368338018655777,0.055773310363292694,0.0,0.057086799293756485,0.2257363200187683,0.0,0.10150031745433807,0.025044431909918785,0.04974522069096565,0.0,0.37102070450782776,0.9085069298744202,0.3089969754219055,0.10204744338989258,0.0,0.03075166791677475,0.1935710459947586,0.0,0.0,0.026142865419387817,0.0,0.0,0.2858754098415375,0.19732236862182617,0.13593867421150208,0.0,0.23975789546966553,0.08821187168359756,0.11395858973264694,0.03317858278751373,0.004298361949622631,0.07485201954841614,0.0,0.17212708294391632,0.0,0.1020430475473404,0.0,0.13918602466583252,0.003818890079855919,0.0,0.0660281553864479,0.35816606879234314,0.27159711718559265,0.47343194484710693,0.06052437797188759,0.0,0.023132864385843277,0.09661015123128891,0.0,0.017151296138763428,0.683111846446991,0.0,0.006811114493757486,0.0,0.0,0.381049245595932,0.0,0.2429874837398529,0.5291200876235962,0.4083310067653656,0.07440757006406784,0.0018404468428343534,0.04264454543590546,0.0,0.0,0.10005410760641098,0.09563950449228287,0.3020831346511841,0.158161923289299,0.0,0.041728902608156204,0.0,0.11698582023382187,0.03499315679073334,0.0,0.09543427079916,0.0,0.015206818468868732,0.0,0.24782127141952515,0.0,0.0501696951687336,0.0,0.04587603360414505,0.0,0.13304241001605988,0.08093365281820297,0.0,0.05981432646512985,0.2590380311012268,0.0,0.0,0.05880764499306679,0.017418095842003822,0.0,0.0,0.04267056658864021,0.0,0.2592597007751465,0.0,0.10746940970420837,0.0004739375435747206,0.0,0.0,0.06556162983179092,0.2338898479938507,0.13459709286689758,0.0,0.0,0.4282986521720886,0.008946042507886887,0.0,0.03916550800204277,0.06340761482715607,0.47576290369033813,0.34863853454589844,0.017108643427491188,0.0,0.17082755267620087,0.16946418583393097,0.0,0.30623140931129456,0.0,0.0,0.000395260751247406,0.004878504201769829,0.036664947867393494,0.04120807722210884,0.37681856751441956,0.11775359511375427,0.030656814575195312,0.2588388919830322,0.0,0.013618293218314648,0.0,0.0,0.2694055438041687,0.00976558867841959,0.0,0.31513792276382446,0.39880311489105225,0.0,0.20581138134002686,0.0,0.0,0.0,0.15206921100616455,0.00962871965020895,0.33797529339790344,0.11150622367858887,0.027154812589287758,0.23265770077705383,0.0,0.062419675290584564,0.16966550052165985,0.0,0.04936261847615242,0.08863583952188492,0.0,0.0,0.0,0.0,0.0,0.10591818392276764,0.05489668250083923,0.44872844219207764,0.07953664660453796,0.3567698001861572,0.0,0.0658046081662178,0.5147473812103271,0.0,0.06095756217837334,0.30114734172821045,0.0,0.09896978735923767,0.0,0.0,0.013136133551597595,0.0,0.05813196673989296,0.0,0.45586490631103516,0.0,0.045702382922172546,0.0,0.39402005076408386,0.10609857738018036,0.037652403116226196,0.19468587636947632,0.08198626339435577,0.0,0.0875866636633873,0.16983669996261597,0.07651930302381516,0.0,0.0,0.43078458309173584,0.0,0.01758643239736557,0.041931867599487305,0.0,0.0,0.0,0.0,0.23852965235710144,0.0,0.0,0.01029555220156908,0.2641388475894928,0.0,0.10598953813314438,0.06739082932472229,0.008337886072695255,0.1966341733932495,0.0,0.0,0.2588692903518677,0.2941206693649292,0.031080832704901695,0.2026253193616867,0.0,0.2693580687046051,0.003598752897232771,0.024133136495947838,0.08557991683483124,0.0,0.0,0.39627817273139954,0.785223662853241,0.2727339267730713,0.13424012064933777,0.0,0.0,0.0,0.011498001404106617,0.030290033668279648,0.006917781196534634,0.06586119532585144,0.5442156195640564,0.0,0.09026734530925751,0.23580262064933777,0.1912364363670349,0.045507654547691345,0.0011794420424848795,0.011645256541669369,0.0,0.20276668667793274,0.018214184790849686,0.6153550148010254,0.03174259141087532,2.8369440769893117e-05,0.048023808747529984,0.19096942245960236,0.06657204777002335,0.014637235552072525,0.0,0.0,0.0,0.25212806463241577,0.03590346872806549,0.01669534482061863,0.09201082587242126,0.17550627887248993,0.05560586228966713,0.0,0.30988994240760803,0.2218373864889145,0.0,0.0,0.14808447659015656,0.10742507874965668,0.0,0.01971619203686714,0.06867247074842453,0.0,0.34367820620536804,0.2164638787508011,0.0,0.0,0.4123300015926361,0.0050306436605751514,0.051289644092321396,0.0,0.31302839517593384,0.0,0.14565959572792053,0.032239269465208054,0.0007679172558709979,0.023347895592451096,0.03677438199520111,0.1457180678844452,0.2611095905303955,0.27090322971343994,0.02531818114221096,0.19820046424865723,0.0,0.1093292236328125,0.0,0.3725196123123169,0.0,0.0,0.121455617249012,0.0019010765245184302,0.0,0.7374283671379089,0.0,0.0,0.14336898922920227,0.0016067863907665014,0.7674259543418884,0.1797519028186798,0.027640899643301964,0.0,0.05040149763226509,0.2974924147129059,0.12340424209833145,0.0,0.0,0.0,0.6155166029930115,0.27918994426727295,0.25422996282577515,0.0,0.0,0.1434609591960907,0.7372457981109619,0.0,0.011934120208024979,0.21990759670734406,0.0,0.0,0.13895262777805328,0.13836990296840668,0.0,0.06236310675740242,0.19517755508422852,0.2653966546058655,0.07203363627195358,0.0,0.3199876546859741,0.5587625503540039,0.17344285547733307,0.03874891623854637,0.3496263325214386,0.0727778822183609,0.0,0.004447184968739748,0.10321836918592453,0.4113636612892151,0.0,0.0022775547113269567,0.00438864529132843,0.40473562479019165,0.3651406466960907,0.0,0.29468026757240295,0.09619895368814468,0.019928015768527985,0.01005264651030302,0.3714379370212555,0.030462712049484253,0.0,0.28306397795677185,0.08470229059457779,0.0,0.25612854957580566,0.07241783291101456,0.0,0.1541435271501541,0.24148207902908325,0.0,0.007854459807276726,0.15729127824306488,0.22154827415943146,0.016538679599761963,0.0,0.08611736446619034,0.03561508655548096,0.0,0.0,0.1302153319120407,0.0,0.0,0.043357208371162415,0.010124062187969685,0.07303908467292786,0.002827913500368595,0.1854272037744522,0.04228357970714569,0.0,0.2104029357433319,0.0052359625697135925,0.0,0.0,0.0,0.0,0.027805205434560776,0.05792625620961189,0.05554915964603424,0.0,0.16626007854938507,0.0,0.0,0.0,0.00028230829047970474,0.0,0.0,0.12635299563407898,0.06894265860319138,0.0,0.0,0.0,0.0,0.03202933073043823,0.11312462389469147,0.00226426450535655,0.04264003783464432,0.1630694568157196,0.0,0.0,0.09979967027902603,0.0,0.05066360533237457,0.03795298933982849,0.02013598196208477,0.0,0.3752627372741699,0.11681999266147614,0.0,0.0,0.22169966995716095,0.008932462893426418,0.03518933802843094,0.0,0.09111177921295166,0.017615631222724915,0.045465752482414246,0.08376587182283401,0.2702322006225586,0.0,0.0,0.0,0.0,0.31884339451789856,0.35967954993247986,0.0,0.19007739424705505,0.03453550115227699,0.12031012028455734,0.024028269574046135,0.4160534143447876,0.0,0.04355234652757645,0.0,0.00763992452993989,0.10343591123819351,0.0,0.0,0.0683162659406662,0.5607102513313293,0.2043638527393341,0.009016272611916065,0.2651447653770447,0.3810056149959564,0.0,0.0,0.21214018762111664,0.054769303649663925,0.1420644372701645,0.0,0.0,0.030252784490585327,0.01757875084877014,0.1319584995508194,0.3323647081851959,0.0,0.16875940561294556,0.0,0.22486169636249542,0.11828604340553284,0.2328578382730484,0.22495105862617493,0.12113206833600998,0.15403763949871063,0.1274459958076477,0.006419497076421976,0.1770574003458023,0.0008375893230549991,0.0,0.0,0.0,0.009176014922559261,0.0,0.0,0.007667143363505602,0.0,0.24307012557983398,0.08279936760663986,0.0745639055967331,0.0,0.0,0.0,0.0,0.6997887492179871,0.0,0.0,0.03638496622443199,0.0,0.0,0.01215039100497961,0.01215918269008398,0.0,0.0,0.056050315499305725,0.08578643947839737,0.0,0.0,0.7135717868804932,0.0,0.1129380464553833,0.030258430168032646,0.0,0.0,0.13622279465198517,0.25617414712905884,0.0,0.07253029942512512,0.11423657834529877,0.0854414775967598,0.0,0.1332719624042511,0.0,0.1579771786928177,0.050880298018455505,0.0,0.31869715452194214,0.0186690092086792,0.19831949472427368,0.0,0.0,0.2677072286605835,0.04208596050739288,0.031335022300481796,0.0,0.0,0.4959276020526886,0.18558450043201447,0.0,0.10464989393949509,0.6725872159004211,0.07083355635404587,0.0,0.2532697021961212,0.10485993325710297,0.006814011838287115,0.0,0.0,0.0,0.4761488139629364,0.06217450276017189,0.005807520356029272,0.06537411361932755,0.05150780454277992,0.027517877519130707,0.0,0.36814719438552856,0.027370961382985115,0.06930534541606903,0.01744910702109337,0.0,0.0019022355554625392,0.0,0.0,0.09615705162286758,0.002527970587834716,0.2734322249889374,0.06597138941287994,0.0,0.0,0.5655048489570618,0.02533653937280178,0.03145386651158333,0.08611825108528137,0.39353397488594055,0.0,0.17921960353851318,0.041885968297719955,0.051593486219644547,0.0,0.10901940613985062,0.06965218484401703,0.1894165426492691,0.2184259593486786,0.17074958980083466,0.12803342938423157,0.03972699120640755,0.20789304375648499,0.08166688680648804,0.41404321789741516,0.009783579967916012,0.00622767535969615,0.050126202404499054,0.10474149882793427,0.0019050945993512869,0.4724108576774597,0.0,0.016191184520721436,0.016732465475797653,0.0997738242149353,0.897556483745575,0.2837556004524231,0.12414367496967316,0.0,0.1187010183930397,0.27678826451301575,0.007075195200741291,0.0,0.005837869364768267,0.0,0.15740609169006348,0.33661404252052307,0.2681855857372284,0.007936548441648483,0.0,0.1271842122077942,0.42243126034736633,0.005081482697278261,0.07608050107955933,0.09014815092086792,0.025122709572315216,0.0,0.12894263863563538,0.034799739718437195,0.009972468949854374,0.01069665513932705,0.21152129769325256,0.04296645149588585,0.015483819879591465,0.026577001437544823,0.42599207162857056,0.3618822991847992,0.3008500337600708,0.03415995091199875,0.03340580686926842,0.04880375787615776,0.059522949159145355,0.023086169734597206,0.10206975787878036,0.6159877181053162,0.0,0.015689894556999207,0.04677382484078407,0.06683149188756943,0.397927850484848,0.0,0.22793421149253845,0.32757213711738586,0.099683977663517,0.03861412778496742,0.07910282909870148,0.06276378035545349,0.0,0.06496596336364746,0.05840181186795235,0.001663504051975906,0.314116895198822,0.15006014704704285,0.0,0.09773630648851395,0.05031182989478111,0.026927337050437927,0.029801541939377785,0.0885234847664833,0.17720691859722137,0.057831477373838425,0.006274903193116188,0.00396002409979701,0.05816231295466423,0.02243196591734886,0.035744089633226395,0.016408732160925865,0.0,0.004858408123254776,0.08287074416875839,0.020170612260699272,0.012556585483253002,0.02816155180335045,0.2917630672454834,0.007689394522458315,0.0,0.10182563960552216,0.05318767949938774,0.0,0.0,0.0,0.0020524165593087673,0.0845026969909668,0.0,0.12415049225091934,0.0,0.0,0.0,0.010269048623740673,0.034605592489242554,0.06233137100934982,0.0,0.0,0.29607954621315,0.06271760165691376,0.0,0.003145640715956688,0.05329019948840141,0.13096456229686737,0.1703014075756073,0.018886443227529526,0.0,0.14387750625610352,0.17687572538852692,0.0,0.038773711770772934,0.0,0.0,0.04034680873155594,0.04309302195906639,0.025880154222249985,0.002788044046610594,0.4516492187976837,0.111051544547081,0.0,0.046250030398368835,0.04739457741379738,0.008284293115139008,0.020936056971549988,0.004633211996406317,0.15087014436721802,0.02526414394378662,0.0,0.28123077750205994,0.40862199664115906,0.0,0.008246864192187786,0.0,0.0,0.08541036397218704,0.24057739973068237,0.011887004598975182,0.2707500755786896,0.05065281689167023,0.02953675575554371,0.11887641996145248,0.0348479188978672,0.0,0.08715339750051498,0.0,0.028410237282514572,0.09017813950777054,0.0,0.0011846701381728053,0.0,0.18482860922813416,0.002572534140199423,0.03189723938703537,0.2058473527431488,0.4436313807964325,0.016862260177731514,0.05320926010608673,0.044435255229473114,0.02500385418534279,0.3194974660873413,0.004165506921708584,0.020322686061263084,0.1664126217365265,0.0050670248456299305,0.1459592580795288,0.03405310958623886,0.0009217878105118871,0.049620334059000015,0.009494883939623833,0.1546996682882309,0.02511044219136238,0.40328386425971985,0.008390212431550026,0.09885114431381226,0.10016985982656479,0.2559897303581238,0.0247399490326643,0.20555250346660614,0.06739114224910736,0.0,0.0,0.029854264110326767,0.06799983978271484,0.009451819583773613,0.0,0.00859004445374012,0.1236417144536972,0.01159660890698433,0.05487721785902977,0.0032393282745033503,0.0,0.0,0.010057753883302212,0.0,0.5250043272972107,0.0,0.0,0.013199075125157833,0.057144805788993835,0.0,0.06536799669265747,0.06124166399240494,0.031164219602942467,0.07994077354669571,0.008769511245191097,0.0,0.05939232185482979,0.0480671152472496,0.39008191227912903,0.07699660211801529,0.0027703188825398684,0.07976821064949036,0.0,0.025104787200689316,0.1007528156042099,0.12720027565956116,0.0,0.29750698804855347,0.4297850728034973,0.13895192742347717,0.0,0.0024441909044981003,0.0006143328500911593,0.0,0.02549859695136547,0.0,0.06545769423246384,0.12761065363883972,0.40503522753715515,0.0,0.01003201398998499,0.20560254156589508,0.20026159286499023,0.07479342818260193,0.0,0.0004331689269747585,0.07748796045780182,0.20533767342567444,0.0010214683134108782,0.3155708909034729,0.3008193373680115,0.03325499966740608,0.014795986004173756,-0.4929600656032562
46,0.13090424239635468,0.06290525943040848,0.0,0.0,0.0,0.0,0.3360709547996521,0.05502065643668175,0.0,0.14314012229442596,0.14613071084022522,0.011486719362437725,0.0,0.2614613473415375,0.15367837250232697,0.04619944095611572,0.01733078807592392,0.1491745412349701,0.020842749625444412,0.0,0.0,0.04608643427491188,0.0,0.46113312244415283,0.1678656041622162,0.0,0.0,0.4114825427532196,0.010271807201206684,0.02935182675719261,0.0,0.3488234877586365,0.0,0.1157279685139656,0.008724864572286606,0.0026327306404709816,0.0,0.09445711225271225,0.19948036968708038,0.23352782428264618,0.1913648545742035,0.0577494315803051,0.1233326718211174,0.002043133834376931,0.19985593855381012,0.0,0.42471933364868164,0.00549682043492794,0.0,0.14866191148757935,0.0,0.0115880835801363,0.6445277333259583,0.012733514420688152,0.0,0.07201095670461655,0.033783573657274246,0.7180418968200684,0.093355692923069,0.05176475644111633,0.0,0.08417519181966782,0.22405488789081573,0.058979663997888565,0.0,0.0,0.0,0.5255448222160339,0.2908177077770233,0.13538537919521332,0.0,0.0013334465911611915,0.16663965582847595,0.6220866441726685,0.0,0.04349501430988312,0.26330432295799255,0.002444607438519597,0.0,0.03094065934419632,0.15347416698932648,0.01833105832338333,0.10049346089363098,0.16534423828125,0.38196125626564026,0.034261371940374374,0.0,0.2805662751197815,0.5365250706672668,0.27338042855262756,0.0466950349509716,0.2337649166584015,0.03130244091153145,0.0741707980632782,0.0,0.11582674086093903,0.3450583517551422,0.0,0.0,0.002574288286268711,0.2530839741230011,0.2101794332265854,0.0,0.42048531770706177,0.11795242875814438,0.03503422811627388,0.026693711057305336,0.36299386620521545,0.06309991329908371,0.0,0.1684967279434204,0.027336368337273598,0.0015673103043809533,0.24616511166095734,0.13854272663593292,0.00977391842752695,0.03834589943289757,0.26797905564308167,0.0,0.026532689109444618,0.10764859616756439,0.1779068559408188,0.000539149041287601,0.0,0.08329785615205765,0.10151415318250656,0.0,0.0,0.12516829371452332,0.0,0.0014046248979866505,0.09785643219947815,0.0,0.0163266584277153,0.02286146581172943,0.2160576581954956,0.020376218482851982,0.0,0.156209334731102,0.0013716729590669274,0.0,0.0,0.0,0.0,0.012249456718564034,0.0329868383705616,0.09029612690210342,0.0,0.0,0.0,0.0,0.042591579258441925,0.034383583813905716,0.0,0.0,0.212079718708992,0.04740935191512108,0.0,0.0,0.010539780370891094,0.03169310465455055,0.01249707955867052,0.05694401264190674,0.0,0.03214824199676514,0.14283053576946259,0.0,0.0,0.08170325309038162,0.0,0.06567350775003433,0.048340216279029846,0.016052911058068275,0.0,0.28185442090034485,0.24902884662151337,0.0,0.0,0.15960071980953217,0.005306706763803959,0.04248868301510811,0.0,0.0829453244805336,0.006120920181274414,0.0228616651147604,0.07615721970796585,0.22903524339199066,0.0,0.0,0.0,0.0,0.31187379360198975,0.25258854031562805,0.0011224668705835938,0.15626439452171326,0.12129683047533035,0.0004602836270350963,0.11323698610067368,0.3582862913608551,0.0,0.1284252107143402,0.0,0.0019692708738148212,0.041548553854227066,0.0,0.0,0.0,0.5079964399337769,0.20799803733825684,0.008130823262035847,0.20506316423416138,0.30630117654800415,0.0,0.010777887888252735,0.14782081544399261,0.05680437758564949,0.16716548800468445,0.0,0.0,0.08425970375537872,0.0,0.1112084686756134,0.17475487291812897,0.0,0.08456259220838547,0.0,0.29887744784355164,0.17958320677280426,0.13222147524356842,0.23789061605930328,0.06789632141590118,0.14225955307483673,0.30995315313339233,0.04652073234319687,0.15912124514579773,0.0,0.0,0.0,0.0023156984243541956,0.009706013835966587,0.007408774457871914,0.00013268164184410125,0.009160556830465794,0.10237863659858704,0.17647375166416168,0.043937258422374725,0.006980674806982279,0.0,0.0,0.0,0.0,0.6214122772216797,0.0,0.0,0.0,0.0,0.0,0.0,0.02572786808013916,0.0,0.017800061032176018,0.039920873939991,0.08186499774456024,0.02249738574028015,0.0,0.7120715379714966,0.026604562997817993,0.05719386786222458,0.07986805588006973,0.0,0.0,0.16965678334236145,0.11847271025180817,0.0,0.12123337388038635,0.1059931144118309,0.14865519106388092,0.0,0.11163098365068436,0.0,0.18044035136699677,0.0,0.0,0.2745570242404938,0.005650751758366823,0.18754233419895172,0.0,0.0075331032276153564,0.3045065104961395,0.08177291601896286,0.033244047313928604,0.0,0.0,0.3488537669181824,0.23551136255264282,0.0,0.1753101646900177,0.5660036206245422,0.12717756628990173,0.03912708908319473,0.0444430336356163,0.07585025578737259,0.0596744678914547,0.0,0.0,0.0,0.5032318830490112,0.1006401777267456,0.0,0.041910625994205475,0.05049874261021614,0.014015737920999527,0.0,0.4347849488258362,0.0,0.04230000823736191,0.028981806710362434,0.0,0.0026888754218816757,0.0,0.0,0.11833570152521133,0.0,0.18054699897766113,0.03541525453329086,0.0,0.0,0.4430232346057892,0.0,0.11466711014509201,0.0,0.2550187110900879,0.0,0.3017619252204895,0.020598165690898895,0.0604245699942112,0.1044049859046936,0.1542169749736786,0.004517966881394386,0.2475479245185852,0.06699080765247345,0.15954016149044037,0.14535650610923767,0.06855398416519165,0.20427200198173523,0.03400818258523941,0.3524695634841919,0.004712284542620182,0.0,0.042264584451913834,0.06008313596248627,0.0,0.2115153968334198,0.009097959846258163,0.01408938504755497,0.0,0.07226443290710449,0.7879100441932678,0.17311501502990723,0.02455783635377884,0.0,0.21640382707118988,0.18632987141609192,0.0,0.0,0.0045583173632621765,0.0,0.02810702472925186,0.09685593098402023,0.16328950226306915,0.008671414107084274,0.0,0.2536718547344208,0.19696557521820068,0.03294995799660683,0.07402412593364716,0.018536385148763657,0.024990910664200783,0.0,0.2490258514881134,0.026814129203557968,0.002575143240392208,0.0,0.22816096246242523,0.0,0.04670272767543793,0.01205832976847887,0.20468682050704956,0.37521523237228394,0.2634257674217224,0.05484597384929657,0.0,0.045658085495233536,0.022283894941210747,0.0,0.0,0.4911733865737915,0.0,0.007565263658761978,0.0,0.0,0.22011245787143707,0.0,0.15924489498138428,0.3463002145290375,0.11092934012413025,0.02291780337691307,0.02632175385951996,0.016154680401086807,0.0,0.014935711398720741,0.08543577045202255,0.051878422498703,0.19031016528606415,0.006918660365045071,0.0,0.05203720182180405,0.002430466003715992,0.027104774489998817,0.01247197575867176,0.0,0.028797192499041557,0.0,0.018052438274025917,0.0,0.2922423779964447,0.0,0.006531218066811562,0.0,0.007534862961620092,0.0,0.07826769351959229,0.008404596708714962,0.030537547543644905,0.004191500134766102,0.031223855912685394,0.0,0.0,0.2368088960647583,0.036749329417943954,0.0,0.0,0.010744890198111534,0.0,0.04473710060119629,0.0,0.030379576608538628,0.00666317343711853,0.20823118090629578,0.0,0.028696691617369652,0.012015383690595627,0.024520665407180786,0.0,0.0,0.10619356483221054,0.022859835997223854,0.0,0.026955358684062958,0.003726240945979953,0.04587069898843765,0.037090495228767395,0.08535883575677872,0.0,0.19361045956611633,0.12618553638458252,0.0,0.04140438884496689,0.0,0.0,0.0,0.0,0.02619062177836895,0.0,0.1241508424282074,0.0327555313706398,0.0,0.026614796370267868,0.02658422663807869,0.09685712307691574,0.0,0.0,0.0916207879781723,0.004956310614943504,0.006188729777932167,0.08826304972171783,0.32976505160331726,0.0,0.028089238330721855,0.0,0.0,0.008525921031832695,0.2431333363056183,0.0,0.14676183462142944,0.022064795717597008,0.13387852907180786,0.11392822116613388,0.06648281216621399,0.009942286647856236,0.04605909809470177,0.0,0.035323143005371094,0.03272716701030731,0.0,0.0,0.0,0.0,0.0,0.037554167211055756,0.07536044716835022,0.3084615170955658,0.0,0.179529070854187,0.011165432631969452,0.13020770251750946,0.410579115152359,0.0,0.0,0.18275567889213562,0.0,0.05520377680659294,0.0,0.0,0.047062184661626816,0.0,0.005127454176545143,0.0,0.21944841742515564,0.018332278355956078,0.0008703875355422497,0.0,0.19018763303756714,0.10682249069213867,0.18371890485286713,0.09265635907649994,0.016275009140372276,0.0011079779360443354,0.03815322741866112,0.02999594807624817,0.012215547263622284,0.009717436507344246,0.0,0.23036131262779236,0.003274358808994293,0.0,0.07301310449838638,0.0,0.0,0.0,0.0,0.30350252985954285,0.0,0.0,0.0028147022239863873,0.04166276007890701,0.0,0.03598805516958237,0.04286778345704079,0.006839023437350988,0.051818303763866425,0.0,0.0,0.12477481365203857,0.020941542461514473,0.23057445883750916,0.06408359110355377,0.005845719948410988,0.22141486406326294,0.0,0.0,0.08554073423147202,0.050323791801929474,0.0,0.24589897692203522,0.5095770359039307,0.2986169159412384,0.0025203016120940447,0.0,0.0,0.0,0.07623254507780075,0.021172819659113884,0.033401988446712494,0.03302504122257233,0.31032487750053406,0.0007510203868150711,0.0,0.32742953300476074,0.2838101089000702,0.018117755651474,0.0,0.0,0.0,0.20602302253246307,0.0,0.5100954174995422,0.1267443299293518,0.019214611500501633,0.0,0.2044929414987564,0.03724376857280731,0.009776979684829712,0.0,0.0,0.0,0.45597365498542786,0.0635177493095398,0.0009162260685116053,0.07471109926700592,0.056481413543224335,0.028865903615951538,0.0,0.42545586824417114,0.023378979414701462,0.01616247370839119,0.03424239903688431,0.003653614316135645,0.010330629535019398,0.0,0.0,0.06733088195323944,0.004637238569557667,0.2452038824558258,0.09186184406280518,0.0010161581449210644,0.0,0.5225588083267212,0.0018927478231489658,0.02784053236246109,0.009865842759609222,0.40003812313079834,0.0,0.14163975417613983,0.02657235786318779,0.0620766207575798,0.0,0.06944410502910614,0.08786246180534363,0.2738109827041626,0.2595461308956146,0.14341381192207336,0.12343204021453857,0.031056292355060577,0.23309887945652008,0.0018181893974542618,0.5188327431678772,0.0,0.0,0.0396062396466732,0.0062411753460764885,0.0,0.5578634738922119,0.0,0.0,0.022308873012661934,0.04330753535032272,0.9290616512298584,0.2144065797328949,0.09992247819900513,0.0,0.11323800683021545,0.35400474071502686,0.001159953884780407,0.0,0.0,0.0,0.26546165347099304,0.3373297154903412,0.3022042512893677,0.0,0.0,0.16751912236213684,0.5323372483253479,0.0006387913599610329,0.07684741169214249,0.13204750418663025,0.0,0.0,0.1107911765575409,0.06399454176425934,0.0,0.03255109861493111,0.2098263055086136,0.08145448565483093,0.033045146614313126,0.0,0.4126046299934387,0.4073947072029114,0.2769968807697296,0.02708406373858452,0.07794521749019623,0.049660276621580124,0.019738849252462387,0.03122384287416935,0.07445219159126282,0.5926010608673096,0.0,0.005367829464375973,0.03143567591905594,0.1380881369113922,0.34650713205337524,0.0,0.15608267486095428,0.25510963797569275,0.06659352779388428,0.011619309894740582,0.14807675778865814,0.044324785470962524,0.0,0.10272117704153061,0.04089459776878357,0.0,0.2539069950580597,0.1252564638853073,0.0,0.13121376931667328,0.07217399775981903,0.0,0.018025949597358704,0.08657495677471161,0.15101949870586395,0.008760460652410984,0.0,0.019159920513629913,0.05612753704190254,0.0037118811160326004,0.0,0.019217101857066154,0.0,0.0,0.05802835151553154,0.020466819405555725,0.025437667965888977,0.013030361384153366,0.2595424950122833,0.005941965617239475,0.0,0.20384037494659424,0.05147114396095276,0.0,0.0,0.0,0.0,0.015859154984354973,0.0147214001044631,0.12136837840080261,0.0,0.014622592367231846,0.0,0.0,0.025157663971185684,0.018474576994776726,0.0,0.0,0.18783411383628845,0.07768271863460541,0.0,0.009278619661927223,0.013128165155649185,0.018558919429779053,0.060799743980169296,0.040943313390016556,0.0,0.12214693427085876,0.19644254446029663,0.0,0.003223234787583351,0.0,0.0,0.013955476693809032,0.014252771623432636,0.02759038284420967,0.0,0.4349210858345032,0.08788644522428513,0.0,0.0,0.09972941875457764,0.006021550856530666,0.012684496119618416,0.0,0.051872871816158295,0.012795016169548035,0.008875969797372818,0.2021406888961792,0.4166443943977356,0.0,0.0010537973139435053,0.0,0.0,0.12885259091854095,0.29224497079849243,0.0,0.27557802200317383,0.042275261133909225,0.052410345524549484,0.05069344490766525,0.12107046693563461,0.0,0.028635576367378235,0.0,0.022341739386320114,0.08548831939697266,0.0,0.0,0.0,0.2064248025417328,0.04626796767115593,0.032150864601135254,0.28061336278915405,0.4181727170944214,0.0,0.007984144613146782,0.06802834570407867,0.03480781614780426,0.3139338493347168,0.0,0.0,0.0964692085981369,0.004637524019926786,0.14693467319011688,0.046652961522340775,0.0,0.07862671464681625,0.0,0.18386751413345337,0.034907277673482895,0.3670942187309265,0.04475319758057594,0.09115652740001678,0.07716002315282822,0.18252348899841309,0.036884061992168427,0.24256113171577454,0.03763528913259506,0.0,0.0,0.009286673739552498,0.00450695538893342,0.0031117983162403107,0.0,0.007241612765938044,0.03467017412185669,0.0487482026219368,0.04101868346333504,0.0022880323231220245,0.0,0.0,0.0,0.0,0.5917959213256836,0.0,0.0,0.011691853404045105,0.0022729893680661917,0.0,0.02064693346619606,0.03236985206604004,0.006884667091071606,0.015446160919964314,0.005949989892542362,0.00027124991174787283,0.031015321612358093,0.009105951525270939,0.5261057615280151,0.012569756247103214,0.021165089681744576,0.04633593186736107,0.0,0.0,0.14991110563278198,0.1394818127155304,0.0,0.1531052589416504,0.3633381724357605,0.16649210453033447,0.0,0.0026933259796351194,0.0,0.008739480748772621,0.022111674770712852,0.0,0.09965124726295471,0.10921409726142883,0.3098065257072449,0.0,0.0,0.2679164409637451,0.19332462549209595,0.03915184363722801,0.0,0.0,0.20638243854045868,0.14765828847885132,0.0,0.2645086646080017,0.4247572422027588,0.03232739493250847,0.0008357502520084381,0.7430117130279541
47,0.014847127720713615,0.05549310892820358,0.04484972357749939,0.0,0.0,0.0,0.29979604482650757,0.15675362944602966,0.0,0.027844134718179703,0.1864253431558609,0.011458323337137699,0.0,0.28872010111808777,0.11386097222566605,0.04713281989097595,0.011698311194777489,0.1347702145576477,0.08777546882629395,0.0,0.0,0.1279701292514801,0.0,0.5604342222213745,0.047743137925863266,0.0,0.0,0.401605486869812,0.003180675208568573,0.11415580660104752,0.01733187772333622,0.21697548031806946,0.0,0.29460692405700684,0.027202334254980087,0.03034842014312744,0.07063046842813492,0.20655617117881775,0.12734243273735046,0.32949090003967285,0.005795372650027275,0.016762766987085342,0.18472182750701904,0.0377250574529171,0.2996150255203247,0.0,0.17776715755462646,0.04058545455336571,0.0,0.09721146523952484,0.0,0.0,0.30733293294906616,0.0010963998502120376,0.0,0.1928301751613617,0.04144620895385742,0.4790341258049011,0.03129182755947113,0.012386132963001728,0.0,0.18035051226615906,0.02449902892112732,0.0,0.0,0.0,0.0,0.3051126003265381,0.03770091384649277,0.059443581849336624,0.0,0.0,0.10706070810556412,0.1993013620376587,0.0,0.05002829432487488,0.10787375271320343,0.0786156877875328,0.0,0.07800614833831787,0.06961459666490555,0.043557967990636826,0.0,0.19359439611434937,0.35321614146232605,0.01978311315178871,0.001097528263926506,0.09364944696426392,0.5535780787467957,0.2878287136554718,0.03069443628191948,0.2177271544933319,0.03920089080929756,0.12630562484264374,0.004714308772236109,0.0030801412649452686,0.2428455352783203,0.0,0.0,0.015097513794898987,0.0697178840637207,0.17675864696502686,0.0,0.5372355580329895,0.19698292016983032,0.038985878229141235,0.008396434597671032,0.17671236395835876,0.0,0.0,0.11640559881925583,0.049882158637046814,0.028917985036969185,0.13745713233947754,0.0031287800520658493,0.0,0.028257951140403748,0.13464292883872986,0.012610726058483124,0.0,0.12242289632558823,0.012358486652374268,0.008635107427835464,0.003975376486778259,0.08222167193889618,0.4046458899974823,0.0,0.0,0.1363540142774582,0.0,0.0,0.11620558053255081,0.0,0.0,0.0,0.0009637321345508099,0.0,0.0,0.06425007432699203,0.0,0.0,0.025239840149879456,0.0,0.0,0.12327076494693756,0.05948583409190178,0.0,0.045010555535554886,0.1847454309463501,0.006569211371243,0.0,0.14800426363945007,0.028600649908185005,0.0,0.0,0.11197352409362793,0.01922685094177723,0.014821972697973251,0.0011029401794075966,0.0,0.22310175001621246,0.004534360021352768,0.03733030706644058,0.0,0.017161810770630836,0.07350648939609528,0.0009543001651763916,0.006583415903151035,0.02591811865568161,0.0,0.0,0.0,0.025690920650959015,0.0,0.023772891610860825,0.3049702048301697,0.0,0.004510003142058849,0.18780486285686493,0.03854566439986229,0.017509644851088524,0.0,0.17840202152729034,0.0,0.01562155969440937,0.014517026953399181,0.09511887282133102,0.0,0.0,0.0,0.0,0.1885886937379837,0.09733659774065018,0.0,0.08713335543870926,0.2543538212776184,0.06350947171449661,0.2707640528678894,0.2977134883403778,0.0,0.14907142519950867,0.0,0.0053191473707556725,0.011475820094347,0.0,0.0,0.008283615112304688,0.08155960589647293,0.12981021404266357,0.005323493387550116,0.03002859838306904,0.17080263793468475,0.0,0.05869360640645027,0.1731719672679901,0.07469864189624786,0.18358749151229858,0.0,0.0,0.28170737624168396,0.0,0.0,0.02375858649611473,0.0,0.0670635923743248,0.0,0.12784649431705475,0.12223110347986221,0.09166157245635986,0.32749953866004944,0.004227631259709597,0.0,0.32373756170272827,0.05742151290178299,0.15967079997062683,0.026286598294973373,0.0,0.0,0.014190485700964928,0.031125172972679138,0.0,0.012449480593204498,0.005756955593824387,0.323525995016098,0.0830875113606453,0.0709274560213089,0.08567024022340775,0.0,0.0,0.0,0.0,0.35637223720550537,0.0,0.0,3.8098543882369995e-05,0.012392891570925713,0.0,0.020606040954589844,0.03145328909158707,0.0,0.03960312157869339,0.032240670174360275,0.0024644332006573677,0.07274112850427628,0.013227860443294048,0.5982808470726013,0.035539887845516205,0.05246398597955704,0.11210731416940689,0.0,0.0,0.05919291079044342,0.0596957802772522,0.0,0.2487698644399643,0.0906534418463707,0.1895616352558136,0.0,0.03584323823451996,0.0,0.1338142305612564,0.0,0.002734212204813957,0.16871844232082367,0.010483735240995884,0.20648902654647827,0.0,0.005460018292069435,0.4373261332511902,0.13452719151973724,0.01343661267310381,0.0,0.0,0.08738178759813309,0.3739527463912964,0.0,0.35599350929260254,0.23308739066123962,0.12413041293621063,0.005940059199929237,0.19096942245960236,0.06657204777002335,0.014637235552072525,0.0,0.0,0.0,0.25212806463241577,0.03590346872806549,0.01669534482061863,0.09201082587242126,0.17550627887248993,0.05560586228966713,0.0,0.30988994240760803,0.2218373864889145,0.0,0.0,0.14808447659015656,0.10742507874965668,0.0,0.01971619203686714,0.06867247074842453,0.0,0.34367820620536804,0.2164638787508011,0.0,0.0,0.4123300015926361,0.0050306436605751514,0.051289644092321396,0.0,0.31302839517593384,0.0,0.14565959572792053,0.032239269465208054,0.0007679172558709979,0.023347895592451096,0.03677438199520111,0.1457180678844452,0.2611095905303955,0.27090322971343994,0.02531818114221096,0.19820046424865723,0.0,0.1093292236328125,0.0,0.3725196123123169,0.0,0.0,0.121455617249012,0.0019010765245184302,0.0,0.7374283671379089,0.0,0.0,0.14336898922920227,0.0016067863907665014,0.7674259543418884,0.1797519028186798,0.027640899643301964,0.0,0.05040149763226509,0.2974924147129059,0.12340424209833145,0.0,0.0,0.0,0.6155166029930115,0.27918994426727295,0.25422996282577515,0.0,0.0,0.1434609591960907,0.7372457981109619,0.0,0.011934120208024979,0.21990759670734406,0.0,0.0,0.13895262777805328,0.13836990296840668,0.0,0.06236310675740242,0.19517755508422852,0.2653966546058655,0.07203363627195358,0.0,0.3199876546859741,0.5587625503540039,0.17344285547733307,0.03874891623854637,0.3496263325214386,0.0727778822183609,0.0,0.004447184968739748,0.10321836918592453,0.4113636612892151,0.0,0.0022775547113269567,0.00438864529132843,0.40473562479019165,0.3651406466960907,0.0,0.29468026757240295,0.09619895368814468,0.019928015768527985,0.01005264651030302,0.3714379370212555,0.030462712049484253,0.0,0.28306397795677185,0.08470229059457779,0.0,0.25612854957580566,0.07241783291101456,0.0,0.1541435271501541,0.24148207902908325,0.0,0.007854459807276726,0.15729127824306488,0.22154827415943146,0.016538679599761963,0.0,0.08611736446619034,0.03561508655548096,0.0,0.0,0.1302153319120407,0.0,0.0,0.043357208371162415,0.010124062187969685,0.07303908467292786,0.002827913500368595,0.1854272037744522,0.04228357970714569,0.0,0.2104029357433319,0.0052359625697135925,0.0,0.0,0.0,0.0,0.027805205434560776,0.05792625620961189,0.05554915964603424,0.0,0.16626007854938507,0.0,0.0,0.0,0.00028230829047970474,0.0,0.0,0.12635299563407898,0.06894265860319138,0.0,0.0,0.0,0.0,0.03202933073043823,0.11312462389469147,0.00226426450535655,0.04264003783464432,0.1630694568157196,0.0,0.0,0.09979967027902603,0.0,0.05066360533237457,0.03795298933982849,0.02013598196208477,0.0,0.3752627372741699,0.11681999266147614,0.0,0.0,0.22169966995716095,0.008932462893426418,0.03518933802843094,0.0,0.09111177921295166,0.017615631222724915,0.045465752482414246,0.08376587182283401,0.2702322006225586,0.0,0.0,0.0,0.0,0.31884339451789856,0.35967954993247986,0.0,0.19007739424705505,0.03453550115227699,0.12031012028455734,0.024028269574046135,0.4160534143447876,0.0,0.04355234652757645,0.0,0.00763992452993989,0.10343591123819351,0.0,0.0,0.0683162659406662,0.5607102513313293,0.2043638527393341,0.009016272611916065,0.2651447653770447,0.3810056149959564,0.0,0.0,0.21214018762111664,0.054769303649663925,0.1420644372701645,0.0,0.0,0.030252784490585327,0.01757875084877014,0.1319584995508194,0.3323647081851959,0.0,0.16875940561294556,0.0,0.22486169636249542,0.11828604340553284,0.2328578382730484,0.22495105862617493,0.12113206833600998,0.15403763949871063,0.1274459958076477,0.006419497076421976,0.1770574003458023,0.0008375893230549991,0.0,0.0,0.0,0.009176014922559261,0.0,0.0,0.007667143363505602,0.0,0.24307012557983398,0.08279936760663986,0.0745639055967331,0.0,0.0,0.0,0.0,0.6997887492179871,0.0,0.0,0.03638496622443199,0.0,0.0,0.01215039100497961,0.01215918269008398,0.0,0.0,0.056050315499305725,0.08578643947839737,0.0,0.0,0.7135717868804932,0.0,0.1129380464553833,0.030258430168032646,0.0,0.0,0.13622279465198517,0.25617414712905884,0.0,0.07253029942512512,0.11423657834529877,0.0854414775967598,0.0,0.1332719624042511,0.0,0.1579771786928177,0.050880298018455505,0.0,0.31869715452194214,0.0186690092086792,0.19831949472427368,0.0,0.0,0.2677072286605835,0.04208596050739288,0.031335022300481796,0.0,0.0,0.4959276020526886,0.18558450043201447,0.0,0.10464989393949509,0.6725872159004211,0.07083355635404587,0.0,0.04667467251420021,0.029585812240839005,0.003756321035325527,0.0,0.0,0.0,0.24419982731342316,0.15808868408203125,0.0020197334233671427,0.06864865869283676,0.21160221099853516,0.07682094722986221,0.0,0.3378838896751404,0.25592032074928284,0.008369999937713146,0.018280334770679474,0.1686599850654602,0.05279840528964996,0.0,0.016191091388463974,0.1239166110754013,0.0,0.5069981813430786,0.11798301339149475,0.0002339426428079605,0.0,0.5148748755455017,0.007043304853141308,0.013503126800060272,0.0,0.3365629315376282,0.0,0.22224771976470947,0.0012071128003299236,0.03577910363674164,0.0,0.03984939306974411,0.2244570404291153,0.3316601514816284,0.12200316786766052,0.10821354389190674,0.123082734644413,0.017343606799840927,0.29654863476753235,0.0,0.2975154519081116,0.0,0.0,0.11402875185012817,0.0,0.0009952719556167722,0.6716273427009583,0.0,0.0,0.22312092781066895,0.0026847082190215588,0.6966022849082947,0.06793700903654099,0.050481729209423065,0.0,0.22058969736099243,0.16145284473896027,0.09943649172782898,0.0,0.0,0.0,0.6009359359741211,0.16959653794765472,0.13024532794952393,0.0,0.0,0.08624199032783508,0.514581561088562,0.0,0.13796794414520264,0.20922338962554932,0.01219072937965393,0.0,0.03806787356734276,0.10593123733997345,0.0,0.03911568969488144,0.23926571011543274,0.36019742488861084,0.013596839271485806,0.0,0.2522299885749817,0.5302785038948059,0.15822693705558777,0.01999592036008835,0.32438409328460693,0.015309512615203857,0.02595357596874237,0.024939177557826042,0.08205687999725342,0.3128291964530945,0.0,0.0001193841453641653,0.08658576011657715,0.23875316977500916,0.2048734724521637,0.0,0.28945907950401306,0.12669293582439423,0.006403390318155289,0.002252670004963875,0.2501741051673889,0.014124495908617973,0.0,0.2691345512866974,0.013732988387346268,0.0004644738510251045,0.21397462487220764,0.0470535084605217,0.0033495817333459854,0.05323520302772522,0.22761860489845276,0.0,0.0,0.2697628140449524,0.10615000128746033,0.0027519213035702705,0.0,0.18848812580108643,0.16657133400440216,0.0,0.0,0.17733226716518402,0.0,0.00032631540670990944,0.10209142416715622,0.0,0.00635182298719883,0.0071379877626895905,0.10452102869749069,0.016772018745541573,0.0,0.09547649323940277,0.0023384145461022854,0.0,0.0,0.0,0.0,0.025706423446536064,0.020691609010100365,0.029006440192461014,0.0,0.01241779513657093,0.0,0.0,0.02090037241578102,0.0,0.0,0.0,0.06947576254606247,0.10623976588249207,0.0,0.0028864021878689528,0.006564944051206112,0.03211367875337601,0.003011830151081085,0.0520503968000412,0.00011359807103872299,0.05932530760765076,0.14997395873069763,0.006446127779781818,0.0,0.10311621427536011,0.0,0.011312255635857582,0.0462593212723732,0.004715766757726669,0.0,0.15755988657474518,0.21688836812973022,0.0,0.0,0.2248365730047226,0.0035685421898961067,0.043535225093364716,0.0009137915913015604,0.029817841947078705,0.0057731978595256805,0.004916292615234852,0.07287613302469254,0.19451358914375305,0.0,0.0,0.0,0.0,0.33638468384742737,0.19576430320739746,0.0,0.12983396649360657,0.0971178412437439,0.012017746455967426,0.06254833936691284,0.3782649338245392,0.0,0.08617100119590759,0.0,0.001577599672600627,0.02243347465991974,0.0,0.0,0.0,0.4857713580131531,0.22853007912635803,0.0,0.2581281363964081,0.25556573271751404,0.0,0.0,0.3077068030834198,0.020787207409739494,0.1235998347401619,0.0,0.0,0.13899658620357513,0.001601165160536766,0.0757889598608017,0.2034233808517456,0.0,0.07912028580904007,0.0,0.17881163954734802,0.19086553156375885,0.13357919454574585,0.32840338349342346,0.030253056436777115,0.1047447919845581,0.19776032865047455,0.03648849204182625,0.3414958715438843,0.0,0.0,0.00024582119658589363,0.000628836452960968,0.011399935930967331,0.0,0.0,0.018640242516994476,0.034128401428461075,0.19773323833942413,0.10989349335432053,0.013585397973656654,0.0,0.0,0.0,0.0,0.6045128703117371,0.0,0.0,0.006312862038612366,0.0,0.0,0.0,0.019534658640623093,0.0,0.0,0.0705488994717598,0.05898016318678856,0.0067280493676662445,0.0,0.7657470703125,0.0,0.08764110505580902,0.03278994560241699,0.0,0.0,0.08612550795078278,0.27399593591690063,0.0,0.2086809277534485,0.07854722440242767,0.06916221976280212,0.0,0.13170871138572693,0.0,0.16315802931785583,0.004094604402780533,0.0,0.28178104758262634,0.025424767285585403,0.1750366985797882,0.0,0.0,0.3807843327522278,0.17753055691719055,0.011567892506718636,0.0,0.0,0.3266053795814514,0.3091966211795807,0.0,0.15140648186206818,0.5104433298110962,0.10100133717060089,0.00990707240998745,0.8404852151870728
48,0.47120118141174316,0.07365681231021881,0.08961840718984604,0.0,0.0,0.0,0.831439733505249,0.008989649824798107,0.0,0.3964564800262451,0.0,0.0,0.0,0.4491686224937439,0.0,0.035337917506694794,0.04135981202125549,0.0,0.0,0.030930783599615097,0.0,0.010850334540009499,0.00281246704980731,0.048748284578323364,0.3225034177303314,0.0,0.0,0.5782067775726318,0.030639294534921646,0.012696266174316406,0.04378615692257881,0.5698590874671936,0.0,0.04029327630996704,0.11112887412309647,0.019081149250268936,0.0,0.22143319249153137,0.15412075817584991,0.06412317603826523,0.8953627347946167,0.22429847717285156,0.07351426035165787,0.0558491088449955,0.12124142050743103,0.11431688070297241,0.9510701298713684,0.0073657771572470665,0.0,0.14447513222694397,0.20022685825824738,0.0,0.5380289554595947,0.0,0.05348934605717659,0.0,0.3303150236606598,1.5779811143875122,0.42006242275238037,0.3389747738838196,0.0,0.0354682132601738,0.687696099281311,0.0,0.0,0.012775138020515442,0.0,0.03599477559328079,0.6962698698043823,0.3429916501045227,0.1331912726163864,0.0,0.5181646347045898,0.7858050465583801,0.0997137650847435,0.015420721843838692,0.2720581591129303,0.005516425706446171,0.0,0.08015940338373184,0.029736122116446495,0.0070083229802548885,0.02618277631700039,0.2742452025413513,0.0,0.015338887460529804,0.0,0.855745255947113,0.46281611919403076,0.3507367670536041,0.23611758649349213,0.0,0.03639582544565201,0.05847577750682831,0.011816181242465973,0.45876699686050415,0.9551774859428406,0.0,0.017864685505628586,0.00942707248032093,0.05246752128005028,0.5647271871566772,0.0,0.0,0.29727745056152344,0.29384541511535645,0.0754421129822731,0.1383531391620636,0.2500268518924713,0.0,0.0,0.09312436729669571,0.12506461143493652,0.4154202938079834,0.8557095527648926,0.0,0.15065021812915802,0.09240666776895523,0.1043626070022583,0.06516764312982559,0.0049246856942772865,0.5821627974510193,0.1594606190919876,0.00954743567854166,0.0,0.0019887578673660755,0.0,0.14643283188343048,0.0,0.0,0.011659961193799973,0.05352454632520676,0.25589683651924133,0.07275116443634033,0.1661113053560257,0.9795106053352356,0.0,0.0,0.4439154267311096,0.019385740160942078,0.0,0.0,0.0,0.0,0.035615019500255585,0.0,0.6650882959365845,0.0,0.0,0.0,0.0,0.07029123604297638,0.03461203724145889,0.0,0.0,0.8074477910995483,0.05531316623091698,0.0,0.004171664826571941,0.11453033983707428,0.22237679362297058,0.21927522122859955,0.20362801849842072,0.0,0.17180611193180084,0.2816776633262634,0.0,0.07285532355308533,0.0,0.0,0.027748726308345795,0.04435982555150986,0.031317878514528275,0.0400439016520977,1.3046811819076538,0.06390640884637833,0.0032191453501582146,0.22113937139511108,0.0,0.0,0.0,0.0,0.000924614374525845,0.03437243402004242,0.0,0.6312083601951599,0.9205843806266785,0.03839324414730072,0.16492651402950287,0.0,0.0,0.020845243707299232,0.30038172006607056,0.0010525385150685906,0.4309075176715851,0.09667374193668365,0.04156895726919174,0.040495652705430984,0.003465913934633136,0.05730389058589935,0.11298055201768875,0.0,0.04232950881123543,0.4458417296409607,0.0,0.0004476701724343002,0.0,0.2847159504890442,0.012307008728384972,0.024130472913384438,0.30788326263427734,0.8429533839225769,0.034904416650533676,0.11292809993028641,0.0,0.04054613038897514,0.6424926519393921,0.0,0.09689566493034363,0.11684473603963852,0.0,0.5013769865036011,0.06535843014717102,0.09035176038742065,0.06923404335975647,0.0,0.7744443416595459,0.0,0.8765925765037537,0.0,0.2490541636943817,0.3002563416957855,0.36030951142311096,0.11810871213674545,0.12204162776470184,0.1400010734796524,0.01887228526175022,0.0,0.012851299718022346,0.034340161830186844,0.12124844640493393,0.0,0.00038849361590109766,0.00527151208370924,0.0,0.0,0.0,0.0,0.0,0.0,0.0,0.572746992111206,0.0,0.0,0.020577093586325645,0.3704500198364258,0.017336905002593994,0.07829698920249939,0.18085885047912598,0.1754123717546463,0.08140101283788681,0.0,0.017251519486308098,0.2519451081752777,0.21423423290252686,0.32654333114624023,0.03583073616027832,0.0,0.11825892329216003,0.0,0.0873618796467781,0.505525529384613,0.01123120915144682,0.0,0.2748259902000427,0.8034087419509888,0.35167384147644043,0.13681234419345856,0.0,0.0,0.0017627410124987364,0.09196058660745621,0.0,0.13757538795471191,0.31278204917907715,0.6665862798690796,0.0,0.1625789999961853,0.04116997495293617,0.20434951782226562,0.10882603377103806,0.0,0.028392797335982323,0.38127994537353516,0.0210882481187582,0.00020723071065731347,0.4534177780151367,0.4482746720314026,0.014791440218687057,0.013002105988562107,0.0,0.07715131342411041,0.05232983082532883,0.0,0.0,0.0,0.310663104057312,0.15392254292964935,0.0,0.01219667587429285,0.18673762679100037,0.032605379819869995,0.0,0.337782621383667,0.0,0.01334286667406559,0.008154273964464664,0.0032038409262895584,0.021348144859075546,0.0,0.0,0.15904100239276886,0.0,0.46441662311553955,0.02930719032883644,0.003027751110494137,0.0,0.4817729890346527,0.0,0.013680960983037949,0.0,0.21863679587841034,0.0,0.3533931374549866,0.0022717833053320646,0.06205572187900543,0.11029936373233795,0.11406728625297546,0.0,0.24545162916183472,0.0,0.18827638030052185,0.12693683803081512,0.11970527470111847,0.3095019459724426,0.0,0.21057769656181335,0.0024565402418375015,0.0,0.06287043541669846,0.03188205137848854,0.0,0.247951477766037,0.0,0.0,0.12278907001018524,0.006440106313675642,0.5465894937515259,0.020954106003046036,0.0,0.0,0.3211436867713928,0.020438045263290405,0.0,0.0,0.0,0.0,0.21987640857696533,0.011007602326571941,0.013535289093852043,0.0,0.0,0.14861829578876495,0.2389986515045166,0.0,0.18078170716762543,0.059144966304302216,0.09459415078163147,0.0,0.22166655957698822,0.07209870964288712,0.0010217460803687572,0.0,0.26106858253479004,0.10125657916069031,0.033884476870298386,0.0,0.05174585431814194,0.4755078852176666,0.16851824522018433,0.01760760322213173,0.05401819571852684,0.047684796154499054,0.084811732172966,0.02635398879647255,0.0,0.2716040015220642,0.0,0.0,0.04767611622810364,0.0,0.02444402500987053,0.0,0.3277808427810669,0.2992042601108551,0.002136480063199997,0.0344037190079689,0.043878939002752304,0.0,0.0,0.06868065893650055,0.05602439492940903,0.03498957306146622,0.0974908322095871,0.0,0.0,0.011711889877915382,0.03701594099402428,0.011926300823688507,0.0,0.07171474397182465,0.019456567242741585,0.0,0.0027722585946321487,0.015057944692671299,0.3793424963951111,0.0,0.0,0.0,0.0,0.0,0.03432650864124298,0.0,0.029309134930372238,1.6522593796253204e-05,0.0,0.0,0.0,0.16029669344425201,0.016595372930169106,0.0,0.005128323100507259,0.0029658153653144836,0.0,0.046634696424007416,0.0,0.0,0.039433613419532776,0.24594806134700775,0.0,0.01906036213040352,0.005710459314286709,0.03054220788180828,0.0,0.0,0.014565307646989822,0.091872438788414,0.0,0.0069878678768873215,0.0,0.020789818838238716,0.0,0.0456404946744442,0.0,0.1563643366098404,0.07951807975769043,0.012288779951632023,0.018985800445079803,0.01504499837756157,0.0,0.0,0.0,0.027386462315917015,0.0,0.0,0.15413713455200195,0.0,0.0,0.11530216038227081,0.03289139270782471,0.0,0.0,0.15222322940826416,0.0,0.005469050258398056,0.015165169723331928,0.13095541298389435,0.0,0.0,0.0,0.0,0.06668292731046677,0.16969649493694305,0.0,0.0885346531867981,0.06863614916801453,0.07514263689517975,0.14102643728256226,0.19817766547203064,0.0,0.051476139575242996,0.0,0.017494631931185722,0.004756416194140911,0.0,0.0,0.002987462095916271,0.0,0.0,0.0,0.08167773485183716,0.19234919548034668,0.0,0.09764408320188522,0.1373240202665329,0.09468267858028412,0.27345219254493713,0.0,0.0,0.28750672936439514,0.0,0.0029862523078918457,0.0,0.0,0.038355886936187744,0.0,0.020915476605296135,0.0,0.04871159791946411,0.14840592443943024,0.0,0.0,0.20769047737121582,0.11387951672077179,0.3251568675041199,0.08889150619506836,0.0,0.0005190700758248568,0.03109733574092388,0.0,0.0,0.016940981149673462,0.0,0.28948327898979187,0.018049929291009903,0.0046009765937924385,0.046175915747880936,0.0,0.0,0.0,0.0,0.2889400124549866,0.0,0.0,0.0,0.03175976127386093,0.0,0.018369141966104507,0.00909520499408245,0.0,0.07756859809160233,0.0,0.0009705177508294582,0.045897819101810455,0.0,0.4560942053794861,0.043459415435791016,0.026999972760677338,0.13595324754714966,0.0,0.0,0.08842077106237411,0.13452334702014923,0.0,0.35038304328918457,0.2066914588212967,0.26008033752441406,0.0,0.0,0.013458575122058392,0.002414525020867586,0.0322391502559185,0.020351234823465347,0.08766894787549973,0.003427803749218583,0.17532342672348022,0.0,0.0,0.44411665201187134,0.3336230516433716,0.02015344426035881,0.0,0.0,0.012637097388505936,0.34250372648239136,0.0,0.3864288628101349,0.1599828600883484,0.06144672632217407,0.0,0.4174618721008301,0.09538257122039795,0.06199217587709427,0.025090359151363373,0.003668640973046422,0.0,0.7624409794807434,0.03107224963605404,0.00955903809517622,0.24176044762134552,0.04624326154589653,0.003089207224547863,0.004116750322282314,0.5487020611763,0.0,0.007816989906132221,0.10325639694929123,0.0,0.029536405578255653,0.052097201347351074,0.0,0.016821222379803658,0.06479071080684662,0.05724106356501579,0.17496690154075623,0.0015281534288078547,0.0007870926056057215,0.5836950540542603,0.043439831584692,0.04946343973278999,0.05841931328177452,0.5019416809082031,0.0,0.04138685390353203,0.24610069394111633,0.04411523789167404,0.0,0.15121407806873322,0.0912967324256897,0.1612464338541031,0.6105374097824097,0.2302982062101364,0.17051726579666138,0.1085055023431778,0.17105600237846375,0.21022577583789825,0.7562448978424072,0.0031546487007290125,0.0,0.05130399763584137,0.04953961446881294,0.005327192135155201,0.520649254322052,0.009367108345031738,8.032967343751807e-06,0.0,0.4711739718914032,1.3790996074676514,0.5263388752937317,0.2350226193666458,0.0,0.06017688289284706,0.6485287547111511,0.0,0.0,0.08395405113697052,9.759018576005474e-05,0.12950032949447632,0.6396663784980774,0.5312385559082031,0.06519017368555069,0.0,0.3214987516403198,0.5330787897109985,0.1856362670660019,0.03713798150420189,0.10989964008331299,0.0,0.021282242611050606,0.17794230580329895,0.0580618716776371,0.0,0.047337617725133896,0.203452005982399,0.0901975929737091,0.039968088269233704,0.0,0.7229705452919006,0.39875614643096924,0.40791645646095276,0.14742016792297363,0.102745920419693,0.1078355684876442,0.016911586746573448,0.029479149729013443,0.268143892288208,0.9911831617355347,0.0,0.08740794658660889,0.046708934009075165,0.07364579290151596,0.7320486903190613,0.0,0.11622320115566254,0.3018318712711334,0.39086195826530457,0.09924178570508957,0.1277739256620407,0.1450093537569046,0.0,0.010577761568129063,0.08613976836204529,0.057186007499694824,0.32620444893836975,0.4820842742919922,0.0,0.21935144066810608,0.09738542139530182,0.03084840439260006,0.042221445590257645,0.025938114151358604,0.37331417202949524,0.055869393050670624,0.0023819447960704565,0.004634974058717489,0.0,0.019486328586935997,0.051960911601781845,0.018653512001037598,0.0,0.008819825015962124,0.03903943672776222,0.2128598392009735,0.0218467116355896,0.07694818824529648,0.6512877345085144,0.0,0.0,0.4227432906627655,0.07832738012075424,0.0,0.0,0.0,0.0,0.026884090155363083,0.0,0.40310755372047424,0.0,0.007397099398076534,0.0,0.0,0.12406566739082336,0.04607250913977623,0.0,0.0,0.541987419128418,0.14305366575717926,0.0,0.014700436033308506,0.07708412408828735,0.15828265249729156,0.24766649305820465,0.13644777238368988,0.006396028678864241,0.23530220985412598,0.26632651686668396,0.0,0.14122244715690613,0.004279869142919779,0.0,0.010006996802985668,0.0009564997744746506,0.057193685322999954,0.020214004442095757,1.099191665649414,0.06959529221057892,0.02470945380628109,0.09282755851745605,0.017566200345754623,0.00496306736022234,0.0,0.0008314148290082812,0.04783052206039429,0.039335817098617554,0.0,0.4904588758945465,0.8400095105171204,0.015547563321888447,0.21538046002388,0.0,0.0,0.052295636385679245,0.3296220004558563,0.015322970226407051,0.433599054813385,0.10828683525323868,0.13422973453998566,0.07199005782604218,0.07520892471075058,0.174881249666214,0.024750765413045883,0.0,0.10961136966943741,0.3121602535247803,0.0,0.015502684749662876,0.0,0.04953179135918617,0.1141689196228981,0.2359340488910675,0.2648436725139618,0.75652676820755,0.012348608113825321,0.15435181558132172,0.043180935084819794,0.06560546159744263,0.556920051574707,0.006242955103516579,0.0416070893406868,0.0885501280426979,0.0,0.3722342550754547,0.010829632170498371,0.11521077156066895,0.0814276784658432,0.0,0.4071636497974396,0.07240031659603119,0.7650111317634583,0.010631737299263477,0.2221166044473648,0.09449083358049393,0.2245270162820816,0.1192854791879654,0.12578080594539642,0.08890940248966217,0.14456355571746826,0.0,0.0017840622458606958,0.010671468451619148,0.16568714380264282,0.0,0.00700691994279623,0.0599246546626091,0.06122749298810959,0.11609627306461334,0.04124079644680023,0.003947255667299032,0.0,0.019907241687178612,0.0,0.6629937291145325,0.0,0.0,0.038817550987005234,0.1399514377117157,0.03166572004556656,0.09749408811330795,0.12341112643480301,0.047426968812942505,0.029032813385128975,0.0,0.012613660655915737,0.17423760890960693,0.28439050912857056,0.2978222370147705,0.05492611229419708,0.0,0.173094242811203,0.0,0.03244955465197563,0.28843772411346436,0.028121113777160645,0.0,0.2029077708721161,0.7846558690071106,0.2886775732040405,0.1764025241136551,0.0,0.0,0.01161224115639925,0.10218530148267746,0.016992462798953056,0.09734771400690079,0.2946532666683197,0.5935896039009094,0.0007180103566497564,0.06865567713975906,0.11543744057416916,0.20546431839466095,0.09328951686620712,0.0,0.08824483305215836,0.19789640605449677,0.05394827574491501,0.0502626970410347,0.35174253582954407,0.3710034191608429,0.03667321056127548,0.00821444671601057,-0.9073987007141113
49,0.13153815269470215,0.12858760356903076,0.03004780039191246,0.0,0.0,0.0,0.5562533140182495,0.05380178242921829,0.0,0.010689820162951946,0.03480154275894165,0.00260109337978065,0.0,0.3128419816493988,0.0,0.10133884102106094,0.05611870810389519,0.0,0.0,0.0,0.0,0.05313727259635925,0.0,0.23703445494174957,0.02067524753510952,0.0,0.0,0.4913625419139862,0.011280184611678123,0.09143953025341034,0.11721061915159225,0.31382495164871216,0.0,0.282706618309021,0.09305407851934433,0.054687339812517166,0.008726174011826515,0.21744012832641602,0.001476589939557016,0.07102115452289581,0.06225984916090965,0.16409090161323547,0.08353523164987564,0.11004164069890976,0.1733936071395874,0.16816218197345734,0.2776561677455902,0.026863113045692444,0.0,0.046216439455747604,0.16113682091236115,0.0,0.15428856015205383,0.019062049686908722,0.04703988507390022,0.0,0.30243420600891113,0.7333893775939941,0.2095789760351181,0.06671468168497086,0.0,0.08180157095193863,0.14018121361732483,0.0,0.0,0.009148037992417812,0.0,0.0,0.2182289958000183,0.15299701690673828,0.0365862138569355,0.0,0.17397506535053253,0.1411513388156891,0.0771331712603569,0.04741378873586655,0.009152904152870178,0.0588875412940979,0.0,0.1588183045387268,0.00938901025801897,0.06765460968017578,0.0,0.13808095455169678,0.0011169823119416833,0.0,0.058433063328266144,0.28909072279930115,0.33238694071769714,0.41317516565322876,0.03734861686825752,0.0,0.02431419864296913,0.07341345399618149,0.0,0.016532711684703827,0.5905753374099731,0.0,0.005387780722230673,0.0,0.0,0.3674263060092926,0.0,0.26546066999435425,0.41535863280296326,0.2449435591697693,0.05567939952015877,0.008707800880074501,0.005539460573345423,0.0,0.0,0.06696517765522003,0.04628325626254082,0.2565564215183258,0.0803874060511589,0.0,0.03540181741118431,0.0,0.09012733399868011,0.021488627418875694,0.0,0.056905072182416916,0.0,0.008996901102364063,0.0,0.32387545704841614,0.0,0.027254806831479073,0.0,0.033114347606897354,0.0,0.16968075931072235,0.03239649161696434,0.0028584820684045553,0.0330452062189579,0.13951373100280762,0.0,0.0,0.05075351893901825,0.010137014091014862,0.0,0.0,0.013710932806134224,0.0,0.14939726889133453,0.0,0.04916941747069359,0.0,0.007824589498341084,0.0,0.05180671811103821,0.15970702469348907,0.09217426925897598,0.0,0.0,0.31081023812294006,0.01859320141375065,0.0,0.03400709107518196,0.03834942728281021,0.30184850096702576,0.2095961570739746,0.013509219512343407,0.0,0.13388940691947937,0.11398546397686005,0.0,0.1704460084438324,0.0,0.0,0.0,0.002265953691676259,0.022037873044610023,0.02868298813700676,0.2555587887763977,0.11340128630399704,0.026940813288092613,0.1474878191947937,0.0,0.02282305806875229,0.0,0.0,0.22601720690727234,0.0,0.0,0.2037024348974228,0.33564332127571106,0.0,0.08683321624994278,0.0,0.0,0.0,0.14073991775512695,0.008201501332223415,0.28719282150268555,0.09654376655817032,0.02784579247236252,0.21012119948863983,0.0,0.04135638475418091,0.12204794585704803,0.0,0.03324095532298088,0.09259480237960815,0.0,0.0,0.0,0.0,0.0,0.09389567375183105,0.05115225166082382,0.37553492188453674,0.04071866348385811,0.2569482922554016,0.0,0.07176444679498672,0.40695667266845703,0.0007231479394249618,0.028414223343133926,0.2533780038356781,0.0,0.07320413738489151,0.0,0.0003991533594671637,0.013262348249554634,0.0,0.058382511138916016,0.0,0.36639687418937683,0.0,0.010631314478814602,0.0,0.33714237809181213,0.07933700084686279,0.07300762087106705,0.13905219733715057,0.05063137784600258,0.0,0.03970684856176376,0.08612551540136337,0.0627865344285965,0.0,0.0,0.34194737672805786,0.0,0.019089147448539734,0.05012441426515579,0.0,0.0,0.0,0.0,0.2785615026950836,0.0,0.0,0.01285085640847683,0.15001901984214783,0.0,0.07677320390939713,0.05956804007291794,0.005413317121565342,0.15919899940490723,0.0,0.0,0.16626282036304474,0.21273648738861084,0.10866978019475937,0.11625723540782928,0.0,0.18332929909229279,0.0,0.006549063138663769,0.08812972158193588,0.0012092192191630602,0.0,0.3314476013183594,0.5888422727584839,0.21927380561828613,0.06503534317016602,0.0,0.0,0.0,0.002769127953797579,0.013730060309171677,0.007652553729712963,0.046891529113054276,0.4589390456676483,0.0,0.06468583643436432,0.23182375729084015,0.16791141033172607,0.021466994658112526,0.0,0.003176826983690262,0.0,0.23012106120586395,0.0,0.5445550084114075,0.04758678004145622,0.002124018734320998,0.024829111993312836,0.01359045971184969,0.06842907518148422,0.012967283837497234,0.0,0.0,0.0,0.27339187264442444,0.13347871601581573,0.0,0.04216497391462326,0.2059255838394165,0.07142982631921768,0.0,0.33623993396759033,0.045446086674928665,0.01442609541118145,0.0028870534151792526,0.06494036316871643,0.023400966078042984,0.0,0.0007160819950513542,0.12235639989376068,0.0,0.3818981945514679,0.08162401616573334,0.0,0.0,0.3998706042766571,0.0029305501375347376,0.042115360498428345,0.003075650194659829,0.26704317331314087,0.0,0.2883268892765045,0.0002589946088846773,0.008165821433067322,0.06492599099874496,0.03526395559310913,0.029881412163376808,0.22347784042358398,0.03393346443772316,0.06279740482568741,0.18208734691143036,0.010179105214774609,0.24151937663555145,0.0,0.24904532730579376,0.0,0.0,0.028346916660666466,0.029407700523734093,0.0,0.5092979669570923,0.0,0.0,0.15015088021755219,0.0002261863846797496,0.575769305229187,0.05552315711975098,0.005887157749384642,0.0,0.23285433650016785,0.09257085621356964,0.04567568749189377,0.0,0.0,0.0,0.41690266132354736,0.11741648614406586,0.10853424668312073,0.0,0.0,0.10275048762559891,0.48404446244239807,0.0,0.11883912980556488,0.07380825281143188,0.006214309483766556,0.0,0.1819303035736084,0.07198487222194672,0.0,0.0,0.27160152792930603,0.16704079508781433,0.040256600826978683,0.0,0.16247114539146423,0.5311940312385559,0.17626839876174927,0.02109970711171627,0.23755131661891937,0.05475069582462311,0.0,0.008783196099102497,0.015023920685052872,0.30743035674095154,0.0,0.0,0.04731198400259018,0.13922865688800812,0.2096046656370163,0.0,0.2855217456817627,0.22231009602546692,0.0011938376119360328,0.009548623114824295,0.13182908296585083,0.0,0.0,0.1789725124835968,0.07690439373254776,0.0,0.16038250923156738,0.00031190449954010546,0.0,0.04568907618522644,0.0739215761423111,0.0,0.011702573858201504,0.14719165861606598,0.04617661237716675,0.006241334602236748,0.008690955117344856,0.08801243454217911,0.25527065992355347,0.0,0.0,0.08684554696083069,0.0,0.0,0.13178184628486633,0.0,0.04007420316338539,0.000641721417196095,0.02492900937795639,0.0,0.0,0.14865925908088684,0.0030413679778575897,0.0,0.0,0.0,0.0,0.019925247877836227,0.015870505943894386,0.002986953593790531,0.009519594721496105,0.23764832317829132,0.005111345089972019,0.0,0.0014322857605293393,0.008897701278328896,0.0,0.0,0.01089381892234087,0.03507944568991661,0.012861368246376514,0.0,0.0,0.0017559909028932452,0.007886558771133423,0.06268095970153809,0.0,0.08598712831735611,0.12352471798658371,0.0,0.0,0.061136987060308456,0.0,0.007282293401658535,0.020492829382419586,0.007796814199537039,0.0,0.08072422444820404,0.09445689618587494,0.0,0.0,0.18299929797649384,0.027347246184945107,0.02876567281782627,0.0,0.09175162762403488,0.0,0.026110593229532242,0.048503629863262177,0.16464252769947052,0.0,0.0,0.0,0.0,0.20111574232578278,0.25530195236206055,0.0,0.14515960216522217,0.016259904950857162,0.07362816482782364,0.055704694241285324,0.26955389976501465,0.0,0.04042985662817955,0.0,0.006281314883381128,0.04510199651122093,0.0,0.0,0.029178142547607422,0.1237763985991478,0.09986547380685806,0.0002521371643524617,0.12091970443725586,0.32551586627960205,0.0,0.0,0.22372913360595703,0.05508660152554512,0.1676347255706787,0.0,0.0,0.16392312943935394,0.0,0.02314501814544201,0.07144699990749359,0.0,0.11428382992744446,0.0,0.01438187900930643,0.04751647263765335,0.10912704467773438,0.2670091390609741,0.009262476116418839,0.0037018044386059046,0.139445960521698,0.011627181433141232,0.2773013114929199,0.023589083924889565,0.0,0.0,0.002551002660766244,0.018405983224511147,0.0,0.0,0.0,0.08504431694746017,0.11358300596475601,0.016217699274420738,0.09076856821775436,0.0,0.0,0.0,0.0,0.48401907086372375,0.0,0.0,0.0023380310740321875,0.0,0.0,0.008695918135344982,0.007594543043524027,0.0,0.022749854251742363,0.027145804837346077,0.03500255197286606,0.016240466386079788,0.0,0.5716292858123779,0.002176095964387059,0.08420208841562271,0.07017448544502258,0.0,0.0,0.05654827132821083,0.19191080331802368,0.0,0.1275525689125061,0.11963040381669998,0.11768019199371338,0.0,0.019038954749703407,0.0,0.062384121119976044,0.014463196508586407,0.0008846620912663639,0.18584492802619934,0.002169413259252906,0.17702285945415497,0.0,0.0,0.39399969577789307,0.21218609809875488,0.014484514482319355,0.0,0.0,0.23619689047336578,0.307256281375885,0.0,0.27758392691612244,0.3707291781902313,0.04442350193858147,0.0,0.09432648867368698,0.08313610404729843,0.00441797124221921,0.0,0.0,0.0,0.4358733296394348,0.1274050921201706,0.0,0.03721524029970169,0.07208313047885895,0.06314589083194733,0.0,0.35830894112586975,0.005716766230762005,0.060605037957429886,0.0478263795375824,0.0,0.0,0.0,0.0,0.10251319408416748,0.0,0.30834561586380005,0.03910278528928757,0.0,0.0,0.5327774882316589,0.014476305805146694,0.028896845877170563,0.07858052104711533,0.3605794608592987,0.0,0.2885068655014038,0.022182319313287735,0.0735362321138382,0.0,0.11104356497526169,0.01355310995131731,0.18811888992786407,0.068451888859272,0.2199096977710724,0.1139688715338707,0.09523523598909378,0.2692798972129822,0.05735521763563156,0.31564226746559143,0.012777438387274742,0.0,0.0325806587934494,0.11342435330152512,0.0,0.3607049286365509,0.0,0.02289504185318947,0.04523796588182449,0.11190915107727051,0.747198224067688,0.14122450351715088,0.08277550339698792,0.0,0.2082694172859192,0.1460329294204712,0.01241415273398161,0.0,0.002622157335281372,0.0,0.14539043605327606,0.2200135737657547,0.17238673567771912,0.014222841709852219,0.0,0.10385531932115555,0.2883739471435547,0.0043072449043393135,0.16857939958572388,0.029070472344756126,0.045581962913274765,0.0,0.1433267742395401,0.017461584880948067,0.018762223422527313,0.0,0.24044664204120636,0.011133434250950813,0.00762185687199235,0.040646377950906754,0.29798880219459534,0.3823026120662689,0.2687702476978302,0.01727783866226673,0.018092190846800804,0.025698743760585785,0.06639573723077774,0.026392986997961998,0.04195176810026169,0.5222263336181641,0.0,0.004402947146445513,0.08837870508432388,0.014784966595470905,0.2685665190219879,0.0,0.2041776031255722,0.36610499024391174,0.06558550894260406,0.04144791513681412,0.03397807851433754,0.029064947739243507,0.0,0.06682052463293076,0.04937991872429848,0.009952109307050705,0.239237442612648,0.06668683141469955,0.0,0.030135558918118477,0.006526914890855551,0.03985939547419548,0.017238738015294075,0.09344886988401413,0.07817953824996948,0.02703649178147316,0.0080606983974576,0.030631015077233315,0.22630782425403595,0.006524282041937113,0.020713577046990395,0.008077049627900124,0.0,0.0007637672824785113,0.11999986320734024,0.004432056099176407,0.008664951659739017,0.02779841423034668,0.14426708221435547,0.0,0.0,0.09207075834274292,0.05672848969697952,0.0,0.0,0.0005504013388417661,0.0,0.07060311734676361,0.0,0.04238474369049072,0.0,0.016835225746035576,0.0,0.023578649386763573,0.046124108135700226,0.0553656630218029,0.0,0.0,0.1744130551815033,0.06479103118181229,0.0,0.01623884215950966,0.0384058877825737,0.13420945405960083,0.1261800229549408,0.009481745772063732,0.0001443269575247541,0.1751297414302826,0.13760292530059814,0.0,0.08373449742794037,0.0,0.0,0.009662751108407974,0.020551668480038643,0.01908983290195465,0.015616063959896564,0.20682944357395172,0.09399068355560303,0.0,0.061826542019844055,0.054163865745067596,0.014291728846728802,0.006812734995037317,0.005656387656927109,0.17754091322422028,0.000998226460069418,0.0,0.2103905975818634,0.28253719210624695,0.0,0.014762034639716148,0.0,0.0,0.0420508086681366,0.17778414487838745,0.007817352190613747,0.22329352796077728,0.04533534497022629,0.023519158363342285,0.12370157241821289,0.02404489926993847,0.000820698740426451,0.07538340985774994,0.0,0.035582076758146286,0.045897193253040314,0.0,0.0,0.0,0.02925385907292366,0.0,0.006439439952373505,0.1303546279668808,0.35373443365097046,0.02415604330599308,0.09513115137815475,0.08635295927524567,0.048216983675956726,0.3013037145137787,0.00040550256380811334,0.024462753906846046,0.22391799092292786,0.0,0.06170129030942917,0.0,0.0,0.028476238250732422,0.005666638258844614,0.07200496643781662,0.004678062163293362,0.31506356596946716,0.033082712441682816,0.02986949123442173,0.03940808027982712,0.2379801869392395,0.0612994059920311,0.28223466873168945,0.09603248536586761,0.0,0.0,0.025034122169017792,0.055823005735874176,0.008351040072739124,0.0,0.00034768253681249917,0.20840394496917725,0.0014077064115554094,0.010710862465202808,0.009650193154811859,0.0,0.0,0.0,0.0,0.42590564489364624,0.0,0.0,0.0,0.07807464152574539,0.0,0.054385196417570114,0.045146841555833817,0.006708106957376003,0.10859151929616928,0.006169064901769161,0.0,0.07635976374149323,0.0582524798810482,0.34501054883003235,0.05623335763812065,0.0,0.09535327553749084,0.0,0.006069355644285679,0.07551989704370499,0.11757805198431015,0.0,0.32224082946777344,0.3840128183364868,0.17192986607551575,0.004749155603349209,0.0,0.0,0.0021715890616178513,0.023548321798443794,0.0007475584279745817,0.024616699665784836,0.07433903962373734,0.3496112525463104,0.0,0.024645397439599037,0.2988852858543396,0.27381107211112976,0.037359487265348434,0.0,0.0029718559235334396,0.03149885684251785,0.24518145620822906,0.0,0.37614795565605164,0.16552646458148956,0.007669433951377869,0.004177078604698181,-0.5125014185905457
50,0.0,0.14580698311328888,0.49901142716407776,0.0025319962296634912,0.0,0.0,0.6165251135826111,0.023064477369189262,0.0,0.0,0.06971359252929688,0.0,0.0,0.2560161054134369,0.0,0.19062575697898865,0.02071727253496647,0.0,0.0,0.0,0.0,0.13131533563137054,0.024541132152080536,0.6915145516395569,0.0,0.0,0.0,0.8383224606513977,0.07546878606081009,0.050354618579149246,0.2950911819934845,0.31335610151290894,0.0,0.40168699622154236,0.18109342455863953,0.38994666934013367,0.16907644271850586,0.7970860004425049,0.0,0.0014210757799446583,0.0,0.4300292432308197,0.0496140718460083,0.23809538781642914,0.5526755452156067,0.9194612503051758,0.09471753984689713,0.0,0.0,0.19541268050670624,0.3753562569618225,0.0,0.0,0.008799625560641289,0.21441571414470673,0.0,0.705437183380127,0.6566708087921143,0.1545850783586502,0.05330171808600426,0.0,0.031216956675052643,0.005395323503762484,0.0,0.0,0.11193660646677017,0.007867962121963501,0.0,0.1341460943222046,0.009054800495505333,0.6139037609100342,0.0,0.3648563325405121,0.0,0.11197283864021301,0.11362392455339432,0.0,0.5950393080711365,0.0,0.1136055514216423,0.018796073272824287,0.28434595465660095,0.002320026746019721,0.15566471219062805,0.0,0.0,0.15287916362285614,0.1682804375886917,0.4216732680797577,0.5398867726325989,0.10819404572248459,0.0,0.0,0.49480000138282776,0.0,0.0,0.4295858144760132,0.1101142019033432,0.0,0.007106830831617117,0.0,0.041176941245794296,0.0,0.523565411567688,0.7770289778709412,0.45221033692359924,0.25072622299194336,0.00425294041633606,0.0,0.0,0.0,0.23023076355457306,0.23016251623630524,0.2444600760936737,0.17344403266906738,0.0,0.0,0.0,0.23436005413532257,0.17837098240852356,0.0,0.055087246000766754,0.1792672872543335,0.01806602254509926,0.0,0.44949594140052795,0.0021692970767617226,0.251851886510849,0.0,0.0,0.0,0.008321575820446014,0.1466808319091797,0.0,0.08851303160190582,0.033986084163188934,0.0,0.0,0.037221238017082214,0.033826835453510284,0.0,0.01818820834159851,0.5972957611083984,0.0,0.5825796127319336,0.0,0.0,0.039336323738098145,0.0,0.0,0.0770333781838417,0.7553068995475769,0.2995852530002594,0.0,0.0,0.5816555023193359,0.004490009043365717,0.0,2.5456563889747486e-05,0.0,1.1863898038864136,0.3187517821788788,0.0,0.0,0.17561393976211548,0.04143685847520828,0.0,0.6736462712287903,0.0,0.0,0.0,0.0,0.053877200931310654,0.1280384510755539,0.0714355856180191,0.2393416315317154,0.022735506296157837,0.7789468765258789,0.0,0.0232236348092556,0.0,0.0,0.9064512252807617,0.006670026574283838,0.0,0.2480948567390442,0.21862371265888214,0.14484235644340515,0.6863566040992737,0.0,0.0,0.0,0.0,0.11936444789171219,0.1768777072429657,0.6465228199958801,0.019819585606455803,0.8549498319625854,0.0,0.07303962856531143,0.20340029895305634,0.0,0.014215032570064068,0.0,0.0,0.0,0.0,0.0,0.0,0.0027101635932922363,0.00014260431635193527,0.18936091661453247,0.08597730100154877,0.7086277008056641,0.0,0.25761011242866516,0.5193008780479431,0.0,0.07981596887111664,0.5699911713600159,0.011427074670791626,0.0072761401534080505,0.0,0.0,0.0,0.05793948844075203,0.023192021995782852,0.0,0.3738971948623657,0.008960005827248096,0.0,0.0,0.8568225502967834,0.4411666691303253,0.032102812081575394,0.20033086836338043,0.12933868169784546,0.00021978218865115196,0.2841806411743164,0.07842656970024109,0.002091595670208335,0.0,0.0,1.1752516031265259,0.0,0.039286598563194275,0.019569972530007362,0.0,0.0,0.0,0.0,0.008554468862712383,0.0,0.02693403698503971,0.0,0.8790748119354248,0.06585793942213058,0.07828748226165771,0.007446978706866503,0.08901925384998322,0.530750572681427,0.0,0.0,0.645555317401886,0.34800291061401367,0.0,0.5859456658363342,0.0,0.38418906927108765,0.045114580541849136,0.0,0.10873053222894669,0.0,0.028012918308377266,1.4983670711517334,0.8328608274459839,0.479095995426178,0.12274959683418274,0.0,0.0022740827407687902,0.0,0.0031924801878631115,0.4800146520137787,0.0,0.0031826640479266644,0.46405166387557983,0.0,0.0,0.6381208300590515,0.273648738861084,0.021513326093554497,0.010216942988336086,0.0,0.0,0.38818955421447754,0.12531189620494843,0.6468139886856079,0.0,0.007982944138348103,0.25170832872390747,0.04734303802251816,0.14053699374198914,0.06686712056398392,0.0,0.0,0.0,0.3773150146007538,0.08703867346048355,0.0,0.006837430410087109,0.12610624730587006,0.031102430075407028,0.0,0.2633059620857239,0.0,0.06909137964248657,0.005536296404898167,0.0,0.0,0.0,0.0,0.10371536761522293,0.0,0.46107080578804016,0.031925708055496216,0.0011268176604062319,0.0,0.5499475002288818,0.013974805362522602,0.027569115161895752,0.10523058474063873,0.2735280990600586,0.0,0.33667123317718506,0.03935416787862778,0.059441253542900085,0.005434919614344835,0.1749073714017868,0.016674524173140526,0.10154732316732407,0.03450597822666168,0.19220513105392456,0.07092946767807007,0.07805970311164856,0.23226645588874817,0.07256198674440384,0.14784397184848785,0.034064773470163345,0.0,0.10134097188711166,0.17467312514781952,0.0,0.2193375527858734,0.0,0.04567866027355194,0.027055129408836365,0.13351887464523315,0.614870011806488,0.12463681399822235,0.02601551078259945,0.0,0.1567479968070984,0.02616233564913273,0.0,0.0,0.0,0.0,0.05491650104522705,0.07411175966262817,0.025056222453713417,0.04942810535430908,0.0,0.12076102942228317,0.17873133718967438,0.0,0.1485358029603958,0.03659505397081375,0.08324280381202698,0.0,0.09064493328332901,0.04290638864040375,0.005890166386961937,0.0,0.21242789924144745,0.08482726663351059,0.004585076589137316,0.05599775165319443,0.166094109416008,0.4238869547843933,0.25266438722610474,0.039460159838199615,0.0018749128794297576,0.024998925626277924,0.12893016636371613,0.01513449102640152,0.058928996324539185,0.3741070330142975,0.0,0.0,0.047090135514736176,0.012967020273208618,0.10995950549840927,0.0,0.4359759986400604,0.3692011833190918,0.09271249175071716,0.05941716954112053,0.030388638377189636,0.007422605995088816,0.0,0.014757000841200352,0.06506732106208801,0.052835218608379364,0.22867143154144287,0.08892602473497391,0.0,0.007772636134177446,0.04092711582779884,0.07832656055688858,0.01300513930618763,0.027106698602437973,0.11654351651668549,0.043657414615154266,0.00985889881849289,0.003384679090231657,0.30834975838661194,0.0,0.006481914781033993,0.0009326515137217939,0.0,0.0,0.08152469247579575,0.010069857351481915,0.0030089018400758505,0.027274219319224358,0.07850787788629532,0.0,0.0,0.03409323841333389,0.0243197251111269,0.0,0.009267086163163185,0.01032024435698986,0.0,0.17370107769966125,0.0,0.018053757026791573,0.010276982560753822,0.05135377123951912,0.0,0.0664733424782753,0.08494577556848526,0.06763575971126556,0.0,0.0,0.27821001410484314,0.08850797265768051,0.0,0.00982236210256815,0.0378476083278656,0.21284827589988708,0.1276027262210846,0.014001627452671528,0.0,0.10902626067399979,0.06424994021654129,0.005476607941091061,0.11409936845302582,0.0,0.0,0.010881194844841957,0.001247977721504867,0.009159876964986324,0.04399195313453674,0.09230341017246246,0.18930228054523468,0.0,0.08494298905134201,0.022023219615221024,0.012055936269462109,0.0,0.006054259371012449,0.2933667302131653,0.0,0.0,0.14909997582435608,0.1322445422410965,0.0,0.05354779213666916,0.0,0.0,0.021363316103816032,0.06539938598871231,0.0011537624523043633,0.11682767421007156,0.1502152681350708,0.023070061579346657,0.24135780334472656,0.040453072637319565,0.0019733039662241936,0.1382036656141281,0.0,0.03128939867019653,0.029915055260062218,0.0,0.0,0.0,0.06910321116447449,0.0022983234375715256,0.018085794523358345,0.04054157808423042,0.2273787260055542,0.016954731196165085,0.14691027998924255,0.04890106990933418,0.0574750155210495,0.334446519613266,0.0,0.05369727313518524,0.32711300253868103,0.0,0.03989841789007187,0.006080301944166422,0.006294466555118561,0.012736164964735508,0.009901043027639389,0.13115203380584717,0.0022059022448956966,0.2139045149087906,0.008740459568798542,0.0012805002043023705,0.02142937481403351,0.3798803985118866,0.11443927139043808,0.19401824474334717,0.1474367082118988,0.0,0.0,0.042946577072143555,0.061169907450675964,0.019950248301029205,0.0,0.0,0.3815520703792572,0.0,0.03233662247657776,0.02590358629822731,0.0,0.0,0.0,0.0,0.21210387349128723,0.0,0.0,0.0002487360907252878,0.1518525779247284,0.0,0.07238707691431046,0.02334645204246044,0.04039961099624634,0.19570136070251465,0.0,0.0,0.11363842338323593,0.13719385862350464,0.2347230315208435,0.07245313376188278,0.0017183389281854033,0.08726336061954498,0.005661658011376858,0.02445615455508232,0.06490497291088104,0.06064123660326004,0.0,0.5199272632598877,0.30023446679115295,0.2032063752412796,0.009930961765348911,0.0,0.006418130826205015,0.0,0.017301933839917183,0.026750802993774414,0.07729224115610123,0.023375609889626503,0.3493107855319977,0.0,0.04896840453147888,0.3014233410358429,0.22445352375507355,0.034241922199726105,0.0,0.0,0.0,0.327629953622818,0.0,0.443866103887558,0.08081825822591782,0.0539696030318737,0.018516847863793373,0.039306942373514175,0.12908734381198883,0.20691974461078644,0.0,0.0,0.0,0.465730756521225,0.07488400489091873,0.0,0.013727018609642982,0.04397401586174965,0.007561547216027975,0.0006667007110081613,0.32034456729888916,0.0,0.07480979710817337,0.06266472488641739,0.0,0.0,0.0,0.0,0.08855440467596054,0.04678501561284065,0.5292506814002991,0.0,0.0,0.0,0.7171601057052612,0.04794175550341606,0.02700120210647583,0.15148411691188812,0.3697974979877472,0.0,0.3791712820529938,0.09934225678443909,0.2505427300930023,0.04156811162829399,0.4488672912120819,0.009285681881010532,0.039522457867860794,0.00371812516823411,0.33373522758483887,0.06230262666940689,0.20366716384887695,0.4268205463886261,0.5659887790679932,0.09719858318567276,0.00365009275265038,0.0,0.11418040096759796,0.24591031670570374,0.0,0.12385083734989166,0.02165476232767105,0.08665245771408081,0.0,0.49582284688949585,0.699858546257019,0.20561954379081726,0.04106343910098076,0.0,0.06634798645973206,0.04855351895093918,0.0,0.0,0.09397128969430923,0.0,0.005316870752722025,0.20831330120563507,0.07811115682125092,0.26716679334640503,0.0,0.20735782384872437,0.02123221941292286,0.05686572939157486,0.12776733934879303,0.0,0.25065794587135315,0.0,0.09462910145521164,0.025280039757490158,0.11734014004468918,0.008866175077855587,0.18143068253993988,0.12246601283550262,0.004744336009025574,0.09291035681962967,0.24560117721557617,0.38386061787605286,0.3802511394023895,0.0629967525601387,0.000848394469358027,0.0467715859413147,0.2612932622432709,0.010361629538238049,0.04460673779249191,0.46059587597846985,0.0010390663519501686,0.014666227623820305,0.010455953888595104,0.0,0.14925484359264374,0.0,0.3627397119998932,0.5037046670913696,0.33495983481407166,0.1545700579881668,0.027458731085062027,0.0008249960374087095,0.0,0.0001338183064945042,0.08348213136196136,0.06648486852645874,0.22420208156108856,0.10987924039363861,0.0,0.01787506975233555,0.006973958574235439,0.10313676297664642,0.09209014475345612,0.004158033989369869,0.07354108989238739,0.09680173546075821,0.0077166566625237465,0.0,0.2656484544277191,0.0,0.16800203919410706,0.0019579350482672453,0.009958240203559399,0.0,0.04690138250589371,0.07119148969650269,0.0,0.06359442323446274,0.06282012909650803,0.0,0.0030412650667130947,0.05770975723862648,0.050775784999132156,0.0,0.0,0.34735774993896484,0.0,0.3244706690311432,0.0,0.0,0.0037559717893600464,0.01634220778942108,0.0,0.03454137220978737,0.46633630990982056,0.1858140379190445,0.003445659065619111,0.0,0.45385608077049255,0.015422885306179523,0.0,0.013153974898159504,0.017721816897392273,0.6854532361030579,0.2698710560798645,0.002218612702563405,0.0,0.12531700730323792,0.05389980226755142,0.019829267635941505,0.3129075765609741,0.0,0.0,0.005080500617623329,0.0011807028204202652,0.013951723463833332,0.13027597963809967,0.16121812164783478,0.13973042368888855,0.011512854136526585,0.31588342785835266,0.005774371791630983,0.004856206011027098,0.0,0.0,0.5022289156913757,0.0003427290648687631,0.005184121895581484,0.2678334414958954,0.21090660989284515,0.0381963774561882,0.4010120630264282,0.0006402695435099304,0.0,0.0,0.01177408080548048,0.08066804707050323,0.19506850838661194,0.3584578335285187,0.016577523201704025,0.4800527095794678,0.002334419172257185,0.0430448055267334,0.09147679060697556,0.0,0.10631907731294632,0.0,0.0,0.001981046749278903,0.0,0.0,0.002575438003987074,0.07732949405908585,0.014797000214457512,0.25379738211631775,0.040685221552848816,0.44432857632637024,0.0028712968342006207,0.0973682627081871,0.40813887119293213,0.0020516475196927786,0.06055740267038345,0.3006322681903839,0.02425232343375683,0.04163823649287224,0.0,0.00019980654178652912,0.0,0.006927791517227888,0.05812729150056839,0.04804253578186035,0.3905453085899353,0.0112386429682374,0.0,0.0,0.5586479902267456,0.3080815374851227,0.09136781096458435,0.19231513142585754,0.07325274497270584,0.0007412348641082644,0.09507206827402115,0.05793071538209915,0.02517835982143879,0.0,0.0006354459910653532,0.635818362236023,0.0,0.12809203565120697,0.003101911162957549,0.0,0.0,0.0,0.0,0.19164547324180603,0.0,0.0,0.0,0.4164969325065613,0.007222555112093687,0.041824810206890106,0.03989635780453682,0.040567755699157715,0.23588481545448303,0.0,0.0,0.309279203414917,0.29629451036453247,0.04036271572113037,0.2513284683227539,0.015490006655454636,0.18729649484157562,0.030734620988368988,0.010915430262684822,0.04450872167944908,0.0,0.013837561942636967,1.0836838483810425,0.5387164950370789,0.2523805797100067,0.05471884086728096,0.0,0.010205470956861973,0.0035847299732267857,0.017943497747182846,0.1504611223936081,0.015505533665418625,0.06223800405859947,0.42102664709091187,0.0015160805778577924,0.008638697676360607,0.4555400609970093,0.1971697211265564,0.08165843039751053,0.0,0.029837872833013535,0.0,0.24541081488132477,0.06308004260063171,0.38683828711509705,0.005984978284686804,0.04827645793557167,0.08906947076320648,-0.6358081102371216
51,0.13090424239635468,0.06290525943040848,0.0,0.0,0.0,0.0,0.3360709547996521,0.05502065643668175,0.0,0.14314012229442596,0.14613071084022522,0.011486719362437725,0.0,0.2614613473415375,0.15367837250232697,0.04619944095611572,0.01733078807592392,0.1491745412349701,0.020842749625444412,0.0,0.0,0.04608643427491188,0.0,0.46113312244415283,0.1678656041622162,0.0,0.0,0.4114825427532196,0.010271807201206684,0.02935182675719261,0.0,0.3488234877586365,0.0,0.1157279685139656,0.008724864572286606,0.0026327306404709816,0.0,0.09445711225271225,0.19948036968708038,0.23352782428264618,0.1913648545742035,0.0577494315803051,0.1233326718211174,0.002043133834376931,0.19985593855381012,0.0,0.42471933364868164,0.00549682043492794,0.0,0.14866191148757935,0.0,0.0115880835801363,0.6445277333259583,0.012733514420688152,0.0,0.07201095670461655,0.033783573657274246,0.7180418968200684,0.093355692923069,0.05176475644111633,0.0,0.08417519181966782,0.22405488789081573,0.058979663997888565,0.0,0.0,0.0,0.5255448222160339,0.2908177077770233,0.13538537919521332,0.0,0.0013334465911611915,0.16663965582847595,0.6220866441726685,0.0,0.04349501430988312,0.26330432295799255,0.002444607438519597,0.0,0.03094065934419632,0.15347416698932648,0.01833105832338333,0.10049346089363098,0.16534423828125,0.38196125626564026,0.034261371940374374,0.0,0.2805662751197815,0.5365250706672668,0.27338042855262756,0.0466950349509716,0.2337649166584015,0.03130244091153145,0.0741707980632782,0.0,0.11582674086093903,0.3450583517551422,0.0,0.0,0.002574288286268711,0.2530839741230011,0.2101794332265854,0.0,0.42048531770706177,0.11795242875814438,0.03503422811627388,0.026693711057305336,0.36299386620521545,0.06309991329908371,0.0,0.1684967279434204,0.027336368337273598,0.0015673103043809533,0.24616511166095734,0.13854272663593292,0.00977391842752695,0.03834589943289757,0.26797905564308167,0.0,0.026532689109444618,0.10764859616756439,0.1779068559408188,0.000539149041287601,0.0,0.08329785615205765,0.10151415318250656,0.0,0.0,0.12516829371452332,0.0,0.0014046248979866505,0.09785643219947815,0.0,0.0163266584277153,0.02286146581172943,0.2160576581954956,0.020376218482851982,0.0,0.156209334731102,0.0013716729590669274,0.0,0.0,0.0,0.0,0.012249456718564034,0.0329868383705616,0.09029612690210342,0.0,0.0,0.0,0.0,0.042591579258441925,0.034383583813905716,0.0,0.0,0.212079718708992,0.04740935191512108,0.0,0.0,0.010539780370891094,0.03169310465455055,0.01249707955867052,0.05694401264190674,0.0,0.03214824199676514,0.14283053576946259,0.0,0.0,0.08170325309038162,0.0,0.06567350775003433,0.048340216279029846,0.016052911058068275,0.0,0.28185442090034485,0.24902884662151337,0.0,0.0,0.15960071980953217,0.005306706763803959,0.04248868301510811,0.0,0.0829453244805336,0.006120920181274414,0.0228616651147604,0.07615721970796585,0.22903524339199066,0.0,0.0,0.0,0.0,0.31187379360198975,0.25258854031562805,0.0011224668705835938,0.15626439452171326,0.12129683047533035,0.0004602836270350963,0.11323698610067368,0.3582862913608551,0.0,0.1284252107143402,0.0,0.0019692708738148212,0.041548553854227066,0.0,0.0,0.0,0.5079964399337769,0.20799803733825684,0.008130823262035847,0.20506316423416138,0.30630117654800415,0.0,0.010777887888252735,0.14782081544399261,0.05680437758564949,0.16716548800468445,0.0,0.0,0.08425970375537872,0.0,0.1112084686756134,0.17475487291812897,0.0,0.08456259220838547,0.0,0.29887744784355164,0.17958320677280426,0.13222147524356842,0.23789061605930328,0.06789632141590118,0.14225955307483673,0.30995315313339233,0.04652073234319687,0.15912124514579773,0.0,0.0,0.0,0.0023156984243541956,0.009706013835966587,0.007408774457871914,0.00013268164184410125,0.009160556830465794,0.10237863659858704,0.17647375166416168,0.043937258422374725,0.006980674806982279,0.0,0.0,0.0,0.0,0.6214122772216797,0.0,0.0,0.0,0.0,0.0,0.0,0.02572786808013916,0.0,0.017800061032176018,0.039920873939991,0.08186499774456024,0.02249738574028015,0.0,0.7120715379714966,0.026604562997817993,0.05719386786222458,0.07986805588006973,0.0,0.0,0.16965678334236145,0.11847271025180817,0.0,0.12123337388038635,0.1059931144118309,0.14865519106388092,0.0,0.11163098365068436,0.0,0.18044035136699677,0.0,0.0,0.2745570242404938,0.005650751758366823,0.18754233419895172,0.0,0.0075331032276153564,0.3045065104961395,0.08177291601896286,0.033244047313928604,0.0,0.0,0.3488537669181824,0.23551136255264282,0.0,0.1753101646900177,0.5660036206245422,0.12717756628990173,0.03912708908319473,0.00384318083524704,0.04812800884246826,0.046753425151109695,0.0,0.0,0.0,0.31098473072052,0.15296612679958344,0.0,0.03529120236635208,0.19272693991661072,0.08758015185594559,0.0,0.3521738648414612,0.1861354410648346,0.05481383576989174,0.0,0.11081989854574203,0.016227809712290764,0.0,0.0,0.20118975639343262,0.0,0.49532032012939453,0.05056823045015335,0.0,0.0,0.4605505168437958,0.005698170978575945,0.06429833173751831,0.0,0.18953068554401398,0.0,0.2792215347290039,0.0,0.0130653390660882,0.03083810582756996,0.11177933216094971,0.13979925215244293,0.35317957401275635,0.034613631665706635,0.026707762852311134,0.228734090924263,0.0,0.27425676584243774,0.0,0.23367124795913696,0.012697771191596985,0.0,0.048928312957286835,0.004685387481004,0.0,0.427449494600296,0.0,0.0,0.22499524056911469,0.0,0.6574132442474365,0.09084834158420563,0.0,0.0,0.19224728643894196,0.11242963373661041,0.08400397002696991,0.0,0.0002697962918318808,0.0,0.4973609745502472,0.06919871270656586,0.04946339875459671,0.0,0.0,0.13785162568092346,0.43607112765312195,0.0,0.11445007473230362,0.15112553536891937,0.060467805713415146,0.0,0.11880654841661453,0.053167250007390976,0.0,0.0,0.2586575746536255,0.4105537533760071,0.016415944322943687,0.0,0.13288910686969757,0.5315629839897156,0.2426261603832245,0.051502030342817307,0.26953497529029846,0.02453785389661789,0.023339077830314636,0.00032406506943516433,0.019798947498202324,0.32539182901382446,0.0,0.0,0.08622521162033081,0.12101578712463379,0.23616446554660797,0.0,0.4964441657066345,0.28985321521759033,0.014860523864626884,0.015706438571214676,0.12371490895748138,0.002067963359877467,0.0,0.2826373875141144,0.02687174640595913,0.029557283967733383,0.23019950091838837,0.007865970022976398,0.0,0.04308425262570381,0.20134462416172028,0.0067697749473154545,0.019992390647530556,0.26191446185112,0.03358256444334984,0.0,0.02021399326622486,0.09945061057806015,0.3297150433063507,0.0,0.0,0.2408750355243683,0.0,0.0,0.13244982063770294,0.0,0.01727515645325184,0.0,0.013491383753716946,0.006871384102851152,0.0,0.07286418974399567,0.0,0.0,0.0,0.0,0.0,0.10114296525716782,0.02385273016989231,0.010604744777083397,0.00930802058428526,0.13050371408462524,0.0,0.0,0.04372568055987358,0.016561660915613174,0.0,0.0,0.12465201318264008,0.024668119847774506,0.0,0.0,0.0,0.2165791541337967,0.0,0.07274860888719559,0.0,0.028135456144809723,0.11704622209072113,0.0,0.0034311655908823013,0.08749214559793472,0.0,0.0,0.005260783713310957,0.018963605165481567,0.0,0.06719856709241867,0.2933763265609741,0.0,0.006900557316839695,0.11154872924089432,0.04634389653801918,0.003242484526708722,0.0023651462979614735,0.13373124599456787,0.011931980960071087,0.023870224133133888,0.04158582165837288,0.12024116516113281,0.0,0.0,0.0,0.0,0.32018208503723145,0.19813789427280426,0.0,0.1329539269208908,0.20191822946071625,0.042076226323843,0.2501085102558136,0.33722496032714844,0.0,0.11268603801727295,0.0,0.0,0.028175929561257362,0.0,0.0,0.0,0.24201838672161102,0.15604883432388306,0.0,0.13445629179477692,0.211211696267128,0.0,0.011524362489581108,0.2737817168235779,0.0942106693983078,0.2015293389558792,0.0,0.0,0.37553390860557556,0.0,0.027678919956088066,0.05354330688714981,0.0,0.03389265760779381,0.0,0.09070829302072525,0.16503912210464478,0.07695154845714569,0.2979885935783386,0.01568838581442833,0.0,0.27376511693000793,0.03940042108297348,0.23720380663871765,0.04378236085176468,0.0,0.0,0.026846040040254593,0.012398796156048775,0.0,0.009848483838140965,0.006595442537218332,0.27329888939857483,0.09957442432641983,0.07953342795372009,0.05795516073703766,0.0,0.0,0.0,0.0,0.4036804437637329,0.0,0.0,0.004687933251261711,0.025525882840156555,0.0,0.03621684014797211,0.0,0.0035980790853500366,0.028103819116950035,0.057292938232421875,0.010331105440855026,0.04456315189599991,0.0,0.7350042462348938,0.019825885072350502,0.13431446254253387,0.11724049597978592,0.0,0.0,0.08224125951528549,0.20535250008106232,0.0,0.13747483491897583,0.1552075445652008,0.16154001653194427,0.0,0.0675995945930481,0.0,0.14388279616832733,0.030910704284906387,0.009462413378059864,0.27471277117729187,0.0,0.22318479418754578,0.0,0.0012624774826690555,0.4520098865032196,0.26350483298301697,0.016005096957087517,0.0,0.0,0.21518774330615997,0.3911203145980835,0.0,0.38558876514434814,0.3252021372318268,0.14031407237052917,0.0,0.11882849037647247,0.04429367184638977,0.0013038525357842445,0.0,0.0,0.0,0.36072924733161926,0.12393592298030853,0.0,0.06323251128196716,0.11108113825321198,0.07979388535022736,0.0,0.3760398328304291,0.17456327378749847,0.02178552746772766,0.026715535670518875,0.07166506350040436,0.004069918300956488,0.0,0.0006388031179085374,0.11118659377098083,0.0,0.3772779107093811,0.0905277356505394,0.0,0.0,0.5081802606582642,0.0014464271953329444,0.02810676582157612,0.0,0.3468295931816101,0.0,0.18504665791988373,0.021079741418361664,0.01455479022115469,0.0,0.05919714644551277,0.18880999088287354,0.3203766942024231,0.18722034990787506,0.09554091840982437,0.1403353065252304,0.0024290091823786497,0.25645700097084045,0.0030197484884411097,0.3736889660358429,0.0,0.0,0.08883126825094223,0.0,0.0014021506067365408,0.6275609731674194,0.0,0.0,0.1336108148097992,0.03081442043185234,0.8386135101318359,0.1611882895231247,0.06804674118757248,0.0,0.16847506165504456,0.276068776845932,0.037417273968458176,0.0,0.0,0.0,0.5064231157302856,0.27547696232795715,0.22888606786727905,0.0,0.0,0.12076539546251297,0.5559762120246887,0.0,0.09582017362117767,0.18262879550457,0.010461302474141121,0.0,0.07799556851387024,0.08543955534696579,0.003509804140776396,0.04028615728020668,0.22390492260456085,0.26487264037132263,0.018154636025428772,0.0,0.35143330693244934,0.501887321472168,0.2589094042778015,0.028525186702609062,0.1818792223930359,0.017461271956562996,0.03237602487206459,0.007162969559431076,0.07333430647850037,0.5063761472702026,0.0,0.0,0.0700489804148674,0.17696551978588104,0.39634382724761963,0.0,0.2374279648065567,0.21921592950820923,0.03938473016023636,0.011518126353621483,0.18388092517852783,0.04052048549056053,0.0,0.2659933567047119,0.016647296026349068,0.006037658080458641,0.27466312050819397,0.06534207612276077,0.0,0.08177211880683899,0.1547064483165741,0.0003455035912338644,0.018915895372629166,0.23015369474887848,0.10221036523580551,0.0,0.0,0.127474844455719,0.13794618844985962,0.0,0.00244397041387856,0.09935066103935242,0.0004012974677607417,0.0,0.1254550963640213,0.0015111574903130531,0.00857914611697197,0.023081598803400993,0.16759847104549408,0.009749168530106544,0.0,0.1334158182144165,0.009263184852898121,0.0,0.0,0.0,0.0,0.015622519887983799,0.020929865539073944,0.07344099879264832,0.0,0.006399018689990044,0.0,0.0,0.037262532860040665,0.007972916588187218,0.0,0.0,0.1567695289850235,0.06453897804021835,0.0,0.0,0.013756020925939083,0.07773227244615555,0.009311797097325325,0.03879795968532562,0.0,0.08308784663677216,0.16232232749462128,0.0,0.0,0.059362299740314484,0.0,0.017238570377230644,0.042816970497369766,0.010700750164687634,0.0,0.35106080770492554,0.19851061701774597,0.0,0.0,0.1119164451956749,0.003592521883547306,0.016436636447906494,0.0060587176121771336,0.040978796780109406,0.006068943068385124,0.0074662743136286736,0.14318256080150604,0.29266688227653503,0.00034321931889280677,0.0,0.0,0.0,0.3034909963607788,0.2758186459541321,0.0007925269892439246,0.21891756355762482,0.08327437937259674,0.01011171005666256,0.07725771516561508,0.2811260521411896,0.0,0.07600261270999908,0.0,0.0006586269591934979,0.05230746045708656,0.0,0.0,0.0,0.383280873298645,0.14422507584095,0.010428668931126595,0.27492696046829224,0.3356986939907074,0.0,0.0008156983531080186,0.17655815184116364,0.028337012976408005,0.2218988835811615,0.0,0.0,0.18879874050617218,0.0,0.09526009857654572,0.09491939097642899,0.0,0.061426304280757904,0.0,0.1711641550064087,0.11414285004138947,0.2715815603733063,0.20029297471046448,0.05208585783839226,0.08948054164648056,0.22585882246494293,0.011425793170928955,0.2755275070667267,0.0027025053277611732,0.0,0.0,0.004519490525126457,0.019116239622235298,0.010194883681833744,0.0,0.014867166988551617,0.08059777319431305,0.11779168248176575,0.09378451108932495,0.0,0.0,0.0,0.0,0.0,0.6073989272117615,0.0,0.0,0.0008067665039561689,0.0,0.0,0.0055418601259589195,0.008056549355387688,0.0,0.008730610832571983,0.02582099288702011,0.030419131740927696,0.015555332414805889,0.00017446037963964045,0.7396617531776428,0.01798080839216709,0.04908253997564316,0.039016686379909515,0.0,0.0,0.10898000746965408,0.21855971217155457,0.0,0.10879986733198166,0.2270241379737854,0.09475380927324295,0.0,0.07285613566637039,0.0,0.10290813446044922,0.001317022368311882,0.0,0.20147447288036346,0.03359551727771759,0.24019145965576172,0.0,0.0,0.3328670561313629,0.19153617322444916,0.01323420088738203,0.0,0.0,0.26025301218032837,0.2279420793056488,0.0,0.23339694738388062,0.4501461088657379,0.0751003697514534,0.01145093608647585,0.2726030945777893
52,0.11134401708841324,0.03647176921367645,0.0,0.0,0.0,0.0,0.17191481590270996,0.07056143879890442,0.0,0.14149805903434753,0.20300723612308502,0.03349851071834564,0.0,0.19250436127185822,0.3503038287162781,0.021290471777319908,0.0009642578661441803,0.2556535005569458,0.1121664047241211,0.0,0.039822109043598175,0.06129957735538483,0.0,0.5820100903511047,0.20658603310585022,0.0,0.0,0.43088868260383606,0.013500324450433254,0.010893180966377258,0.0,0.2844684422016144,0.0001321898598689586,0.13115717470645905,0.0,0.0,0.0,0.04849565774202347,0.32425594329833984,0.2276691347360611,0.16044993698596954,0.029913097620010376,0.10288923233747482,0.0,0.1580210030078888,0.0,0.2971082031726837,0.006088886875659227,0.0,0.2528356909751892,0.0,0.015278611332178116,0.722912609577179,0.0,0.0,0.19318000972270966,0.001937571563757956,0.6003533601760864,0.10417098551988602,0.04395179823040962,0.0,0.1032523438334465,0.1474563628435135,0.1558137685060501,0.0,0.0,0.0,0.7173817753791809,0.18132056295871735,0.08879882842302322,0.0,0.005019551608711481,0.11362045258283615,0.6121194362640381,0.0,0.03684977814555168,0.354778915643692,0.007953540422022343,0.0,0.0,0.18664458394050598,0.005199391394853592,0.0843380019068718,0.1856423318386078,0.5455053448677063,0.027331914752721786,0.0,0.26064416766166687,0.5308283567428589,0.1357373744249344,0.03862462937831879,0.39824873208999634,0.017414061352610588,0.060927681624889374,0.013028864748775959,0.13163794577121735,0.19219300150871277,0.0,0.0,0.013101966120302677,0.398832231760025,0.1724168360233307,0.0,0.521311342716217,0.03561054542660713,0.0,0.0034319923724979162,0.48372989892959595,0.013260476291179657,0.0,0.2968652844429016,0.024102887138724327,0.0002660834288690239,0.2661992609500885,0.0963263213634491,0.011067231185734272,0.04465872421860695,0.40434667468070984,0.0,0.027406880632042885,0.1947300285100937,0.21155321598052979,0.006892366334795952,0.0,0.17051778733730316,0.06107572093605995,0.0,0.0,0.2527128756046295,0.0,0.004267246928066015,0.11830674111843109,0.0,0.030277298763394356,0.007201485335826874,0.19052177667617798,0.07515481114387512,0.0,0.08809475600719452,0.0,0.0,0.0,0.0,0.0,0.03181629255414009,0.05150219798088074,0.04751049727201462,0.0,0.0,0.0,0.0,0.006499860901385546,0.007400515954941511,0.0,0.002901093102991581,0.16651690006256104,0.05023684352636337,0.0,0.0,0.004277663305401802,0.012171633541584015,0.008930547162890434,0.07610659301280975,0.002223402261734009,0.006403806619346142,0.10458870232105255,0.003244836116209626,0.0,0.1269545555114746,0.003013682784512639,0.07920712977647781,0.06595709919929504,0.0,0.0,0.1787603199481964,0.32325008511543274,0.0,0.0,0.2471953183412552,0.0004856702289544046,0.09861825406551361,0.0032379503827542067,0.04427728429436684,0.016017181798815727,0.024699527770280838,0.04825865104794502,0.14504191279411316,0.0,0.0,0.0,0.0,0.42152026295661926,0.1882982850074768,0.0,0.0936059057712555,0.18610528111457825,0.0,0.11202772706747055,0.49552884697914124,0.0,0.16329015791416168,0.0,0.0,0.013474092818796635,0.0,0.0,0.012575368396937847,0.8687257766723633,0.28520017862319946,0.0,0.22977082431316376,0.21489045023918152,0.0,0.0,0.27667680382728577,0.048823654651641846,0.05786345526576042,0.0,0.0,0.05726166442036629,0.0,0.11410529166460037,0.37206602096557617,0.0,0.1445809155702591,0.0013328945497050881,0.35336393117904663,0.262187659740448,0.07629036903381348,0.35088497400283813,0.06086321547627449,0.21863099932670593,0.2760104238986969,0.0065058087930083275,0.1575356125831604,0.0,0.0,0.0,0.0,0.014347326941788197,0.0,0.0,0.015094412490725517,0.005324672441929579,0.2736263573169708,0.11848185211420059,0.029433760792016983,0.0,0.0,0.0,0.0,0.6440237164497375,0.0,0.0,0.004623372573405504,0.0,0.0,0.0,0.03236476704478264,0.0,0.0,0.11239078640937805,0.14353090524673462,0.0,0.0,0.8146477937698364,0.0026972044724971056,0.1360054910182953,0.03697935491800308,0.0,0.0,0.127252459526062,0.2309778481721878,0.0,0.1716720163822174,0.0,0.03360705450177193,0.0,0.22845908999443054,0.0,0.2540074586868286,0.0,0.0,0.42641502618789673,0.014872067607939243,0.13736648857593536,0.0,0.0,0.2812066674232483,0.0336177833378315,0.04287974163889885,0.0,0.0,0.5031542778015137,0.3068658709526062,0.0,0.036804843693971634,0.6712118983268738,0.18047769367694855,0.040350526571273804,0.04734303802251816,0.14053699374198914,0.06686712056398392,0.0,0.0,0.0,0.3773150146007538,0.08703867346048355,0.0,0.006837430410087109,0.12610624730587006,0.031102430075407028,0.0,0.2633059620857239,0.0,0.06909137964248657,0.005536296404898167,0.0,0.0,0.0,0.0,0.10371536761522293,0.0,0.46107080578804016,0.031925708055496216,0.0011268176604062319,0.0,0.5499475002288818,0.013974805362522602,0.027569115161895752,0.10523058474063873,0.2735280990600586,0.0,0.33667123317718506,0.03935416787862778,0.059441253542900085,0.005434919614344835,0.1749073714017868,0.016674524173140526,0.10154732316732407,0.03450597822666168,0.19220513105392456,0.07092946767807007,0.07805970311164856,0.23226645588874817,0.07256198674440384,0.14784397184848785,0.034064773470163345,0.0,0.10134097188711166,0.17467312514781952,0.0,0.2193375527858734,0.0,0.04567866027355194,0.027055129408836365,0.13351887464523315,0.614870011806488,0.12463681399822235,0.02601551078259945,0.0,0.1567479968070984,0.02616233564913273,0.0,0.0,0.0,0.0,0.05491650104522705,0.07411175966262817,0.025056222453713417,0.04942810535430908,0.0,0.12076102942228317,0.17873133718967438,0.0,0.1485358029603958,0.03659505397081375,0.08324280381202698,0.0,0.09064493328332901,0.04290638864040375,0.005890166386961937,0.0,0.21242789924144745,0.08482726663351059,0.004585076589137316,0.05599775165319443,0.166094109416008,0.4238869547843933,0.25266438722610474,0.039460159838199615,0.0018749128794297576,0.024998925626277924,0.12893016636371613,0.01513449102640152,0.058928996324539185,0.3741070330142975,0.0,0.0,0.047090135514736176,0.012967020273208618,0.10995950549840927,0.0,0.4359759986400604,0.3692011833190918,0.09271249175071716,0.05941716954112053,0.030388638377189636,0.007422605995088816,0.0,0.014757000841200352,0.06506732106208801,0.052835218608379364,0.22867143154144287,0.08892602473497391,0.0,0.007772636134177446,0.04092711582779884,0.07832656055688858,0.01300513930618763,0.027106698602437973,0.11654351651668549,0.043657414615154266,0.00985889881849289,0.003384679090231657,0.30834975838661194,0.0,0.006481914781033993,0.0009326515137217939,0.0,0.0,0.08152469247579575,0.010069857351481915,0.0030089018400758505,0.027274219319224358,0.07850787788629532,0.0,0.0,0.03409323841333389,0.0243197251111269,0.0,0.009267086163163185,0.01032024435698986,0.0,0.17370107769966125,0.0,0.018053757026791573,0.010276982560753822,0.05135377123951912,0.0,0.0664733424782753,0.08494577556848526,0.06763575971126556,0.0,0.0,0.27821001410484314,0.08850797265768051,0.0,0.00982236210256815,0.0378476083278656,0.21284827589988708,0.1276027262210846,0.014001627452671528,0.0,0.10902626067399979,0.06424994021654129,0.005476607941091061,0.11409936845302582,0.0,0.0,0.010881194844841957,0.001247977721504867,0.009159876964986324,0.04399195313453674,0.09230341017246246,0.18930228054523468,0.0,0.08494298905134201,0.022023219615221024,0.012055936269462109,0.0,0.006054259371012449,0.2933667302131653,0.0,0.0,0.14909997582435608,0.1322445422410965,0.0,0.05354779213666916,0.0,0.0,0.021363316103816032,0.06539938598871231,0.0011537624523043633,0.11682767421007156,0.1502152681350708,0.023070061579346657,0.24135780334472656,0.040453072637319565,0.0019733039662241936,0.1382036656141281,0.0,0.03128939867019653,0.029915055260062218,0.0,0.0,0.0,0.06910321116447449,0.0022983234375715256,0.018085794523358345,0.04054157808423042,0.2273787260055542,0.016954731196165085,0.14691027998924255,0.04890106990933418,0.0574750155210495,0.334446519613266,0.0,0.05369727313518524,0.32711300253868103,0.0,0.03989841789007187,0.006080301944166422,0.006294466555118561,0.012736164964735508,0.009901043027639389,0.13115203380584717,0.0022059022448956966,0.2139045149087906,0.008740459568798542,0.0012805002043023705,0.02142937481403351,0.3798803985118866,0.11443927139043808,0.19401824474334717,0.1474367082118988,0.0,0.0,0.042946577072143555,0.061169907450675964,0.019950248301029205,0.0,0.0,0.3815520703792572,0.0,0.03233662247657776,0.02590358629822731,0.0,0.0,0.0,0.0,0.21210387349128723,0.0,0.0,0.0002487360907252878,0.1518525779247284,0.0,0.07238707691431046,0.02334645204246044,0.04039961099624634,0.19570136070251465,0.0,0.0,0.11363842338323593,0.13719385862350464,0.2347230315208435,0.07245313376188278,0.0017183389281854033,0.08726336061954498,0.005661658011376858,0.02445615455508232,0.06490497291088104,0.06064123660326004,0.0,0.5199272632598877,0.30023446679115295,0.2032063752412796,0.009930961765348911,0.0,0.006418130826205015,0.0,0.017301933839917183,0.026750802993774414,0.07729224115610123,0.023375609889626503,0.3493107855319977,0.0,0.04896840453147888,0.3014233410358429,0.22445352375507355,0.034241922199726105,0.0,0.0,0.0,0.327629953622818,0.0,0.443866103887558,0.08081825822591782,0.0539696030318737,0.018516847863793373,0.1821604073047638,0.08527739346027374,0.0,0.0,0.0,0.0,0.40085548162460327,0.07377316802740097,0.006970310118049383,0.060789499431848526,0.0788554921746254,0.04634590074419975,0.0,0.3444131016731262,0.03818792104721069,0.021444713696837425,0.012111338786780834,0.005186526570469141,0.00864699948579073,0.0,0.0012354832142591476,0.09655999392271042,0.0014250865206122398,0.32042261958122253,0.07224493473768234,0.0,0.0,0.5570395588874817,0.01119197066873312,0.024027084931731224,0.06473460048437119,0.37850040197372437,0.0,0.20798447728157043,0.05065768212080002,0.02972513809800148,0.0,0.07790878415107727,0.10617893934249878,0.2216915339231491,0.18702995777130127,0.14418108761310577,0.10844562202692032,0.024038856849074364,0.20875632762908936,0.02171003445982933,0.36163970828056335,0.00023225655604619533,0.006767734885215759,0.06220119819045067,0.05569983646273613,0.0,0.5258448719978333,0.0,0.0,0.0175594724714756,0.0811735987663269,0.8357548713684082,0.23163625597953796,0.10533640533685684,0.0,0.12258725613355637,0.2783010005950928,0.0160074383020401,0.0,0.004083612468093634,0.0,0.2524234354496002,0.29107022285461426,0.27738499641418457,0.0,0.0,0.09209311008453369,0.43562135100364685,0.007393796928226948,0.0767582505941391,0.1027313694357872,0.011089789681136608,0.0,0.0867861658334732,0.05765317752957344,0.0,0.019124826416373253,0.21742013096809387,0.11221903562545776,0.01598484255373478,0.014560057781636715,0.3948143720626831,0.41338104009628296,0.25772812962532043,0.026477402076125145,0.062261298298835754,0.030637098476290703,0.04347982257604599,0.016524145379662514,0.1004582867026329,0.5589466094970703,0.0,0.01420480664819479,0.04687345400452614,0.1196390837430954,0.38952356576919556,0.0,0.25301897525787354,0.24375544488430023,0.07662849873304367,0.026927556842565536,0.1368182748556137,0.03916461393237114,0.0,0.08467936515808105,0.03327924758195877,0.0019844062626361847,0.2938988506793976,0.1085425466299057,0.0,0.1107843816280365,0.09072422981262207,0.011094363406300545,0.011031960137188435,0.09727588295936584,0.1381603479385376,0.05697432532906532,0.0,0.025302337482571602,0.07800125330686569,0.005283476319164038,0.011096167378127575,0.016532696783542633,0.0,0.0011837686179205775,0.10183703154325485,0.023827021941542625,0.02894795872271061,0.018286673352122307,0.22104153037071228,0.006674493663012981,0.0,0.07474402338266373,0.04925864189863205,0.0,0.0,0.0,0.0,0.05533510074019432,0.0,0.07589270919561386,0.0,0.013105295598506927,0.0,0.0006704688421450555,0.019806860014796257,0.03292090818285942,0.0,0.0002521103888284415,0.21455012261867523,0.07714590430259705,0.0,0.004475036170333624,0.042123228311538696,0.05740535259246826,0.09350381791591644,0.018835797905921936,0.003997819032520056,0.11988694220781326,0.15640407800674438,0.0,0.0012674939353019,0.0,0.0,0.027005847543478012,0.04392004385590553,0.007330973166972399,0.004218407440930605,0.3839597702026367,0.12631277740001678,0.0,0.0015414898516610265,0.07743196189403534,0.0029016544576734304,0.025325940921902657,0.0070876809768378735,0.11455146968364716,0.008124563843011856,0.0051462845876812935,0.2073124796152115,0.36040449142456055,0.0,0.004015824757516384,0.0,0.0,0.11410044133663177,0.21396665275096893,0.0029506904538720846,0.22248466312885284,0.0532081238925457,0.02673974819481373,0.09057357162237167,0.10018905252218246,0.0,0.056394483894109726,0.0,0.02819812297821045,0.07009444385766983,0.0,0.0,0.00250106118619442,0.30539587140083313,0.04486846178770065,0.036859892308712006,0.22964194416999817,0.40086644887924194,0.0,0.011220031417906284,0.060819488018751144,0.025232695043087006,0.26885390281677246,0.0007751545053906739,0.0010716533288359642,0.14353756606578827,0.004469078034162521,0.10414376854896545,0.06889054924249649,0.0,0.0686812773346901,0.015453445725142956,0.16235259175300598,0.03385161608457565,0.3796553611755371,0.03664875030517578,0.052246831357479095,0.09627579152584076,0.21280142664909363,0.030212506651878357,0.20020261406898499,0.05047207325696945,0.0,0.0,0.014079086482524872,0.024702219292521477,0.00945481937378645,0.0,0.00661384966224432,0.0663292184472084,0.014517265371978283,0.08478055894374847,0.007567639462649822,0.0,0.0,0.0020651197992265224,0.0,0.5450184345245361,0.0,0.0,0.013321363367140293,0.012233564630150795,0.0,0.041769176721572876,0.04659777134656906,0.02997628040611744,0.052165206521749496,0.007832137867808342,0.0002952291688416153,0.010775996372103691,0.020951177924871445,0.4950135350227356,0.014097152277827263,0.017666911706328392,0.019541196525096893,0.0,0.01926533319056034,0.09268347918987274,0.13944002985954285,0.0,0.2710934281349182,0.30522388219833374,0.10706611722707748,0.0,0.007950176484882832,0.0,0.022713985294103622,0.017066828906536102,0.0,0.13342955708503723,0.10233253240585327,0.3381725251674652,0.0,0.011719300411641598,0.20889997482299805,0.17310531437397003,0.043216582387685776,0.0,0.0,0.12483708560466766,0.21214304864406586,1.6708907423890196e-05,0.23855437338352203,0.3650940954685211,0.04363084211945534,0.001975816208869219,-0.2432301640510559
53,0.11134401708841324,0.03647176921367645,0.0,0.0,0.0,0.0,0.17191481590270996,0.07056143879890442,0.0,0.14149805903434753,0.20300723612308502,0.03349851071834564,0.0,0.19250436127185822,0.3503038287162781,0.021290471777319908,0.0009642578661441803,0.2556535005569458,0.1121664047241211,0.0,0.039822109043598175,0.06129957735538483,0.0,0.5820100903511047,0.20658603310585022,0.0,0.0,0.43088868260383606,0.013500324450433254,0.010893180966377258,0.0,0.2844684422016144,0.0001321898598689586,0.13115717470645905,0.0,0.0,0.0,0.04849565774202347,0.32425594329833984,0.2276691347360611,0.16044993698596954,0.029913097620010376,0.10288923233747482,0.0,0.1580210030078888,0.0,0.2971082031726837,0.006088886875659227,0.0,0.2528356909751892,0.0,0.015278611332178116,0.722912609577179,0.0,0.0,0.19318000972270966,0.001937571563757956,0.6003533601760864,0.10417098551988602,0.04395179823040962,0.0,0.1032523438334465,0.1474563628435135,0.1558137685060501,0.0,0.0,0.0,0.7173817753791809,0.18132056295871735,0.08879882842302322,0.0,0.005019551608711481,0.11362045258283615,0.6121194362640381,0.0,0.03684977814555168,0.354778915643692,0.007953540422022343,0.0,0.0,0.18664458394050598,0.005199391394853592,0.0843380019068718,0.1856423318386078,0.5455053448677063,0.027331914752721786,0.0,0.26064416766166687,0.5308283567428589,0.1357373744249344,0.03862462937831879,0.39824873208999634,0.017414061352610588,0.060927681624889374,0.013028864748775959,0.13163794577121735,0.19219300150871277,0.0,0.0,0.013101966120302677,0.398832231760025,0.1724168360233307,0.0,0.521311342716217,0.03561054542660713,0.0,0.0034319923724979162,0.48372989892959595,0.013260476291179657,0.0,0.2968652844429016,0.024102887138724327,0.0002660834288690239,0.2661992609500885,0.0963263213634491,0.011067231185734272,0.04465872421860695,0.40434667468070984,0.0,0.027406880632042885,0.1947300285100937,0.21155321598052979,0.006892366334795952,0.0,0.17051778733730316,0.06107572093605995,0.0,0.0,0.2527128756046295,0.0,0.004267246928066015,0.11830674111843109,0.0,0.030277298763394356,0.007201485335826874,0.19052177667617798,0.07515481114387512,0.0,0.08809475600719452,0.0,0.0,0.0,0.0,0.0,0.03181629255414009,0.05150219798088074,0.04751049727201462,0.0,0.0,0.0,0.0,0.006499860901385546,0.007400515954941511,0.0,0.002901093102991581,0.16651690006256104,0.05023684352636337,0.0,0.0,0.004277663305401802,0.012171633541584015,0.008930547162890434,0.07610659301280975,0.002223402261734009,0.006403806619346142,0.10458870232105255,0.003244836116209626,0.0,0.1269545555114746,0.003013682784512639,0.07920712977647781,0.06595709919929504,0.0,0.0,0.1787603199481964,0.32325008511543274,0.0,0.0,0.2471953183412552,0.0004856702289544046,0.09861825406551361,0.0032379503827542067,0.04427728429436684,0.016017181798815727,0.024699527770280838,0.04825865104794502,0.14504191279411316,0.0,0.0,0.0,0.0,0.42152026295661926,0.1882982850074768,0.0,0.0936059057712555,0.18610528111457825,0.0,0.11202772706747055,0.49552884697914124,0.0,0.16329015791416168,0.0,0.0,0.013474092818796635,0.0,0.0,0.012575368396937847,0.8687257766723633,0.28520017862319946,0.0,0.22977082431316376,0.21489045023918152,0.0,0.0,0.27667680382728577,0.048823654651641846,0.05786345526576042,0.0,0.0,0.05726166442036629,0.0,0.11410529166460037,0.37206602096557617,0.0,0.1445809155702591,0.0013328945497050881,0.35336393117904663,0.262187659740448,0.07629036903381348,0.35088497400283813,0.06086321547627449,0.21863099932670593,0.2760104238986969,0.0065058087930083275,0.1575356125831604,0.0,0.0,0.0,0.0,0.014347326941788197,0.0,0.0,0.015094412490725517,0.005324672441929579,0.2736263573169708,0.11848185211420059,0.029433760792016983,0.0,0.0,0.0,0.0,0.6440237164497375,0.0,0.0,0.004623372573405504,0.0,0.0,0.0,0.03236476704478264,0.0,0.0,0.11239078640937805,0.14353090524673462,0.0,0.0,0.8146477937698364,0.0026972044724971056,0.1360054910182953,0.03697935491800308,0.0,0.0,0.127252459526062,0.2309778481721878,0.0,0.1716720163822174,0.0,0.03360705450177193,0.0,0.22845908999443054,0.0,0.2540074586868286,0.0,0.0,0.42641502618789673,0.014872067607939243,0.13736648857593536,0.0,0.0,0.2812066674232483,0.0336177833378315,0.04287974163889885,0.0,0.0,0.5031542778015137,0.3068658709526062,0.0,0.036804843693971634,0.6712118983268738,0.18047769367694855,0.040350526571273804,0.06787832826375961,0.05811480060219765,0.014211419969797134,0.0,0.0,0.0,0.41265836358070374,0.10149651765823364,0.0,0.08190383017063141,0.1042557805776596,0.1130463033914566,0.0,0.3956300914287567,0.06952878087759018,0.0,0.05560525879263878,0.016488811001181602,0.04420168697834015,0.0,0.0,0.12779511511325836,0.0,0.21885183453559875,0.14721877872943878,0.0,0.0,0.4070872664451599,0.0,0.11027774959802628,0.0,0.2720177471637726,0.0,0.2567577660083771,0.001421270309947431,0.0,0.07416902482509613,0.05352232605218887,0.07030357420444489,0.3804885447025299,0.14465706050395966,0.008073371835052967,0.21588796377182007,0.004902535118162632,0.16479919850826263,0.0,0.43837639689445496,0.0,0.0,0.003590442705899477,0.015518829226493835,0.0,0.5419965386390686,0.0,0.0,0.11368078738451004,0.006369689479470253,0.8648465275764465,0.16095079481601715,0.019094781950116158,0.0,0.21815556287765503,0.3443748652935028,0.06071776896715164,0.0,0.0,0.0,0.4106925129890442,0.26063698530197144,0.27685895562171936,0.0,0.0,0.17238527536392212,0.5800347328186035,0.0,0.027481287717819214,0.11837230622768402,0.0,0.0,0.28226006031036377,0.06856788694858551,0.0,0.0,0.2480916678905487,0.06138283759355545,0.051657743752002716,0.0,0.3481515944004059,0.555867075920105,0.3004991114139557,0.04433474317193031,0.11337072402238846,0.08710829168558121,2.5828680350059585e-07,0.0,0.044013381004333496,0.583694338798523,0.0,0.002315690042451024,0.05295543000102043,0.1556079089641571,0.45044395327568054,0.0,0.16231702268123627,0.28812935948371887,0.039362210780382156,0.008513337932527065,0.1287335455417633,0.010846664197742939,0.0,0.24199004471302032,0.10874000936746597,0.005953604821115732,0.21999116241931915,0.0,0.0,0.12856194376945496,0.07077966630458832,0.0,0.0,0.15173956751823425,0.04664839431643486,0.0,0.013140267692506313,0.05754287913441658,0.2680415213108063,0.0,0.0,0.054843541234731674,0.0,0.0,0.15770265460014343,0.0,0.05413597822189331,0.0,0.1221349760890007,0.007507991511374712,0.0,0.20002567768096924,0.0067799994722008705,0.0,0.0,0.0,0.0,0.02173352986574173,0.03391529619693756,0.0577838234603405,0.01179102435708046,0.2521604895591736,0.0001850724220275879,0.0,0.0009352107299491763,0.019673356786370277,0.0,0.0,0.052492666989564896,0.006080500781536102,0.02205962873995304,0.0,0.0,0.024952588602900505,0.012672746554017067,0.13386252522468567,0.0,0.11644279956817627,0.19615735113620758,0.0,0.0,0.009422214701771736,0.0,0.010470637120306492,0.03087213635444641,0.046050529927015305,0.0,0.34071674942970276,0.0984259843826294,0.0,0.0017557955579832196,0.14050765335559845,0.06802567094564438,0.007409385405480862,0.0,0.0699230432510376,0.011205176822841167,0.028682589530944824,0.11904088407754898,0.40809574723243713,0.0,0.0,0.0,0.0,0.21200530230998993,0.39301151037216187,0.0,0.2785851061344147,0.011464533396065235,0.15173566341400146,0.018851974979043007,0.22960062325000763,0.0,0.03481920436024666,0.0,0.010516221635043621,0.11732729524374008,0.0,0.0,0.008985218591988087,0.12131340056657791,0.02341398037970066,0.00559441652148962,0.24687974154949188,0.4758864641189575,0.0,0.0033606349024921656,0.10459184646606445,0.09142984449863434,0.2788500189781189,0.0,0.0,0.21641956269741058,0.0,0.11996396631002426,0.02499803900718689,0.0,0.15347637236118317,0.0,0.07982156425714493,0.012167822569608688,0.26312461495399475,0.19058887660503387,0.03501315787434578,0.0007345958147197962,0.11766094714403152,0.009052414447069168,0.26113006472587585,0.03294967859983444,0.0,0.0,0.019833339378237724,0.06020434573292732,0.003712174715474248,0.0,0.00951799750328064,0.036935631185770035,0.07533591985702515,0.01307003665715456,0.06761883199214935,0.0,0.0,0.0,0.0,0.5545676946640015,0.0,0.0,0.0014181719161570072,0.0,0.0,0.019087988883256912,0.01564817689359188,0.0,0.009680645540356636,0.0196930393576622,0.020412122830748558,0.02372746542096138,0.0,0.6969292163848877,0.007930561900138855,0.060869719833135605,0.11547493934631348,0.0,0.0,0.10229233652353287,0.19334615767002106,0.0,0.025629281997680664,0.3926642835140228,0.18155984580516815,0.0,0.022372886538505554,0.0,0.02961764670908451,0.0941004753112793,0.0,0.12208914756774902,0.004175237845629454,0.2887105941772461,0.0,0.0,0.33003029227256775,0.2939903736114502,0.02147575095295906,0.0,0.0,0.3170093595981598,0.23059800267219543,0.0,0.4088364839553833,0.43126317858695984,0.019628049805760384,0.0,0.09265904873609543,0.0353347547352314,0.0,0.0,0.0,0.0,0.2858335077762604,0.1511315256357193,0.0025147295091301203,0.07168809324502945,0.16944736242294312,0.10767612606287003,0.0,0.3444908857345581,0.2952049970626831,0.004645638633519411,0.016881007701158524,0.1262960284948349,0.03376707434654236,0.0,0.015063075348734856,0.1453631967306137,0.0,0.4300723373889923,0.12588229775428772,0.0,0.0,0.5291933417320251,0.0016043223440647125,0.01885351911187172,0.0,0.33880504965782166,0.0,0.20269954204559326,0.001960175344720483,0.012080670334398746,0.0,0.029873725026845932,0.2472207099199295,0.34412696957588196,0.18016417324543,0.07199831306934357,0.12643587589263916,0.004075149539858103,0.24355967342853546,0.0,0.34385111927986145,0.0,0.0,0.1292346864938736,0.0,0.006072192452847958,0.7187862992286682,0.0,0.0,0.2165519744157791,0.0,0.7982643246650696,0.13196448981761932,0.059768326580524445,0.0,0.213250070810318,0.2778642177581787,0.1444920301437378,0.0,0.0,0.0,0.6469405293464661,0.25214311480522156,0.2099110633134842,0.0,0.0,0.09019751101732254,0.601394772529602,0.0,0.10508031398057938,0.2551605999469757,0.005261476617306471,0.0,0.0663750171661377,0.09590507298707962,0.0,0.029418693855404854,0.22693389654159546,0.34973564743995667,0.018388187512755394,0.0,0.371879518032074,0.5317707061767578,0.1924670934677124,0.020282037556171417,0.3078347146511078,0.017249727621674538,0.01050575915724039,0.009957047179341316,0.08417672663927078,0.4318290650844574,0.0,0.0,0.11115319281816483,0.2643585205078125,0.35130774974823,0.0,0.22660264372825623,0.16134317219257355,0.00850044284015894,0.0,0.24643553793430328,0.01013811957091093,0.0,0.3240523636341095,0.01600944623351097,0.0007509492570534348,0.25637614727020264,0.05991508811712265,0.001892214291729033,0.08922962099313736,0.2318331003189087,0.0,0.007093882188200951,0.28690510988235474,0.12392830848693848,0.0,0.0,0.18842186033725739,0.14169232547283173,0.0,0.0,0.20593082904815674,0.0,0.002153666689991951,0.14288775622844696,0.0,0.021792389452457428,0.015424488112330437,0.16230331361293793,0.02298435941338539,0.0,0.1045219898223877,0.0017194970278069377,0.0,0.0,0.0,0.0,0.01672820933163166,0.01968289725482464,0.046406835317611694,0.0,0.010026448406279087,0.0,0.0,0.011130711995065212,0.0,0.0,0.0,0.07608239352703094,0.08039708435535431,0.0,0.0,0.00588252441957593,0.033692616969347,0.0018140209140256047,0.06088550016283989,0.000410224572988227,0.06885512918233871,0.1766335517168045,0.0,0.0,0.0883738324046135,0.0,0.022931372746825218,0.056203823536634445,0.002613525139167905,0.0,0.3011809289455414,0.2254946529865265,0.0,0.0,0.17811869084835052,0.0026971304323524237,0.03092433512210846,0.003396536922082305,0.018639586865901947,0.01115950383245945,0.007749080657958984,0.11195176094770432,0.2855381667613983,0.0,0.0,0.0,0.0,0.38871970772743225,0.27578607201576233,0.0,0.21671074628829956,0.08586513251066208,0.0158735029399395,0.03761128708720207,0.3822501301765442,0.0,0.07994476705789566,0.0,3.756539081223309e-05,0.04189201071858406,0.0,0.0,0.0,0.5642792582511902,0.20091596245765686,0.00033183046616613865,0.3228372037410736,0.31321483850479126,0.0,0.0,0.2782324552536011,0.019694097340106964,0.1546272337436676,0.0,0.0,0.16725723445415497,0.0015657342737540603,0.10232793539762497,0.19295497238636017,0.0,0.0916089415550232,0.0,0.19850042462348938,0.15008322894573212,0.20788386464118958,0.31551602482795715,0.04759049788117409,0.11707315593957901,0.18448671698570251,0.006395252421498299,0.30999115109443665,0.0,0.0,0.0,0.002328065922483802,0.02974751777946949,0.0,0.0,0.014228257350623608,0.012621897272765636,0.18403834104537964,0.13429300487041473,0.0059168399311602116,0.0,0.0,0.0,0.0,0.6549052596092224,0.0,0.0,0.003450281685218215,0.0,0.0,0.0,0.008229506202042103,0.0,0.0,0.09237578511238098,0.06714232265949249,0.0007680259877815843,0.0,0.8381840586662292,0.002649378264322877,0.06907357275485992,0.023977084085345268,0.0,0.0,0.09342589229345322,0.3083152770996094,0.0,0.1203204020857811,0.13781163096427917,0.04134293273091316,0.0,0.1321185976266861,0.0,0.14301516115665436,0.005510392598807812,0.0,0.29961729049682617,0.01914350874722004,0.20522494614124298,0.0,0.0,0.35072314739227295,0.1820206344127655,0.01346459798514843,0.0,0.0,0.38122105598449707,0.2809704542160034,0.0,0.16712969541549683,0.5528205633163452,0.09513232111930847,0.007952772080898285,1.6414788961410522
54,0.06082551181316376,0.1308518648147583,0.0278447438031435,0.0,0.0,0.0,0.4306882619857788,0.09225840121507645,0.0,0.009537520818412304,0.0771225094795227,0.006499812938272953,0.0,0.2563668191432953,0.0,0.08856651186943054,0.01899569481611252,0.005777932237833738,0.0,0.0,0.0,0.05432683974504471,0.0,0.4092021882534027,0.027059273794293404,0.0,0.0,0.47542867064476013,0.0026083060074597597,0.04668053984642029,0.0939190536737442,0.28113824129104614,0.0,0.27138417959213257,0.06875140964984894,0.03562169149518013,0.005385398864746094,0.17791712284088135,0.07117041945457458,0.09201987832784653,0.029485762119293213,0.09342250972986221,0.07525946199893951,0.05234663188457489,0.20897869765758514,0.08774768561124802,0.14736419916152954,0.030157502740621567,0.0,0.06699616461992264,0.10360207408666611,0.0,0.2339373528957367,0.0029582870192825794,0.03664713352918625,0.0,0.1901702880859375,0.5895224809646606,0.1447526514530182,0.03223007917404175,0.0,0.08724629878997803,0.0749724879860878,0.0,0.0,0.0019473874708637595,0.0,0.051872823387384415,0.11539485305547714,0.09773007780313492,0.015226508490741253,0.0,0.11235757917165756,0.12036027759313583,0.025422686710953712,0.04555847495794296,0.046272944658994675,0.09239701926708221,0.0,0.062182433903217316,0.031256455928087234,0.03887183219194412,0.0,0.14302249252796173,0.1256788671016693,0.0,0.04145298898220062,0.23229879140853882,0.4087119698524475,0.3445962369441986,0.03508120775222778,0.0,0.032315392047166824,0.08955342322587967,0.0025178424548357725,0.031725797802209854,0.4543115198612213,0.0,0.002052810275927186,0.001868265331722796,0.0039892904460430145,0.3038921058177948,0.0,0.42912396788597107,0.2709784507751465,0.14546893537044525,0.030701259151101112,0.0630008652806282,0.006613817065954208,0.0,0.0,0.039203714579343796,0.04068760946393013,0.23148177564144135,0.05917742848396301,0.0,0.0351959653198719,0.054920148104429245,0.07017724215984344,0.013459201902151108,0.0,0.06282036751508713,0.0013856816804036498,7.076832844177261e-05,0.0,0.30921047925949097,0.0,0.0,0.005227559246122837,0.026872044429183006,0.0,0.19608493149280548,0.0163350198417902,0.009538648650050163,0.0028195702470839024,0.06001489982008934,0.0,0.0,0.01754022017121315,6.956539436941966e-05,0.0,0.004476848058402538,0.0136537691578269,0.0,0.1728779822587967,2.50651082751574e-05,0.02867925725877285,0.0025897969026118517,0.03313300386071205,6.947598740225658e-05,0.040674787014722824,0.1552494764328003,0.07808460295200348,0.0,0.0,0.3040332496166229,0.03575501590967178,0.0,0.027436653152108192,0.028215846046805382,0.25390222668647766,0.09967430680990219,0.01412387378513813,0.0,0.014764287509024143,0.08839516341686249,0.0,0.07135935127735138,0.0,0.0,0.0,0.0,0.0063782925717532635,0.022452494129538536,0.13348641991615295,0.21371805667877197,0.021919284015893936,0.058620236814022064,0.005385638680309057,0.014757472090423107,0.00039129095966927707,0.004145471379160881,0.21196413040161133,0.0,0.0034512660931795835,0.11813545227050781,0.19384726881980896,0.0,0.038752175867557526,0.0,0.0,0.027115903794765472,0.0829756036400795,0.003553964663296938,0.17254602909088135,0.21017660200595856,0.022508079186081886,0.23875783383846283,0.040648575872182846,0.03331770375370979,0.11624476313591003,0.0,0.024599140509963036,0.04928724095225334,0.0,0.0,0.0,0.025443432852625847,0.01134742796421051,0.07346375286579132,0.03909764066338539,0.2746853828430176,0.0160532109439373,0.1590433120727539,0.002651978749781847,0.03716990351676941,0.3014051020145416,0.0,0.011116962879896164,0.2576583921909332,0.0,0.046479325741529465,0.0,0.0007771335076540709,0.009897897019982338,0.0019283152651041746,0.12332411855459213,0.005470143165439367,0.26795023679733276,0.03536948561668396,0.0039205532521009445,0.0,0.36142659187316895,0.060759980231523514,0.05136416479945183,0.07662983238697052,0.030665216967463493,0.0,0.030888423323631287,0.06866513937711716,0.0505264475941658,0.0,0.0,0.33362284302711487,0.0,0.06179492175579071,0.05002208426594734,0.0,0.0,0.0,0.0,0.2602007985115051,0.0,0.0,0.018851077184081078,0.10929762572050095,0.0,0.04688243567943573,0.05777110531926155,0.013247519731521606,0.13041895627975464,0.0,0.0,0.09419292956590652,0.12953051924705505,0.2679122984409332,0.05230896919965744,0.010518847964704037,0.08353870362043381,0.00923728384077549,0.006383512634783983,0.05621667578816414,0.0002845065318979323,0.0,0.3794073164463043,0.31433725357055664,0.1703210175037384,0.020697694271802902,0.0,0.0,0.0,0.0005331588326953351,0.019801760092377663,0.07746429741382599,0.03451462835073471,0.3375169634819031,0.00017051737813744694,0.05469174310564995,0.2561626434326172,0.08890366554260254,0.017309509217739105,0.0,0.0,0.0,0.2828369140625,0.0,0.41652727127075195,0.09194625914096832,0.039144907146692276,0.020381590351462364,0.0444430336356163,0.07585025578737259,0.0596744678914547,0.0,0.0,0.0,0.5032318830490112,0.1006401777267456,0.0,0.041910625994205475,0.05049874261021614,0.014015737920999527,0.0,0.4347849488258362,0.0,0.04230000823736191,0.028981806710362434,0.0,0.0026888754218816757,0.0,0.0,0.11833570152521133,0.0,0.18054699897766113,0.03541525453329086,0.0,0.0,0.4430232346057892,0.0,0.11466711014509201,0.0,0.2550187110900879,0.0,0.3017619252204895,0.020598165690898895,0.0604245699942112,0.1044049859046936,0.1542169749736786,0.004517966881394386,0.2475479245185852,0.06699080765247345,0.15954016149044037,0.14535650610923767,0.06855398416519165,0.20427200198173523,0.03400818258523941,0.3524695634841919,0.004712284542620182,0.0,0.042264584451913834,0.06008313596248627,0.0,0.2115153968334198,0.009097959846258163,0.01408938504755497,0.0,0.07226443290710449,0.7879100441932678,0.17311501502990723,0.02455783635377884,0.0,0.21640382707118988,0.18632987141609192,0.0,0.0,0.0045583173632621765,0.0,0.02810702472925186,0.09685593098402023,0.16328950226306915,0.008671414107084274,0.0,0.2536718547344208,0.19696557521820068,0.03294995799660683,0.07402412593364716,0.018536385148763657,0.024990910664200783,0.0,0.2490258514881134,0.026814129203557968,0.002575143240392208,0.0,0.22816096246242523,0.0,0.04670272767543793,0.01205832976847887,0.20468682050704956,0.37521523237228394,0.2634257674217224,0.05484597384929657,0.0,0.045658085495233536,0.022283894941210747,0.0,0.0,0.4911733865737915,0.0,0.007565263658761978,0.0,0.0,0.22011245787143707,0.0,0.15924489498138428,0.3463002145290375,0.11092934012413025,0.02291780337691307,0.02632175385951996,0.016154680401086807,0.0,0.014935711398720741,0.08543577045202255,0.051878422498703,0.19031016528606415,0.006918660365045071,0.0,0.05203720182180405,0.002430466003715992,0.027104774489998817,0.01247197575867176,0.0,0.028797192499041557,0.0,0.018052438274025917,0.0,0.2922423779964447,0.0,0.006531218066811562,0.0,0.007534862961620092,0.0,0.07826769351959229,0.008404596708714962,0.030537547543644905,0.004191500134766102,0.031223855912685394,0.0,0.0,0.2368088960647583,0.036749329417943954,0.0,0.0,0.010744890198111534,0.0,0.04473710060119629,0.0,0.030379576608538628,0.00666317343711853,0.20823118090629578,0.0,0.028696691617369652,0.012015383690595627,0.024520665407180786,0.0,0.0,0.10619356483221054,0.022859835997223854,0.0,0.026955358684062958,0.003726240945979953,0.04587069898843765,0.037090495228767395,0.08535883575677872,0.0,0.19361045956611633,0.12618553638458252,0.0,0.04140438884496689,0.0,0.0,0.0,0.0,0.02619062177836895,0.0,0.1241508424282074,0.0327555313706398,0.0,0.026614796370267868,0.02658422663807869,0.09685712307691574,0.0,0.0,0.0916207879781723,0.004956310614943504,0.006188729777932167,0.08826304972171783,0.32976505160331726,0.0,0.028089238330721855,0.0,0.0,0.008525921031832695,0.2431333363056183,0.0,0.14676183462142944,0.022064795717597008,0.13387852907180786,0.11392822116613388,0.06648281216621399,0.009942286647856236,0.04605909809470177,0.0,0.035323143005371094,0.03272716701030731,0.0,0.0,0.0,0.0,0.0,0.037554167211055756,0.07536044716835022,0.3084615170955658,0.0,0.179529070854187,0.011165432631969452,0.13020770251750946,0.410579115152359,0.0,0.0,0.18275567889213562,0.0,0.05520377680659294,0.0,0.0,0.047062184661626816,0.0,0.005127454176545143,0.0,0.21944841742515564,0.018332278355956078,0.0008703875355422497,0.0,0.19018763303756714,0.10682249069213867,0.18371890485286713,0.09265635907649994,0.016275009140372276,0.0011079779360443354,0.03815322741866112,0.02999594807624817,0.012215547263622284,0.009717436507344246,0.0,0.23036131262779236,0.003274358808994293,0.0,0.07301310449838638,0.0,0.0,0.0,0.0,0.30350252985954285,0.0,0.0,0.0028147022239863873,0.04166276007890701,0.0,0.03598805516958237,0.04286778345704079,0.006839023437350988,0.051818303763866425,0.0,0.0,0.12477481365203857,0.020941542461514473,0.23057445883750916,0.06408359110355377,0.005845719948410988,0.22141486406326294,0.0,0.0,0.08554073423147202,0.050323791801929474,0.0,0.24589897692203522,0.5095770359039307,0.2986169159412384,0.0025203016120940447,0.0,0.0,0.0,0.07623254507780075,0.021172819659113884,0.033401988446712494,0.03302504122257233,0.31032487750053406,0.0007510203868150711,0.0,0.32742953300476074,0.2838101089000702,0.018117755651474,0.0,0.0,0.0,0.20602302253246307,0.0,0.5100954174995422,0.1267443299293518,0.019214611500501633,0.0,0.08532706648111343,0.09012719243764877,0.011548263020813465,0.0,0.0,0.0,0.480522483587265,0.09036915749311447,0.0,0.023717233911156654,0.030136343091726303,0.026478003710508347,0.0,0.3673168122768402,0.0,0.04800356552004814,0.05048413202166557,0.0,0.0,0.0,0.0,0.08214782923460007,0.005707348231226206,0.27370408177375793,0.02600369229912758,0.001322033116593957,0.0,0.5797051191329956,0.0032280292361974716,0.029375890269875526,0.0576326847076416,0.3538234829902649,0.0,0.2871055603027344,0.03499503806233406,0.101987324655056,0.001400295295752585,0.12833237648010254,0.03289494290947914,0.1675596535205841,0.07807812839746475,0.23083288967609406,0.06276214867830276,0.09988371282815933,0.2453739196062088,0.10210533440113068,0.333855003118515,0.026719309389591217,0.0,0.03946143761277199,0.09254658222198486,0.0,0.30233234167099,0.0003379248082637787,0.017338871955871582,0.0005267072119750082,0.1566229611635208,0.8149369359016418,0.18119266629219055,0.09515675157308578,0.0,0.1627432107925415,0.1892540156841278,0.0,0.0,0.016035499051213264,0.0,0.024385830387473106,0.20105762779712677,0.1965513378381729,0.017524680122733116,0.0,0.1273464411497116,0.20608945190906525,0.021641789004206657,0.1230459064245224,0.02292959950864315,0.043233297765254974,0.0,0.09610730409622192,0.022570444270968437,0.003735408652573824,0.0,0.20872268080711365,0.015652993693947792,0.0043731797486543655,0.025946563109755516,0.3454517722129822,0.3083205819129944,0.29083251953125,0.025914493948221207,0.0,0.02610570751130581,0.06683547049760818,0.03136304393410683,0.04895387217402458,0.5749965310096741,0.0,0.007058386225253344,0.04231223464012146,0.00533449137583375,0.2760280668735504,0.0,0.21124717593193054,0.35149693489074707,0.15319228172302246,0.0374864898622036,0.027104774489998817,0.012289919890463352,0.0,0.0011397256748750806,0.031739622354507446,0.027790073305368423,0.24476619064807892,0.06819780170917511,0.0,0.05398942530155182,0.013230394572019577,0.056530289351940155,0.002753162058070302,0.019302016124129295,0.08157078176736832,0.017872404307127,0.0036662635393440723,0.0,0.2150173783302307,0.0,0.0036707811523228884,0.0,0.00043200928485020995,0.0,0.09346073120832443,0.009346920065581799,0.003608137369155884,0.006589008495211601,0.09843378514051437,0.0,0.0,0.0670616626739502,0.05894499272108078,0.0,0.0,0.0,0.0,0.08592519909143448,0.0,0.029122525826096535,0.0,0.009362997487187386,0.0,0.038812775164842606,0.05920644477009773,0.0600929781794548,0.0,0.0,0.2124517560005188,0.06234263256192207,0.0,0.026944870129227638,0.03524557873606682,0.1399732381105423,0.14489033818244934,0.013926882296800613,0.0,0.1431015133857727,0.1369517594575882,0.0,0.06537888944149017,0.0,0.0,0.0013241511769592762,0.0014778731856495142,0.008253800682723522,0.011544795706868172,0.2200295627117157,0.09873764961957932,0.0011185037437826395,0.05913466960191727,0.013977333903312683,0.011758415959775448,0.0,0.0,0.15541307628154755,0.003230439266189933,0.0,0.2222176492214203,0.312561571598053,0.0,0.04193256422877312,0.0,0.0,0.00013748060155194253,0.13700532913208008,0.0011576882097870111,0.22320137917995453,0.0808633491396904,0.028065787628293037,0.09984590113162994,0.0,0.0026660789735615253,0.057290393859148026,0.0,0.05873274803161621,0.03620283678174019,0.0,0.0024206042289733887,0.0,0.018132580444216728,0.0,0.0329928994178772,0.14998532831668854,0.3247469961643219,0.006891835015267134,0.14272862672805786,0.01526110339909792,0.027405280619859695,0.3863038122653961,0.0,0.018028678372502327,0.21430177986621857,0.0,0.06655522435903549,0.0,0.00398861663416028,0.012898487038910389,0.00230179145000875,0.08893886208534241,0.0,0.3842816650867462,0.0,0.008737004362046719,0.020659184083342552,0.26069557666778564,0.08342617005109787,0.22799603641033173,0.12894466519355774,0.003474271157756448,0.00028428054065443575,0.03973807394504547,0.04697050526738167,0.01866806112229824,0.0,0.0007101044757291675,0.220857173204422,0.0,0.037142541259527206,0.008313635364174843,0.0,0.0,0.0,0.0,0.3484000265598297,0.0,0.0,0.0,0.07943038642406464,0.0,0.038129668682813644,0.054043129086494446,0.026157328858971596,0.11143025010824203,0.0,0.0,0.06810827553272247,0.12348701059818268,0.2427242547273636,0.033401984721422195,0.0,0.10323023051023483,0.0023756297305226326,0.017875993624329567,0.05538653954863548,0.06132294237613678,0.0,0.3698877990245819,0.46390363574028015,0.19892767071723938,0.02154252491891384,0.0,0.0025837381836026907,0.0,0.03194394335150719,0.007829779759049416,0.030157506465911865,0.10947397351264954,0.38126131892204285,0.0,0.03550472855567932,0.2659265697002411,0.2437315285205841,0.02044098451733589,0.0,0.002068381290882826,0.0008455055649392307,0.20327645540237427,0.0,0.41486114263534546,0.11280105262994766,0.007311662193387747,0.00021851807832717896,-0.1538049429655075
55,0.0025873344857245684,0.13585908710956573,0.4188261032104492,0.0,0.013337739743292332,0.0,0.6130809783935547,0.015800639986991882,0.0,0.006505417171865702,0.08898595720529556,0.0,0.00015295048069674522,0.30958256125450134,0.0,0.21095700562000275,0.05286915972828865,0.0,0.0,0.0,0.0,0.14503537118434906,0.06614942103624344,0.6432040333747864,0.0,0.0,0.0,0.8561299443244934,0.09372619539499283,0.10233940184116364,0.25723132491111755,0.34724411368370056,0.0,0.41224727034568787,0.17688502371311188,0.3581065237522125,0.2100290060043335,0.7566576600074768,0.0,0.0006816925597377121,0.013075802475214005,0.41245779395103455,0.03843193128705025,0.26906919479370117,0.5695322751998901,0.9940401911735535,0.17291243374347687,0.0,0.0,0.1745021641254425,0.37659838795661926,0.0,0.0,0.010444670915603638,0.17522010207176208,0.0,0.7042160034179688,0.7724694609642029,0.13528621196746826,0.0627419576048851,0.0,0.02960403822362423,0.03661889582872391,0.0,0.0,0.1707005798816681,0.0,0.0,0.15659789741039276,0.07956720143556595,0.661893904209137,0.0,0.4053252339363098,0.00433012330904603,0.19719982147216797,0.088860884308815,0.0,0.6119802594184875,0.0,0.154743030667305,0.03643806651234627,0.3121055066585541,0.0,0.16333860158920288,0.0,0.0,0.17165769636631012,0.17891784012317657,0.4083419442176819,0.586459219455719,0.1003975197672844,0.0,0.007281877100467682,0.4532729387283325,0.003973290324211121,0.0,0.4737531244754791,0.08482812345027924,0.0,7.079293482092908e-06,0.0,0.11804653704166412,0.0,0.3648677170276642,0.8138812184333801,0.43301859498023987,0.24352224171161652,0.0,0.0,0.0,0.0,0.23855270445346832,0.2959643006324768,0.3037886917591095,0.23611398041248322,0.0,0.0,0.0,0.31595245003700256,0.13520389795303345,0.0,0.08833401650190353,0.1410306990146637,0.017636412754654884,0.0,0.4511290192604065,0.0,0.3015214502811432,0.0,0.0,0.0,0.022263551130890846,0.21841123700141907,0.0,0.08934114873409271,0.020806368440389633,0.0,0.0,0.023486163467168808,0.025607548654079437,0.0,0.04637288302183151,0.6431799530982971,0.0,0.5764697790145874,0.0,0.0,0.02110847271978855,0.0,0.0,0.04865337163209915,0.863132894039154,0.285574346780777,0.0,0.0,0.509784996509552,0.0009865412721410394,0.0,0.0035560044925659895,0.0,1.2009449005126953,0.30265936255455017,0.0,0.0,0.23499737679958344,0.04889153689146042,0.0,0.7649177312850952,0.0,0.0,0.0,0.0,0.024952275678515434,0.1094878539443016,0.08693233132362366,0.1737070232629776,0.030324647203087807,0.8394080400466919,0.0,0.03877520561218262,0.0,0.0,0.8962275385856628,0.013357308693230152,0.0,0.23367884755134583,0.28008121252059937,0.09680304676294327,0.8239158391952515,0.0,0.0,0.0,0.0,0.10398153215646744,0.2060699462890625,0.5573480129241943,0.011149889789521694,0.8204668164253235,0.0,0.12019021064043045,0.2124636322259903,0.0,0.020742515102028847,0.012630989775061607,0.0,0.0,0.0,0.0,0.0,0.0020231653470546007,0.0008421839447692037,0.3281800150871277,0.1096607968211174,0.7776158452033997,0.0,0.31718358397483826,0.6373356580734253,0.0,0.08381611108779907,0.5517266392707825,0.0,0.029018227010965347,0.0,0.0,0.0,0.03063669241964817,0.02573554217815399,0.0,0.4344276189804077,0.0030014992225915194,0.011209092102944851,0.0,0.892559289932251,0.44275838136672974,0.034284669905900955,0.3003927767276764,0.28880107402801514,0.00024700205540284514,0.28658926486968994,0.061447568237781525,0.0,0.0,0.0,1.099347710609436,0.0,0.001245227176696062,0.03902974724769592,0.0,0.0,0.0,0.0,0.013753063976764679,0.0,0.03464912250638008,0.0,0.8918401002883911,0.08138201385736465,0.08713257312774658,0.02270696870982647,0.07310900837182999,0.544219434261322,0.0,0.0,0.6484411954879761,0.3360390365123749,0.0,0.621476948261261,0.0024727615527808666,0.4337714910507202,0.044861968606710434,0.0,0.11540990322828293,0.0,0.020326660946011543,1.4763914346694946,0.9861167073249817,0.5236881971359253,0.20327894389629364,0.0,0.009984523057937622,0.0,0.00389877799898386,0.4789929986000061,0.0,0.027494143694639206,0.5249226689338684,0.0,0.0,0.584367036819458,0.31529656052589417,0.02047247439622879,0.0,0.0,0.0,0.3155219256877899,0.18434230983257294,0.7010661959648132,0.0,0.0021418051328510046,0.25001099705696106,0.0,0.07715131342411041,0.05232983082532883,0.0,0.0,0.0,0.310663104057312,0.15392254292964935,0.0,0.01219667587429285,0.18673762679100037,0.032605379819869995,0.0,0.337782621383667,0.0,0.01334286667406559,0.008154273964464664,0.0032038409262895584,0.021348144859075546,0.0,0.0,0.15904100239276886,0.0,0.46441662311553955,0.02930719032883644,0.003027751110494137,0.0,0.4817729890346527,0.0,0.013680960983037949,0.0,0.21863679587841034,0.0,0.3533931374549866,0.0022717833053320646,0.06205572187900543,0.11029936373233795,0.11406728625297546,0.0,0.24545162916183472,0.0,0.18827638030052185,0.12693683803081512,0.11970527470111847,0.3095019459724426,0.0,0.21057769656181335,0.0024565402418375015,0.0,0.06287043541669846,0.03188205137848854,0.0,0.247951477766037,0.0,0.0,0.12278907001018524,0.006440106313675642,0.5465894937515259,0.020954106003046036,0.0,0.0,0.3211436867713928,0.020438045263290405,0.0,0.0,0.0,0.0,0.21987640857696533,0.011007602326571941,0.013535289093852043,0.0,0.0,0.14861829578876495,0.2389986515045166,0.0,0.18078170716762543,0.059144966304302216,0.09459415078163147,0.0,0.22166655957698822,0.07209870964288712,0.0010217460803687572,0.0,0.26106858253479004,0.10125657916069031,0.033884476870298386,0.0,0.05174585431814194,0.4755078852176666,0.16851824522018433,0.01760760322213173,0.05401819571852684,0.047684796154499054,0.084811732172966,0.02635398879647255,0.0,0.2716040015220642,0.0,0.0,0.04767611622810364,0.0,0.02444402500987053,0.0,0.3277808427810669,0.2992042601108551,0.002136480063199997,0.0344037190079689,0.043878939002752304,0.0,0.0,0.06868065893650055,0.05602439492940903,0.03498957306146622,0.0974908322095871,0.0,0.0,0.011711889877915382,0.03701594099402428,0.011926300823688507,0.0,0.07171474397182465,0.019456567242741585,0.0,0.0027722585946321487,0.015057944692671299,0.3793424963951111,0.0,0.0,0.0,0.0,0.0,0.03432650864124298,0.0,0.029309134930372238,1.6522593796253204e-05,0.0,0.0,0.0,0.16029669344425201,0.016595372930169106,0.0,0.005128323100507259,0.0029658153653144836,0.0,0.046634696424007416,0.0,0.0,0.039433613419532776,0.24594806134700775,0.0,0.01906036213040352,0.005710459314286709,0.03054220788180828,0.0,0.0,0.014565307646989822,0.091872438788414,0.0,0.0069878678768873215,0.0,0.020789818838238716,0.0,0.0456404946744442,0.0,0.1563643366098404,0.07951807975769043,0.012288779951632023,0.018985800445079803,0.01504499837756157,0.0,0.0,0.0,0.027386462315917015,0.0,0.0,0.15413713455200195,0.0,0.0,0.11530216038227081,0.03289139270782471,0.0,0.0,0.15222322940826416,0.0,0.005469050258398056,0.015165169723331928,0.13095541298389435,0.0,0.0,0.0,0.0,0.06668292731046677,0.16969649493694305,0.0,0.0885346531867981,0.06863614916801453,0.07514263689517975,0.14102643728256226,0.19817766547203064,0.0,0.051476139575242996,0.0,0.017494631931185722,0.004756416194140911,0.0,0.0,0.002987462095916271,0.0,0.0,0.0,0.08167773485183716,0.19234919548034668,0.0,0.09764408320188522,0.1373240202665329,0.09468267858028412,0.27345219254493713,0.0,0.0,0.28750672936439514,0.0,0.0029862523078918457,0.0,0.0,0.038355886936187744,0.0,0.020915476605296135,0.0,0.04871159791946411,0.14840592443943024,0.0,0.0,0.20769047737121582,0.11387951672077179,0.3251568675041199,0.08889150619506836,0.0,0.0005190700758248568,0.03109733574092388,0.0,0.0,0.016940981149673462,0.0,0.28948327898979187,0.018049929291009903,0.0046009765937924385,0.046175915747880936,0.0,0.0,0.0,0.0,0.2889400124549866,0.0,0.0,0.0,0.03175976127386093,0.0,0.018369141966104507,0.00909520499408245,0.0,0.07756859809160233,0.0,0.0009705177508294582,0.045897819101810455,0.0,0.4560942053794861,0.043459415435791016,0.026999972760677338,0.13595324754714966,0.0,0.0,0.08842077106237411,0.13452334702014923,0.0,0.35038304328918457,0.2066914588212967,0.26008033752441406,0.0,0.0,0.013458575122058392,0.002414525020867586,0.0322391502559185,0.020351234823465347,0.08766894787549973,0.003427803749218583,0.17532342672348022,0.0,0.0,0.44411665201187134,0.3336230516433716,0.02015344426035881,0.0,0.0,0.012637097388505936,0.34250372648239136,0.0,0.3864288628101349,0.1599828600883484,0.06144672632217407,0.0,0.0,0.078499436378479,0.2006252557039261,0.0,0.0,0.0,0.4544873833656311,0.07891630381345749,0.0,0.007663372904062271,0.08514691144227982,0.002366764238104224,0.0,0.3452654778957367,0.0,0.04903077334165573,0.06606114655733109,0.0,0.0,0.0,0.0,0.13911348581314087,0.0658734068274498,0.5760511755943298,0.0,4.434026777744293e-05,0.0,0.7484785318374634,0.030123714357614517,0.07490791380405426,0.10308430343866348,0.36428359150886536,0.0,0.42845314741134644,0.09261874854564667,0.2977451980113983,0.10760153084993362,0.4814530611038208,0.0,0.03421039506793022,0.0,0.3568679690361023,0.0762329027056694,0.25207602977752686,0.5598069429397583,0.5561802387237549,0.10131677985191345,0.0,0.0,0.09476999938488007,0.1718786507844925,0.0,0.11536899209022522,0.022902000695466995,0.049864981323480606,0.0,0.4345766007900238,0.6753530502319336,0.1591368168592453,0.03160315752029419,0.0,0.08032390475273132,0.03646501898765564,0.0,0.0,0.10850028693675995,0.0,0.005796400830149651,0.16095033288002014,0.08787496387958527,0.27773818373680115,0.0,0.23490770161151886,0.04574401304125786,0.06187506392598152,0.1434450000524521,0.0,0.3362720310688019,0.0,0.15515847504138947,0.04411526396870613,0.16446681320667267,0.012974354438483715,0.18939943611621857,0.19276690483093262,0.013252916745841503,0.05775054544210434,0.17389561235904694,0.40140604972839355,0.39948809146881104,0.06791900843381882,0.023405220359563828,0.06448778510093689,0.2839445471763611,0.01243520900607109,0.002029301365837455,0.4147763252258301,0.0016272147186100483,0.002349581103771925,0.005663576070219278,0.0,0.07589426636695862,0.0,0.33399447798728943,0.5238799452781677,0.25033044815063477,0.15528453886508942,0.03820174187421799,0.0,0.0,0.0,0.10508202016353607,0.06620420515537262,0.1600009799003601,0.06336558610200882,0.0,0.004603237845003605,0.022711411118507385,0.08267517387866974,0.10665110498666763,0.0003890467341989279,0.019295476377010345,0.0656706765294075,0.017350170761346817,0.0,0.3629491925239563,0.0,0.16220438480377197,0.014423653483390808,0.005041913129389286,0.0,0.031549639999866486,0.0635121688246727,0.0,0.05758760869503021,0.006795879453420639,0.0,0.01445471029728651,0.10334466397762299,0.045222535729408264,0.0,0.008876292034983635,0.4093906283378601,0.0,0.335460901260376,0.0,0.0,0.014830710366368294,0.08064363896846771,0.0,0.015223672613501549,0.5485235452651978,0.2057790756225586,0.0,0.0,0.3201896548271179,0.007291583344340324,0.0,0.014581465162336826,0.0,0.7133846282958984,0.19864563643932343,0.0,0.0,0.18372377753257751,0.04642435163259506,0.019312728196382523,0.32386869192123413,0.013208463788032532,0.0,0.0,0.0,0.03558942303061485,0.14093396067619324,0.07402750849723816,0.1250181347131729,0.00462499912828207,0.30378520488739014,0.046150870621204376,0.004812113009393215,0.0,0.0,0.49895375967025757,0.006294446997344494,0.024039264768362045,0.2010681927204132,0.20488819479942322,0.018884889781475067,0.41361501812934875,0.0027603539638221264,0.0,0.004053376615047455,0.004814693704247475,0.08968877792358398,0.1842195987701416,0.36146146059036255,0.03657137230038643,0.5270386934280396,0.04117261990904808,0.03753713518381119,0.051242295652627945,0.0,0.10677574574947357,0.0035776891745626926,0.0,0.0,0.0,0.0,0.009032122790813446,0.071049265563488,0.009704909287393093,0.23512236773967743,0.0220284853130579,0.5001554489135742,0.0469273142516613,0.144677072763443,0.43857234716415405,0.0,0.0460285022854805,0.31950387358665466,0.015178765170276165,0.021910279989242554,0.0,0.0,0.0,0.0003996286541223526,0.004727749619632959,0.07906832545995712,0.3218282163143158,0.08772499859333038,0.0,0.0,0.5464860200881958,0.3592566251754761,0.10733403265476227,0.18918104469776154,0.09288018941879272,0.0012630990240722895,0.10322286933660507,0.030244950205087662,0.01566559448838234,0.0,0.0,0.6442908644676208,0.0,0.09727679193019867,0.017130836844444275,0.0,0.0,0.0,0.0,0.18378855288028717,0.0,0.0,0.0,0.39761292934417725,0.005444222595542669,0.011436468921601772,0.028562629595398903,0.01767585426568985,0.18182054162025452,0.0,0.0,0.3330395817756653,0.2103976607322693,0.03922040015459061,0.22595632076263428,0.040349606424570084,0.19980552792549133,0.0,0.0,0.05661996081471443,0.001352909253910184,0.025330141186714172,1.1215561628341675,0.58121657371521,0.32954853773117065,0.03267417103052139,0.0,0.0075567858293652534,0.0032233744859695435,0.01726313680410385,0.15667983889579773,0.023395847529172897,0.04723905399441719,0.39119020104408264,0.0,0.0,0.5649410486221313,0.2830710709095001,0.08138637244701385,0.0,0.023485450074076653,0.0,0.2538999021053314,0.07091037184000015,0.4369990825653076,0.0008404728723689914,0.036915287375450134,0.10220977663993835,-0.9853582382202148
56,0.08555958420038223,0.12197568267583847,0.2657015025615692,0.0,0.0,0.0,0.554180920124054,0.021581020206212997,0.017007816582918167,0.21662405133247375,0.038197752088308334,0.0,0.0,0.3360939621925354,0.0,0.06665964424610138,0.0,0.0,0.0,0.002113375812768936,0.0,0.007220244500786066,0.015379172749817371,0.3887833058834076,0.102030910551548,0.0010325330076739192,0.0,0.6312861442565918,0.045153792947530746,0.010146803222596645,0.059204887598752975,0.33228492736816406,0.0,0.07084959000349045,0.12692604959011078,0.045857563614845276,0.0,0.407912015914917,0.1568085253238678,0.0225753765553236,0.3744402229785919,0.14112697541713715,0.14026446640491486,0.022651849314570427,0.22281070053577423,0.27632641792297363,0.29302582144737244,0.016876500099897385,0.0,0.21918454766273499,0.09299203008413315,0.0036158524453639984,0.27891597151756287,0.005374039988964796,0.07116185128688812,0.0,0.41538572311401367,0.9314582943916321,0.2796251177787781,0.05751028284430504,0.0,0.0019695856608450413,0.12170346081256866,0.0,0.0,0.0,0.0,0.0763348862528801,0.2722720503807068,0.11276166886091232,0.14645832777023315,0.0,0.2893589437007904,0.3741455078125,0.04340989515185356,0.021139616146683693,0.2529618740081787,0.1186448335647583,0.0,0.0010672964854165912,0.07905300706624985,0.020018666982650757,0.0,0.17820706963539124,0.20426733791828156,0.012238740921020508,0.0,0.27588608860969543,0.4460205137729645,0.22320733964443207,0.14955686032772064,0.013567081652581692,0.003707310650497675,0.2024647742509842,0.0,0.2945483326911926,0.4101978838443756,0.0,0.0,0.0,0.04244392737746239,0.2840019762516022,0.00411278335377574,0.31425219774246216,0.2280573844909668,0.12307335436344147,0.09157802164554596,0.2031387835741043,0.026713285595178604,0.0,0.0,0.07896634191274643,0.14438621699810028,0.3046388328075409,0.4688125550746918,0.0,0.07591549307107925,0.18129348754882812,0.10110453516244888,0.06893303245306015,0.0,0.4285569190979004,0.2511771321296692,0.0026447863783687353,0.0,0.0020820030476897955,0.0,0.30782973766326904,0.0,0.005357574671506882,0.0,0.03129344806075096,0.21093177795410156,0.07609601318836212,0.07444217056035995,0.24039311707019806,0.0,0.0,0.1519589126110077,0.0,0.0,0.0,0.10135243088006973,0.0,0.1860274374485016,0.0,0.19337835907936096,0.0028471872210502625,0.0,0.0,0.0,0.3886139392852783,0.016819126904010773,0.0,0.0,0.774865448474884,0.08855872601270676,0.0,0.0017891466850414872,0.018777329474687576,0.4813806712627411,0.06210532411932945,0.1007334366440773,0.0,0.0007535979384556413,0.09028535336256027,0.0,0.08702776581048965,0.0,0.0,0.036823149770498276,0.0,0.0,0.00760143855586648,0.5416900515556335,0.18172045052051544,0.017451245337724686,0.20712952315807343,0.0,0.007264137268066406,0.0,0.019961338490247726,0.19897539913654327,0.05118269473314285,0.0,0.2572493553161621,0.35811975598335266,0.016123278066515923,0.4241897761821747,0.0,0.0,0.0,0.012896138243377209,0.030953455716371536,0.12596027553081512,0.512128472328186,0.04305853322148323,0.3555532693862915,0.05528116971254349,0.09849698841571808,0.20765426754951477,0.0,0.021168846637010574,0.2402060478925705,0.0,0.0,0.0,0.07784321159124374,0.05353492125868797,0.10897692292928696,0.04056359454989433,0.3583240211009979,0.02623583748936653,0.32427823543548584,0.004896427039057016,0.07091834396123886,0.4582730233669281,0.0,0.06341103464365005,0.22205977141857147,0.005846045445650816,0.2567245662212372,0.034743890166282654,0.0548991933465004,0.013052741065621376,0.038681820034980774,0.570581316947937,0.0036336169578135014,0.4904848039150238,0.0,0.15490292012691498,0.1085275411605835,0.5043468475341797,0.19228427112102509,0.02460399642586708,0.13433824479579926,0.04553646966814995,0.0,0.02135668694972992,0.0024436318781226873,0.1435951292514801,0.005415624938905239,0.0007463902584277093,0.26009079813957214,0.0,0.13062314689159393,0.021742774173617363,0.0,0.0,0.0,0.0,0.28524693846702576,0.0,0.0,0.02518092468380928,0.49875590205192566,0.0,0.0016351882368326187,0.017628444358706474,0.17282985150814056,0.08895856887102127,0.0,0.05073035880923271,0.20874564349651337,0.34945476055145264,0.2417229264974594,0.09288235008716583,0.0,0.08240842074155807,0.0,0.0,0.17382189631462097,0.0,0.0,0.9008073806762695,0.376160591840744,0.21095295250415802,0.09500398486852646,0.0,0.0,0.035066377371549606,0.01199956052005291,0.06941776722669601,0.1840866655111313,0.1734108179807663,0.3803858757019043,0.0,0.055089958012104034,0.1297026127576828,0.058198411017656326,0.06397438794374466,0.0,0.0018858835101127625,0.04392554238438606,0.1822126805782318,0.0,0.34922048449516296,0.1641208529472351,0.1791517436504364,0.1352359652519226,0.5416882634162903,0.20798130333423615,0.2662208676338196,0.0,0.0,0.0,1.0151817798614502,0.0,0.007687476463615894,0.3833911120891571,0.008574907667934895,0.0,0.0,0.5910347104072571,0.0,0.009286771528422832,0.031797461211681366,0.0,0.0,0.017868485301733017,0.0,0.005202101077884436,0.03490433096885681,0.010885943658649921,0.16594313085079193,0.002946047345176339,0.0,0.7573108673095703,0.08457302302122116,0.03479490056633949,0.010237184353172779,0.563236653804779,0.0,0.005945172626525164,0.33577749133110046,0.03682831674814224,0.0,0.4683355689048767,0.061781223863363266,0.00038220908027142286,0.9565603137016296,0.31341519951820374,0.09620025753974915,0.04785769432783127,0.05707733333110809,0.6697444319725037,0.833453893661499,0.02908436208963394,0.0,0.17174343764781952,0.23679237067699432,0.017799368128180504,0.3031168282032013,0.0007998193032108247,0.07699310779571533,0.0,0.9315018057823181,1.8331695795059204,0.7444125413894653,0.2398565411567688,0.0,0.0,0.6691035628318787,0.0,0.0,0.0873865857720375,0.0018210263224318624,0.005587445106357336,0.8255873322486877,0.49270543456077576,0.3790234625339508,0.0,0.5453169941902161,0.5081740617752075,0.34983789920806885,0.0,0.24415846168994904,0.0,0.0,0.10514845699071884,0.02901189774274826,0.0,0.004890539683401585,0.2079983800649643,0.0,0.0,0.01102143432945013,0.8264026045799255,0.3188704550266266,0.41562047600746155,0.3089893162250519,0.0,0.0580042265355587,0.19683772325515747,0.0,0.5113283395767212,1.1613668203353882,0.0,0.007770908996462822,0.0001522666570963338,0.0193614698946476,0.7026661038398743,0.0,0.007349773310124874,0.5153951644897461,0.6618069410324097,0.17988085746765137,0.12752482295036316,0.2662500739097595,0.0,0.0,0.11951643228530884,0.3446751832962036,0.5295689702033997,1.036062240600586,0.0,0.22721992433071136,0.041940122842788696,0.25230488181114197,0.07628434151411057,0.0,0.7153369784355164,0.20243361592292786,0.0,0.0,0.0,0.0,0.3786470592021942,0.0,0.0003568604588508606,0.008688987232744694,0.0011408530408516526,0.6153426766395569,0.045276954770088196,0.13129590451717377,0.8938624858856201,0.0,0.0,0.3861851096153259,0.03218039125204086,0.0,0.0,0.050511106848716736,0.0,0.10378120839595795,0.0,0.6995187401771545,0.01035310234874487,0.0,0.0,0.0,0.4099135100841522,0.02441452629864216,0.0,0.0,1.2095826864242554,0.1161559596657753,0.0,0.026889128610491753,0.09963463246822357,0.6544652581214905,0.4566594362258911,0.20660609006881714,0.0,0.11996915936470032,0.26325523853302,0.0,0.4549017548561096,0.0,0.0,0.04590373858809471,0.015577699989080429,0.015657175332307816,0.04394957795739174,1.6305617094039917,0.04518449306488037,0.025149988010525703,0.4748533368110657,0.0,0.00365474377758801,0.0,0.003957320936024189,0.044352974742650986,0.024500951170921326,0.0,0.6721904873847961,1.0088274478912354,0.026550965383648872,0.7821952700614929,0.0,0.0,0.0,0.2487892508506775,0.0009642536169849336,0.4390808045864105,0.3713257610797882,0.029764117673039436,0.11204379051923752,0.0021208778489381075,0.48033010959625244,0.21520179510116577,0.0,0.12212736904621124,0.5535287261009216,0.0,0.014373896643519402,0.0,0.03374667093157768,0.0,0.29884591698646545,0.1842261701822281,0.948043942451477,0.06769970804452896,0.5200276374816895,0.0,0.061467062681913376,0.8895312547683716,0.0,0.23681220412254333,0.09617231786251068,0.0,0.6121633648872375,0.04192200303077698,0.22590668499469757,0.02272012270987034,0.0,0.8412157297134399,0.0,1.1102091073989868,0.0,0.37414121627807617,0.13676407933235168,0.47722452878952026,0.13262318074703217,0.02336915209889412,0.30786386132240295,0.5392465591430664,0.0,0.035478126257658005,0.023846281692385674,0.35487666726112366,0.0,0.003096733009442687,0.11704809963703156,0.0,0.10597465932369232,0.0,0.0,0.0,0.0,0.0,0.4555143117904663,0.0,0.0,0.0479726567864418,0.8151054978370667,0.008903443813323975,0.09689036011695862,0.06539367139339447,0.20186816155910492,0.05559519678354263,0.0,0.00819437950849533,0.2592633366584778,0.7912307977676392,0.022719040513038635,0.2114092856645584,0.0,0.20160086452960968,0.0,0.09890246391296387,0.3424542546272278,0.0,0.0,0.7940532565116882,1.2241188287734985,0.32358118891716003,0.5189617872238159,0.0,0.0,0.009715095162391663,0.08383305370807648,0.00691309804096818,0.09689944982528687,0.42356589436531067,0.8112440705299377,0.0,0.21159428358078003,0.0,0.15482690930366516,0.1566222459077835,0.0,0.10799307376146317,0.07062318176031113,0.0,0.13155683875083923,0.5431278944015503,0.21124865114688873,0.05948982015252113,0.0601903572678566,0.5115416049957275,0.23762686550617218,0.16829578578472137,0.0,0.0,0.0,0.9576867818832397,0.008647166192531586,0.03356218710541725,0.37373846769332886,0.009979276917874813,0.0,0.023284368216991425,0.5566744208335876,0.0,0.07303385436534882,0.09215150028467178,0.0,0.0,0.06310541927814484,0.0,0.04911249503493309,0.029273971915245056,0.020889317616820335,0.09947472810745239,0.0,0.0018650179263204336,0.7472350597381592,0.10409030318260193,0.016919005662202835,0.0784970298409462,0.5767800807952881,0.0,0.028663430362939835,0.3865664303302765,0.05656812712550163,0.0,0.3922739624977112,0.0762113481760025,0.04213251918554306,0.7712362408638,0.38588064908981323,0.13795435428619385,0.1288144588470459,0.12782704830169678,0.715857207775116,0.6988668441772461,0.015349390916526318,0.0,0.09770480543375015,0.22229449450969696,0.012496000155806541,0.38916000723838806,0.025744518265128136,0.05546749755740166,0.0,1.0198974609375,1.6189868450164795,0.775709331035614,0.2497861236333847,0.0,0.034714460372924805,0.7190914750099182,0.0,0.030788157135248184,0.1696968823671341,0.0,0.006625984329730272,0.8297899961471558,0.5292811989784241,0.2587111294269562,0.0,0.406113862991333,0.3272092044353485,0.36932373046875,0.01425487082451582,0.12549413740634918,0.01632007397711277,0.014275424182415009,0.08700352162122726,0.026454618200659752,0.0,0.0009102239273488522,0.12580493092536926,0.01542508602142334,0.007336276583373547,0.0038586300797760487,0.926859974861145,0.27170759439468384,0.44108253717422485,0.20216424763202667,0.008717454969882965,0.018361492082476616,0.12487863004207611,0.009722428396344185,0.3526533842086792,1.2473201751708984,0.0,0.1199847161769867,0.003584999358281493,0.010607239790260792,1.0078208446502686,0.0011987639591097832,0.04302492365241051,0.3985837996006012,0.6851668357849121,0.18049082159996033,0.06557013094425201,0.30229684710502625,0.0,0.0,0.08451817184686661,0.22175180912017822,0.5639358758926392,0.7590836882591248,0.0,0.25661659240722656,0.03771768510341644,0.170236274600029,0.05041474103927612,0.0034564516972750425,0.524231493473053,0.1567392647266388,0.0030035264790058136,0.0,0.0,0.0,0.3379096984863281,0.0,0.01646704040467739,0.003799550235271454,0.023017769679427147,0.550236701965332,0.0431206077337265,0.17170235514640808,0.7756115794181824,0.0,0.0,0.33230090141296387,0.03683279827237129,0.0,0.0,0.09223811328411102,0.0,0.07040055096149445,0.0,0.4834209978580475,0.004374104086309671,0.0,0.0,0.0,0.44591814279556274,0.14616504311561584,0.0,0.0,1.041729211807251,0.10335070639848709,0.0,0.019817670807242393,0.08009269088506699,0.617435872554779,0.42200326919555664,0.10538264364004135,0.05057292804121971,0.15409855544567108,0.3161191940307617,0.0,0.4175173342227936,0.0,0.0,0.03008372150361538,0.0058211470022797585,0.006230445113033056,0.007989861071109772,1.4569494724273682,0.034047454595565796,0.041374534368515015,0.30872592329978943,0.0,0.007906630635261536,0.0,0.012088038958609104,0.07589691877365112,0.0811082124710083,0.0,0.6080406308174133,1.018642783164978,0.034454379230737686,0.7151683568954468,0.0,0.013301115483045578,0.0,0.2621811032295227,0.02290269173681736,0.3798684775829315,0.30754852294921875,0.029819224029779434,0.16036345064640045,0.0,0.34867581725120544,0.1268313229084015,0.0,0.2354068160057068,0.3820340037345886,0.0053247446194291115,0.043569181114435196,0.0,0.001770902774296701,0.007891370914876461,0.3602546155452728,0.16202636063098907,0.9694876670837402,0.06867529451847076,0.5448050498962402,0.003911236766725779,0.08122868835926056,0.7568119168281555,0.022012803703546524,0.2087516039609909,0.07683514803647995,0.0005947605823166668,0.5733996629714966,0.010024483315646648,0.1657671481370926,0.01650727167725563,0.010053422302007675,0.5533273816108704,0.0,1.0568161010742188,0.0,0.2927630543708801,0.09853462874889374,0.3777938485145569,0.16142220795154572,0.006746641360223293,0.22472035884857178,0.45631927251815796,0.0,0.03781861066818237,0.006200976204127073,0.34149816632270813,0.0,0.008184821344912052,0.16995230317115784,0.0,0.13816040754318237,0.0025903109926730394,0.0,0.000740974151995033,0.001378473942168057,0.0,0.5845099687576294,0.0,0.0,0.03570260480046272,0.603795051574707,0.018838869407773018,0.08544331789016724,0.1040300577878952,0.18421095609664917,0.08118733018636703,0.0,0.01030938234180212,0.288826048374176,0.773636519908905,0.0683087408542633,0.2953408360481262,0.0,0.29134422540664673,0.0,0.05551948398351669,0.2586633265018463,0.0,0.01084635779261589,0.7057555913925171,1.1094963550567627,0.2825823724269867,0.467926561832428,0.0,0.0,0.015845205634832382,0.11730895936489105,0.049995120614767075,0.03392323851585388,0.4394322335720062,0.786435067653656,0.024477344006299973,0.17578931152820587,0.03454676643013954,0.13071443140506744,0.06573671847581863,0.0009269158472307026,0.17072968184947968,0.04232821241021156,0.021038595587015152,0.15325108170509338,0.384199857711792,0.14702096581459045,0.06134423613548279,0.05921337008476257,-0.23273609578609467
57,0.0071693966165184975,0.02634584531188011,0.008449656888842583,0.0,0.0,0.0,0.4711568355560303,0.09870506078004837,0.0,0.057610154151916504,0.08414628356695175,0.017838938161730766,0.0,0.3440279960632324,0.0,0.05605241283774376,0.08854658901691437,9.340420365333557e-05,0.0,0.0,0.0,0.10770048946142197,0.0,0.30260002613067627,0.06301151216030121,0.0,0.0,0.4152369499206543,0.005084886681288481,0.13081516325473785,0.005121644586324692,0.2714576721191406,0.0,0.3131171464920044,0.009436356835067272,0.04728635028004646,0.059402428567409515,0.16738642752170563,0.01821524277329445,0.3024218678474426,0.010841869749128819,0.09903718531131744,0.14777278900146484,0.0821925550699234,0.25621214509010315,0.0,0.36435428261756897,0.009103640913963318,0.0,0.036600787192583084,0.008996340446174145,0.0,0.2738197147846222,0.004967094399034977,0.001846560277044773,0.03251989930868149,0.0431581512093544,0.6819208860397339,0.06303900480270386,0.029288271442055702,0.0,0.2105274498462677,0.1111304759979248,0.0,0.0,0.0,0.0,0.1016172245144844,0.13079822063446045,0.10459206998348236,0.0,0.0,0.21329718828201294,0.30049484968185425,0.0103177260607481,0.06556597352027893,0.035265810787677765,0.030656106770038605,0.0,0.20198550820350647,0.04287472739815712,0.018405873328447342,0.0,0.2052847295999527,0.0598113052546978,0.011989805847406387,0.0007022926583886147,0.17027589678764343,0.4612107276916504,0.3518827557563782,0.022957773879170418,0.005563011392951012,0.06484225392341614,0.07151815295219421,0.004975845571607351,0.0,0.4369649887084961,0.0,0.0,0.01370297558605671,0.0,0.21247762441635132,0.0,0.2701888978481293,0.37477990984916687,0.04049277305603027,0.027183396741747856,0.05725569650530815,0.0,0.0,0.018873337656259537,0.056826960295438766,0.033104635775089264,0.17834879457950592,0.0019760909490287304,0.0,0.02429709956049919,0.04119192063808441,0.019440747797489166,0.0005079763941466808,0.013419226743280888,0.010218478739261627,0.0,0.004980321973562241,0.0006199236959218979,0.41104042530059814,0.0,0.0,0.009796313010156155,0.0,0.0,0.11496125161647797,0.0,0.007932290434837341,0.00782308541238308,0.001938028261065483,0.0,0.0,0.15835417807102203,0.012007459066808224,0.0,0.0,0.007044382859021425,0.0,0.05186925828456879,0.03215932846069336,0.005234918557107449,0.013539914041757584,0.21605540812015533,0.0,0.0,0.06666863709688187,0.03865842521190643,0.0,0.0,0.051714371889829636,0.0068111540749669075,0.0,0.0032530552707612514,0.0,0.16005554795265198,0.00540034007281065,0.04497388005256653,0.0,0.15650279819965363,0.11048723012208939,0.0,0.030354062095284462,0.0,0.0,0.0,0.0,0.03364125266671181,0.0,0.04979518800973892,0.12644529342651367,0.0,0.006117465905845165,0.11203569918870926,0.05519552901387215,0.0043538231402635574,0.0,0.148182675242424,0.0,0.013897042721509933,0.057632386684417725,0.2856736183166504,0.0,0.0,0.0,0.0004745887708850205,0.0803673043847084,0.24946270883083344,0.00020325355581007898,0.1986328661441803,0.07251445204019547,0.04631991684436798,0.18210259079933167,0.07579638063907623,0.0,0.08902665972709656,0.0,0.015462638810276985,0.038919564336538315,0.0,0.0,0.0,0.0,0.009599002078175545,0.007072837091982365,0.08028236031532288,0.32263147830963135,0.0,0.12044025957584381,0.058016322553157806,0.14278514683246613,0.34275370836257935,0.0,0.0,0.24652418494224548,0.0,0.021009093150496483,0.0,0.0,0.05232268571853638,0.0,0.06587322801351547,0.0,0.17778098583221436,0.17230162024497986,0.0021353685297071934,0.0,0.22894921898841858,0.05184780806303024,0.21043384075164795,0.07847203314304352,0.0,0.0,0.023143397644162178,0.024051140993833542,0.0,0.01092754490673542,0.005769927985966206,0.2723756730556488,0.01127399317920208,0.001348483725450933,0.07542961835861206,0.0,0.0,0.0,0.0,0.3460829257965088,0.0,0.0,0.0,0.0187434833496809,0.0,0.0412328876554966,0.03687741979956627,0.0,0.05842694267630577,0.0005047406302765012,0.0,0.08826738595962524,0.006246577948331833,0.47111985087394714,0.0755932629108429,0.025401901453733444,0.183610200881958,0.0,0.0,0.09315439313650131,0.043403055518865585,0.0,0.10803844034671783,0.37528377771377563,0.2753027379512787,0.0,0.0,0.0,0.0031358273699879646,0.006467703729867935,0.005106841214001179,0.04725056141614914,0.007574022747576237,0.296376496553421,0.0,0.0,0.41858750581741333,0.2596766948699951,0.008021386340260506,0.0,0.0,0.02966628596186638,0.24686595797538757,0.0,0.4655557870864868,0.19976675510406494,0.029458962380886078,0.0,0.0444430336356163,0.07585025578737259,0.0596744678914547,0.0,0.0,0.0,0.5032318830490112,0.1006401777267456,0.0,0.041910625994205475,0.05049874261021614,0.014015737920999527,0.0,0.4347849488258362,0.0,0.04230000823736191,0.028981806710362434,0.0,0.0026888754218816757,0.0,0.0,0.11833570152521133,0.0,0.18054699897766113,0.03541525453329086,0.0,0.0,0.4430232346057892,0.0,0.11466711014509201,0.0,0.2550187110900879,0.0,0.3017619252204895,0.020598165690898895,0.0604245699942112,0.1044049859046936,0.1542169749736786,0.004517966881394386,0.2475479245185852,0.06699080765247345,0.15954016149044037,0.14535650610923767,0.06855398416519165,0.20427200198173523,0.03400818258523941,0.3524695634841919,0.004712284542620182,0.0,0.042264584451913834,0.06008313596248627,0.0,0.2115153968334198,0.009097959846258163,0.01408938504755497,0.0,0.07226443290710449,0.7879100441932678,0.17311501502990723,0.02455783635377884,0.0,0.21640382707118988,0.18632987141609192,0.0,0.0,0.0045583173632621765,0.0,0.02810702472925186,0.09685593098402023,0.16328950226306915,0.008671414107084274,0.0,0.2536718547344208,0.19696557521820068,0.03294995799660683,0.07402412593364716,0.018536385148763657,0.024990910664200783,0.0,0.2490258514881134,0.026814129203557968,0.002575143240392208,0.0,0.22816096246242523,0.0,0.04670272767543793,0.01205832976847887,0.20468682050704956,0.37521523237228394,0.2634257674217224,0.05484597384929657,0.0,0.045658085495233536,0.022283894941210747,0.0,0.0,0.4911733865737915,0.0,0.007565263658761978,0.0,0.0,0.22011245787143707,0.0,0.15924489498138428,0.3463002145290375,0.11092934012413025,0.02291780337691307,0.02632175385951996,0.016154680401086807,0.0,0.014935711398720741,0.08543577045202255,0.051878422498703,0.19031016528606415,0.006918660365045071,0.0,0.05203720182180405,0.002430466003715992,0.027104774489998817,0.01247197575867176,0.0,0.028797192499041557,0.0,0.018052438274025917,0.0,0.2922423779964447,0.0,0.006531218066811562,0.0,0.007534862961620092,0.0,0.07826769351959229,0.008404596708714962,0.030537547543644905,0.004191500134766102,0.031223855912685394,0.0,0.0,0.2368088960647583,0.036749329417943954,0.0,0.0,0.010744890198111534,0.0,0.04473710060119629,0.0,0.030379576608538628,0.00666317343711853,0.20823118090629578,0.0,0.028696691617369652,0.012015383690595627,0.024520665407180786,0.0,0.0,0.10619356483221054,0.022859835997223854,0.0,0.026955358684062958,0.003726240945979953,0.04587069898843765,0.037090495228767395,0.08535883575677872,0.0,0.19361045956611633,0.12618553638458252,0.0,0.04140438884496689,0.0,0.0,0.0,0.0,0.02619062177836895,0.0,0.1241508424282074,0.0327555313706398,0.0,0.026614796370267868,0.02658422663807869,0.09685712307691574,0.0,0.0,0.0916207879781723,0.004956310614943504,0.006188729777932167,0.08826304972171783,0.32976505160331726,0.0,0.028089238330721855,0.0,0.0,0.008525921031832695,0.2431333363056183,0.0,0.14676183462142944,0.022064795717597008,0.13387852907180786,0.11392822116613388,0.06648281216621399,0.009942286647856236,0.04605909809470177,0.0,0.035323143005371094,0.03272716701030731,0.0,0.0,0.0,0.0,0.0,0.037554167211055756,0.07536044716835022,0.3084615170955658,0.0,0.179529070854187,0.011165432631969452,0.13020770251750946,0.410579115152359,0.0,0.0,0.18275567889213562,0.0,0.05520377680659294,0.0,0.0,0.047062184661626816,0.0,0.005127454176545143,0.0,0.21944841742515564,0.018332278355956078,0.0008703875355422497,0.0,0.19018763303756714,0.10682249069213867,0.18371890485286713,0.09265635907649994,0.016275009140372276,0.0011079779360443354,0.03815322741866112,0.02999594807624817,0.012215547263622284,0.009717436507344246,0.0,0.23036131262779236,0.003274358808994293,0.0,0.07301310449838638,0.0,0.0,0.0,0.0,0.30350252985954285,0.0,0.0,0.0028147022239863873,0.04166276007890701,0.0,0.03598805516958237,0.04286778345704079,0.006839023437350988,0.051818303763866425,0.0,0.0,0.12477481365203857,0.020941542461514473,0.23057445883750916,0.06408359110355377,0.005845719948410988,0.22141486406326294,0.0,0.0,0.08554073423147202,0.050323791801929474,0.0,0.24589897692203522,0.5095770359039307,0.2986169159412384,0.0025203016120940447,0.0,0.0,0.0,0.07623254507780075,0.021172819659113884,0.033401988446712494,0.03302504122257233,0.31032487750053406,0.0007510203868150711,0.0,0.32742953300476074,0.2838101089000702,0.018117755651474,0.0,0.0,0.0,0.20602302253246307,0.0,0.5100954174995422,0.1267443299293518,0.019214611500501633,0.0,0.004053357057273388,0.01743927039206028,0.03319259360432625,0.0,0.0,0.0,0.46053579449653625,0.13614186644554138,0.0,0.019633175805211067,0.061362240463495255,0.05191363766789436,0.0,0.43434199690818787,0.0,0.03887588903307915,0.05629061907529831,0.0,0.0020934881176799536,0.0,0.0,0.1218794733285904,0.0031828763894736767,0.2913176417350769,0.041745781898498535,0.0010670274496078491,0.0,0.5349900126457214,0.0,0.04750474914908409,0.006372676230967045,0.32864490151405334,0.0,0.30679890513420105,0.0,0.1035020649433136,0.01787128858268261,0.126380056142807,0.027664681896567345,0.28539901971817017,0.06133495643734932,0.21264547109603882,0.10781735181808472,0.10578937828540802,0.3273831009864807,0.011541435495018959,0.39467737078666687,0.004280116409063339,0.0,0.026622295379638672,0.039536867290735245,0.0,0.34450769424438477,0.00014492261107079685,0.0075105889700353146,0.0462014302611351,0.024688953533768654,0.8082672357559204,0.10742074996232986,0.0616372786462307,0.0,0.2487604320049286,0.17991015315055847,0.0,0.0,0.0,0.0,0.12373016774654388,0.16069911420345306,0.16093982756137848,0.0,0.0,0.1762797087430954,0.30184218287467957,0.0,0.14650599658489227,0.04772108793258667,0.05737467482686043,0.0,0.18029670417308807,0.02299947291612625,0.0,0.0,0.246564581990242,0.014962014742195606,0.019094746559858322,0.0,0.2622494101524353,0.393384724855423,0.2596376836299896,0.03036150150001049,0.0,0.04132547974586487,0.048220306634902954,0.040371254086494446,0.009559029713273048,0.5086267590522766,0.0,0.00037592375883832574,0.06626662611961365,0.0003801189595833421,0.19702653586864471,0.0,0.1411571353673935,0.3683917224407196,0.014299091883003712,0.01873364858329296,0.028389984741806984,0.0,0.0,0.05450446903705597,0.050294335931539536,0.027322199195623398,0.18949459493160248,0.03647058829665184,0.0,0.05584283918142319,0.013382965698838234,0.011248835362493992,0.008899910375475883,0.07426001876592636,0.02619141712784767,0.0,0.004311906639486551,0.01599692925810814,0.28170982003211975,0.0,0.0,0.0006301834946498275,0.0,0.0,0.0960921123623848,0.0015143529744818807,0.023822758346796036,0.0011513979407027364,0.046481914818286896,0.0,0.0,0.15880617499351501,0.04001842439174652,0.0,0.0,0.004871681798249483,0.0,0.035212691873311996,0.0,0.004002602305263281,0.0014514579670503736,0.07220802456140518,0.0,0.008470622822642326,0.027060238644480705,0.02766246348619461,0.0,0.0,0.07169096171855927,0.05698574334383011,0.0,0.012664344161748886,0.004081425257027149,0.09224420040845871,0.012578682973980904,0.04142138734459877,0.0,0.20021159946918488,0.14514291286468506,0.0012398959370329976,0.02972508780658245,0.0,0.0,0.0,0.0,0.023704176768660545,0.0,0.12292324006557465,0.09503789991140366,0.0,0.016994556412100792,0.06486278027296066,0.03028963878750801,0.0,0.0,0.09593374282121658,0.0021325498819351196,0.0,0.14852407574653625,0.304036021232605,0.0,0.008230017498135567,0.0,0.0,0.04459403455257416,0.20940375328063965,0.0,0.21135741472244263,0.03269162401556969,0.052505090832710266,0.11850403994321823,0.045286644250154495,0.0,0.046408746391534805,0.0,0.0166306234896183,0.028547484427690506,0.0,0.0,0.0,0.0,0.0013238942483440042,0.0016140943625941873,0.15494579076766968,0.30778464674949646,0.0,0.08265436440706253,0.0868847593665123,0.08840383589267731,0.3606492578983307,0.0,0.0,0.23078393936157227,0.0,0.04593127965927124,0.0,0.0,0.04051463305950165,0.0,0.04477234557271004,0.0,0.26531562209129333,0.057485856115818024,0.016301164403557777,0.0,0.2014695256948471,0.08407087624073029,0.3347105085849762,0.07712910324335098,0.0,0.0,0.021127397194504738,0.012447266839444637,0.0,0.004092874005436897,0.007209019269794226,0.19568736851215363,0.00038848744588904083,0.0015448624035343528,0.01844949834048748,0.0,0.0,0.0,0.0,0.38911116123199463,0.0,0.0,0.0,0.05306502431631088,0.0,0.028272125869989395,0.037623725831508636,0.005952782463282347,0.03924178704619408,0.0,0.0,0.07976175099611282,0.0,0.4412197768688202,0.03701014071702957,0.01463346928358078,0.12015897780656815,0.0,0.0,0.07456928491592407,0.11491157114505768,0.0,0.2638557553291321,0.3938751816749573,0.2366476207971573,0.0,0.0,0.0001112351892516017,0.0,0.027997730299830437,0.00785638578236103,0.03127404674887657,0.058808520436286926,0.3091394305229187,0.0,1.91914551805894e-07,0.40583547949790955,0.3478774130344391,0.021015102043747902,0.0,0.0,0.012322408147156239,0.23133449256420135,0.0,0.4041828513145447,0.20089729130268097,0.01617012359201908,0.0,0.06157586723566055
58,0.0,0.14580698311328888,0.49901142716407776,0.0025319962296634912,0.0,0.0,0.6165251135826111,0.023064477369189262,0.0,0.0,0.06971359252929688,0.0,0.0,0.2560161054134369,0.0,0.19062575697898865,0.02071727253496647,0.0,0.0,0.0,0.0,0.13131533563137054,0.024541132152080536,0.6915145516395569,0.0,0.0,0.0,0.8383224606513977,0.07546878606081009,0.050354618579149246,0.2950911819934845,0.31335610151290894,0.0,0.40168699622154236,0.18109342455863953,0.38994666934013367,0.16907644271850586,0.7970860004425049,0.0,0.0014210757799446583,0.0,0.4300292432308197,0.0496140718460083,0.23809538781642914,0.5526755452156067,0.9194612503051758,0.09471753984689713,0.0,0.0,0.19541268050670624,0.3753562569618225,0.0,0.0,0.008799625560641289,0.21441571414470673,0.0,0.705437183380127,0.6566708087921143,0.1545850783586502,0.05330171808600426,0.0,0.031216956675052643,0.005395323503762484,0.0,0.0,0.11193660646677017,0.007867962121963501,0.0,0.1341460943222046,0.009054800495505333,0.6139037609100342,0.0,0.3648563325405121,0.0,0.11197283864021301,0.11362392455339432,0.0,0.5950393080711365,0.0,0.1136055514216423,0.018796073272824287,0.28434595465660095,0.002320026746019721,0.15566471219062805,0.0,0.0,0.15287916362285614,0.1682804375886917,0.4216732680797577,0.5398867726325989,0.10819404572248459,0.0,0.0,0.49480000138282776,0.0,0.0,0.4295858144760132,0.1101142019033432,0.0,0.007106830831617117,0.0,0.041176941245794296,0.0,0.523565411567688,0.7770289778709412,0.45221033692359924,0.25072622299194336,0.00425294041633606,0.0,0.0,0.0,0.23023076355457306,0.23016251623630524,0.2444600760936737,0.17344403266906738,0.0,0.0,0.0,0.23436005413532257,0.17837098240852356,0.0,0.055087246000766754,0.1792672872543335,0.01806602254509926,0.0,0.44949594140052795,0.0021692970767617226,0.251851886510849,0.0,0.0,0.0,0.008321575820446014,0.1466808319091797,0.0,0.08851303160190582,0.033986084163188934,0.0,0.0,0.037221238017082214,0.033826835453510284,0.0,0.01818820834159851,0.5972957611083984,0.0,0.5825796127319336,0.0,0.0,0.039336323738098145,0.0,0.0,0.0770333781838417,0.7553068995475769,0.2995852530002594,0.0,0.0,0.5816555023193359,0.004490009043365717,0.0,2.5456563889747486e-05,0.0,1.1863898038864136,0.3187517821788788,0.0,0.0,0.17561393976211548,0.04143685847520828,0.0,0.6736462712287903,0.0,0.0,0.0,0.0,0.053877200931310654,0.1280384510755539,0.0714355856180191,0.2393416315317154,0.022735506296157837,0.7789468765258789,0.0,0.0232236348092556,0.0,0.0,0.9064512252807617,0.006670026574283838,0.0,0.2480948567390442,0.21862371265888214,0.14484235644340515,0.6863566040992737,0.0,0.0,0.0,0.0,0.11936444789171219,0.1768777072429657,0.6465228199958801,0.019819585606455803,0.8549498319625854,0.0,0.07303962856531143,0.20340029895305634,0.0,0.014215032570064068,0.0,0.0,0.0,0.0,0.0,0.0,0.0027101635932922363,0.00014260431635193527,0.18936091661453247,0.08597730100154877,0.7086277008056641,0.0,0.25761011242866516,0.5193008780479431,0.0,0.07981596887111664,0.5699911713600159,0.011427074670791626,0.0072761401534080505,0.0,0.0,0.0,0.05793948844075203,0.023192021995782852,0.0,0.3738971948623657,0.008960005827248096,0.0,0.0,0.8568225502967834,0.4411666691303253,0.032102812081575394,0.20033086836338043,0.12933868169784546,0.00021978218865115196,0.2841806411743164,0.07842656970024109,0.002091595670208335,0.0,0.0,1.1752516031265259,0.0,0.039286598563194275,0.019569972530007362,0.0,0.0,0.0,0.0,0.008554468862712383,0.0,0.02693403698503971,0.0,0.8790748119354248,0.06585793942213058,0.07828748226165771,0.007446978706866503,0.08901925384998322,0.530750572681427,0.0,0.0,0.645555317401886,0.34800291061401367,0.0,0.5859456658363342,0.0,0.38418906927108765,0.045114580541849136,0.0,0.10873053222894669,0.0,0.028012918308377266,1.4983670711517334,0.8328608274459839,0.479095995426178,0.12274959683418274,0.0,0.0022740827407687902,0.0,0.0031924801878631115,0.4800146520137787,0.0,0.0031826640479266644,0.46405166387557983,0.0,0.0,0.6381208300590515,0.273648738861084,0.021513326093554497,0.010216942988336086,0.0,0.0,0.38818955421447754,0.12531189620494843,0.6468139886856079,0.0,0.007982944138348103,0.25170832872390747,0.01812492311000824,0.0699828565120697,0.04494862258434296,0.0,0.0,0.0,0.37911638617515564,0.12559083104133606,0.0,0.06858652830123901,0.16302593052387238,0.04851265996694565,0.0,0.396981418132782,0.029483508318662643,0.030603334307670593,0.022075004875659943,0.04380319267511368,0.03581107780337334,0.0,0.0,0.1569690704345703,0.0,0.33514976501464844,0.08185194432735443,0.0,0.0,0.4053928852081299,0.0,0.0944208949804306,0.0029896069318056107,0.23464639484882355,0.0,0.2992634177207947,0.0005638436414301395,0.025012724101543427,0.08259055018424988,0.09544624388217926,0.046466633677482605,0.3457227945327759,0.04211174324154854,0.06576206535100937,0.23682093620300293,0.020191365852952003,0.23595945537090302,0.0,0.3331339657306671,0.0,0.0,0.018235299736261368,0.015292073599994183,0.0,0.4268661141395569,0.0015672564040869474,0.0,0.12055317312479019,0.008475379087030888,0.7029125690460205,0.07936649024486542,0.0,0.0,0.21136975288391113,0.15726417303085327,0.015009000897407532,0.0,0.008802931755781174,0.0,0.33490681648254395,0.08794627338647842,0.1112360805273056,0.0,0.0,0.19041776657104492,0.4217338263988495,0.0,0.11144471913576126,0.08639081567525864,0.0,0.0,0.22430557012557983,0.067357137799263,0.0,0.0,0.268599271774292,0.11781129240989685,0.03768250346183777,0.0,0.14458096027374268,0.5104795098304749,0.20615625381469727,0.04748935252428055,0.13486380875110626,0.043221451342105865,0.011013838462531567,0.01089237816631794,0.01029250118881464,0.3837936520576477,0.0,0.0,0.02156648598611355,0.09240395575761795,0.2208067774772644,0.0,0.3249596357345581,0.2686898708343506,0.03590674698352814,0.012241481803357601,0.11772347241640091,0.003005343722179532,0.0,0.18307410180568695,0.07123461365699768,0.020467951893806458,0.1888274848461151,0.0005422884132713079,0.0,0.05656379461288452,0.08063174784183502,0.0,0.016591746360063553,0.1308113932609558,0.03375484421849251,0.0,0.02633868157863617,0.011354041285812855,0.2883545458316803,0.0,0.0,0.05057908594608307,0.0,0.0,0.08969535678625107,0.0,0.04220272973179817,0.0,0.02322082221508026,0.004690622445195913,0.0,0.1828935146331787,0.012897872366011143,0.0,0.0,0.001946483738720417,0.0,0.045559365302324295,0.01757470890879631,0.020840782672166824,0.006831444799900055,0.2643108069896698,0.0,0.0,0.004709539469331503,0.017555339261889458,0.0,0.0,0.0615762397646904,0.019649198278784752,0.012042775750160217,0.003478231141343713,0.0,0.054245010018348694,0.007360178977251053,0.10976462811231613,0.0,0.09771130979061127,0.1376977264881134,0.0,0.0,0.028411149978637695,0.0,0.0,0.005770346615463495,0.029202809557318687,0.0,0.08498930931091309,0.08883629739284515,0.0,0.00337273720651865,0.15362922847270966,0.06642485409975052,0.012438579462468624,0.0,0.09753621369600296,0.011088736355304718,0.024669066071510315,0.05066557973623276,0.2362457513809204,0.0,0.0,0.0,0.0,0.114860899746418,0.2508484721183777,0.0,0.11656223237514496,0.05772455036640167,0.10344324260950089,0.12013060599565506,0.22376185655593872,0.0,0.0919114276766777,0.0,0.005973306484520435,0.04567375406622887,0.0,0.0,0.0,0.038108304142951965,0.04880527779459953,0.001755984965711832,0.11397983133792877,0.2982063889503479,0.0,0.017330612987279892,0.1684855818748474,0.13169892132282257,0.23979461193084717,0.0,0.0,0.2122766673564911,0.0,0.04209484905004501,0.046899884939193726,0.0,0.09125342220067978,0.0,0.02745308354496956,0.003021322190761566,0.13119561970233917,0.1718340367078781,0.009587209671735764,0.0,0.1604604870080948,0.05131453275680542,0.2651265859603882,0.039344049990177155,0.0,0.0,0.028736108914017677,0.013790452852845192,0.0,0.0018482482992112637,0.015382414683699608,0.14851076900959015,0.08234734833240509,0.010319366119801998,0.10288013517856598,0.0,0.0,0.0,0.0,0.4325646758079529,0.0,0.0,0.008370758034288883,0.013349225744605064,0.0,0.02640468254685402,0.006736833602190018,0.0,0.013966549187898636,0.00390856247395277,0.015307793393731117,0.04962928593158722,0.0,0.5486138463020325,0.01612773723900318,0.09439095109701157,0.15876679122447968,0.0,0.0,0.0652974396944046,0.16095945239067078,0.0,0.14919109642505646,0.2604498267173767,0.22955337166786194,0.0,0.0,0.0,0.044467050582170486,0.09886139631271362,0.008078367449343204,0.13858123123645782,0.0,0.2380041480064392,0.0,0.0,0.39649128913879395,0.28685957193374634,0.021214144304394722,0.0,0.0,0.2035272717475891,0.3154275715351105,0.0,0.4269299805164337,0.34157663583755493,0.06737048923969269,0.0,0.003917122259736061,0.09798011183738708,0.23213350772857666,0.0,0.0,0.0,0.4545035660266876,0.09440769255161285,0.0,0.0011130078928545117,0.08064821362495422,0.02997862547636032,0.0005271239206194878,0.37432152032852173,0.0,0.10229243338108063,0.0363638699054718,0.0,0.0,0.0,0.0,0.16310198605060577,0.010325483977794647,0.5547248721122742,0.0,0.00035978294909000397,0.0,0.7243473529815674,0.03859535977244377,0.03521239385008812,0.17198453843593597,0.3539031744003296,0.0,0.3303473889827728,0.062145598232746124,0.2172868847846985,0.08081439137458801,0.4418373107910156,0.012144207954406738,0.125297412276268,0.023900464177131653,0.3455594778060913,0.10258647799491882,0.14337946474552155,0.4961705803871155,0.4741661250591278,0.22385220229625702,0.0,0.0,0.08316956460475922,0.17882229387760162,0.0,0.17065337300300598,0.0001907616388052702,0.09382732212543488,0.028981709852814674,0.350555419921875,0.7394579648971558,0.11624989658594131,0.052656859159469604,0.0,0.14854447543621063,0.10451410710811615,0.0,0.0,0.03534427285194397,0.00047951971646398306,0.051786117255687714,0.18283793330192566,0.1042228415608406,0.28667783737182617,0.0,0.2498525232076645,0.1458566039800644,0.03644043207168579,0.18411144614219666,0.014381474815309048,0.31020885705947876,0.0,0.1086365133523941,0.022108742967247963,0.08707103878259659,0.009585628286004066,0.21376068890094757,0.026328612118959427,0.0006018020212650299,0.08017624169588089,0.2385425865650177,0.41021019220352173,0.3663175106048584,0.07426449656486511,0.0,0.0,0.25357627868652344,0.02552895061671734,0.0011198623105883598,0.47141891717910767,0.04498652368783951,0.0,0.05052931606769562,0.0,0.13109233975410461,0.0,0.31146809458732605,0.5568230748176575,0.2286735475063324,0.12737995386123657,0.024207212030887604,0.0,0.0,0.029360800981521606,0.12391404062509537,0.08531239628791809,0.25340715050697327,0.10508809983730316,0.0,0.030874507501721382,0.011392425745725632,0.10200855135917664,0.07899583131074905,0.04127702862024307,0.06882426887750626,0.14581964910030365,0.015456905588507652,0.001932159997522831,0.29693031311035156,0.004123945254832506,0.12404968589544296,0.018139280378818512,0.0,0.0,0.07256653904914856,0.07870753109455109,0.0,0.009138695895671844,0.046643536537885666,0.0,0.0,0.06563171744346619,0.05547630041837692,0.0,0.01781962439417839,0.2787684500217438,0.0,0.335049033164978,0.0,0.0,0.004171920940279961,0.0,0.0,0.023829402402043343,0.42513859272003174,0.11997213214635849,0.0,0.0,0.3581448793411255,0.03080400638282299,0.0,0.009699054062366486,9.938469156622887e-05,0.6798272728919983,0.154384583234787,0.0,0.0,0.16548460721969604,0.09463419765233994,0.0,0.30738407373428345,0.0,0.0,0.0034365281462669373,0.0,0.016656044870615005,0.05445444583892822,0.1570090651512146,0.15498991310596466,0.0053893765434622765,0.3232165575027466,0.017992058768868446,0.01127510704100132,0.0,0.0,0.5068079829216003,0.007953867316246033,0.0,0.23367294669151306,0.22666610777378082,0.08372760564088821,0.3274524211883545,0.0,0.0,0.023602841421961784,0.06183411180973053,0.0819396823644638,0.193638876080513,0.35627439618110657,0.010639146901667118,0.5095665454864502,0.003113911487162113,0.0,0.10705171525478363,0.0,0.019615087658166885,0.011420197784900665,0.0,0.0,0.0,0.0,0.0030015199445188046,0.0009970548562705517,0.07887790352106094,0.23908019065856934,0.04559878632426262,0.35320374369621277,0.05923213064670563,0.16434456408023834,0.4072803556919098,0.0,0.05117277428507805,0.3624042272567749,0.0210428424179554,0.010568739846348763,0.0,0.0,0.0,0.037747807800769806,0.03842758759856224,0.04240114241838455,0.3432909846305847,0.02660854160785675,0.004560557194054127,0.0,0.5496394634246826,0.24579595029354095,0.207210510969162,0.13496051728725433,0.003604036755859852,0.0004669828340411186,0.12704622745513916,0.023670706897974014,0.010375561192631721,0.0,0.0,0.6213257312774658,0.0,0.0438113734126091,0.018336297944188118,0.0,0.0,0.0,0.0,0.19790682196617126,0.0,0.0002583097666501999,0.0,0.43338531255722046,0.002470135223120451,0.033658117055892944,0.021923789754509926,0.027264703065156937,0.2246462106704712,0.0,0.0,0.3384459912776947,0.10451337695121765,0.19955655932426453,0.2886839807033539,0.01752363331615925,0.19318926334381104,0.021865706890821457,0.0,0.04222501441836357,0.053291115909814835,0.0,0.9599285125732422,0.5580744743347168,0.3100653886795044,0.010016042739152908,0.0,0.0009974800050258636,0.010939642786979675,0.010085511952638626,0.19083894789218903,0.0014460179954767227,0.03760698437690735,0.39508265256881714,0.0,0.0,0.5532339215278625,0.30999860167503357,0.015036078169941902,0.0,0.0,0.0,0.33440446853637695,0.043463096022605896,0.44731995463371277,0.07692978531122208,0.021715329959988594,0.14007775485515594,-0.6130874156951904
59,0.06082551181316376,0.1308518648147583,0.0278447438031435,0.0,0.0,0.0,0.4306882619857788,0.09225840121507645,0.0,0.009537520818412304,0.0771225094795227,0.006499812938272953,0.0,0.2563668191432953,0.0,0.08856651186943054,0.01899569481611252,0.005777932237833738,0.0,0.0,0.0,0.05432683974504471,0.0,0.4092021882534027,0.027059273794293404,0.0,0.0,0.47542867064476013,0.0026083060074597597,0.04668053984642029,0.0939190536737442,0.28113824129104614,0.0,0.27138417959213257,0.06875140964984894,0.03562169149518013,0.005385398864746094,0.17791712284088135,0.07117041945457458,0.09201987832784653,0.029485762119293213,0.09342250972986221,0.07525946199893951,0.05234663188457489,0.20897869765758514,0.08774768561124802,0.14736419916152954,0.030157502740621567,0.0,0.06699616461992264,0.10360207408666611,0.0,0.2339373528957367,0.0029582870192825794,0.03664713352918625,0.0,0.1901702880859375,0.5895224809646606,0.1447526514530182,0.03223007917404175,0.0,0.08724629878997803,0.0749724879860878,0.0,0.0,0.0019473874708637595,0.0,0.051872823387384415,0.11539485305547714,0.09773007780313492,0.015226508490741253,0.0,0.11235757917165756,0.12036027759313583,0.025422686710953712,0.04555847495794296,0.046272944658994675,0.09239701926708221,0.0,0.062182433903217316,0.031256455928087234,0.03887183219194412,0.0,0.14302249252796173,0.1256788671016693,0.0,0.04145298898220062,0.23229879140853882,0.4087119698524475,0.3445962369441986,0.03508120775222778,0.0,0.032315392047166824,0.08955342322587967,0.0025178424548357725,0.031725797802209854,0.4543115198612213,0.0,0.002052810275927186,0.001868265331722796,0.0039892904460430145,0.3038921058177948,0.0,0.42912396788597107,0.2709784507751465,0.14546893537044525,0.030701259151101112,0.0630008652806282,0.006613817065954208,0.0,0.0,0.039203714579343796,0.04068760946393013,0.23148177564144135,0.05917742848396301,0.0,0.0351959653198719,0.054920148104429245,0.07017724215984344,0.013459201902151108,0.0,0.06282036751508713,0.0013856816804036498,7.076832844177261e-05,0.0,0.30921047925949097,0.0,0.0,0.005227559246122837,0.026872044429183006,0.0,0.19608493149280548,0.0163350198417902,0.009538648650050163,0.0028195702470839024,0.06001489982008934,0.0,0.0,0.01754022017121315,6.956539436941966e-05,0.0,0.004476848058402538,0.0136537691578269,0.0,0.1728779822587967,2.50651082751574e-05,0.02867925725877285,0.0025897969026118517,0.03313300386071205,6.947598740225658e-05,0.040674787014722824,0.1552494764328003,0.07808460295200348,0.0,0.0,0.3040332496166229,0.03575501590967178,0.0,0.027436653152108192,0.028215846046805382,0.25390222668647766,0.09967430680990219,0.01412387378513813,0.0,0.014764287509024143,0.08839516341686249,0.0,0.07135935127735138,0.0,0.0,0.0,0.0,0.0063782925717532635,0.022452494129538536,0.13348641991615295,0.21371805667877197,0.021919284015893936,0.058620236814022064,0.005385638680309057,0.014757472090423107,0.00039129095966927707,0.004145471379160881,0.21196413040161133,0.0,0.0034512660931795835,0.11813545227050781,0.19384726881980896,0.0,0.038752175867557526,0.0,0.0,0.027115903794765472,0.0829756036400795,0.003553964663296938,0.17254602909088135,0.21017660200595856,0.022508079186081886,0.23875783383846283,0.040648575872182846,0.03331770375370979,0.11624476313591003,0.0,0.024599140509963036,0.04928724095225334,0.0,0.0,0.0,0.025443432852625847,0.01134742796421051,0.07346375286579132,0.03909764066338539,0.2746853828430176,0.0160532109439373,0.1590433120727539,0.002651978749781847,0.03716990351676941,0.3014051020145416,0.0,0.011116962879896164,0.2576583921909332,0.0,0.046479325741529465,0.0,0.0007771335076540709,0.009897897019982338,0.0019283152651041746,0.12332411855459213,0.005470143165439367,0.26795023679733276,0.03536948561668396,0.0039205532521009445,0.0,0.36142659187316895,0.060759980231523514,0.05136416479945183,0.07662983238697052,0.030665216967463493,0.0,0.030888423323631287,0.06866513937711716,0.0505264475941658,0.0,0.0,0.33362284302711487,0.0,0.06179492175579071,0.05002208426594734,0.0,0.0,0.0,0.0,0.2602007985115051,0.0,0.0,0.018851077184081078,0.10929762572050095,0.0,0.04688243567943573,0.05777110531926155,0.013247519731521606,0.13041895627975464,0.0,0.0,0.09419292956590652,0.12953051924705505,0.2679122984409332,0.05230896919965744,0.010518847964704037,0.08353870362043381,0.00923728384077549,0.006383512634783983,0.05621667578816414,0.0002845065318979323,0.0,0.3794073164463043,0.31433725357055664,0.1703210175037384,0.020697694271802902,0.0,0.0,0.0,0.0005331588326953351,0.019801760092377663,0.07746429741382599,0.03451462835073471,0.3375169634819031,0.00017051737813744694,0.05469174310564995,0.2561626434326172,0.08890366554260254,0.017309509217739105,0.0,0.0,0.0,0.2828369140625,0.0,0.41652727127075195,0.09194625914096832,0.039144907146692276,0.020381590351462364,0.047326672822237015,0.02483653835952282,0.152633398771286,0.0,0.0,0.0,0.19530390202999115,0.09981242567300797,0.005448769312351942,0.14594855904579163,0.28665807843208313,0.005430081393569708,0.0,0.2163628786802292,0.30270496010780334,0.0,0.0,0.2323768138885498,0.16503091156482697,0.002950377529487014,0.12526004016399384,0.06253933161497116,0.0,0.7223798036575317,0.2397715151309967,0.0015290003502741456,0.0,0.5729753375053406,0.05643611028790474,0.027906695380806923,0.0029408857226371765,0.3006060719490051,0.017926735803484917,0.12677399814128876,0.06636738777160645,0.012686572037637234,0.006395199801772833,0.21177425980567932,0.3399374485015869,0.08745767921209335,0.3078647255897522,0.043946512043476105,0.1550251692533493,0.0,0.24453520774841309,0.021531054750084877,0.2594996988773346,0.02339705266058445,0.0,0.3089161813259125,0.0,0.0,0.6995702981948853,0.0,0.005863581784069538,0.1627286821603775,0.09400811046361923,0.6879208087921143,0.06938095390796661,0.01794620417058468,0.0,0.07751675695180893,0.08547794073820114,0.03360338881611824,0.0,0.0,0.0,0.7257424592971802,0.1655047982931137,0.06047024950385094,0.0029362402856349945,0.0,0.16402532160282135,0.6157307028770447,0.0016857130685821176,0.11287879943847656,0.5234199166297913,0.05427442118525505,0.0,0.0,0.2656552493572235,0.0,0.03149526193737984,0.24071131646633148,0.6688908934593201,0.0,0.0004073187883477658,0.15094886720180511,0.6985570788383484,0.07344676554203033,0.14144355058670044,0.56916743516922,0.03109724260866642,0.2989841401576996,0.0,0.23608461022377014,0.23035183548927307,0.0,0.0,0.009091268293559551,0.36345019936561584,0.10548599809408188,0.0,0.6963908076286316,0.02782072126865387,0.04668102413415909,0.023132437840104103,0.42056211829185486,0.020051700994372368,0.0,0.28887730836868286,0.06597717851400375,0.07351567596197128,0.26484236121177673,0.2754072844982147,0.017064686864614487,0.04052145406603813,0.5577532649040222,0.005339788738638163,0.057659175246953964,0.2636955678462982,0.3516819179058075,0.09225129336118698,0.0029319466557353735,0.15376101434230804,0.030113792046904564,0.0,0.1118498370051384,0.40882784128189087,0.0,0.03443016856908798,0.030270317569375038,0.058648884296417236,0.03217191994190216,0.011756468564271927,0.1545453816652298,0.028854260221123695,0.0,0.062168192118406296,0.0,0.0,0.016216697171330452,0.0,0.0,0.11878400295972824,0.0,0.156867116689682,0.02999013103544712,0.024027366191148758,0.0,0.0,0.07722790539264679,0.002513858489692211,0.0,0.003649842692539096,0.46909379959106445,0.2280854433774948,0.004708565771579742,0.0,0.002145188394933939,0.1874149739742279,0.0207960307598114,0.13626399636268616,0.0,0.0,0.04142006114125252,0.010904956609010696,0.0,0.1993127316236496,0.0,0.11175232380628586,0.02569732628762722,0.0017967865569517016,0.0,0.3602597415447235,0.36195647716522217,0.0169257503002882,0.0,0.0847070962190628,0.0,0.00779850734397769,0.04371193051338196,0.16398079693317413,0.00045574011164717376,0.013107686303555965,0.08144646137952805,0.09534542262554169,0.0,0.050725292414426804,0.0,0.0,0.43245846033096313,0.11577267944812775,0.0,0.007469996809959412,0.4728533923625946,0.0,0.3876672387123108,0.6143349409103394,0.02244325540959835,0.3522230088710785,0.0,0.010573898442089558,0.046909112483263016,0.0,0.0,0.0,0.8950002789497375,0.43643316626548767,0.09493099898099899,0.08735974133014679,0.20038370788097382,0.0032947238069027662,0.030296236276626587,0.2920643389225006,0.0428040511906147,0.1416618376970291,0.0,0.0,0.20634305477142334,0.0,0.13592250645160675,0.5472972989082336,0.0297552403062582,0.10357619822025299,0.0042847562581300735,0.6085211634635925,0.4199145436286926,0.1444806158542633,0.2862287759780884,0.15208859741687775,0.15782049298286438,0.46563220024108887,0.08666675537824631,0.0931292176246643,0.03181371092796326,0.0,0.0,0.0,0.0,0.06737080961465836,0.0,0.04438963904976845,0.2009940892457962,0.3489714562892914,0.29473191499710083,0.0250861793756485,0.0,0.0,0.0,0.0,0.49115023016929626,0.0,0.0,0.039461132138967514,0.14373424649238586,0.0,0.0,0.00914212316274643,0.09822940826416016,0.0,0.008874873630702496,0.2574402987957001,0.03421575948596001,0.03901660442352295,0.7017879486083984,0.004055739846080542,0.18302574753761292,0.0,0.0,0.00020431206212379038,0.06908184289932251,0.10687526315450668,0.0,0.5978986620903015,0.03660645708441734,0.20826350152492523,0.0,0.23674435913562775,2.7008354663848877e-06,0.43981119990348816,0.005491127725690603,0.0,0.5788677334785461,0.026708513498306274,0.20097754895687103,0.0,0.024825280532240868,0.34915152192115784,0.0688042938709259,0.058993108570575714,0.0,0.0,0.4806489050388336,0.37263020873069763,0.0,0.10149367153644562,0.5653463006019592,0.3900281488895416,0.06177482753992081,0.2637781500816345,0.07867980748414993,0.005956017877906561,0.0,0.0,0.0,0.5562240481376648,0.06743301451206207,0.01802895776927471,0.12452588230371475,0.06153767183423042,0.017610764130949974,0.0018550156382843852,0.36279141902923584,0.005424364935606718,0.0,0.05402863770723343,0.0019466675585135818,0.03360053524374962,0.006900371517986059,0.0,0.061771608889102936,0.01821143738925457,0.18880057334899902,0.11920332163572311,0.0,0.0020167946349829435,0.5874987244606018,0.05435702204704285,0.0343976654112339,0.07430350035429001,0.44679078459739685,0.0,0.13838815689086914,0.13024723529815674,0.031092485412955284,0.0,0.11923729628324509,0.11432184278964996,0.15663300454616547,0.38104167580604553,0.1861693412065506,0.15819454193115234,0.06618348509073257,0.17489702999591827,0.08964469283819199,0.4585645794868469,0.0001784544438123703,0.006732532288879156,0.07365112751722336,0.07097677141427994,0.0,0.5594565272331238,0.011998075060546398,0.0021397769451141357,0.007282044272869825,0.25150176882743835,1.0164330005645752,0.3459763824939728,0.15963847935199738,0.0,0.10227634012699127,0.3759598433971405,0.0013199836248531938,0.0007196352235041559,0.051105644553899765,0.0,0.13958851993083954,0.44277626276016235,0.3479023575782776,0.006912978831678629,0.0,0.16196022927761078,0.43976980447769165,0.06592123955488205,0.05937334895133972,0.16142204403877258,0.008044426329433918,0.0020369351841509342,0.07167361676692963,0.05362659692764282,0.0,0.03199705481529236,0.17659662663936615,0.08829575777053833,0.008215977810323238,0.006247950252145529,0.5619292259216309,0.43541857600212097,0.2989940941333771,0.07687060534954071,0.07845810055732727,0.0687081441283226,0.06139203533530235,0.01979011669754982,0.20923273265361786,0.7245736122131348,0.0,0.030605096369981766,0.02740335278213024,0.09790071099996567,0.5879227519035339,0.0,0.21935848891735077,0.23393455147743225,0.1968659609556198,0.04723226651549339,0.13794270157814026,0.07845736294984818,0.0,0.046252962201833725,0.063469797372818,0.04335571452975273,0.34395259618759155,0.2724587619304657,0.0,0.14773154258728027,0.12192901223897934,0.02158949337899685,0.01818655990064144,0.0717742070555687,0.26175761222839355,0.0677725225687027,0.0025278532411903143,0.010958108119666576,0.01915421523153782,0.020028768107295036,0.09627409279346466,0.031007885932922363,0.0,0.017902761697769165,0.07740534096956253,0.11335664242506027,0.039262037724256516,0.035276543349027634,0.34501221776008606,0.011998801492154598,0.00043002815800718963,0.15720497071743011,0.03595350310206413,0.0,0.002311613643541932,0.0047134156338870525,0.008444692008197308,0.05047891288995743,0.0,0.18862394988536835,0.0,0.008094045333564281,0.0,0.0,0.0719991996884346,0.050725292414426804,0.0,0.003502585692331195,0.3822254538536072,0.07480720430612564,0.0,0.0017986178863793612,0.06442007422447205,0.13450558483600616,0.12471164762973785,0.060793470591306686,0.013365715742111206,0.11042636632919312,0.19318461418151855,0.0,0.03672856464982033,0.0,0.0,0.037461791187524796,0.04084586724638939,0.041040919721126556,0.002531213453039527,0.7079654335975647,0.10160300880670547,0.0022733223158866167,0.013001478277146816,0.013358539901673794,0.0,0.004757328424602747,0.012498530559241772,0.10738398134708405,0.02161596715450287,0.008080407977104187,0.32337555289268494,0.5347137451171875,0.006421755999326706,0.094325952231884,0.0,0.0029859442729502916,0.0630546361207962,0.2613849341869354,0.014197873882949352,0.233513742685318,0.10881910473108292,0.0732739269733429,0.09239470213651657,0.08151285350322723,0.028076885268092155,0.08059922605752945,0.0,0.08657819777727127,0.17709028720855713,0.009075663983821869,0.011595387943089008,0.001183587359264493,0.2410060465335846,0.07493738830089569,0.13588230311870575,0.19628070294857025,0.573872983455658,0.005502557381987572,0.06158509477972984,0.02818097174167633,0.05097208544611931,0.3664403557777405,0.018160967156291008,0.026897842064499855,0.12987641990184784,0.004111541900783777,0.21310491859912872,0.06928391009569168,0.04160844907164574,0.08612988144159317,0.008693072013556957,0.3151729702949524,0.04105047509074211,0.5526978373527527,0.002457123249769211,0.16470983624458313,0.12094932049512863,0.23715141415596008,0.03695249184966087,0.10584326088428497,0.10162550210952759,0.007596150040626526,0.0,0.004308657255023718,0.03155425563454628,0.09525839239358902,0.0,0.017287908121943474,0.09567289799451828,0.05140070244669914,0.15235137939453125,0.015745097771286964,0.0,0.0,0.021978765726089478,0.0,0.5538526773452759,0.0,0.0,0.040201421827077866,0.10221374034881592,0.0,0.051093339920043945,0.09643197059631348,0.04973598197102547,0.03273914381861687,0.0,0.007589023094624281,0.05372067913413048,0.15057265758514404,0.4327507019042969,0.038128189742565155,0.006621591746807098,0.08636564016342163,0.0,0.01749291829764843,0.11964471638202667,0.04333917424082756,0.0027691626455634832,0.3148139715194702,0.4221206605434418,0.20102941989898682,0.03840889781713486,0.006322746630758047,0.0,0.04828708991408348,0.06107986718416214,0.0,0.13236384093761444,0.21742995083332062,0.4383295178413391,0.003573724767193198,0.026071077212691307,0.10212786495685577,0.13859617710113525,0.07323723286390305,0.0,0.004724471364170313,0.14529700577259064,0.1624385118484497,0.018661459907889366,0.26467180252075195,0.3530559241771698,0.062117576599121094,0.0007066768012009561,-0.32662713527679443
60,0.13153815269470215,0.12858760356903076,0.03004780039191246,0.0,0.0,0.0,0.5562533140182495,0.05380178242921829,0.0,0.010689820162951946,0.03480154275894165,0.00260109337978065,0.0,0.3128419816493988,0.0,0.10133884102106094,0.05611870810389519,0.0,0.0,0.0,0.0,0.05313727259635925,0.0,0.23703445494174957,0.02067524753510952,0.0,0.0,0.4913625419139862,0.011280184611678123,0.09143953025341034,0.11721061915159225,0.31382495164871216,0.0,0.282706618309021,0.09305407851934433,0.054687339812517166,0.008726174011826515,0.21744012832641602,0.001476589939557016,0.07102115452289581,0.06225984916090965,0.16409090161323547,0.08353523164987564,0.11004164069890976,0.1733936071395874,0.16816218197345734,0.2776561677455902,0.026863113045692444,0.0,0.046216439455747604,0.16113682091236115,0.0,0.15428856015205383,0.019062049686908722,0.04703988507390022,0.0,0.30243420600891113,0.7333893775939941,0.2095789760351181,0.06671468168497086,0.0,0.08180157095193863,0.14018121361732483,0.0,0.0,0.009148037992417812,0.0,0.0,0.2182289958000183,0.15299701690673828,0.0365862138569355,0.0,0.17397506535053253,0.1411513388156891,0.0771331712603569,0.04741378873586655,0.009152904152870178,0.0588875412940979,0.0,0.1588183045387268,0.00938901025801897,0.06765460968017578,0.0,0.13808095455169678,0.0011169823119416833,0.0,0.058433063328266144,0.28909072279930115,0.33238694071769714,0.41317516565322876,0.03734861686825752,0.0,0.02431419864296913,0.07341345399618149,0.0,0.016532711684703827,0.5905753374099731,0.0,0.005387780722230673,0.0,0.0,0.3674263060092926,0.0,0.26546066999435425,0.41535863280296326,0.2449435591697693,0.05567939952015877,0.008707800880074501,0.005539460573345423,0.0,0.0,0.06696517765522003,0.04628325626254082,0.2565564215183258,0.0803874060511589,0.0,0.03540181741118431,0.0,0.09012733399868011,0.021488627418875694,0.0,0.056905072182416916,0.0,0.008996901102364063,0.0,0.32387545704841614,0.0,0.027254806831479073,0.0,0.033114347606897354,0.0,0.16968075931072235,0.03239649161696434,0.0028584820684045553,0.0330452062189579,0.13951373100280762,0.0,0.0,0.05075351893901825,0.010137014091014862,0.0,0.0,0.013710932806134224,0.0,0.14939726889133453,0.0,0.04916941747069359,0.0,0.007824589498341084,0.0,0.05180671811103821,0.15970702469348907,0.09217426925897598,0.0,0.0,0.31081023812294006,0.01859320141375065,0.0,0.03400709107518196,0.03834942728281021,0.30184850096702576,0.2095961570739746,0.013509219512343407,0.0,0.13388940691947937,0.11398546397686005,0.0,0.1704460084438324,0.0,0.0,0.0,0.002265953691676259,0.022037873044610023,0.02868298813700676,0.2555587887763977,0.11340128630399704,0.026940813288092613,0.1474878191947937,0.0,0.02282305806875229,0.0,0.0,0.22601720690727234,0.0,0.0,0.2037024348974228,0.33564332127571106,0.0,0.08683321624994278,0.0,0.0,0.0,0.14073991775512695,0.008201501332223415,0.28719282150268555,0.09654376655817032,0.02784579247236252,0.21012119948863983,0.0,0.04135638475418091,0.12204794585704803,0.0,0.03324095532298088,0.09259480237960815,0.0,0.0,0.0,0.0,0.0,0.09389567375183105,0.05115225166082382,0.37553492188453674,0.04071866348385811,0.2569482922554016,0.0,0.07176444679498672,0.40695667266845703,0.0007231479394249618,0.028414223343133926,0.2533780038356781,0.0,0.07320413738489151,0.0,0.0003991533594671637,0.013262348249554634,0.0,0.058382511138916016,0.0,0.36639687418937683,0.0,0.010631314478814602,0.0,0.33714237809181213,0.07933700084686279,0.07300762087106705,0.13905219733715057,0.05063137784600258,0.0,0.03970684856176376,0.08612551540136337,0.0627865344285965,0.0,0.0,0.34194737672805786,0.0,0.019089147448539734,0.05012441426515579,0.0,0.0,0.0,0.0,0.2785615026950836,0.0,0.0,0.01285085640847683,0.15001901984214783,0.0,0.07677320390939713,0.05956804007291794,0.005413317121565342,0.15919899940490723,0.0,0.0,0.16626282036304474,0.21273648738861084,0.10866978019475937,0.11625723540782928,0.0,0.18332929909229279,0.0,0.006549063138663769,0.08812972158193588,0.0012092192191630602,0.0,0.3314476013183594,0.5888422727584839,0.21927380561828613,0.06503534317016602,0.0,0.0,0.0,0.002769127953797579,0.013730060309171677,0.007652553729712963,0.046891529113054276,0.4589390456676483,0.0,0.06468583643436432,0.23182375729084015,0.16791141033172607,0.021466994658112526,0.0,0.003176826983690262,0.0,0.23012106120586395,0.0,0.5445550084114075,0.04758678004145622,0.002124018734320998,0.024829111993312836,0.21135397255420685,0.16368333995342255,0.3006960451602936,0.002022149972617626,0.0,0.0,0.6620597839355469,0.007338314782828093,0.01444399543106556,0.2242066115140915,0.11454814672470093,0.0,0.006280526518821716,0.4398556649684906,0.0,0.009850467555224895,0.01355209480971098,0.0,0.029359210282564163,0.002865022514015436,0.0,0.008065898902714252,0.04125101491808891,0.22342093288898468,0.15631404519081116,0.0,0.0,0.5896819829940796,0.051792412996292114,0.03436441347002983,0.020618952810764313,0.3704442083835602,0.0,0.03597940132021904,0.2675250470638275,0.03427460417151451,0.024952037259936333,0.41178885102272034,0.06738121807575226,0.0063053942285478115,0.45375940203666687,0.1704915314912796,0.24578538537025452,0.06500820815563202,0.14888985455036163,0.37461671233177185,0.365071564912796,0.00728614954277873,0.0,0.08387341350317001,0.049301937222480774,0.024698102846741676,0.33403024077415466,0.0024955717381089926,0.04790530726313591,0.0,0.6341126561164856,1.0662723779678345,0.47533494234085083,0.07243207842111588,0.0,0.0,0.29114994406700134,0.0,0.0,0.030841363593935966,0.003048443468287587,0.11773202568292618,0.39951276779174805,0.3035438358783722,0.2064230740070343,0.0,0.2849150598049164,0.35565266013145447,0.1292908489704132,0.0032504878472536802,0.16454321146011353,0.027914052829146385,0.05700276419520378,0.07382573932409286,0.09183510392904282,0.0,0.004968573804944754,0.16115079820156097,0.15292750298976898,0.036931272596120834,0.006592522840946913,0.4098944365978241,0.4637494683265686,0.23136471211910248,0.1696758270263672,0.17911551892757416,0.13305436074733734,0.19771039485931396,0.0,0.3549935817718506,0.6166591644287109,0.0,0.0038551469333469868,0.0,0.12752480804920197,0.4324106276035309,0.0,0.23713107407093048,0.27916571497917175,0.35417088866233826,0.13047058880329132,0.20352843403816223,0.13989180326461792,0.0,0.011352458968758583,0.10612738132476807,0.127827450633049,0.32633140683174133,0.511719822883606,0.0,0.1708398014307022,0.1291632205247879,0.08304929733276367,0.05834691599011421,0.0,0.5261316299438477,0.21322683990001678,0.0,0.0,0.011463630944490433,0.0,0.28547045588493347,0.019630268216133118,0.0,0.0,0.0010322887683287263,0.3106068968772888,0.07316531985998154,0.054214298725128174,0.3361462354660034,0.0,0.0,0.2943195402622223,0.03190044313669205,0.0,0.0,0.10404369980096817,0.0,0.1476890742778778,0.005969866644591093,0.2932624816894531,0.01536628883332014,0.09134518355131149,0.0,0.0,0.40263253450393677,0.020653344690799713,0.0,0.0,0.8684978485107422,0.075149767100811,0.018069501966238022,0.010028261691331863,0.042474403977394104,0.4163159430027008,0.22669334709644318,0.17270304262638092,0.0,0.07547541707754135,0.1286180317401886,0.0013771954691037536,0.20559315383434296,0.005333349108695984,0.0,0.06609470397233963,0.004401098471134901,0.02549971640110016,0.02965303137898445,0.781672477722168,0.07660334557294846,0.02138376608490944,0.16806825995445251,0.01080312766134739,0.018513699993491173,0.0,0.042925164103507996,0.12901437282562256,0.04174438863992691,0.01700666919350624,0.2911026179790497,0.46161794662475586,0.0,0.521885335445404,0.0,0.0,0.016904396936297417,0.10552322864532471,0.0,0.1781127154827118,0.4355640411376953,0.22152642905712128,0.1534048169851303,0.09620432555675507,0.2731040120124817,0.11747045814990997,0.0,0.09102772921323776,0.3304016590118408,0.0,0.0018539518350735307,0.03087480179965496,0.0,0.0910230204463005,0.21245895326137543,0.09627927094697952,0.4468301832675934,0.000563003879506141,0.39303451776504517,0.05527415871620178,0.0703425481915474,0.5113773345947266,0.018741104751825333,0.09145786613225937,0.12788067758083344,0.005904513876885176,0.3377918004989624,0.1075432226061821,0.1490030288696289,0.05730927735567093,0.0050107515417039394,0.5648149251937866,0.07215465605258942,0.5766286849975586,0.007657333742827177,0.2248346358537674,0.06827103346586227,0.44339719414711,0.17542152106761932,0.024963874369859695,0.1377827674150467,0.23502187430858612,0.0,0.01472224947065115,0.007736827712506056,0.1735798716545105,0.01623666286468506,0.005489659495651722,0.12048237770795822,0.07032069563865662,0.1927460879087448,0.07577567547559738,0.0,0.0,0.0,0.0,0.394935667514801,0.0,0.0,0.07308560609817505,0.49655094742774963,0.0072781117632985115,0.04997655376791954,0.054081499576568604,0.09324093908071518,0.023699847981333733,0.0,0.07982303202152252,0.19840936362743378,0.4267433285713196,0.1031820997595787,0.12373550236225128,0.05542928725481033,0.13857121765613556,0.0,0.0081739891320467,0.17589424550533295,0.0,0.0,0.8221926093101501,0.5827541947364807,0.23567628860473633,0.2619774043560028,0.003103991039097309,0.0,0.04674599692225456,0.08386930078268051,0.060932695865631104,0.17490558326244354,0.23034024238586426,0.47793886065483093,0.006964626256376505,0.06950539350509644,0.08496613800525665,0.092059426009655,0.1277420073747635,0.0,0.005977871362119913,0.05714227631688118,0.0987311527132988,0.03154429420828819,0.3692677915096283,0.1976015567779541,0.12157999724149704,0.06478565186262131,0.18291202187538147,0.13960406184196472,0.07671263068914413,0.0035710104275494814,0.0,0.0,0.5859360098838806,0.07197405397891998,0.014218593947589397,0.13448308408260345,0.04064615070819855,0.012112988159060478,0.005174736026674509,0.40177202224731445,0.0,0.04931267723441124,0.05111051723361015,0.0,0.0,0.01896660029888153,0.0,0.04818872734904289,0.033515267074108124,0.20318317413330078,0.042086582630872726,0.0,0.0,0.6113522052764893,0.046626295894384384,0.028853265568614006,0.11150377243757248,0.40007898211479187,0.0,0.15327328443527222,0.17312441766262054,0.08697899430990219,0.0,0.2554728090763092,0.049392130225896835,0.10107717663049698,0.25950923562049866,0.2760615050792694,0.1474960595369339,0.13870948553085327,0.2033427506685257,0.3139529228210449,0.34231171011924744,0.002714303554967046,0.0022441947367042303,0.0735190138220787,0.1297670304775238,0.0145263047888875,0.3228977620601654,0.009085522964596748,0.04118020832538605,0.007613557856529951,0.4950088560581207,0.961587131023407,0.3732394278049469,0.09767208993434906,0.0,0.07727483659982681,0.2788175344467163,0.0,0.00028830766677856445,0.06496218591928482,0.0017833508318290114,0.02999398671090603,0.40014728903770447,0.2732296884059906,0.10667526721954346,0.0,0.17508254945278168,0.2237846404314041,0.13302801549434662,0.08911532908678055,0.07762431353330612,0.06710217893123627,0.03774486109614372,0.08818500488996506,0.035226449370384216,0.012675288133323193,0.0,0.18500256538391113,0.048011329025030136,0.008054357953369617,0.01901003159582615,0.4418662190437317,0.3122640550136566,0.31309911608695984,0.08076103776693344,0.019161734730005264,0.04624385014176369,0.09877311438322067,0.00839335098862648,0.17341160774230957,0.6650907397270203,0.0,0.02654585801064968,0.017335526645183563,0.02361438237130642,0.4601922035217285,0.0,0.19511382281780243,0.31890153884887695,0.27236509323120117,0.10910435020923615,0.05357859283685684,0.08604746311903,0.0,0.0161947812885046,0.05416594073176384,0.07348406314849854,0.3242371082305908,0.2833682894706726,0.0,0.1049080416560173,0.05580049380660057,0.06950307637453079,0.0352964848279953,0.0042962864972651005,0.25091516971588135,0.1167459711432457,0.0031020797323435545,0.0007628295570611954,0.06388308107852936,0.011107267811894417,0.1801692247390747,0.009838334284722805,0.009489323012530804,0.003437218489125371,0.03133676201105118,0.16174258291721344,0.016566729173064232,0.07029929757118225,0.29290255904197693,0.0,0.0,0.17667055130004883,0.04722844064235687,0.0,0.0,0.023242691531777382,0.0,0.12979336082935333,0.0,0.16267530620098114,0.0,0.010344231501221657,0.0,0.014785255305469036,0.239701509475708,0.0803445503115654,0.0,0.0,0.5408987998962402,0.10963699966669083,0.0,0.01727854087948799,0.047264356166124344,0.3612522780895233,0.226854607462883,0.04567568376660347,0.0031216449569910765,0.13640323281288147,0.12949615716934204,0.0,0.1781841516494751,0.0,0.0,0.04095242917537689,0.011119571514427662,0.024872304871678352,0.0307930838316679,0.5683203935623169,0.09709073603153229,0.022399086505174637,0.15832389891147614,0.009060217067599297,0.00336657022126019,0.0,0.02131195180118084,0.1929328888654709,0.025525102391839027,0.0005886614671908319,0.34167346358299255,0.45716753602027893,0.0067956941202282906,0.31699615716934204,0.0,0.0,0.0,0.10339539498090744,0.014843068085610867,0.22548876702785492,0.19396860897541046,0.05209069326519966,0.15001466870307922,0.006042648106813431,0.14845339953899384,0.08542264252901077,0.0,0.10799790918827057,0.17528954148292542,0.0,0.014546568505465984,0.0,0.004935862962156534,0.026593176648020744,0.13374865055084229,0.0996846929192543,0.4771425426006317,0.017680758610367775,0.3135855495929718,0.003553706454113126,0.05183235555887222,0.4596986770629883,0.0208336990326643,0.07751591503620148,0.17105452716350555,0.006988859269768,0.23519733548164368,0.0025498736649751663,0.048363830894231796,0.022673433646559715,0.015237978659570217,0.23861710727214813,0.015341505408287048,0.5605217814445496,0.0019610889721661806,0.0841996893286705,0.05493462085723877,0.317362517118454,0.12406174093484879,0.10621108114719391,0.16079632937908173,0.143274188041687,0.0,0.023306535556912422,0.032673995941877365,0.1339406818151474,0.0007152892649173737,0.0021452591754496098,0.22348573803901672,0.0014974281657487154,0.12846897542476654,0.014952823519706726,0.0,0.0,0.012071792967617512,0.0,0.4060872197151184,0.0,0.0,0.029834875836968422,0.26649102568626404,0.0002843748952727765,0.07646253705024719,0.08610112220048904,0.06065995246171951,0.11359567940235138,0.0,0.0,0.15830206871032715,0.3548201620578766,0.15405093133449554,0.1366182118654251,0.0,0.17107442021369934,0.0,0.013466681353747845,0.14152418076992035,0.014657150022685528,0.0,0.6496936678886414,0.5696446299552917,0.20529034733772278,0.15667499601840973,0.0,0.0,0.004630287177860737,0.061259783804416656,0.03887069597840309,0.061261724680662155,0.20685768127441406,0.48456332087516785,0.0025083087384700775,0.06155390664935112,0.15539267659187317,0.1824328601360321,0.0794023796916008,0.0,0.0354468934237957,0.0036801048554480076,0.16628502309322357,0.05283568054437637,0.3444444239139557,0.11682897806167603,0.04990756884217262,0.04886210709810257,-0.21741768717765808
61,0.4131839871406555,0.059250492602586746,0.028756121173501015,0.004445741418749094,0.0,0.0,0.5656653642654419,0.018349740654230118,0.03760075569152832,0.14509405195713043,0.1356019228696823,0.014812207780778408,0.0,0.3548623025417328,0.031922534108161926,0.0,0.008691570721566677,0.058697666972875595,0.13726122677326202,0.005344265606254339,0.0022851868998259306,0.005730575416237116,0.0,0.16414545476436615,0.42752805352211,0.0027536842972040176,0.0053381482139229774,0.4650440216064453,0.03364168480038643,0.08668088167905807,0.027550382539629936,0.41861486434936523,0.0,0.011976998299360275,0.2241167575120926,0.0,0.0,0.08772578090429306,0.19295762479305267,0.12891623377799988,0.6091896891593933,0.0450713150203228,0.3034476935863495,0.0,0.09821467846632004,0.026867805048823357,0.5582608580589294,0.0016409866511821747,0.0,0.09931690245866776,0.0,0.0,0.7537484169006348,0.0,0.0,0.0,0.24861808121204376,1.065958857536316,0.40364494919776917,0.11656896024942398,0.0,0.0031114311423152685,0.45088115334510803,0.0,0.0,0.0,0.0,0.379576712846756,0.5284143090248108,0.4035486876964569,0.0,0.0,0.22604413330554962,0.7926527261734009,0.03784502297639847,0.0,0.2647179067134857,0.0,0.0002971559879370034,0.1577298641204834,0.13237540423870087,0.0,0.06842095404863358,0.13355907797813416,0.1941370964050293,0.03557085618376732,0.0,0.5674266219139099,0.6343843340873718,0.2929762005805969,0.13954316079616547,0.30292731523513794,0.1914157122373581,0.0537002794444561,0.008551635779440403,0.4343968331813812,0.7670871615409851,0.0,0.03624368831515312,0.004754796624183655,0.34881624579429626,0.7691382765769958,0.0,0.2651955485343933,0.12953989207744598,0.21316733956336975,0.05648849532008171,0.32704976201057434,0.08943314850330353,0.0,0.16608327627182007,0.1567421853542328,0.03832867369055748,0.348503977060318,0.4229736328125,0.0,0.24419580399990082,0.23424454033374786,0.000668188207782805,0.024304455146193504,0.08182394504547119,0.4689546227455139,0.037317775189876556,0.0,0.03941787779331207,0.0014265448553487659,0.010857309214770794,0.03562178090214729,0.09493060410022736,0.0,0.03000667132437229,0.010115349665284157,0.1448407769203186,0.06821335852146149,0.0032564231660217047,0.5180273056030273,0.04087541624903679,0.0,0.24684014916419983,0.0,0.0,0.006564407143741846,0.0,0.005633406341075897,0.043732743710279465,0.042011745274066925,0.34063073992729187,0.0010999493533745408,0.13377970457077026,0.0,0.0,0.06590627133846283,0.051273882389068604,0.0,0.0,0.4721083641052246,0.025831550359725952,0.0,0.002324212109670043,0.0910501778125763,0.11102942377328873,0.1317925900220871,0.15750841796398163,0.0,0.021820465102791786,0.18422530591487885,0.0,0.008175368420779705,0.021212680265307426,0.0,0.04389044642448425,0.06650056689977646,0.08580281585454941,0.006684142630547285,1.01799738407135,0.13585138320922852,0.0,0.013127279467880726,0.05972303822636604,0.0,0.01574423536658287,0.009603251703083515,0.07317528873682022,0.06676268577575684,0.02309226058423519,0.22850601375102997,0.6041838526725769,0.011618955992162228,0.053450971841812134,0.0,0.0042247711680829525,0.10601464658975601,0.38242873549461365,0.01502479612827301,0.23525677621364594,0.1830906718969345,0.22970452904701233,0.06493767350912094,0.1749606430530548,0.03666279464960098,0.08670389652252197,0.0,0.04698404669761658,0.33608004450798035,0.007289208471775055,0.0,0.03869006782770157,0.3881424069404602,0.18037644028663635,0.2004544734954834,0.21211016178131104,0.6759573817253113,0.0033075609244406223,0.011371951550245285,0.12365813553333282,0.07598339021205902,0.2856427729129791,0.0,0.017336184158921242,0.0728309378027916,0.0,0.3717106878757477,0.24866275489330292,0.09666901081800461,0.22385458648204803,0.005470606964081526,0.6827483177185059,0.1206415668129921,0.5475194454193115,0.09483611583709717,0.41342827677726746,0.2687534689903259,0.22325502336025238,0.01940208673477173,0.021834364160895348,0.05544435605406761,0.007005775813013315,0.0,0.0,0.008993668481707573,0.10692109912633896,0.0,0.013084768317639828,0.047072332352399826,0.18166996538639069,0.20962630212306976,0.057139258831739426,0.0,0.0,0.006825323682278395,0.0,0.733639657497406,0.0,0.0,0.08737572282552719,0.09283994138240814,0.00390911428257823,0.0020814111921936274,0.043242085725069046,0.04980260878801346,0.0,0.003389717312529683,0.05944429710507393,0.07044120877981186,0.12077300995588303,0.6233004927635193,0.003968448378145695,0.09583421051502228,0.054092343896627426,0.0,0.006798204965889454,0.17803619801998138,0.046510711312294006,0.0,0.10467618703842163,0.3731209933757782,0.24961340427398682,0.008758485317230225,0.1367526352405548,0.0,0.16856126487255096,0.0851195752620697,0.0,0.25689801573753357,0.1888369619846344,0.44030991196632385,0.0,0.05787813663482666,0.07076170295476913,0.02863115444779396,0.1261596530675888,0.0,0.0,0.47889596223831177,0.08520065993070602,0.0,0.21355323493480682,0.6312716603279114,0.08144309371709824,0.0,0.19583147764205933,0.1679881066083908,0.06608352810144424,0.0,0.0,0.0,0.5136561393737793,0.10942292213439941,0.0,0.021956445649266243,0.1356654167175293,0.0,0.0,0.34977492690086365,0.0,0.05381631851196289,0.04458675533533096,0.0,0.0,0.0,0.0,0.08485563099384308,0.0,0.24984969198703766,0.025035832077264786,0.0,0.0,0.4585268795490265,4.8040667024906725e-05,0.11346324533224106,0.08725404739379883,0.3037387728691101,0.0,0.29535943269729614,0.1347828358411789,0.024163836613297462,0.04931982234120369,0.1752166599035263,0.02895415760576725,0.11272820085287094,0.10191122442483902,0.11145810037851334,0.1474645435810089,0.05318759009242058,0.15440025925636292,0.159063458442688,0.19212675094604492,0.014545287005603313,0.0,0.06359324604272842,0.1374610811471939,0.0,0.24977156519889832,0.024121755734086037,0.024002758786082268,0.0006960695027373731,0.316399484872818,0.7342823147773743,0.28684836626052856,0.04996828734874725,0.0,0.062490902841091156,0.17960131168365479,0.0,0.0,0.009247420355677605,6.391243368852884e-05,0.0831761583685875,0.2202446311712265,0.215547114610672,0.054830677807331085,0.0,0.15049989521503448,0.14869330823421478,0.06784181296825409,0.04091694951057434,0.00484122708439827,0.02617727406322956,0.0,0.16192233562469482,0.02745189517736435,0.016390692442655563,0.0,0.15816299617290497,0.11884800344705582,0.010702984407544136,0.06790798157453537,0.3175521492958069,0.3794527053833008,0.3444646894931793,0.0661163330078125,0.0709710419178009,0.046725139021873474,0.04250650852918625,0.0,0.034481413662433624,0.5683425068855286,0.0,0.0004412514972500503,0.0,0.01773158833384514,0.41502395272254944,0.0,0.343743234872818,0.3018072247505188,0.31298893690109253,0.06979164481163025,0.06045413762331009,0.027597537264227867,0.0,0.03560146689414978,0.0811249390244484,0.03132741525769234,0.2503454387187958,0.10090357810258865,0.0,0.08119259029626846,0.043222825974226,0.06492634117603302,0.028231225907802582,0.0,0.07823850959539413,0.0,0.02166161499917507,0.0,0.2391599863767624,0.0,0.014115666970610619,0.031232813373208046,0.056937236338853836,0.0,0.19108431041240692,0.03691112622618675,0.004156370181590319,0.004226158373057842,0.16463477909564972,0.0,0.0,0.10131416469812393,0.0,0.0,0.0,0.01470328401774168,0.0,0.14106485247612,0.0,0.0944879949092865,0.0256611630320549,0.10309308767318726,0.0,0.041750259697437286,0.11108571290969849,0.07220233976840973,0.0,0.0,0.37621021270751953,0.02618911862373352,0.0,0.051864754408597946,0.04612522944808006,0.2239481657743454,0.22461068630218506,0.025309525430202484,0.0,0.053841277956962585,0.116849385201931,0.004338685888797045,0.09722121804952621,0.0,0.0,0.0,0.0,0.020971225574612617,0.03618583828210831,0.3105771541595459,0.08425424247980118,0.04027177765965462,0.08480583131313324,0.017865074798464775,0.056289684027433395,0.0013573847245424986,0.0,0.15599747002124786,0.0,0.0,0.1861094981431961,0.30587735772132874,0.0,0.09886854887008667,0.0,0.0,0.057756587862968445,0.1779099702835083,0.007284694351255894,0.22502455115318298,0.13794508576393127,0.06425800174474716,0.17904889583587646,0.1108141541481018,0.0799105316400528,0.079033263027668,0.0,0.06926246732473373,0.07762641459703445,0.0,0.0,0.0,0.007140768226236105,0.036744147539138794,0.17019625008106232,0.04900335893034935,0.3489031493663788,0.00891771912574768,0.19605019688606262,0.05112652853131294,0.05522565543651581,0.36934489011764526,0.0,0.052040643990039825,0.21677803993225098,0.008752405643463135,0.0748344138264656,0.0005077902460470796,0.0007362460601143539,0.02411177009344101,0.0,0.03060240112245083,0.05951180309057236,0.3536507189273834,0.04964257404208183,0.028809206560254097,0.007713879458606243,0.3315185010433197,0.07232052087783813,0.0215611569583416,0.10092532634735107,0.10192570090293884,0.0,0.029418019577860832,0.09004739671945572,0.09065502882003784,0.0026386675890535116,0.0,0.26015573740005493,0.011717962101101875,0.04651918262243271,0.08905250579118729,0.0,0.0,0.0,0.0,0.3143148124217987,0.0,0.0,0.04445341229438782,0.09756544977426529,0.0,0.07002165913581848,0.09256625175476074,0.008960896171629429,0.0900493860244751,0.0,0.0,0.13215526938438416,0.1987939327955246,0.17459125816822052,0.07664231210947037,0.018919315189123154,0.1413787305355072,0.0,0.0005642016767524183,0.050249405205249786,0.004513292107731104,0.0,0.37195467948913574,0.49701058864593506,0.21290268003940582,0.08423614501953125,0.0,0.0008097352110780776,0.0,0.011516581289470196,0.01512960996478796,0.0767209380865097,0.05649842694401741,0.42081019282341003,0.0,0.06900463998317719,0.2506704330444336,0.13701286911964417,0.024546945467591286,0.0,0.015414522960782051,0.0,0.25544416904449463,0.0013623973354697227,0.46463093161582947,0.11863178759813309,0.04149715229868889,0.031182078644633293,0.3125649094581604,0.08926252275705338,0.0184303130954504,0.0012202084762975574,0.0,0.0,0.6040410995483398,0.050179172307252884,0.019070040434598923,0.12511013448238373,0.04740748554468155,0.015875188633799553,0.0022244234569370747,0.38491883873939514,0.008214074186980724,0.003751508193090558,0.06433761864900589,0.0,0.019548822194337845,0.0029359867330640554,0.0,0.06759430468082428,0.024328473955392838,0.15150892734527588,0.12219945341348648,0.0,0.0,0.6036505699157715,0.049846529960632324,0.03143882378935814,0.08403054624795914,0.44301342964172363,0.0,0.12353096157312393,0.1197444424033165,0.04433043301105499,0.0,0.11093679815530777,0.09484129399061203,0.14813779294490814,0.41057583689689636,0.2052694857120514,0.15314456820487976,0.08413778990507126,0.17135392129421234,0.09726832807064056,0.5051329731941223,0.002274310914799571,0.005973639898002148,0.0632840022444725,0.09580942243337631,0.0,0.5418527126312256,0.01030523981899023,0.006345076952129602,0.0,0.25331130623817444,1.0810770988464355,0.3801068663597107,0.1844351589679718,0.0,0.11335486173629761,0.40129682421684265,0.0033675250597298145,0.0031131089199334383,0.05799205228686333,0.0,0.07533874362707138,0.49496132135391235,0.35221657156944275,0.006775315385311842,0.0,0.17895367741584778,0.48636579513549805,0.06975472718477249,0.06105580925941467,0.1388254016637802,0.0,0.0,0.10246945917606354,0.04633520171046257,0.0,0.02393602393567562,0.1983880251646042,0.04027149826288223,0.011917447671294212,0.010024845600128174,0.6096053123474121,0.4131322503089905,0.30690088868141174,0.08688797801733017,0.07271560281515121,0.07898971438407898,0.06690771877765656,0.03290499001741409,0.23623161017894745,0.8044103980064392,0.0,0.028623897582292557,0.04437952861189842,0.10033527761697769,0.6142065525054932,0.0,0.1976117193698883,0.27913859486579895,0.19422557950019836,0.053440988063812256,0.11749575287103653,0.08472243696451187,0.0,0.028477197512984276,0.07924409955739975,0.04266812279820442,0.37785741686820984,0.3285347521305084,0.0,0.14787010848522186,0.09982378780841827,0.030701303854584694,0.023108473047614098,0.08223884552717209,0.2994917929172516,0.07866328954696655,0.006590911652892828,0.0,0.002048927592113614,0.026974616572260857,0.09722279757261276,0.020448200404644012,0.0,0.020217882469296455,0.08036470413208008,0.14348523318767548,0.02948557771742344,0.029649127274751663,0.4235292077064514,0.012338965199887753,0.004063084255903959,0.16914916038513184,0.04364892095327377,0.0,0.0026126112788915634,0.004296783357858658,0.004109305329620838,0.06152106449007988,0.0,0.234554722905159,0.00047656483366154134,0.0,0.0,0.0,0.07102196663618088,0.06448141485452652,0.0,0.0023396264296025038,0.402243435382843,0.06965026259422302,0.0,0.0,0.07798837870359421,0.1508525162935257,0.18676672875881195,0.055610865354537964,0.01477970089763403,0.12860357761383057,0.2044733613729477,0.0,0.03792896494269371,0.0,0.0,0.031135642901062965,0.04610592871904373,0.03455203399062157,0.007626143284142017,0.7762775421142578,0.09278976172208786,0.0,0.02805141545832157,0.0209850762039423,0.0,0.0034289457835257053,0.016585370525717735,0.09803295135498047,0.026842428371310234,0.0,0.38366833329200745,0.591714084148407,0.0074477726593613625,0.09105324000120163,0.0,0.0033942849840968847,0.04241890087723732,0.28141090273857117,0.02100653201341629,0.24840812385082245,0.0968102440237999,0.06683439016342163,0.08337759226560593,0.0304031353443861,0.03060886263847351,0.08757723867893219,0.0,0.09575299918651581,0.2042793482542038,0.005117783788591623,0.009226546622812748,0.0,0.20376244187355042,0.04766597971320152,0.15452490746974945,0.21713022887706757,0.6190726161003113,0.008536795154213905,0.058066677302122116,0.03714510425925255,0.04348261281847954,0.40250834822654724,0.019178638234734535,0.023040518164634705,0.1435364931821823,0.0026916039641946554,0.27017852663993835,0.06315281242132187,0.04549213871359825,0.10074163973331451,0.00929961632937193,0.34866684675216675,0.02299068123102188,0.6063272356987,0.0008410513401031494,0.1961365044116974,0.1337481290102005,0.23537063598632812,0.029866863042116165,0.12965427339076996,0.12197021394968033,0.008907618932425976,0.0,0.009266267530620098,0.045940153300762177,0.08688696473836899,0.0,0.01902117021381855,0.10400637239217758,0.02685675024986267,0.13916316628456116,0.01838046871125698,0.0,0.0,0.018354542553424835,0.0,0.55859375,0.0,0.0,0.03269948437809944,0.1373904049396515,0.0,0.04249576851725578,0.085535928606987,0.05068206414580345,0.028825724497437477,0.0,0.010551701299846172,0.07195651531219482,0.16856233775615692,0.41024383902549744,0.029811767861247063,0.008230037055909634,0.10923433303833008,0.0,0.03159376606345177,0.13376127183437347,0.04584610089659691,0.004017547704279423,0.3132281005382538,0.5132964253425598,0.2269357293844223,0.03472577780485153,0.007444338407367468,0.0026972645428031683,0.03514769300818443,0.06445398926734924,0.0,0.0963086411356926,0.2561841905117035,0.49009567499160767,0.009225135669112206,0.04236958175897598,0.09325241297483444,0.1638321876525879,0.09444379806518555,0.0,0.017172465100884438,0.14270690083503723,0.14690443873405457,0.02505655586719513,0.2952864170074463,0.3506823778152466,0.05511398985981941,0.0046035549603402615,0.18248263001441956
62,0.08120213449001312,0.1303044557571411,0.05614428594708443,0.0,0.0,0.0,0.4657604694366455,0.08160395920276642,0.0,0.00893077626824379,0.05371366813778877,0.005408296827226877,0.0,0.31616899371147156,0.0,0.0762060359120369,0.023982413113117218,0.0,0.0,0.0,0.0,0.048933543264865875,0.0,0.33606788516044617,0.018604183569550514,0.0,0.0,0.4859839379787445,0.003901021322235465,0.09569519013166428,0.08327259123325348,0.28170046210289,0.0,0.28129372000694275,0.05252150446176529,0.07941029220819473,0.04895946756005287,0.2457580864429474,0.01459022518247366,0.12646321952342987,0.0290630254894495,0.1579252928495407,0.09229430556297302,0.10650097578763962,0.2649237811565399,0.10685159265995026,0.24489863216876984,0.015249825082719326,0.0,0.079450324177742,0.07814570516347885,0.0,0.17641587555408478,0.011969591490924358,0.02249750867486,0.00258762389421463,0.19156889617443085,0.6275901198387146,0.15899594128131866,0.06053537875413895,0.0,0.09595711529254913,0.09278234094381332,0.0,0.0,0.0016510207206010818,0.0,0.02643250860273838,0.14876008033752441,0.1176595464348793,0.021569736301898956,0.0,0.15344731509685516,0.09905482083559036,0.024313820526003838,0.04224366322159767,0.0022109299898147583,0.0960937961935997,0.0,0.12524724006652832,0.009819984436035156,0.0851726084947586,0.0,0.1525096446275711,0.04185156896710396,0.010015621781349182,0.05855005979537964,0.2139759510755539,0.3658679723739624,0.35693150758743286,0.04692491888999939,0.0,0.027036001905798912,0.07493535429239273,0.0017390616703778505,0.011998635716736317,0.4661988317966461,0.0,0.0,0.00020403116650413722,0.0,0.2859749495983124,0.0,0.2993674576282501,0.33247002959251404,0.14678405225276947,0.04184485971927643,0.01421617902815342,0.01534201204776764,0.0,0.0038635660894215107,0.06860636919736862,0.04346666485071182,0.17835476994514465,0.02248631976544857,0.0,0.03580044209957123,0.0,0.06682675331830978,0.005717145744711161,0.0,0.03592634201049805,0.013540834188461304,0.00432470440864563,0.0,0.3360396921634674,0.0,0.0,0.0,0.011448300443589687,0.0,0.12430936098098755,0.009467394091188908,0.005269590299576521,0.017151964828372,0.06783848255872726,0.0,0.0,0.08215072005987167,0.004887905903160572,0.0,0.0,0.017149480059742928,0.0,0.15547490119934082,0.0,0.019313856959342957,0.0,0.03935524821281433,0.00317838485352695,0.041736673563718796,0.19729216396808624,0.10070152580738068,0.0,0.0,0.23633182048797607,0.013459390960633755,0.0,0.02757866680622101,0.02972792647778988,0.2613396942615509,0.1305529922246933,0.02036074735224247,0.0,0.12192290276288986,0.09541302174329758,0.0023180998396128416,0.12332741171121597,0.0,0.0,0.0,0.0,0.03177539259195328,0.014760809950530529,0.12408708781003952,0.12142997235059738,0.003929405938833952,0.11349055916070938,0.03281562402844429,0.02858777716755867,0.0071045816875994205,0.0,0.2538747489452362,0.0,0.0,0.11947806924581528,0.23713140189647675,0.0,0.07387560606002808,0.0,0.0,0.01841636747121811,0.09041149914264679,0.0003650309517979622,0.19290977716445923,0.14959712326526642,0.035637300461530685,0.1977800875902176,0.012557456269860268,0.0073917158879339695,0.0898975282907486,0.0,0.02048194408416748,0.028229687362909317,0.0,0.0,0.0,0.0,0.0,0.040967874228954315,0.03307187184691429,0.31902021169662476,0.015229100361466408,0.21342897415161133,0.014648223295807838,0.04423965886235237,0.337442010641098,0.002534981817007065,0.02206924930214882,0.2408500760793686,0.0,0.02603243850171566,0.0,0.0,0.01418642420321703,0.0,0.03804829344153404,0.0015783228445798159,0.25969117879867554,0.0347227118909359,0.01027507334947586,0.0,0.33571165800094604,0.09664485603570938,0.09475000202655792,0.07593008130788803,0.015383817255496979,0.0,0.04559536650776863,0.051946382969617844,0.017387060448527336,0.0,0.0,0.3693423271179199,0.0,0.023310484364628792,0.06271734088659286,0.0,0.0,0.0,0.0,0.2725619375705719,0.0,0.0,0.004104651510715485,0.09570030868053436,0.0,0.06033584475517273,0.046977318823337555,0.001778542879037559,0.1484697461128235,0.0,0.0,0.17775216698646545,0.10696136951446533,0.19870944321155548,0.08497017621994019,0.0,0.16998045146465302,0.005583915859460831,0.0,0.07512134313583374,0.004493981134146452,0.0,0.35937753319740295,0.4346179962158203,0.21493013203144073,0.01654529944062233,0.0,0.0,0.0,0.0010078269988298416,0.031332727521657944,0.025586146861314774,0.04807702824473381,0.33628615736961365,0.0,0.0192159004509449,0.2949715852737427,0.1516961306333542,0.014058979228138924,0.0,0.0,0.0,0.25324681401252747,0.0,0.45099517703056335,0.06970153003931046,0.0026036840863525867,0.02218029461801052,0.0,0.15798823535442352,0.5601649880409241,0.0,0.0,0.0,0.44443634152412415,0.071738101541996,0.0,0.0,0.19791114330291748,0.004780867602676153,0.005373915191739798,0.19369655847549438,0.0,0.10133176296949387,0.0,0.0,0.0,0.0,0.0,0.21889431774616241,0.08665861934423447,1.0037529468536377,0.0,0.0,0.0,0.8775172829627991,0.08808505535125732,0.033179059624671936,0.23348252475261688,0.2660458981990814,0.0,0.4841587245464325,0.09064127504825592,0.37376466393470764,0.36171144247055054,0.8002050518989563,0.0,0.00011120778071926907,0.0,0.4371699392795563,0.0415678434073925,0.2870276868343353,0.734644889831543,0.8025611042976379,0.011659681797027588,0.0,0.0,0.24627338349819183,0.3121108114719391,0.0,0.001709587057121098,0.005285365041345358,0.17951259016990662,0.010520152747631073,0.5436130166053772,0.4403592348098755,0.08089417964220047,0.0,0.0,0.09579356759786606,0.0,0.0,0.0,0.057793617248535156,0.0,0.0,0.039858072996139526,0.0010976168559864163,0.5871623754501343,0.0,0.2691119611263275,0.0,0.052575238049030304,0.27512994408607483,0.0,0.7442752718925476,0.0010737694101408124,0.08556698262691498,0.07485749572515488,0.2558077275753021,0.0008931741467677057,0.2282744199037552,0.22044320404529572,0.0,0.18033474683761597,0.021380385383963585,0.5279111862182617,0.43102094531059265,0.11688588559627533,0.0,0.0007903981604613364,0.565895140171051,0.001979650231078267,0.0,0.2020007222890854,0.12075895816087723,0.0,0.031473517417907715,0.0,0.0,0.0,0.7551568150520325,0.7360173463821411,0.1745629608631134,0.2089177519083023,0.011775485239923,0.0,0.0,0.0,0.2136659473180771,0.2002289891242981,0.16070504486560822,0.058981649577617645,0.0,0.0,0.0011603079037740827,0.20221161842346191,0.17340798676013947,0.0,0.05195354297757149,0.2498607635498047,0.018612997606396675,0.0,0.5502147674560547,0.0,0.2766103148460388,0.005514482501894236,0.0,0.0,0.006195764522999525,0.10075095295906067,0.0,0.05133194848895073,0.0,0.0,0.0,0.0,0.015823205932974815,0.0,0.08605700731277466,0.6626020669937134,0.0,0.6247814893722534,0.0,0.0,0.13287903368473053,0.04965979605913162,0.0,0.04936990886926651,0.795603334903717,0.19644179940223694,0.0,0.0,0.5115007758140564,0.03614059463143349,0.0,0.0,0.0,1.1151150465011597,0.16824783384799957,0.0,0.0,0.17917652428150177,0.007946056313812733,0.05175385624170303,0.5464858412742615,0.0,0.0,0.016031570732593536,0.0,0.029355475679039955,0.10630376636981964,0.0,0.33463194966316223,0.00014525196456816047,0.6424973011016846,0.001482496620155871,0.007303236518055201,0.0,0.0,0.9842861294746399,0.0,0.0,0.11881294846534729,0.034007467329502106,0.13513168692588806,0.6313749551773071,0.0,0.0,0.0,0.0001224440784426406,0.09469595551490784,0.06654366850852966,0.7098208069801331,0.0015895465621724725,0.9691662192344666,0.0035142898559570312,0.026256190612912178,0.21147044003009796,0.0,0.010310692712664604,0.0,0.0,0.0,0.0,0.0,0.012370101176202297,0.0,0.0,0.05693491920828819,0.06538969278335571,0.6699142456054688,0.04861350357532501,0.23495347797870636,0.4376850724220276,0.0,0.0935404971241951,0.6648993492126465,0.0,0.0,0.0,0.0,0.0,0.06644019484519958,0.006657052785158157,0.10924728214740753,0.14056678116321564,0.02715810388326645,0.0,0.0,0.8924106955528259,0.4951096773147583,0.05526234582066536,0.18273143470287323,0.045840732753276825,0.0,0.26493290066719055,0.03855220228433609,0.0,0.0,0.0,1.1857706308364868,0.0,0.060454607009887695,0.017494844272732735,0.0,0.0,0.0,0.0,0.02182810939848423,0.0,0.05795319378376007,0.0,0.8203878402709961,0.03498203307390213,0.036841608583927155,0.0036348828580230474,0.06927856057882309,0.48136112093925476,0.0,0.0,0.5532345771789551,0.24402554333209991,0.005826431792229414,0.4645098149776459,0.08375051617622375,0.24381133913993835,0.0514240525662899,0.0,0.07434640824794769,0.0,0.024106455966830254,1.687408685684204,0.5347533822059631,0.46931490302085876,0.02360270358622074,0.0,0.0009344708523713052,0.011653868481516838,0.0021249905694276094,0.543274998664856,0.0,0.0,0.30835050344467163,0.001334693282842636,0.0,0.7725444436073303,0.3331720530986786,0.016632547602057457,0.004139282740652561,0.0,0.0,0.5580418705940247,0.06895602494478226,0.605607271194458,0.0,0.09890732914209366,0.3308049738407135,0.03928421810269356,0.11633840203285217,0.18380583822727203,0.0,0.0,0.0,0.4564938545227051,0.0798385813832283,0.0,0.0103819090873003,0.052336886525154114,0.003288151929154992,0.0,0.3195349872112274,0.0,0.07710639387369156,0.06144808605313301,0.0,0.0,0.0,0.0,0.09110019356012344,0.06315408647060394,0.5575351119041443,0.0,0.0,0.0,0.7170901894569397,0.04576754570007324,0.046385716646909714,0.12921254336833954,0.36298057436943054,0.0,0.38505950570106506,0.0746961310505867,0.2769850194454193,0.0858926773071289,0.4726193845272064,0.0002568952040746808,0.04599801078438759,0.0,0.36617767810821533,0.05126123130321503,0.24899239838123322,0.5160961151123047,0.5348389744758606,0.12065239995718002,0.0,0.0,0.09991329163312912,0.1920875757932663,0.0,0.11662183701992035,0.025725482031702995,0.055094704031944275,0.0,0.47918468713760376,0.6763565540313721,0.18243952095508575,0.04339519888162613,0.0,0.0695890337228775,0.028294580057263374,0.0,0.0,0.10436353832483292,0.0,0.0010733124800026417,0.18284665048122406,0.07332520186901093,0.2539799213409424,0.0,0.20977917313575745,0.03729550167918205,0.07568191736936569,0.14144879579544067,0.0,0.2943894565105438,0.0011683367192745209,0.1356830894947052,0.01727990061044693,0.15515251457691193,0.011453747749328613,0.17855721712112427,0.10378576815128326,0.010081774555146694,0.10353903472423553,0.18914707005023956,0.3746121823787689,0.39478570222854614,0.06287296861410141,0.005845771636813879,0.04023568704724312,0.2379741221666336,0.021672779694199562,0.021930107846856117,0.41676101088523865,0.005297030787914991,0.004883577581495047,0.01892879232764244,0.0,0.09744454175233841,0.0,0.3012171685695648,0.4961913526058197,0.2661770284175873,0.15414999425411224,0.017117301002144814,0.0016663633286952972,0.0,0.0,0.09570322185754776,0.05932455509901047,0.16362543404102325,0.050443004816770554,0.0,0.008940433152019978,0.0,0.08673480898141861,0.08126804232597351,0.007421609479933977,0.05405906215310097,0.09248454868793488,0.007741396781057119,0.0,0.33213716745376587,0.003291606903076172,0.11878999322652817,0.00032431879662908614,0.005199193023145199,0.0,0.04669048264622688,0.05266188085079193,0.0,0.06764797121286392,0.024552037939429283,0.0,0.01119150035083294,0.08905778080224991,0.041295863687992096,0.0,0.010198458097875118,0.36711445450782776,0.0,0.3099658787250519,0.0,0.0,0.0024542734026908875,0.001344596385024488,0.0,0.02340519055724144,0.5205502510070801,0.1922757625579834,0.0,0.0,0.3881082534790039,0.014762322418391705,0.0,0.008610093034803867,0.01107132900506258,0.6573712229728699,0.2366708666086197,0.0,0.0,0.15678729116916656,0.04524470120668411,0.023832563310861588,0.3010537922382355,0.0,0.0,0.0024733261670917273,0.0,0.03793654218316078,0.12548241019248962,0.09296782314777374,0.13556905090808868,0.004897603765130043,0.32232919335365295,0.010207697749137878,0.014568401500582695,0.0,0.0,0.5012314915657043,0.0006752593908458948,0.008551348932087421,0.23049156367778778,0.1981101632118225,0.015826286748051643,0.3979494273662567,0.004599276464432478,0.0,0.0,0.003183105494827032,0.09072181582450867,0.18788456916809082,0.32929033041000366,0.018307147547602654,0.4724973142147064,0.0,0.02282957173883915,0.06069070100784302,0.0,0.11058290302753448,0.0009758625528775156,0.0,0.0,0.0,0.0,0.003526474814862013,0.060089971870183945,0.005795435979962349,0.24808025360107422,0.045097049325704575,0.4677640497684479,0.005682741291821003,0.10422808676958084,0.4022601544857025,0.002279805252328515,0.04374200478196144,0.2931431233882904,0.021165238693356514,0.020970875397324562,0.0,0.0,0.0,0.006683385465294123,0.008458203636109829,0.0349937304854393,0.3371865451335907,0.01763378456234932,0.0011305842781439424,0.0,0.5282568335533142,0.33922818303108215,0.14280493557453156,0.15937910974025726,0.06636415421962738,0.0026767917443066835,0.09299368411302567,0.034245193004608154,0.011684485711157322,0.0,0.0,0.6327433586120605,0.0,0.09201334416866302,0.005305234342813492,0.0,0.0,0.0,0.0,0.21037156879901886,0.0,0.0,0.0,0.3793334662914276,0.0002254760911455378,0.02163589559495449,0.02878684177994728,0.02439281716942787,0.22110481560230255,0.0,0.0,0.3408380448818207,0.24744932353496552,0.05640470236539841,0.23258665204048157,0.0106413085013628,0.18711967766284943,0.020323826000094414,0.0,0.059814922511577606,0.0030926938634365797,0.020486226305365562,1.0739141702651978,0.5598407983779907,0.2670341432094574,0.0415789969265461,0.0,0.011185158044099808,0.0,0.02098708786070347,0.16624288260936737,0.0011507434537634254,0.04432731121778488,0.3911891281604767,0.0008490568725392222,0.0,0.49443304538726807,0.23634298145771027,0.06164520978927612,0.0,0.020439110696315765,0.0,0.2631596624851227,0.06576327234506607,0.41223761439323425,0.01056980062276125,0.02971486933529377,0.09979477524757385,-0.9775975942611694
63,0.47120118141174316,0.07365681231021881,0.08961840718984604,0.0,0.0,0.0,0.831439733505249,0.008989649824798107,0.0,0.3964564800262451,0.0,0.0,0.0,0.4491686224937439,0.0,0.035337917506694794,0.04135981202125549,0.0,0.0,0.030930783599615097,0.0,0.010850334540009499,0.00281246704980731,0.048748284578323364,0.3225034177303314,0.0,0.0,0.5782067775726318,0.030639294534921646,0.012696266174316406,0.04378615692257881,0.5698590874671936,0.0,0.04029327630996704,0.11112887412309647,0.019081149250268936,0.0,0.22143319249153137,0.15412075817584991,0.06412317603826523,0.8953627347946167,0.22429847717285156,0.07351426035165787,0.0558491088449955,0.12124142050743103,0.11431688070297241,0.9510701298713684,0.0073657771572470665,0.0,0.14447513222694397,0.20022685825824738,0.0,0.5380289554595947,0.0,0.05348934605717659,0.0,0.3303150236606598,1.5779811143875122,0.42006242275238037,0.3389747738838196,0.0,0.0354682132601738,0.687696099281311,0.0,0.0,0.012775138020515442,0.0,0.03599477559328079,0.6962698698043823,0.3429916501045227,0.1331912726163864,0.0,0.5181646347045898,0.7858050465583801,0.0997137650847435,0.015420721843838692,0.2720581591129303,0.005516425706446171,0.0,0.08015940338373184,0.029736122116446495,0.0070083229802548885,0.02618277631700039,0.2742452025413513,0.0,0.015338887460529804,0.0,0.855745255947113,0.46281611919403076,0.3507367670536041,0.23611758649349213,0.0,0.03639582544565201,0.05847577750682831,0.011816181242465973,0.45876699686050415,0.9551774859428406,0.0,0.017864685505628586,0.00942707248032093,0.05246752128005028,0.5647271871566772,0.0,0.0,0.29727745056152344,0.29384541511535645,0.0754421129822731,0.1383531391620636,0.2500268518924713,0.0,0.0,0.09312436729669571,0.12506461143493652,0.4154202938079834,0.8557095527648926,0.0,0.15065021812915802,0.09240666776895523,0.1043626070022583,0.06516764312982559,0.0049246856942772865,0.5821627974510193,0.1594606190919876,0.00954743567854166,0.0,0.0019887578673660755,0.0,0.14643283188343048,0.0,0.0,0.011659961193799973,0.05352454632520676,0.25589683651924133,0.07275116443634033,0.1661113053560257,0.9795106053352356,0.0,0.0,0.4439154267311096,0.019385740160942078,0.0,0.0,0.0,0.0,0.035615019500255585,0.0,0.6650882959365845,0.0,0.0,0.0,0.0,0.07029123604297638,0.03461203724145889,0.0,0.0,0.8074477910995483,0.05531316623091698,0.0,0.004171664826571941,0.11453033983707428,0.22237679362297058,0.21927522122859955,0.20362801849842072,0.0,0.17180611193180084,0.2816776633262634,0.0,0.07285532355308533,0.0,0.0,0.027748726308345795,0.04435982555150986,0.031317878514528275,0.0400439016520977,1.3046811819076538,0.06390640884637833,0.0032191453501582146,0.22113937139511108,0.0,0.0,0.0,0.0,0.000924614374525845,0.03437243402004242,0.0,0.6312083601951599,0.9205843806266785,0.03839324414730072,0.16492651402950287,0.0,0.0,0.020845243707299232,0.30038172006607056,0.0010525385150685906,0.4309075176715851,0.09667374193668365,0.04156895726919174,0.040495652705430984,0.003465913934633136,0.05730389058589935,0.11298055201768875,0.0,0.04232950881123543,0.4458417296409607,0.0,0.0004476701724343002,0.0,0.2847159504890442,0.012307008728384972,0.024130472913384438,0.30788326263427734,0.8429533839225769,0.034904416650533676,0.11292809993028641,0.0,0.04054613038897514,0.6424926519393921,0.0,0.09689566493034363,0.11684473603963852,0.0,0.5013769865036011,0.06535843014717102,0.09035176038742065,0.06923404335975647,0.0,0.7744443416595459,0.0,0.8765925765037537,0.0,0.2490541636943817,0.3002563416957855,0.36030951142311096,0.11810871213674545,0.12204162776470184,0.1400010734796524,0.01887228526175022,0.0,0.012851299718022346,0.034340161830186844,0.12124844640493393,0.0,0.00038849361590109766,0.00527151208370924,0.0,0.0,0.0,0.0,0.0,0.0,0.0,0.572746992111206,0.0,0.0,0.020577093586325645,0.3704500198364258,0.017336905002593994,0.07829698920249939,0.18085885047912598,0.1754123717546463,0.08140101283788681,0.0,0.017251519486308098,0.2519451081752777,0.21423423290252686,0.32654333114624023,0.03583073616027832,0.0,0.11825892329216003,0.0,0.0873618796467781,0.505525529384613,0.01123120915144682,0.0,0.2748259902000427,0.8034087419509888,0.35167384147644043,0.13681234419345856,0.0,0.0,0.0017627410124987364,0.09196058660745621,0.0,0.13757538795471191,0.31278204917907715,0.6665862798690796,0.0,0.1625789999961853,0.04116997495293617,0.20434951782226562,0.10882603377103806,0.0,0.028392797335982323,0.38127994537353516,0.0210882481187582,0.00020723071065731347,0.4534177780151367,0.4482746720314026,0.014791440218687057,0.013002105988562107,0.19570933282375336,0.059403784573078156,0.09875468164682388,0.0,0.0,0.0,0.4435644745826721,0.050585757941007614,0.0032992407213896513,0.1808840036392212,0.08500783890485764,0.0,0.0,0.347015917301178,0.06048382446169853,0.0,0.003797736717388034,0.0062376707792282104,0.002774342894554138,0.0,0.030930092558264732,0.019509414210915565,0.0,0.38151785731315613,0.24807392060756683,0.012383028864860535,0.0,0.5586555600166321,0.05675426870584488,0.02692594565451145,0.02472066693007946,0.3740661144256592,0.0,0.08103764802217484,0.07609110325574875,0.013236462138593197,0.0,0.23645912110805511,0.20060446858406067,0.08601973205804825,0.47328421473503113,0.1018160730600357,0.1468380242586136,0.0,0.19662600755691528,0.05014047026634216,0.5234405994415283,0.023186488077044487,0.0,0.19995461404323578,0.02736460044980049,0.0,0.6069731116294861,0.0021091524977236986,0.010848542675375938,0.019559351727366447,0.14209310710430145,0.9548977017402649,0.2453586906194687,0.08599663525819778,0.0,0.0283262487500906,0.20349879562854767,0.0,0.0,0.0,0.0,0.4257054328918457,0.32887861132621765,0.10966923087835312,0.019703075289726257,0.0,0.30702003836631775,0.6298726201057434,0.017232343554496765,0.04655542969703674,0.4315590560436249,0.007648703642189503,0.0,0.0026165032759308815,0.143973708152771,0.0,0.023836523294448853,0.2596000134944916,0.3299811780452728,0.0,0.0035698898136615753,0.3405637741088867,0.5522429347038269,0.16262970864772797,0.17295248806476593,0.2722654342651367,0.03800831735134125,0.1856795996427536,0.0,0.29572588205337524,0.45572859048843384,0.0,0.0,0.0,0.1777729094028473,0.16005586087703705,0.0,0.37142425775527954,0.18085609376430511,0.0859690010547638,0.027004122734069824,0.2791104316711426,0.08355280011892319,0.0,0.12663118541240692,0.04444574937224388,0.0974520668387413,0.3585330843925476,0.387796550989151,0.0,0.05805058404803276,0.3745283782482147,0.013318374752998352,0.041135288774967194,0.11730611324310303,0.35401037335395813,0.11104805767536163,0.005135142710059881,0.029456814751029015,0.0015542760957032442,0.0,0.14456142485141754,0.1874821037054062,0.0,0.026700450107455254,0.01603025570511818,0.09728803485631943,0.013664654456079006,0.03205837681889534,0.30323490500450134,0.018390847370028496,0.0,0.1887078732252121,0.009692761115729809,0.0,7.253848161781207e-05,0.0,0.0,0.09178090840578079,0.0,0.2978983223438263,0.0007001787307672203,0.00020889044390060008,0.0,0.0,0.0660746842622757,0.005695007275789976,0.0,0.0030260279309004545,0.5653396248817444,0.18174438178539276,0.0,0.0,0.028660276904702187,0.1852758377790451,0.04150558263063431,0.17430531978607178,0.0,0.001050350139848888,0.11131300032138824,0.0,0.005815564189106226,0.023391231894493103,0.0,0.04073554649949074,0.016630031168460846,0.017903132364153862,0.0,0.6281755566596985,0.20632866024971008,0.01639345847070217,0.0,0.021922362968325615,0.0,0.004108688328415155,0.008390444330871105,0.09619550406932831,0.012040520086884499,0.0,0.26310044527053833,0.38592591881752014,0.005492758937180042,0.07412372529506683,0.0,0.0,0.24511151015758514,0.21083298325538635,0.0,0.07431165874004364,0.28683724999427795,0.0,0.2891610562801361,0.32681891322135925,0.03845591098070145,0.32481834292411804,0.0,0.019802803173661232,0.1670953780412674,0.0,0.0,0.0,0.5526261329650879,0.23687021434307098,0.1236967071890831,0.11519359797239304,0.4091181755065918,0.002393718808889389,0.06446398049592972,0.13278882205486298,0.05861510708928108,0.32868799567222595,0.0,0.013744289986789227,0.13523589074611664,0.0,0.2723377048969269,0.30558881163597107,0.030643869191408157,0.08049304038286209,0.0,0.5931611657142639,0.2046259641647339,0.30586203932762146,0.0629817396402359,0.23170824348926544,0.14727042615413666,0.39975520968437195,0.0701056495308876,0.07156992703676224,0.04417196288704872,0.019525278359651566,0.0,0.0,0.003074370324611664,0.08448197692632675,0.0,0.04069434851408005,0.1745278388261795,0.1720898151397705,0.11481466144323349,0.01402890682220459,0.0,0.0,0.0,0.0,0.4950112998485565,0.0,0.0,0.04139556363224983,0.1994820535182953,0.0,0.0,0.011654219590127468,0.07247153669595718,0.0,0.0,0.10194722563028336,0.08081400394439697,0.07322097569704056,0.4968244135379791,0.014967245049774647,0.07690443098545074,0.021376488730311394,0.0,0.007790619973093271,0.13743191957473755,0.04276145622134209,0.0,0.46058961749076843,0.21981501579284668,0.2776482105255127,0.007997588254511356,0.05537254735827446,0.0,0.19990423321723938,0.0314214862883091,0.0,0.32770809531211853,0.1109253540635109,0.3658609390258789,0.0,0.028518198058009148,0.2284862995147705,0.11514153331518173,0.06275138258934021,0.0,0.0,0.3989213705062866,0.2342393696308136,0.0,0.23919346928596497,0.5035282969474792,0.25828543305397034,0.03611297905445099,0.5432559251785278,0.10612386465072632,0.030373740941286087,0.0,0.0,0.0,0.8394380807876587,0.013824472203850746,0.017393235117197037,0.35374948382377625,0.0023973777424544096,0.005351623985916376,0.01703801564872265,0.547052800655365,0.005650646518915892,0.0004624977882485837,0.10906558483839035,0.0,0.0,0.0252643134444952,0.0,0.04273973032832146,0.05823812633752823,0.028260303661227226,0.21828682720661163,0.0,0.0012398057151585817,0.6775819063186646,0.07018358260393143,0.013854590244591236,0.029418468475341797,0.5747503638267517,0.0,0.06128900125622749,0.18989412486553192,0.03869160637259483,0.0,0.15782566368579865,0.13011223077774048,0.11172918230295181,0.8378629684448242,0.3196778893470764,0.09156721085309982,0.11734504997730255,0.12539450824260712,0.2478795051574707,0.9100170135498047,0.0021771693136543036,0.0,0.07113923877477646,0.10971631109714508,0.0,0.6066992878913879,0.005710318218916655,0.018764553591609,0.0,0.4661405682563782,1.5963371992111206,0.6025010943412781,0.33952850103378296,0.0,0.10350316017866135,0.783098042011261,0.0012292563915252686,0.006226439960300922,0.10054011642932892,0.0,0.05254644900560379,0.7871860861778259,0.5202187895774841,0.082478828728199,0.0,0.4023859202861786,0.7136636972427368,0.1780097484588623,0.04919807240366936,0.2170877754688263,0.0,0.0009663334349170327,0.10147608816623688,0.03557315096259117,0.0,0.019146885722875595,0.23287343978881836,0.0,0.009806052781641483,0.0,0.95587158203125,0.3369581699371338,0.40525132417678833,0.14764051139354706,0.0005411476013250649,0.033463750034570694,0.03915375471115112,0.030807286500930786,0.3845824897289276,1.1589275598526,0.0,0.06317780911922455,0.03937157988548279,0.06230020523071289,0.8568340539932251,0.0,0.000441947573563084,0.3117242753505707,0.39929303526878357,0.09527294337749481,0.12207520008087158,0.24250786006450653,0.0,0.002325537847355008,0.068666972219944,0.11143209785223007,0.49264779686927795,0.6843244433403015,0.0,0.23777566850185394,0.07132836431264877,0.04256341606378555,0.03744145855307579,0.07531570643186569,0.48846980929374695,0.09947311133146286,0.009240755811333656,0.0,0.0,0.0027952776290476322,0.16798782348632812,0.0,0.0015620402991771698,0.008669360540807247,0.057600200176239014,0.3203260898590088,0.03765597566962242,0.1351315826177597,0.8365378379821777,0.0036015452351421118,0.004916062578558922,0.3926006853580475,0.0657639130949974,0.0,0.0,0.0022527638357132673,0.0022496418096125126,0.024584738537669182,0.0,0.5794568061828613,0.0,0.0,0.0,0.0,0.11025780439376831,0.04994700476527214,0.0,0.0,0.682782769203186,0.09001407027244568,0.0,0.0032836743630468845,0.06020614504814148,0.22984981536865234,0.2717071771621704,0.13300298154354095,0.026539674028754234,0.18117807805538177,0.3473307192325592,0.0,0.08963985741138458,0.0022764087188988924,0.0,0.023505881428718567,0.05047421529889107,0.019642388448119164,0.00787146296352148,1.4096782207489014,0.030985195189714432,0.0014654960250481963,0.08031179010868073,0.005465009715408087,0.0,0.0,0.019044434651732445,0.0079231271520257,0.025958020240068436,0.0,0.6304445862770081,0.9813992381095886,0.03922666236758232,0.24200372397899628,0.0,0.0002351909934077412,0.0207140501588583,0.3958241939544678,0.0,0.4397558271884918,0.05902261659502983,0.02874707616865635,0.010401424951851368,0.011639383621513844,0.07251967489719391,0.07727842032909393,0.0,0.13680396974086761,0.3739863336086273,0.003862702986225486,0.01780112460255623,0.0,0.22179584205150604,0.013143564574420452,0.19894813001155853,0.3732442855834961,0.9334415793418884,0.01989160291850567,0.12736086547374725,0.01651920937001705,0.010166040621697903,0.6642760038375854,0.036966897547245026,0.07841342687606812,0.06685173511505127,0.0018456019461154938,0.4946165084838867,0.07018446177244186,0.11024613678455353,0.07607468217611313,1.7259269952774048e-05,0.599353015422821,0.0,0.9331488609313965,0.0,0.27778932452201843,0.21527481079101562,0.2039167881011963,0.04737402871251106,0.09025543183088303,0.1462966799736023,0.08249803632497787,0.0,0.012917416170239449,0.03445141017436981,0.17489711940288544,0.0,0.01177767664194107,0.020385846495628357,0.0,0.06912939995527267,0.0,0.0,0.0,0.0013176202774047852,0.0,0.6926730275154114,0.0,0.0,0.039894163608551025,0.23993925750255585,0.0024341957177966833,0.06903340667486191,0.13288293778896332,0.11506159603595734,0.015730999410152435,0.0,0.026308784261345863,0.11592169851064682,0.3194658160209656,0.38886353373527527,0.07670064270496368,0.0,0.14617575705051422,0.0,0.06196991726756096,0.3273969292640686,0.02177080325782299,0.008999978192150593,0.23207591474056244,0.8843979835510254,0.2574499249458313,0.1489015817642212,0.003804833395406604,0.0017513855127617717,0.016658665612339973,0.11749861389398575,0.0,0.10068900883197784,0.41535335779190063,0.6747543215751648,0.011007118038833141,0.09069322049617767,0.005141081288456917,0.18621785938739777,0.06061048433184624,0.0,0.07882114499807358,0.30507561564445496,0.04539208486676216,0.06487619876861572,0.3609059751033783,0.44588610529899597,0.02757120504975319,0.006492041051387787,-0.7700114250183105
64,0.0025873344857245684,0.13585908710956573,0.4188261032104492,0.0,0.013337739743292332,0.0,0.6130809783935547,0.015800639986991882,0.0,0.006505417171865702,0.08898595720529556,0.0,0.00015295048069674522,0.30958256125450134,0.0,0.21095700562000275,0.05286915972828865,0.0,0.0,0.0,0.0,0.14503537118434906,0.06614942103624344,0.6432040333747864,0.0,0.0,0.0,0.8561299443244934,0.09372619539499283,0.10233940184116364,0.25723132491111755,0.34724411368370056,0.0,0.41224727034568787,0.17688502371311188,0.3581065237522125,0.2100290060043335,0.7566576600074768,0.0,0.0006816925597377121,0.013075802475214005,0.41245779395103455,0.03843193128705025,0.26906919479370117,0.5695322751998901,0.9940401911735535,0.17291243374347687,0.0,0.0,0.1745021641254425,0.37659838795661926,0.0,0.0,0.010444670915603638,0.17522010207176208,0.0,0.7042160034179688,0.7724694609642029,0.13528621196746826,0.0627419576048851,0.0,0.02960403822362423,0.03661889582872391,0.0,0.0,0.1707005798816681,0.0,0.0,0.15659789741039276,0.07956720143556595,0.661893904209137,0.0,0.4053252339363098,0.00433012330904603,0.19719982147216797,0.088860884308815,0.0,0.6119802594184875,0.0,0.154743030667305,0.03643806651234627,0.3121055066585541,0.0,0.16333860158920288,0.0,0.0,0.17165769636631012,0.17891784012317657,0.4083419442176819,0.586459219455719,0.1003975197672844,0.0,0.007281877100467682,0.4532729387283325,0.003973290324211121,0.0,0.4737531244754791,0.08482812345027924,0.0,7.079293482092908e-06,0.0,0.11804653704166412,0.0,0.3648677170276642,0.8138812184333801,0.43301859498023987,0.24352224171161652,0.0,0.0,0.0,0.0,0.23855270445346832,0.2959643006324768,0.3037886917591095,0.23611398041248322,0.0,0.0,0.0,0.31595245003700256,0.13520389795303345,0.0,0.08833401650190353,0.1410306990146637,0.017636412754654884,0.0,0.4511290192604065,0.0,0.3015214502811432,0.0,0.0,0.0,0.022263551130890846,0.21841123700141907,0.0,0.08934114873409271,0.020806368440389633,0.0,0.0,0.023486163467168808,0.025607548654079437,0.0,0.04637288302183151,0.6431799530982971,0.0,0.5764697790145874,0.0,0.0,0.02110847271978855,0.0,0.0,0.04865337163209915,0.863132894039154,0.285574346780777,0.0,0.0,0.509784996509552,0.0009865412721410394,0.0,0.0035560044925659895,0.0,1.2009449005126953,0.30265936255455017,0.0,0.0,0.23499737679958344,0.04889153689146042,0.0,0.7649177312850952,0.0,0.0,0.0,0.0,0.024952275678515434,0.1094878539443016,0.08693233132362366,0.1737070232629776,0.030324647203087807,0.8394080400466919,0.0,0.03877520561218262,0.0,0.0,0.8962275385856628,0.013357308693230152,0.0,0.23367884755134583,0.28008121252059937,0.09680304676294327,0.8239158391952515,0.0,0.0,0.0,0.0,0.10398153215646744,0.2060699462890625,0.5573480129241943,0.011149889789521694,0.8204668164253235,0.0,0.12019021064043045,0.2124636322259903,0.0,0.020742515102028847,0.012630989775061607,0.0,0.0,0.0,0.0,0.0,0.0020231653470546007,0.0008421839447692037,0.3281800150871277,0.1096607968211174,0.7776158452033997,0.0,0.31718358397483826,0.6373356580734253,0.0,0.08381611108779907,0.5517266392707825,0.0,0.029018227010965347,0.0,0.0,0.0,0.03063669241964817,0.02573554217815399,0.0,0.4344276189804077,0.0030014992225915194,0.011209092102944851,0.0,0.892559289932251,0.44275838136672974,0.034284669905900955,0.3003927767276764,0.28880107402801514,0.00024700205540284514,0.28658926486968994,0.061447568237781525,0.0,0.0,0.0,1.099347710609436,0.0,0.001245227176696062,0.03902974724769592,0.0,0.0,0.0,0.0,0.013753063976764679,0.0,0.03464912250638008,0.0,0.8918401002883911,0.08138201385736465,0.08713257312774658,0.02270696870982647,0.07310900837182999,0.544219434261322,0.0,0.0,0.6484411954879761,0.3360390365123749,0.0,0.621476948261261,0.0024727615527808666,0.4337714910507202,0.044861968606710434,0.0,0.11540990322828293,0.0,0.020326660946011543,1.4763914346694946,0.9861167073249817,0.5236881971359253,0.20327894389629364,0.0,0.009984523057937622,0.0,0.00389877799898386,0.4789929986000061,0.0,0.027494143694639206,0.5249226689338684,0.0,0.0,0.584367036819458,0.31529656052589417,0.02047247439622879,0.0,0.0,0.0,0.3155219256877899,0.18434230983257294,0.7010661959648132,0.0,0.0021418051328510046,0.25001099705696106,0.2500429153442383,0.0638703852891922,0.013276522979140282,0.0,0.0,0.0,0.335460901260376,0.049788158386945724,0.016848094761371613,0.01959373988211155,0.1192018985748291,0.11472751200199127,0.0,0.22303742170333862,0.275554895401001,0.0,0.011928926222026348,0.1315649449825287,0.08957014977931976,0.0,0.02314114011824131,0.05358079448342323,0.0,0.2887517809867859,0.26961269974708557,0.0,0.0,0.3938469886779785,0.0,0.024858009070158005,0.0,0.31233859062194824,0.0003373372310306877,0.15237268805503845,0.10395126044750214,0.0,0.02825348637998104,0.04021443799138069,0.08813821524381638,0.1840033382177353,0.3005979061126709,0.012325461022555828,0.21747583150863647,0.006009830627590418,0.13705050945281982,0.0,0.30970993638038635,0.0,0.0,0.1713206022977829,0.008313809521496296,0.0,0.7282446026802063,0.0,0.0,0.20541594922542572,0.013050656765699387,0.7356860637664795,0.1978560835123062,0.016076266765594482,0.0,0.05456430837512016,0.27335992455482483,0.11752321571111679,0.0,0.0,0.0,0.6495761871337891,0.28292107582092285,0.23540566861629486,0.0,0.0,0.0951356366276741,0.87591552734375,0.0,0.011612892150878906,0.2339518815279007,0.0,0.0,0.16672880947589874,0.11369683593511581,0.0,0.00036079506389796734,0.1806754320859909,0.3276730477809906,0.05284794420003891,0.0,0.4302669167518616,0.6218665242195129,0.29355674982070923,0.07273878157138824,0.37453848123550415,0.10167412459850311,0.0,0.00668615847826004,0.18335746228694916,0.4867174029350281,0.0,0.0,0.035921595990657806,0.35149332880973816,0.536053478717804,0.0,0.31586953997612,0.1929216831922531,0.0,0.015755467116832733,0.29121696949005127,0.001494853408075869,0.0,0.37530675530433655,0.10510722547769547,0.0,0.20799696445465088,0.1065419390797615,0.007077335380017757,0.1708323061466217,0.3270508050918579,0.0,0.008606871590018272,0.21753911674022675,0.2720661759376526,0.0,0.0,0.1955406665802002,0.08650822192430496,0.0,0.0010077859042212367,0.2563461661338806,0.0,0.0,0.1235080361366272,0.005301470868289471,0.06921247392892838,0.0014578565023839474,0.25411954522132874,0.06033007800579071,0.0,0.19352535903453827,0.00040933964191935956,0.0,0.0,0.0,0.0,0.006377942394465208,0.04870814085006714,0.10578322410583496,0.02078287862241268,0.21005618572235107,0.0,0.0,0.02132727950811386,0.005392902530729771,0.0,0.0,0.13515642285346985,0.03502452000975609,0.0085755018517375,0.0,0.0,0.012197330594062805,0.01801108941435814,0.11926230043172836,0.0,0.010834737680852413,0.190739706158638,0.0,0.0,0.20849807560443878,0.0,0.06149435043334961,0.194657564163208,0.006038543302565813,0.0,0.5568512082099915,0.2211374044418335,0.0,0.011748124845325947,0.15001870691776276,0.032415203750133514,0.02200070209801197,0.0011994927190244198,0.08872040361166,0.004859786480665207,0.04872555658221245,0.10332979261875153,0.25541579723358154,0.0,0.0,0.0,0.0,0.5019413232803345,0.4043756425380707,0.0,0.2039462924003601,0.039559438824653625,0.13154399394989014,0.052669938653707504,0.44153380393981934,0.0,0.0824648067355156,0.0,0.005600187927484512,0.2277863770723343,0.012270423583686352,0.0,0.0857437252998352,0.5047435760498047,0.20843666791915894,0.04430871084332466,0.25779929757118225,0.5319267511367798,0.0,0.0,0.17708635330200195,0.034176524728536606,0.13577845692634583,0.0,0.0,0.1851639300584793,0.0,0.1314733922481537,0.2327018678188324,0.007826641201972961,0.18963861465454102,0.004223279654979706,0.4379979968070984,0.1710011512041092,0.31821128726005554,0.2796030640602112,0.09001155942678452,0.21803900599479675,0.10892681032419205,0.002505057957023382,0.06594624370336533,0.035082537680864334,0.0,0.0,0.0,0.02697053551673889,0.003304495243355632,0.0025778908748179674,0.013915243558585644,0.03129402920603752,0.21776752173900604,0.1900121569633484,0.05986658111214638,0.0031792446970939636,0.0,0.007395695894956589,0.0,0.7434573173522949,0.0,0.0,0.07460236549377441,0.0,0.0,0.016842026263475418,0.0071949041448533535,0.0,0.004167447332292795,0.19811606407165527,0.12371603399515152,0.01365527044981718,0.0,0.9271535277366638,0.0,0.06858193874359131,0.06732801347970963,0.0,0.0,0.17549438774585724,0.22491100430488586,0.0,0.061167020350694656,0.21867959201335907,0.0853915736079216,0.0,0.15760159492492676,0.0,0.256428986787796,0.02494940161705017,0.0,0.41839471459388733,0.012825747020542622,0.2629847228527069,0.0,0.0,0.18316690623760223,0.06727590411901474,0.02873341739177704,0.0,0.0,0.4921342730522156,0.21688398718833923,0.0,0.12653911113739014,0.6669278740882874,0.035688616335392,0.0030347537249326706,0.14535033702850342,0.10919427871704102,0.14190122485160828,0.0,0.011663190089166164,0.0,0.4407341778278351,0.06660176813602448,0.007266820874065161,0.018352648243308067,0.0889342725276947,0.06910951435565948,0.0075849429704248905,0.2989945709705353,0.10986555367708206,0.065341055393219,0.031529247760772705,0.02839116007089615,0.0,0.0,0.0,0.1353985071182251,0.013040521182119846,0.4934561550617218,0.01002511940896511,0.0,0.0,0.6968954801559448,0.046976033598184586,0.01653888262808323,0.12996438145637512,0.3898864984512329,0.0,0.2496875524520874,0.1125444769859314,0.04224183037877083,0.06390074640512466,0.3126659393310547,0.03631146252155304,0.14604508876800537,0.1483663022518158,0.201140895485878,0.09359180182218552,0.10486794263124466,0.4309374690055847,0.33062243461608887,0.2688479423522949,0.0,0.0,0.14997276663780212,0.128424733877182,0.0,0.3614981472492218,0.0033975213300436735,0.044453829526901245,0.06397407501935959,0.26506057381629944,0.8077090382575989,0.1787051111459732,0.07263503968715668,0.0,0.10579035431146622,0.2450123280286789,0.06028352305293083,0.0001490045542595908,0.016595421358942986,0.0,0.1990624964237213,0.31675493717193604,0.23043181002140045,0.218870609998703,0.0,0.18171526491641998,0.4040924310684204,0.03996560350060463,0.11852585524320602,0.08314874023199081,0.2541869878768921,0.0,0.1431605964899063,0.06837275624275208,0.04528050497174263,0.024269185960292816,0.18162062764167786,0.16235169768333435,0.001809717039577663,0.06876809149980545,0.3973561227321625,0.4976944625377655,0.4209195673465729,0.08010069280862808,0.1019153818488121,0.007823515683412552,0.21148647367954254,0.02842511422932148,0.08343695849180222,0.5846547484397888,0.044797632843256,0.004349265247583389,0.06160372123122215,0.02254268154501915,0.41268059611320496,0.0,0.3017164170742035,0.46593019366264343,0.08623384684324265,0.08463087677955627,0.10306926816701889,0.0,0.0,0.13619078695774078,0.10682547837495804,0.05172036588191986,0.27394670248031616,0.16648265719413757,0.0,0.09399431943893433,0.07833123207092285,0.07038679718971252,0.07480427622795105,0.13121084868907928,0.15910562872886658,0.11376391351222992,0.0,0.07506583631038666,0.1636059582233429,0.006708982866257429,0.16031526029109955,0.07921262830495834,0.0,0.0008363629458472133,0.12393898516893387,0.08294786512851715,0.0,0.022880345582962036,0.17440031468868256,0.011212523095309734,0.0,0.07178717106580734,0.04210425168275833,0.0,0.01640627719461918,0.22017353773117065,0.0,0.22599957883358002,0.0,0.03821549564599991,0.007130534388124943,0.0056370096281170845,0.0,0.0,0.3922673165798187,0.0922413319349289,0.0,0.0,0.3230983316898346,0.02882860228419304,0.0,0.0012997317826375365,0.00015998534217942506,0.4913884699344635,0.13797172904014587,0.004337091464549303,0.0038646028842777014,0.13643455505371094,0.1676979511976242,0.0070225512608885765,0.18182529509067535,0.012908744625747204,0.0,0.03140430152416229,0.10911419242620468,0.0011858720099553466,0.008809695020318031,0.4441545307636261,0.21026067435741425,0.0,0.26911380887031555,0.03154437988996506,0.008727570995688438,0.0021177735179662704,0.019823215901851654,0.4052636921405792,0.007602487225085497,0.0,0.2445986121892929,0.2952270209789276,0.06709975004196167,0.2343805730342865,0.0,0.0,0.13053689897060394,0.16883739829063416,0.06950052827596664,0.24688510596752167,0.2886528968811035,0.011420546099543571,0.41121286153793335,0.08405734598636627,0.0,0.10327906161546707,0.0,0.01610715128481388,0.12220294028520584,0.0,0.0,0.0,0.1619391143321991,0.027994174510240555,0.05767618864774704,0.16822503507137299,0.4634583294391632,0.0328214168548584,0.22543349862098694,0.10087532550096512,0.129051074385643,0.35797688364982605,0.009313572198152542,0.02599957212805748,0.3106905519962311,0.008092242293059826,0.06330063194036484,0.01238462794572115,0.004641038831323385,0.00786607339978218,0.03635759279131889,0.20702891051769257,0.12418438494205475,0.44855695962905884,0.0657041072845459,0.02761121839284897,0.06488753855228424,0.44931381940841675,0.16866832971572876,0.09666383266448975,0.1334134340286255,0.0,0.0,0.06689085811376572,0.028733698651194572,0.01997809112071991,0.0,0.0,0.4138117730617523,0.04283125326037407,0.11419400572776794,0.012007126584649086,0.0,0.0,0.0011160648427903652,0.0,0.41589128971099854,0.0,0.0,0.033383697271347046,0.29837343096733093,0.007154005113989115,0.009610685519874096,0.016626155003905296,0.004406713414937258,0.16356666386127472,0.0763675644993782,0.0,0.23580937087535858,0.06131167337298393,0.4480898976325989,0.18446855247020721,0.01765376888215542,0.10787927359342575,0.0008100806153379381,0.0,0.09229239821434021,0.1195414736866951,0.0,0.7229269742965698,0.5289465188980103,0.1993112713098526,0.009266546927392483,0.03283047676086426,0.0,0.07079680263996124,0.020181303843855858,0.14885060489177704,0.12746039032936096,0.0733378529548645,0.3898391127586365,0.0,0.0,0.35439738631248474,0.1868787407875061,0.03113270178437233,0.0,0.0,0.11805842071771622,0.2901690602302551,0.02726653404533863,0.28808650374412537,0.22766761481761932,0.036312710493803024,0.14710813760757446,-0.8188502788543701
65,0.014847127720713615,0.05549310892820358,0.04484972357749939,0.0,0.0,0.0,0.29979604482650757,0.15675362944602966,0.0,0.027844134718179703,0.1864253431558609,0.011458323337137699,0.0,0.28872010111808777,0.11386097222566605,0.04713281989097595,0.011698311194777489,0.1347702145576477,0.08777546882629395,0.0,0.0,0.1279701292514801,0.0,0.5604342222213745,0.047743137925863266,0.0,0.0,0.401605486869812,0.003180675208568573,0.11415580660104752,0.01733187772333622,0.21697548031806946,0.0,0.29460692405700684,0.027202334254980087,0.03034842014312744,0.07063046842813492,0.20655617117881775,0.12734243273735046,0.32949090003967285,0.005795372650027275,0.016762766987085342,0.18472182750701904,0.0377250574529171,0.2996150255203247,0.0,0.17776715755462646,0.04058545455336571,0.0,0.09721146523952484,0.0,0.0,0.30733293294906616,0.0010963998502120376,0.0,0.1928301751613617,0.04144620895385742,0.4790341258049011,0.03129182755947113,0.012386132963001728,0.0,0.18035051226615906,0.02449902892112732,0.0,0.0,0.0,0.0,0.3051126003265381,0.03770091384649277,0.059443581849336624,0.0,0.0,0.10706070810556412,0.1993013620376587,0.0,0.05002829432487488,0.10787375271320343,0.0786156877875328,0.0,0.07800614833831787,0.06961459666490555,0.043557967990636826,0.0,0.19359439611434937,0.35321614146232605,0.01978311315178871,0.001097528263926506,0.09364944696426392,0.5535780787467957,0.2878287136554718,0.03069443628191948,0.2177271544933319,0.03920089080929756,0.12630562484264374,0.004714308772236109,0.0030801412649452686,0.2428455352783203,0.0,0.0,0.015097513794898987,0.0697178840637207,0.17675864696502686,0.0,0.5372355580329895,0.19698292016983032,0.038985878229141235,0.008396434597671032,0.17671236395835876,0.0,0.0,0.11640559881925583,0.049882158637046814,0.028917985036969185,0.13745713233947754,0.0031287800520658493,0.0,0.028257951140403748,0.13464292883872986,0.012610726058483124,0.0,0.12242289632558823,0.012358486652374268,0.008635107427835464,0.003975376486778259,0.08222167193889618,0.4046458899974823,0.0,0.0,0.1363540142774582,0.0,0.0,0.11620558053255081,0.0,0.0,0.0,0.0009637321345508099,0.0,0.0,0.06425007432699203,0.0,0.0,0.025239840149879456,0.0,0.0,0.12327076494693756,0.05948583409190178,0.0,0.045010555535554886,0.1847454309463501,0.006569211371243,0.0,0.14800426363945007,0.028600649908185005,0.0,0.0,0.11197352409362793,0.01922685094177723,0.014821972697973251,0.0011029401794075966,0.0,0.22310175001621246,0.004534360021352768,0.03733030706644058,0.0,0.017161810770630836,0.07350648939609528,0.0009543001651763916,0.006583415903151035,0.02591811865568161,0.0,0.0,0.0,0.025690920650959015,0.0,0.023772891610860825,0.3049702048301697,0.0,0.004510003142058849,0.18780486285686493,0.03854566439986229,0.017509644851088524,0.0,0.17840202152729034,0.0,0.01562155969440937,0.014517026953399181,0.09511887282133102,0.0,0.0,0.0,0.0,0.1885886937379837,0.09733659774065018,0.0,0.08713335543870926,0.2543538212776184,0.06350947171449661,0.2707640528678894,0.2977134883403778,0.0,0.14907142519950867,0.0,0.0053191473707556725,0.011475820094347,0.0,0.0,0.008283615112304688,0.08155960589647293,0.12981021404266357,0.005323493387550116,0.03002859838306904,0.17080263793468475,0.0,0.05869360640645027,0.1731719672679901,0.07469864189624786,0.18358749151229858,0.0,0.0,0.28170737624168396,0.0,0.0,0.02375858649611473,0.0,0.0670635923743248,0.0,0.12784649431705475,0.12223110347986221,0.09166157245635986,0.32749953866004944,0.004227631259709597,0.0,0.32373756170272827,0.05742151290178299,0.15967079997062683,0.026286598294973373,0.0,0.0,0.014190485700964928,0.031125172972679138,0.0,0.012449480593204498,0.005756955593824387,0.323525995016098,0.0830875113606453,0.0709274560213089,0.08567024022340775,0.0,0.0,0.0,0.0,0.35637223720550537,0.0,0.0,3.8098543882369995e-05,0.012392891570925713,0.0,0.020606040954589844,0.03145328909158707,0.0,0.03960312157869339,0.032240670174360275,0.0024644332006573677,0.07274112850427628,0.013227860443294048,0.5982808470726013,0.035539887845516205,0.05246398597955704,0.11210731416940689,0.0,0.0,0.05919291079044342,0.0596957802772522,0.0,0.2487698644399643,0.0906534418463707,0.1895616352558136,0.0,0.03584323823451996,0.0,0.1338142305612564,0.0,0.002734212204813957,0.16871844232082367,0.010483735240995884,0.20648902654647827,0.0,0.005460018292069435,0.4373261332511902,0.13452719151973724,0.01343661267310381,0.0,0.0,0.08738178759813309,0.3739527463912964,0.0,0.35599350929260254,0.23308739066123962,0.12413041293621063,0.005940059199929237,0.21835029125213623,0.09956363588571548,0.0384676419198513,0.0,0.0,0.0,0.33715906739234924,0.059216730296611786,0.017512908205389977,0.10980261117219925,0.16082477569580078,0.01777663640677929,0.0,0.3836466372013092,0.12852606177330017,0.03636793792247772,0.003232085146009922,0.12849530577659607,0.05346963554620743,0.0,0.0,0.069413922727108,0.0,0.35476428270339966,0.1238357201218605,0.0,0.0,0.4117734730243683,0.008149519562721252,0.0788789689540863,0.011916269548237324,0.2901255190372467,0.0,0.11965332925319672,0.06384796649217606,0.0,0.02397857792675495,0.07796783000230789,0.16823506355285645,0.30082112550735474,0.31584417819976807,0.025825588032603264,0.2164282351732254,0.0,0.13068516552448273,0.00971502810716629,0.38206276297569275,0.0,0.0,0.08807948976755142,0.004578184336423874,0.0,0.6208317875862122,0.0,0.0,0.04199458658695221,0.056427001953125,0.831071138381958,0.2238951325416565,0.015422130934894085,0.0,0.014288024976849556,0.2882229685783386,0.02136329375207424,0.0,0.0,0.0,0.43381014466285706,0.25862282514572144,0.23496325314044952,0.0,0.0,0.1886502057313919,0.6162446737289429,0.005101572256535292,0.03335614874958992,0.1996307373046875,0.0,0.0,0.10210008919239044,0.08806134015321732,0.0,0.05096672102808952,0.1850556880235672,0.22314368188381195,0.05548402667045593,0.0,0.28929752111434937,0.5009729862213135,0.1775590479373932,0.050680745393037796,0.2913142740726471,0.04844851791858673,0.0018681545043364167,0.0,0.0997905507683754,0.45754119753837585,0.0,0.005124810617417097,0.0,0.33765891194343567,0.376232773065567,0.0,0.34927040338516235,0.14936096966266632,0.11458471417427063,0.01480936724692583,0.29317182302474976,0.043854571878910065,0.0,0.22141888737678528,0.07179924100637436,0.003668945748358965,0.27881771326065063,0.1159224659204483,0.0,0.14790619909763336,0.1909882128238678,0.0,0.03681175038218498,0.13377045094966888,0.21930237114429474,0.03923065960407257,0.0,0.030716413632035255,0.02998698502779007,0.0,0.0,0.08356926590204239,0.0,0.0,0.019129090011119843,0.03239317238330841,0.04197065532207489,0.030865494161844254,0.20867177844047546,0.02217513881623745,0.0,0.2090674191713333,0.01112489216029644,0.0,0.0,0.0,0.0,0.05412377789616585,0.030864153057336807,0.08997751027345657,0.0,0.09197860956192017,0.0,0.0,0.02017062157392502,0.012506883591413498,0.0,0.0,0.23073549568653107,0.10862500220537186,0.0,0.00206971843726933,0.007474579848349094,0.032855074852705,0.03927597030997276,0.098565973341465,0.007039519492536783,0.02979707159101963,0.1598106175661087,0.0,0.0009322464466094971,0.04337522014975548,0.0,0.020565215498209,0.030141571536660194,0.015149067156016827,0.0,0.42462122440338135,0.11056826263666153,0.0,0.004417091608047485,0.1672649085521698,0.014094929210841656,0.020460372790694237,0.0,0.09520450234413147,0.019090697169303894,0.018131818622350693,0.08537910133600235,0.33934974670410156,0.0,0.007491643074899912,0.0,0.0,0.21473699808120728,0.2838228940963745,0.0,0.17169983685016632,0.10780840367078781,0.06925055384635925,0.11594205349683762,0.2920725643634796,0.0,0.08347893506288528,0.0,0.007006207946687937,0.08526883274316788,0.0,0.0,0.011678793467581272,0.4321897625923157,0.15045049786567688,0.05091669782996178,0.17775842547416687,0.3649847209453583,0.0,0.0,0.17671771347522736,0.05798174440860748,0.1837529093027115,0.0,0.0,0.039646923542022705,0.01092261541634798,0.13594114780426025,0.24311572313308716,0.0,0.12158858776092529,0.0,0.18785491585731506,0.12915457785129547,0.2688094675540924,0.14075809717178345,0.15526142716407776,0.11138749122619629,0.2222631275653839,0.03258925676345825,0.0995333343744278,0.0,0.0,0.0,0.013973714783787727,0.007578507997095585,0.014912145212292671,0.0,0.009360040538012981,0.02927371859550476,0.1400759220123291,0.09455231577157974,0.07158461213111877,0.004744863603264093,0.0,0.004389640409499407,0.0,0.628820538520813,0.0,0.0,0.041817788034677505,0.0,0.0,0.025136031210422516,0.0007106636767275631,0.007327877916395664,0.0007253653602674603,0.02064277045428753,0.054262880235910416,0.04930511489510536,0.014769461937248707,0.5688287615776062,0.01482363510876894,0.10211290419101715,0.05475768819451332,0.0,0.0,0.08510737121105194,0.15327347815036774,0.0,0.14846393465995789,0.20990662276744843,0.14237435162067413,0.0,0.05367618054151535,0.0,0.08919505774974823,0.040981028228998184,0.004135313909500837,0.25530707836151123,0.023365825414657593,0.24330070614814758,0.0,0.0,0.3008722960948944,0.03640312701463699,0.025701338425278664,0.0,0.0,0.3529437780380249,0.19727672636508942,0.0,0.18650159239768982,0.5692127346992493,0.1097656786441803,0.0,0.12706875801086426,0.035485051572322845,0.011553766205906868,0.0,0.0,0.0,0.3245381712913513,0.12805622816085815,0.0,0.07395705580711365,0.12462982535362244,0.04624959081411362,0.0,0.37684112787246704,0.18026387691497803,0.03446868062019348,0.021154869347810745,0.0702165812253952,0.005888395942747593,0.0,0.0,0.11212718486785889,0.0005079612601548433,0.4399131238460541,0.09339354932308197,0.0,0.0,0.5412032604217529,0.006740839686244726,0.012804084457457066,0.0,0.34385114908218384,0.0,0.20082005858421326,0.0,0.06306839734315872,0.0,0.06487448513507843,0.20621603727340698,0.31471219658851624,0.20660260319709778,0.15074315667152405,0.11649002134799957,0.02902175486087799,0.2921631336212158,0.0,0.36007818579673767,0.0,0.0,0.09327289462089539,0.0,0.0012849222403019667,0.6106234788894653,0.0,0.0,0.1227128729224205,0.006073238328099251,0.7760314345359802,0.1373736411333084,0.062068380415439606,0.0,0.19796209037303925,0.211361825466156,0.024163078516721725,0.0,0.0,0.0,0.4714617431163788,0.21302153170108795,0.1308513581752777,0.0,0.0,0.12932121753692627,0.5100700259208679,0.0,0.1264815628528595,0.19364918768405914,0.020788943395018578,0.0,0.04235817492008209,0.07828887552022934,0.0,0.024162521585822105,0.24106791615486145,0.2736147344112396,0.012321369722485542,0.0,0.313770592212677,0.4778960347175598,0.18344902992248535,0.024193646386265755,0.20322266221046448,0.015663929283618927,0.033917538821697235,0.03962230309844017,0.09801953285932541,0.3881838023662567,0.0,0.0010512787848711014,0.08512195199728012,0.18981888890266418,0.21968883275985718,0.0,0.22963334619998932,0.18473203480243683,0.009057709947228432,0.0017924726707860827,0.19856736063957214,0.0273725725710392,0.0,0.1940225511789322,0.02472461387515068,0.008745486848056316,0.2527707815170288,0.09768643975257874,0.00043129362165927887,0.06203702464699745,0.18312343955039978,0.0,0.0073665897361934185,0.22310641407966614,0.16066710650920868,0.0,0.0,0.1261257827281952,0.1347658485174179,0.0,0.0,0.1224898248910904,0.0,0.0,0.09807613492012024,0.002383620012551546,0.007877452298998833,0.019945994019508362,0.19689425826072693,0.010699106380343437,0.0,0.10669469088315964,0.009272931143641472,0.0,0.0,0.0,0.0,0.030645422637462616,0.008375906385481358,0.05589872598648071,0.0,0.0035197362303733826,0.0,0.0,0.015790773555636406,0.001292455941438675,0.0,0.0,0.14678698778152466,0.09443988651037216,0.0,0.005638127215206623,0.01671704463660717,0.042440030723810196,0.004683585837483406,0.05664674937725067,0.0,0.06645210832357407,0.17451007664203644,0.007807014510035515,0.0,0.040230050683021545,0.0,0.006217761896550655,0.03823450952768326,0.008743956685066223,0.0,0.269106924533844,0.19689655303955078,0.0,0.0,0.16218534111976624,0.0035672374069690704,0.023084353655576706,0.00038740108720958233,0.03906058520078659,0.005377545952796936,0.0,0.144082173705101,0.2601308226585388,0.0,0.0,0.0,0.0,0.2816283106803894,0.18347427248954773,0.0,0.16331622004508972,0.09110559523105621,0.008550073951482773,0.10268188267946243,0.28442299365997314,0.0,0.09363999962806702,0.0,0.0033588106743991375,0.0402124784886837,0.0,0.0,0.0,0.41672712564468384,0.15915264189243317,0.0,0.23502548038959503,0.2890974283218384,0.0,0.00037303136195987463,0.2210255116224289,0.02679513767361641,0.19623234868049622,0.0,0.0,0.15365181863307953,0.0007219859398901463,0.08946055173873901,0.14310036599636078,0.0,0.050295569002628326,0.0,0.2064405381679535,0.11747653037309647,0.190412700176239,0.2137576937675476,0.06155279651284218,0.11455605924129486,0.2453695684671402,0.0586569607257843,0.30300819873809814,0.00172503013163805,0.0,0.0,0.004965995438396931,0.011993607506155968,0.0,0.0,0.0045261322520673275,0.0859290212392807,0.0979948416352272,0.07454618066549301,0.0002283398061990738,0.0,0.0,0.0,0.0,0.5606069564819336,0.0,0.0,0.0065799434669315815,0.0,0.0,0.0027847448363900185,0.019554827362298965,0.0016831466928124428,0.008160751312971115,0.020439496263861656,0.046732380986213684,0.014594808220863342,0.0,0.6687673330307007,0.012231452390551567,0.05491134524345398,0.04542515426874161,0.0,0.0,0.08763439208269119,0.20758593082427979,0.0,0.2349252998828888,0.12263345718383789,0.10199226438999176,0.0,0.05975087359547615,0.0,0.08619621396064758,0.005365006625652313,0.0,0.2185378223657608,0.039989128708839417,0.22935709357261658,0.0,0.0,0.3544105887413025,0.19466936588287354,0.018295951187610626,0.0,0.0,0.2644442617893219,0.28276681900024414,0.0,0.20496243238449097,0.46248283982276917,0.08289595693349838,0.00797315314412117,0.5894349217414856
66,0.13090424239635468,0.06290525943040848,0.0,0.0,0.0,0.0,0.3360709547996521,0.05502065643668175,0.0,0.14314012229442596,0.14613071084022522,0.011486719362437725,0.0,0.2614613473415375,0.15367837250232697,0.04619944095611572,0.01733078807592392,0.1491745412349701,0.020842749625444412,0.0,0.0,0.04608643427491188,0.0,0.46113312244415283,0.1678656041622162,0.0,0.0,0.4114825427532196,0.010271807201206684,0.02935182675719261,0.0,0.3488234877586365,0.0,0.1157279685139656,0.008724864572286606,0.0026327306404709816,0.0,0.09445711225271225,0.19948036968708038,0.23352782428264618,0.1913648545742035,0.0577494315803051,0.1233326718211174,0.002043133834376931,0.19985593855381012,0.0,0.42471933364868164,0.00549682043492794,0.0,0.14866191148757935,0.0,0.0115880835801363,0.6445277333259583,0.012733514420688152,0.0,0.07201095670461655,0.033783573657274246,0.7180418968200684,0.093355692923069,0.05176475644111633,0.0,0.08417519181966782,0.22405488789081573,0.058979663997888565,0.0,0.0,0.0,0.5255448222160339,0.2908177077770233,0.13538537919521332,0.0,0.0013334465911611915,0.16663965582847595,0.6220866441726685,0.0,0.04349501430988312,0.26330432295799255,0.002444607438519597,0.0,0.03094065934419632,0.15347416698932648,0.01833105832338333,0.10049346089363098,0.16534423828125,0.38196125626564026,0.034261371940374374,0.0,0.2805662751197815,0.5365250706672668,0.27338042855262756,0.0466950349509716,0.2337649166584015,0.03130244091153145,0.0741707980632782,0.0,0.11582674086093903,0.3450583517551422,0.0,0.0,0.002574288286268711,0.2530839741230011,0.2101794332265854,0.0,0.42048531770706177,0.11795242875814438,0.03503422811627388,0.026693711057305336,0.36299386620521545,0.06309991329908371,0.0,0.1684967279434204,0.027336368337273598,0.0015673103043809533,0.24616511166095734,0.13854272663593292,0.00977391842752695,0.03834589943289757,0.26797905564308167,0.0,0.026532689109444618,0.10764859616756439,0.1779068559408188,0.000539149041287601,0.0,0.08329785615205765,0.10151415318250656,0.0,0.0,0.12516829371452332,0.0,0.0014046248979866505,0.09785643219947815,0.0,0.0163266584277153,0.02286146581172943,0.2160576581954956,0.020376218482851982,0.0,0.156209334731102,0.0013716729590669274,0.0,0.0,0.0,0.0,0.012249456718564034,0.0329868383705616,0.09029612690210342,0.0,0.0,0.0,0.0,0.042591579258441925,0.034383583813905716,0.0,0.0,0.212079718708992,0.04740935191512108,0.0,0.0,0.010539780370891094,0.03169310465455055,0.01249707955867052,0.05694401264190674,0.0,0.03214824199676514,0.14283053576946259,0.0,0.0,0.08170325309038162,0.0,0.06567350775003433,0.048340216279029846,0.016052911058068275,0.0,0.28185442090034485,0.24902884662151337,0.0,0.0,0.15960071980953217,0.005306706763803959,0.04248868301510811,0.0,0.0829453244805336,0.006120920181274414,0.0228616651147604,0.07615721970796585,0.22903524339199066,0.0,0.0,0.0,0.0,0.31187379360198975,0.25258854031562805,0.0011224668705835938,0.15626439452171326,0.12129683047533035,0.0004602836270350963,0.11323698610067368,0.3582862913608551,0.0,0.1284252107143402,0.0,0.0019692708738148212,0.041548553854227066,0.0,0.0,0.0,0.5079964399337769,0.20799803733825684,0.008130823262035847,0.20506316423416138,0.30630117654800415,0.0,0.010777887888252735,0.14782081544399261,0.05680437758564949,0.16716548800468445,0.0,0.0,0.08425970375537872,0.0,0.1112084686756134,0.17475487291812897,0.0,0.08456259220838547,0.0,0.29887744784355164,0.17958320677280426,0.13222147524356842,0.23789061605930328,0.06789632141590118,0.14225955307483673,0.30995315313339233,0.04652073234319687,0.15912124514579773,0.0,0.0,0.0,0.0023156984243541956,0.009706013835966587,0.007408774457871914,0.00013268164184410125,0.009160556830465794,0.10237863659858704,0.17647375166416168,0.043937258422374725,0.006980674806982279,0.0,0.0,0.0,0.0,0.6214122772216797,0.0,0.0,0.0,0.0,0.0,0.0,0.02572786808013916,0.0,0.017800061032176018,0.039920873939991,0.08186499774456024,0.02249738574028015,0.0,0.7120715379714966,0.026604562997817993,0.05719386786222458,0.07986805588006973,0.0,0.0,0.16965678334236145,0.11847271025180817,0.0,0.12123337388038635,0.1059931144118309,0.14865519106388092,0.0,0.11163098365068436,0.0,0.18044035136699677,0.0,0.0,0.2745570242404938,0.005650751758366823,0.18754233419895172,0.0,0.0075331032276153564,0.3045065104961395,0.08177291601896286,0.033244047313928604,0.0,0.0,0.3488537669181824,0.23551136255264282,0.0,0.1753101646900177,0.5660036206245422,0.12717756628990173,0.03912708908319473,0.19570933282375336,0.059403784573078156,0.09875468164682388,0.0,0.0,0.0,0.4435644745826721,0.050585757941007614,0.0032992407213896513,0.1808840036392212,0.08500783890485764,0.0,0.0,0.347015917301178,0.06048382446169853,0.0,0.003797736717388034,0.0062376707792282104,0.002774342894554138,0.0,0.030930092558264732,0.019509414210915565,0.0,0.38151785731315613,0.24807392060756683,0.012383028864860535,0.0,0.5586555600166321,0.05675426870584488,0.02692594565451145,0.02472066693007946,0.3740661144256592,0.0,0.08103764802217484,0.07609110325574875,0.013236462138593197,0.0,0.23645912110805511,0.20060446858406067,0.08601973205804825,0.47328421473503113,0.1018160730600357,0.1468380242586136,0.0,0.19662600755691528,0.05014047026634216,0.5234405994415283,0.023186488077044487,0.0,0.19995461404323578,0.02736460044980049,0.0,0.6069731116294861,0.0021091524977236986,0.010848542675375938,0.019559351727366447,0.14209310710430145,0.9548977017402649,0.2453586906194687,0.08599663525819778,0.0,0.0283262487500906,0.20349879562854767,0.0,0.0,0.0,0.0,0.4257054328918457,0.32887861132621765,0.10966923087835312,0.019703075289726257,0.0,0.30702003836631775,0.6298726201057434,0.017232343554496765,0.04655542969703674,0.4315590560436249,0.007648703642189503,0.0,0.0026165032759308815,0.143973708152771,0.0,0.023836523294448853,0.2596000134944916,0.3299811780452728,0.0,0.0035698898136615753,0.3405637741088867,0.5522429347038269,0.16262970864772797,0.17295248806476593,0.2722654342651367,0.03800831735134125,0.1856795996427536,0.0,0.29572588205337524,0.45572859048843384,0.0,0.0,0.0,0.1777729094028473,0.16005586087703705,0.0,0.37142425775527954,0.18085609376430511,0.0859690010547638,0.027004122734069824,0.2791104316711426,0.08355280011892319,0.0,0.12663118541240692,0.04444574937224388,0.0974520668387413,0.3585330843925476,0.387796550989151,0.0,0.05805058404803276,0.3745283782482147,0.013318374752998352,0.041135288774967194,0.11730611324310303,0.35401037335395813,0.11104805767536163,0.005135142710059881,0.029456814751029015,0.0015542760957032442,0.0,0.14456142485141754,0.1874821037054062,0.0,0.026700450107455254,0.01603025570511818,0.09728803485631943,0.013664654456079006,0.03205837681889534,0.30323490500450134,0.018390847370028496,0.0,0.1887078732252121,0.009692761115729809,0.0,7.253848161781207e-05,0.0,0.0,0.09178090840578079,0.0,0.2978983223438263,0.0007001787307672203,0.00020889044390060008,0.0,0.0,0.0660746842622757,0.005695007275789976,0.0,0.0030260279309004545,0.5653396248817444,0.18174438178539276,0.0,0.0,0.028660276904702187,0.1852758377790451,0.04150558263063431,0.17430531978607178,0.0,0.001050350139848888,0.11131300032138824,0.0,0.005815564189106226,0.023391231894493103,0.0,0.04073554649949074,0.016630031168460846,0.017903132364153862,0.0,0.6281755566596985,0.20632866024971008,0.01639345847070217,0.0,0.021922362968325615,0.0,0.004108688328415155,0.008390444330871105,0.09619550406932831,0.012040520086884499,0.0,0.26310044527053833,0.38592591881752014,0.005492758937180042,0.07412372529506683,0.0,0.0,0.24511151015758514,0.21083298325538635,0.0,0.07431165874004364,0.28683724999427795,0.0,0.2891610562801361,0.32681891322135925,0.03845591098070145,0.32481834292411804,0.0,0.019802803173661232,0.1670953780412674,0.0,0.0,0.0,0.5526261329650879,0.23687021434307098,0.1236967071890831,0.11519359797239304,0.4091181755065918,0.002393718808889389,0.06446398049592972,0.13278882205486298,0.05861510708928108,0.32868799567222595,0.0,0.013744289986789227,0.13523589074611664,0.0,0.2723377048969269,0.30558881163597107,0.030643869191408157,0.08049304038286209,0.0,0.5931611657142639,0.2046259641647339,0.30586203932762146,0.0629817396402359,0.23170824348926544,0.14727042615413666,0.39975520968437195,0.0701056495308876,0.07156992703676224,0.04417196288704872,0.019525278359651566,0.0,0.0,0.003074370324611664,0.08448197692632675,0.0,0.04069434851408005,0.1745278388261795,0.1720898151397705,0.11481466144323349,0.01402890682220459,0.0,0.0,0.0,0.0,0.4950112998485565,0.0,0.0,0.04139556363224983,0.1994820535182953,0.0,0.0,0.011654219590127468,0.07247153669595718,0.0,0.0,0.10194722563028336,0.08081400394439697,0.07322097569704056,0.4968244135379791,0.014967245049774647,0.07690443098545074,0.021376488730311394,0.0,0.007790619973093271,0.13743191957473755,0.04276145622134209,0.0,0.46058961749076843,0.21981501579284668,0.2776482105255127,0.007997588254511356,0.05537254735827446,0.0,0.19990423321723938,0.0314214862883091,0.0,0.32770809531211853,0.1109253540635109,0.3658609390258789,0.0,0.028518198058009148,0.2284862995147705,0.11514153331518173,0.06275138258934021,0.0,0.0,0.3989213705062866,0.2342393696308136,0.0,0.23919346928596497,0.5035282969474792,0.25828543305397034,0.03611297905445099,0.3903835713863373,0.04543105885386467,0.010248634964227676,0.0,0.0,0.0,0.5819786190986633,0.05215830355882645,0.002444914309307933,0.2000523954629898,0.013073699548840523,0.010654447600245476,0.0,0.4430195689201355,0.013213478960096836,0.0022087055258452892,0.0385579951107502,0.0,0.0,0.007407282944768667,0.0,0.07184145599603653,0.012546335346996784,0.1354217529296875,0.2182605266571045,0.0,0.0,0.6043630242347717,0.018476173281669617,0.006747490726411343,0.0030727286357432604,0.49416840076446533,0.0,0.10552917420864105,0.03475446254014969,0.05454382672905922,0.0,0.09786945581436157,0.1180487722158432,0.20509572327136993,0.5595097541809082,0.2027675360441208,0.0886862576007843,0.05375443771481514,0.1930416226387024,0.022372180595993996,0.7086696624755859,0.0,0.0,0.06954876333475113,0.015520059503614902,0.0014241792960092425,0.6609108448028564,0.0,0.0,0.0020046685822308064,0.06952942162752151,1.2288137674331665,0.38231873512268066,0.1960788518190384,0.0,0.10923729836940765,0.5463964939117432,0.0,0.0,0.014722163788974285,0.0,0.23715335130691528,0.5270161628723145,0.4058179557323456,0.0,0.0,0.2918500006198883,0.7225494980812073,0.009641853161156178,0.06825271248817444,0.2329200953245163,0.0,0.0,0.07661542296409607,0.04509338364005089,0.0,0.0152493417263031,0.22867920994758606,0.0024283721577376127,0.010227869264781475,0.0,0.6552505493164062,0.389828622341156,0.2923383116722107,0.07114515453577042,0.03148547559976578,0.037618812173604965,0.03889816254377365,0.029707465320825577,0.24243900179862976,0.8047081828117371,0.0,0.008566698990762234,0.045812156051397324,0.12590284645557404,0.4971630871295929,0.0,0.009579936042428017,0.2760915160179138,0.10714783519506454,0.02086254023015499,0.1461644321680069,0.1331680715084076,0.0,0.07877279818058014,0.03326762467622757,0.03969687595963478,0.390855610370636,0.3894437253475189,0.0,0.17585423588752747,0.1382991224527359,0.013637284748256207,0.012375946156680584,0.10364488512277603,0.33210310339927673,0.04472684860229492,0.0,0.006047635804861784,0.028113670647144318,0.012070798315107822,0.02360725961625576,0.004978696350008249,0.0,0.013607713393867016,0.06000300124287605,0.10885120928287506,0.0371522381901741,0.03304809331893921,0.5446341633796692,0.015538760460913181,0.0,0.27434149384498596,0.051454171538352966,0.0,0.0,0.0,0.0,0.010708113200962543,0.0,0.3662566542625427,0.0,0.0002780598006211221,0.0,0.0,0.03904606029391289,0.011169718578457832,0.0,0.0,0.3897789716720581,0.07681258022785187,0.0,0.0019439690513536334,0.0562257245182991,0.04886290431022644,0.08903037011623383,0.09692058712244034,0.0055424985475838184,0.15274374186992645,0.27715864777565,0.0,0.006888280622661114,0.0,0.0,0.016455398872494698,0.055387333035469055,0.027857178822159767,0.0,0.8972192406654358,0.0486423522233963,0.0,0.0,0.029399927705526352,0.0,0.0,0.004996376112103462,0.0014565421734005213,0.004682304337620735,0.0,0.399164080619812,0.6373457908630371,0.011309509165585041,0.013811162672936916,0.0,0.0,0.13117513060569763,0.3661390542984009,0.0,0.3350098431110382,0.0369923859834671,0.03100033663213253,0.029690498486161232,0.06447993218898773,0.0,0.09958384931087494,0.0,0.03750791773200035,0.24263276159763336,0.0,0.0023945693392306566,0.0,0.32621973752975464,0.02500680647790432,0.057559896260499954,0.3873325288295746,0.654374897480011,0.006306149065494537,0.012153398245573044,0.03940790519118309,0.029550591483712196,0.4415651261806488,0.0037425525952130556,0.00016496081661898643,0.09403694421052933,3.0181474357959814e-05,0.30552974343299866,0.09324420243501663,0.029107656329870224,0.08843639492988586,0.0037172846496105194,0.472041517496109,0.013817942701280117,0.6085132360458374,0.0,0.2133682519197464,0.19181227684020996,0.15848299860954285,0.018297912552952766,0.21574415266513824,0.06819496303796768,0.0,0.0,0.0030064948368817568,0.024298211559653282,0.032041385769844055,0.0,0.02340448647737503,0.004905004519969225,0.025162769481539726,0.038187455385923386,0.0,0.0,0.0,0.0,0.0,0.6626664400100708,0.0,0.0,0.027526071295142174,0.11340407282114029,0.0,0.0,0.06900868564844131,0.04135168343782425,0.011464206501841545,0.002005794085562229,0.02237943559885025,0.021244877949357033,0.027094125747680664,0.5727439522743225,0.007337851915508509,0.0,0.04735975340008736,0.0,0.021614613011479378,0.24409893155097961,0.12369198352098465,0.0,0.16977347433567047,0.48706886172294617,0.1697973608970642,0.0030142085161060095,0.038910869508981705,0.0023181019350886345,0.013504869304597378,0.04196670651435852,0.0,0.1412125527858734,0.2440149039030075,0.44402453303337097,0.0,0.01353780273348093,0.13085044920444489,0.19880454242229462,0.057404082268476486,0.0,0.0014741627965122461,0.3590095639228821,0.09488040953874588,0.0014263388002291322,0.29701700806617737,0.5143466591835022,0.034730155020952225,0.00531085766851902,1.311397910118103
67,0.13936327397823334,0.1309492290019989,0.032940126955509186,0.0,0.0,0.0,0.5419316291809082,0.044997427612543106,0.0,0.014592571184039116,0.032134875655174255,0.004197488538920879,0.0,0.32512497901916504,0.0,0.11213452368974686,0.053034573793411255,0.0,0.0,0.0,0.0,0.05965689942240715,0.0004904571687802672,0.2439228892326355,0.02040197141468525,0.0,0.0,0.5132509469985962,0.005691395606845617,0.08456170558929443,0.11467558145523071,0.3044714629650116,0.0,0.27589040994644165,0.08881299197673798,0.054374177008867264,0.0076985848136246204,0.2167614847421646,0.000980227836407721,0.0712294951081276,0.053150564432144165,0.16897551715373993,0.06976804882287979,0.0922950878739357,0.17511239647865295,0.19375599920749664,0.30268171429634094,0.035089362412691116,0.0,0.050484199076890945,0.17154592275619507,0.0,0.14898502826690674,0.011591779068112373,0.04159216210246086,0.0,0.2930511236190796,0.7720446586608887,0.230872243642807,0.07228634506464005,0.0,0.07470846176147461,0.1432105153799057,0.0,0.0,0.006553442683070898,0.0,0.0,0.22973498702049255,0.15209649503231049,0.047578904777765274,0.0,0.18698573112487793,0.16158148646354675,0.07895325124263763,0.04326494410634041,0.005984650459140539,0.06569289416074753,0.0,0.1667466014623642,0.008754666894674301,0.0586390420794487,0.0,0.14728467166423798,0.004209202714264393,0.0,0.052361879497766495,0.29221445322036743,0.32684215903282166,0.4045376479625702,0.045828063040971756,0.0,0.024281492456793785,0.08179768174886703,0.0009505481575615704,0.022092092782258987,0.5990543365478516,0.0,0.006803023628890514,0.0,0.0,0.3705189526081085,0.0,0.25928235054016113,0.42242541909217834,0.2633841633796692,0.04842107370495796,0.009328993037343025,0.010234924964606762,0.0,0.0,0.0757550448179245,0.056202612817287445,0.2691839337348938,0.07780871540307999,0.0,0.03574236109852791,0.0,0.08335167169570923,0.021126212552189827,0.0,0.06268658488988876,0.0,0.007107339333742857,0.0,0.29787173867225647,0.0,0.027969038113951683,0.0,0.031887397170066833,0.0,0.15716135501861572,0.032787639647722244,0.0028404805343598127,0.04282999038696289,0.1535758227109909,0.0,0.0,0.03209878131747246,0.0052841342985630035,0.0,0.0,0.01356243621557951,0.0,0.17132370173931122,0.0,0.04769638180732727,0.0,0.0,0.0,0.05085763335227966,0.15812772512435913,0.10888223350048065,0.0,0.0,0.3315962553024292,0.029835056513547897,0.0,0.03244197368621826,0.037380628287792206,0.314084529876709,0.23315203189849854,0.01127532683312893,0.0,0.13442353904247284,0.12560470402240753,0.0,0.18775396049022675,0.0,0.0,0.0029395318124443293,0.006274789106100798,0.015685349702835083,0.030371537432074547,0.25749948620796204,0.1409214735031128,0.02762984298169613,0.15047869086265564,0.0,0.021012669429183006,0.00032067569554783404,0.0,0.22331182658672333,0.0009397715330123901,0.0,0.20021231472492218,0.33857202529907227,0.0,0.0858248695731163,0.0,0.0,0.0,0.136429563164711,0.0028156705666333437,0.2817785441875458,0.11333531141281128,0.026592008769512177,0.21257689595222473,0.0,0.04629065841436386,0.13894441723823547,0.0,0.03996657952666283,0.09383060783147812,0.0,0.0,0.0,0.0,0.0,0.08951332420110703,0.0598008818924427,0.3814164996147156,0.051579877734184265,0.269925594329834,0.0,0.06194847449660301,0.4124361574649811,0.0,0.031630609184503555,0.2662738561630249,0.0,0.0719030499458313,0.0,0.0002740018826443702,0.019981587305665016,0.0,0.057966023683547974,0.0,0.3916202187538147,0.0,0.01986951008439064,0.0,0.34570854902267456,0.08772935718297958,0.07740967720746994,0.1548805832862854,0.04965906962752342,0.0,0.03874381631612778,0.09073533117771149,0.04935232177376747,0.0,0.0,0.3514971137046814,0.0,0.019741440191864967,0.05801594257354736,0.0,0.0,0.0,0.0,0.2989087700843811,0.0,0.0,0.010606723837554455,0.16359204053878784,0.0,0.07818112522363663,0.06165275350213051,0.00839863158762455,0.15542232990264893,0.0,0.0,0.19000829756259918,0.21569298207759857,0.10871965438127518,0.11954641342163086,0.0,0.19036974012851715,0.0018626308301463723,0.014529015868902206,0.08962477743625641,0.0,0.0,0.3292722702026367,0.6195824146270752,0.22882860898971558,0.07417351007461548,0.0,0.0,0.0,0.004225010517984629,0.012830684892833233,0.010045546106994152,0.05343419313430786,0.4802052974700928,2.3543834686279297e-05,0.06928496807813644,0.23774221539497375,0.16877882182598114,0.029411837458610535,0.0,0.006448511499911547,0.0,0.22850167751312256,0.0,0.557099461555481,0.046184953302145004,0.00124164333101362,0.025760721415281296,0.0,0.03808306157588959,0.028109757229685783,0.0,0.0,0.0,0.18709449470043182,0.19852685928344727,0.0,0.03458299860358238,0.31601086258888245,0.14217905700206757,0.0,0.2839653193950653,0.3661317527294159,0.05273488909006119,0.0,0.30492955446243286,0.05248473212122917,0.0,0.0,0.29066941142082214,0.0,0.7075783610343933,0.04714532941579819,0.0,0.0,0.47788968682289124,0.0089546674862504,0.048175133764743805,0.0013332441449165344,0.1488374024629593,0.0029499472584575415,0.30678167939186096,0.0,0.0020774591248482466,0.026931194588541985,0.11522897332906723,0.24516136944293976,0.3978058397769928,0.011115162633359432,0.004122751299291849,0.2386426031589508,0.0018956505227833986,0.3188716173171997,0.0,0.14019986987113953,0.03098183311522007,0.0,0.12120186537504196,0.004794736858457327,0.0,0.4768010675907135,0.0,0.0,0.412319153547287,0.0,0.5401057004928589,0.055036336183547974,0.0,0.0,0.24887175858020782,0.024745432659983635,0.2413603812456131,0.0,0.0,0.0,0.7328022122383118,0.023274371400475502,0.007992248050868511,0.0,0.0,0.0918307825922966,0.4934772551059723,0.0,0.1326923817396164,0.2058718204498291,0.16761234402656555,0.0,0.11536935716867447,0.07140150666236877,0.0,0.0,0.23506303131580353,0.7126396894454956,0.024243189021945,0.0,0.09860844165086746,0.6504210829734802,0.2348146289587021,0.045204270631074905,0.4765815734863281,0.02778920903801918,0.03283197805285454,0.0006661549559794366,0.017395976930856705,0.22883081436157227,0.0,0.0,0.18587596714496613,0.2077629566192627,0.28263217210769653,0.0,0.6962273716926575,0.25209274888038635,0.0005387944984249771,0.01229921169579029,0.16018836200237274,0.0,0.0,0.4402637481689453,0.023964568972587585,0.014835494570434093,0.2288602590560913,0.00021576658764388412,0.0,0.036857616156339645,0.36723047494888306,0.0,0.021908005699515343,0.4239423871040344,0.026091773062944412,0.0,0.016779186204075813,0.2553010582923889,0.4062531590461731,0.0,0.0,0.4157927930355072,0.0,0.0,0.197463721036911,0.0,0.01350319106131792,0.0,0.0,0.015595239587128162,0.0,0.044274721294641495,0.0,0.0,0.00962813850492239,0.0,0.0,0.138052836060524,0.04460078850388527,0.0,0.008022555150091648,0.11492651700973511,0.0,0.0,0.0775269940495491,0.02631484344601631,0.0,0.0,0.07465993613004684,0.015253523364663124,0.0,0.0,0.0,0.29373684525489807,0.0,0.036212075501680374,0.0,0.0032541656401008368,0.09605933725833893,0.0,0.0,0.21947155892848969,0.0,0.00018790514150168747,0.016469351947307587,0.011169638484716415,0.0,0.00933572556823492,0.503085732460022,0.0,0.005641463678330183,0.1646849364042282,0.026057545095682144,0.004324119072407484,0.007903127931058407,0.13361093401908875,0.004212221596390009,0.026786107569932938,0.005700035952031612,0.05461648106575012,0.0,0.0,0.0,0.0,0.5211782455444336,0.16167621314525604,0.0,0.14324438571929932,0.3109000027179718,0.024531327188014984,0.31857967376708984,0.5024561285972595,0.0,0.11003141850233078,0.0,0.0,0.009622626006603241,0.0,0.0,0.0,0.4406033456325531,0.2682037353515625,0.0,0.14556638896465302,0.13709472119808197,0.0,0.00746565917506814,0.40608343482017517,0.06045098230242729,0.07970347255468369,0.0,0.0,0.5058687925338745,0.0,0.01854676753282547,0.10396770387887955,0.0,0.04450566694140434,0.005125170107930899,0.08650711923837662,0.38639554381370544,0.021686043590307236,0.4958049952983856,0.007456738501787186,0.011334389448165894,0.36218294501304626,0.01229157205671072,0.2761365473270416,0.04671480879187584,0.0,0.0,0.0156775563955307,0.02119634486734867,0.0,0.005494222044944763,0.0026017487980425358,0.3150496780872345,0.2023431807756424,0.18662479519844055,0.04873111471533775,0.0,0.0,0.0,0.0,0.4547695219516754,0.0,0.0,0.002473641885444522,0.020164167508482933,0.0,0.03186710551381111,0.0,0.0035463664680719376,0.02423185668885708,0.17439596354961395,0.04868466407060623,0.03742406889796257,0.0,0.968599259853363,0.0128690330311656,0.1982201337814331,0.08625166118144989,0.0,0.0,0.06260501593351364,0.28119736909866333,0.0,0.1029016375541687,0.06600619852542877,0.1295957863330841,0.0,0.23936787247657776,0.0,0.25978273153305054,0.015528731048107147,0.00873527955263853,0.44633179903030396,0.001961872912943363,0.20786559581756592,0.0,0.0,0.5748993754386902,0.22975924611091614,0.022627711296081543,0.0,0.0,0.2753615975379944,0.47140389680862427,0.0,0.32213497161865234,0.36742502450942993,0.2468881607055664,0.0014882341492921114,0.10808580368757248,0.08900871872901917,0.007502377033233643,0.0,0.0,0.0,0.42519089579582214,0.1243911162018776,0.0,0.019479364156723022,0.07698851078748703,0.09213872253894806,0.0,0.3495771586894989,0.09870714694261551,0.06130879744887352,0.05413294956088066,0.04255672171711922,0.0021782424300909042,0.0,0.0,0.14589332044124603,0.0,0.3673664629459381,0.029220659285783768,0.0,0.0,0.5693402290344238,0.01901370845735073,0.03522688150405884,0.0763498991727829,0.3138246238231659,0.0,0.27510175108909607,0.04082911089062691,0.03453497961163521,0.0,0.13056668639183044,0.11401108652353287,0.2501886785030365,0.07620835304260254,0.1463627815246582,0.1288505643606186,0.059913065284490585,0.26093506813049316,0.105781689286232,0.28403612971305847,0.034817323088645935,0.0,0.04592132195830345,0.10619530826807022,0.0,0.36083683371543884,0.0,0.019606444984674454,0.11053047329187393,0.10146794468164444,0.8112346529960632,0.21118083596229553,0.09873877465724945,0.0,0.2189667671918869,0.2031874656677246,0.0810057669878006,0.0,0.0,0.0,0.2661009728908539,0.2386368364095688,0.19054558873176575,0.029559163376688957,0.0,0.10980796068906784,0.3392983078956604,0.0013195185456424952,0.12455227226018906,0.07421302050352097,0.06391098350286484,0.0,0.13278204202651978,0.01988914981484413,0.01549731194972992,0.0,0.21829763054847717,0.1283867359161377,0.009685593657195568,0.04146432504057884,0.35480770468711853,0.4383174479007721,0.3272053897380829,0.0319991298019886,0.08904553204774857,0.030910223722457886,0.07911284267902374,0.02247725985944271,0.044018395245075226,0.5874617695808411,0.0,0.0012407604372128844,0.13576535880565643,0.012385363690555096,0.4475176930427551,0.0,0.24112139642238617,0.36489877104759216,0.08049164712429047,0.04037367179989815,0.041962120682001114,0.024684106931090355,0.0,0.1727241426706314,0.0540001206099987,0.017592983320355415,0.2928486764431,0.06930189579725266,0.0,0.06320894509553909,0.03599099814891815,0.04705759510397911,0.0143709946423769,0.18145115673542023,0.07188224047422409,0.026571212336421013,0.011985543183982372,0.09436749666929245,0.2510436475276947,0.002105942228808999,0.02193361334502697,0.07383743673563004,0.0,0.0,0.1907995343208313,0.013670854270458221,0.0026710310485213995,0.018315210938453674,0.15104998648166656,0.0,0.0,0.03791258484125137,0.015401794575154781,0.0,0.003846772713586688,0.004793960135430098,0.0,0.11299131065607071,0.0,0.039531901478767395,0.0,0.0,0.0,0.030262082815170288,0.08542459458112717,0.07969368249177933,0.0,0.0,0.20218808948993683,0.02551954984664917,0.0,0.0,0.03414572402834892,0.26991674304008484,0.1037895604968071,0.010860892944037914,0.0015791583573445678,0.14564333856105804,0.15035782754421234,0.0,0.09512728452682495,0.007375770714133978,0.0,0.01036303211003542,0.032140105962753296,0.012743006460368633,0.0062991962768137455,0.2920738756656647,0.23306302726268768,0.0007237509125843644,0.056023504585027695,0.05550601705908775,0.0135559206828475,0.0015592583222314715,0.011101926676928997,0.15397021174430847,0.003734949976205826,0.0,0.2069426327943802,0.29674074053764343,0.0,0.021842652931809425,0.0,0.0,0.16060049831867218,0.1778843253850937,0.006775699555873871,0.26173895597457886,0.11538112163543701,0.019170302897691727,0.13134503364562988,0.09377174824476242,0.002462581964209676,0.08898777514696121,0.0,0.012854911386966705,0.06141621991991997,0.0015342476544901729,0.0,0.0,0.10592132061719894,0.019936298951506615,0.017206327989697456,0.19021688401699066,0.36350107192993164,0.02797103486955166,0.1050020083785057,0.15094482898712158,0.036271851509809494,0.30619433522224426,0.006148576270788908,0.021762941032648087,0.35771602392196655,0.0,0.06285122036933899,0.0004991943133063614,0.0029196913819760084,0.01975339464843273,0.004004542715847492,0.06852121651172638,0.07311652600765228,0.3456416428089142,0.11184580624103546,0.035345327109098434,0.03564011678099632,0.30842483043670654,0.03319462761282921,0.2813326120376587,0.10897117108106613,0.0,0.0,0.03659304603934288,0.06402087211608887,0.013097645714879036,0.0,0.0,0.2672133147716522,0.021003400906920433,0.0623510368168354,0.011381259188055992,0.0,0.0,0.0,0.0,0.4274595379829407,0.0,0.0,0.0,0.10465606302022934,0.0,0.04578385874629021,0.013612575829029083,0.017337186262011528,0.10723985731601715,0.020729437470436096,0.0,0.07515735924243927,0.09748386591672897,0.5397425889968872,0.0668172761797905,0.006867915391921997,0.09800608456134796,0.0,0.014068985357880592,0.06676133722066879,0.16119487583637238,0.0,0.24175392091274261,0.42497190833091736,0.1471947431564331,0.017127750441432,0.028164459392428398,0.004346869420260191,0.026367077603936195,0.0013078202027827501,0.00826630275696516,0.0802750512957573,0.05149350315332413,0.3929736614227295,0.0,0.03609979897737503,0.30929693579673767,0.25468239188194275,0.038714200258255005,0.0,0.0,0.07184489816427231,0.28200826048851013,0.0007010508561506867,0.3978000581264496,0.18664629757404327,0.04115729406476021,0.00087335443822667,-1.2051469087600708
68,0.11134401708841324,0.03647176921367645,0.0,0.0,0.0,0.0,0.17191481590270996,0.07056143879890442,0.0,0.14149805903434753,0.20300723612308502,0.03349851071834564,0.0,0.19250436127185822,0.3503038287162781,0.021290471777319908,0.0009642578661441803,0.2556535005569458,0.1121664047241211,0.0,0.039822109043598175,0.06129957735538483,0.0,0.5820100903511047,0.20658603310585022,0.0,0.0,0.43088868260383606,0.013500324450433254,0.010893180966377258,0.0,0.2844684422016144,0.0001321898598689586,0.13115717470645905,0.0,0.0,0.0,0.04849565774202347,0.32425594329833984,0.2276691347360611,0.16044993698596954,0.029913097620010376,0.10288923233747482,0.0,0.1580210030078888,0.0,0.2971082031726837,0.006088886875659227,0.0,0.2528356909751892,0.0,0.015278611332178116,0.722912609577179,0.0,0.0,0.19318000972270966,0.001937571563757956,0.6003533601760864,0.10417098551988602,0.04395179823040962,0.0,0.1032523438334465,0.1474563628435135,0.1558137685060501,0.0,0.0,0.0,0.7173817753791809,0.18132056295871735,0.08879882842302322,0.0,0.005019551608711481,0.11362045258283615,0.6121194362640381,0.0,0.03684977814555168,0.354778915643692,0.007953540422022343,0.0,0.0,0.18664458394050598,0.005199391394853592,0.0843380019068718,0.1856423318386078,0.5455053448677063,0.027331914752721786,0.0,0.26064416766166687,0.5308283567428589,0.1357373744249344,0.03862462937831879,0.39824873208999634,0.017414061352610588,0.060927681624889374,0.013028864748775959,0.13163794577121735,0.19219300150871277,0.0,0.0,0.013101966120302677,0.398832231760025,0.1724168360233307,0.0,0.521311342716217,0.03561054542660713,0.0,0.0034319923724979162,0.48372989892959595,0.013260476291179657,0.0,0.2968652844429016,0.024102887138724327,0.0002660834288690239,0.2661992609500885,0.0963263213634491,0.011067231185734272,0.04465872421860695,0.40434667468070984,0.0,0.027406880632042885,0.1947300285100937,0.21155321598052979,0.006892366334795952,0.0,0.17051778733730316,0.06107572093605995,0.0,0.0,0.2527128756046295,0.0,0.004267246928066015,0.11830674111843109,0.0,0.030277298763394356,0.007201485335826874,0.19052177667617798,0.07515481114387512,0.0,0.08809475600719452,0.0,0.0,0.0,0.0,0.0,0.03181629255414009,0.05150219798088074,0.04751049727201462,0.0,0.0,0.0,0.0,0.006499860901385546,0.007400515954941511,0.0,0.002901093102991581,0.16651690006256104,0.05023684352636337,0.0,0.0,0.004277663305401802,0.012171633541584015,0.008930547162890434,0.07610659301280975,0.002223402261734009,0.006403806619346142,0.10458870232105255,0.003244836116209626,0.0,0.1269545555114746,0.003013682784512639,0.07920712977647781,0.06595709919929504,0.0,0.0,0.1787603199481964,0.32325008511543274,0.0,0.0,0.2471953183412552,0.0004856702289544046,0.09861825406551361,0.0032379503827542067,0.04427728429436684,0.016017181798815727,0.024699527770280838,0.04825865104794502,0.14504191279411316,0.0,0.0,0.0,0.0,0.42152026295661926,0.1882982850074768,0.0,0.0936059057712555,0.18610528111457825,0.0,0.11202772706747055,0.49552884697914124,0.0,0.16329015791416168,0.0,0.0,0.013474092818796635,0.0,0.0,0.012575368396937847,0.8687257766723633,0.28520017862319946,0.0,0.22977082431316376,0.21489045023918152,0.0,0.0,0.27667680382728577,0.048823654651641846,0.05786345526576042,0.0,0.0,0.05726166442036629,0.0,0.11410529166460037,0.37206602096557617,0.0,0.1445809155702591,0.0013328945497050881,0.35336393117904663,0.262187659740448,0.07629036903381348,0.35088497400283813,0.06086321547627449,0.21863099932670593,0.2760104238986969,0.0065058087930083275,0.1575356125831604,0.0,0.0,0.0,0.0,0.014347326941788197,0.0,0.0,0.015094412490725517,0.005324672441929579,0.2736263573169708,0.11848185211420059,0.029433760792016983,0.0,0.0,0.0,0.0,0.6440237164497375,0.0,0.0,0.004623372573405504,0.0,0.0,0.0,0.03236476704478264,0.0,0.0,0.11239078640937805,0.14353090524673462,0.0,0.0,0.8146477937698364,0.0026972044724971056,0.1360054910182953,0.03697935491800308,0.0,0.0,0.127252459526062,0.2309778481721878,0.0,0.1716720163822174,0.0,0.03360705450177193,0.0,0.22845908999443054,0.0,0.2540074586868286,0.0,0.0,0.42641502618789673,0.014872067607939243,0.13736648857593536,0.0,0.0,0.2812066674232483,0.0336177833378315,0.04287974163889885,0.0,0.0,0.5031542778015137,0.3068658709526062,0.0,0.036804843693971634,0.6712118983268738,0.18047769367694855,0.040350526571273804,0.0061040217988193035,0.06880408525466919,0.03536578640341759,0.0,0.0,0.0,0.38780492544174194,0.1197165697813034,0.0,0.037508003413677216,0.0989476814866066,0.038345493376255035,0.0,0.3549444079399109,0.0,0.010442896746098995,0.03110593929886818,0.0,0.017921235412359238,0.0,0.0,0.12734220921993256,0.0,0.26567530632019043,0.060257814824581146,0.004238154739141464,0.0,0.43624138832092285,0.0,0.05555219575762749,0.0,0.25408488512039185,0.0,0.3310168981552124,0.014484088867902756,0.04183720052242279,0.11549732089042664,0.08893012255430222,0.0008634947007521987,0.2331138700246811,0.012251738458871841,0.1367436945438385,0.10559754818677902,0.05391998589038849,0.21893440186977386,0.0023542249109596014,0.28774502873420715,0.0,0.0,0.0390886627137661,0.0347495898604393,0.0,0.2516728341579437,0.0,0.0,0.03227931261062622,0.027715671807527542,0.6574223637580872,0.09216894954442978,0.022818010300397873,0.0,0.30619174242019653,0.1149662509560585,0.0,0.0,0.0006019067368470132,0.0,0.13910387456417084,0.0604010745882988,0.13013148307800293,0.0,0.0,0.19044454395771027,0.2438884675502777,0.011499328538775444,0.09304179251194,0.015279917046427727,0.02995450235903263,0.0,0.2654597759246826,0.061622001230716705,0.0,0.0,0.24329522252082825,0.03231249377131462,0.067192941904068,0.0047441525384783745,0.1709526926279068,0.43928128480911255,0.21904276311397552,0.036556318402290344,0.01682674139738083,0.06547475606203079,0.02170504629611969,0.00616228673607111,0.0,0.3912597596645355,0.0,0.0,0.0,0.0,0.155173659324646,0.0,0.19655488431453705,0.29826802015304565,0.03490891680121422,0.020281072705984116,0.06284711509943008,0.0,0.0,0.02441662922501564,0.10121722519397736,0.025487303733825684,0.1208670511841774,0.0,0.0,0.054783064872026443,0.016851600259542465,0.005510414019227028,0.0,0.0019397186115384102,0.02654799446463585,0.0,0.014069408178329468,0.0,0.3297421932220459,0.0,0.0,0.0,0.0,0.0,0.07833869755268097,0.0,0.04074191302061081,0.0015957769937813282,0.005140172317624092,0.0,0.0,0.21260638535022736,0.025064630433917046,0.0,0.0005513011710718274,0.0,0.0,0.011334110051393509,0.0,0.002112343907356262,0.02691890113055706,0.26221030950546265,0.0,0.01916671358048916,0.000654387753456831,0.011511769145727158,0.0,0.0,0.017419010400772095,0.025748280808329582,0.010655480436980724,0.015295667573809624,0.0,0.0,0.021305276080965996,0.07994918525218964,0.0,0.1852964460849762,0.11069299280643463,0.0,0.011153636500239372,0.009267576038837433,0.0,0.0,0.0,0.018165409564971924,0.0,0.05316299945116043,0.0407886765897274,0.0,0.0024412870407104492,0.07059203088283539,0.07790489494800568,0.0,0.0,0.08876419067382812,0.0,0.017266735434532166,0.05404057726264,0.2415611296892166,0.0,0.0016466537490487099,0.0,0.0,0.041088443249464035,0.25360390543937683,0.0,0.12383871525526047,0.011304434388875961,0.1350174844264984,0.07054778933525085,0.1372537910938263,0.0,0.024835286661982536,0.0,0.03753321245312691,0.025175828486680984,0.0,0.0,0.017825089395046234,0.0,0.0,0.014215787872672081,0.08739546686410904,0.2943885326385498,0.0,0.11430039256811142,0.021238163113594055,0.10470309108495712,0.339995801448822,0.0,0.0,0.1982286423444748,0.0,0.01071952749043703,0.0,0.0,0.09740602970123291,0.0,0.011751427315175533,0.0,0.15634271502494812,0.08540341258049011,0.0,0.0,0.14748695492744446,0.09395583719015121,0.25663721561431885,0.07406147569417953,0.0,0.0,0.020387625321745872,0.01538551039993763,0.0,0.00719385826960206,0.0,0.16996608674526215,0.026659458875656128,0.0,0.07360130548477173,0.0,0.0,0.0,0.0,0.32359611988067627,0.0,0.0,0.0,0.010584025643765926,0.0,0.011825509369373322,0.03790057450532913,0.0,0.04889298975467682,0.0,0.013431636616587639,0.039945073425769806,0.0,0.34531912207603455,0.018624737858772278,0.020474392920732498,0.14828287065029144,0.0,0.0,0.0892474427819252,0.09451217949390411,0.0,0.21196463704109192,0.35531309247016907,0.2530839443206787,0.0,0.0,0.0,0.0,0.068316251039505,0.01290583610534668,0.05122509226202965,0.03257610648870468,0.22381067276000977,0.0013890471309423447,0.0,0.3367077112197876,0.2896602153778076,0.0205904059112072,0.0,0.0,0.0071034301072359085,0.2525218725204468,0.0,0.4131990075111389,0.16086408495903015,0.014720653183758259,0.0,0.14464274048805237,0.033289238810539246,0.0,0.0,0.0,0.0,0.3619955778121948,0.0852150022983551,0.0075025479309260845,0.07997693121433258,0.10192995518445969,0.05870458111166954,0.0,0.3920411467552185,0.09521223604679108,0.0022967925760895014,0.021041154861450195,0.05733589082956314,0.06685056537389755,0.0,0.013497788459062576,0.09151571989059448,0.0003451584780123085,0.28883635997772217,0.10906783491373062,0.0001888643018901348,0.0,0.5203232765197754,0.005022821947932243,0.03239794820547104,0.008683189749717712,0.3711983859539032,0.0,0.18560722470283508,0.05314474552869797,0.024845203384757042,0.002294698730111122,0.03842240571975708,0.11322379857301712,0.28704598546028137,0.20545557141304016,0.10137142986059189,0.12971295416355133,0.008170083165168762,0.2080627828836441,0.0035268301144242287,0.4390544891357422,0.0,0.0,0.060513511300086975,0.0,0.0,0.6182097792625427,0.0,0.0,0.05534711480140686,0.04209244251251221,0.8528281450271606,0.19327667355537415,0.09434191137552261,0.0,0.12999387085437775,0.3235921859741211,0.0319778174161911,0.0,0.0,0.0,0.3974264860153198,0.27942854166030884,0.3086707890033722,0.0,0.0,0.11274480819702148,0.5416558980941772,0.006148541811853647,0.07404153048992157,0.14290742576122284,0.0,0.0,0.13186240196228027,0.07854583859443665,0.0,0.04264312982559204,0.21631091833114624,0.1374334990978241,0.040439821779727936,0.0,0.37259751558303833,0.4307214617729187,0.21247094869613647,0.029117729514837265,0.16020351648330688,0.044125232845544815,0.00856543518602848,0.013834994286298752,0.04838132858276367,0.5185431838035583,0.0,0.01326463557779789,0.04277525097131729,0.19731812179088593,0.3691122531890869,0.0,0.1794319748878479,0.1905827820301056,0.05708333104848862,0.01752326823771,0.2014394849538803,0.013038046658039093,0.0,0.1622261255979538,0.03508950397372246,0.0,0.23298990726470947,0.04772748798131943,0.0,0.13192854821681976,0.11490345746278763,0.0,0.003681758651509881,0.12087748944759369,0.10727831721305847,0.022068018093705177,0.0,0.06112808734178543,0.062163446098566055,0.0,0.0,0.055037084966897964,0.0,0.0,0.05484642833471298,0.021376926451921463,0.046750396490097046,0.01308322511613369,0.17821794748306274,0.009813094511628151,0.0,0.16768141090869904,0.042420338839292526,0.0,0.0,0.0,0.0,0.013167369179427624,0.02006329409778118,0.04769602790474892,0.0,0.08914171159267426,0.0,0.0,0.004414290189743042,0.007378561422228813,0.0,0.0,0.08969265222549438,0.09940102696418762,0.0,0.006430898793041706,0.005575884133577347,0.01918117329478264,0.05265563726425171,0.05306760221719742,0.0008679629536345601,0.10492624342441559,0.17781823873519897,0.0,0.0,0.032518256455659866,0.0,0.015908759087324142,0.01947161555290222,0.013616401702165604,0.0,0.3613908290863037,0.07964633405208588,0.0,0.0,0.15866480767726898,0.002505040727555752,0.03581972420215607,0.0,0.05665978789329529,0.01767059974372387,0.029241662472486496,0.1408722698688507,0.3748639225959778,0.0,0.0,0.0,0.0,0.17421479523181915,0.2829091548919678,0.0003849533386528492,0.2400541603565216,0.015374178998172283,0.07264560461044312,0.043249234557151794,0.19750568270683289,0.0,0.023502901196479797,0.0,0.020797941833734512,0.06378266960382462,0.0,0.0,0.028188683092594147,0.29965734481811523,0.09084182232618332,0.034303948283195496,0.27400925755500793,0.37394043803215027,0.0,0.00043645931873470545,0.14830613136291504,0.04171141982078552,0.2405121773481369,0.0,0.0,0.06942629814147949,0.005725577939301729,0.1098971962928772,0.12363937497138977,0.0,0.11216895282268524,0.0,0.11222730576992035,0.0723591148853302,0.32090839743614197,0.12421849370002747,0.0630657970905304,0.05632961541414261,0.1253468245267868,0.017581364139914513,0.26593732833862305,0.019246887415647507,0.0,0.0,0.0070580290630459785,0.013065675273537636,0.006780155003070831,0.0,0.011312916874885559,0.005029688589274883,0.12762778997421265,0.06963611394166946,0.03044034168124199,0.0020308298990130424,0.0,0.0,0.0,0.638215184211731,0.0,0.0,0.017083238810300827,0.0,0.0,0.010924451984465122,0.020725198090076447,0.0,0.008326933719217777,0.02416250854730606,0.02359408512711525,0.003436771221458912,0.005287671461701393,0.6042069792747498,0.003866453655064106,0.05228698253631592,0.029312651604413986,0.0,0.0,0.10345867276191711,0.211366206407547,0.0,0.14183926582336426,0.2712843418121338,0.11428363621234894,0.0,0.03579268231987953,0.0,0.04290097951889038,0.03112770989537239,0.0001575937494635582,0.15821361541748047,0.07646378874778748,0.2639102041721344,0.0,0.0,0.2758258581161499,0.1694742739200592,0.029838651418685913,0.0,0.001022067852318287,0.27432578802108765,0.19685956835746765,0.0,0.18824616074562073,0.4894108772277832,0.04825446009635925,0.0,1.0139561891555786
69,0.13090424239635468,0.06290525943040848,0.0,0.0,0.0,0.0,0.3360709547996521,0.05502065643668175,0.0,0.14314012229442596,0.14613071084022522,0.011486719362437725,0.0,0.2614613473415375,0.15367837250232697,0.04619944095611572,0.01733078807592392,0.1491745412349701,0.020842749625444412,0.0,0.0,0.04608643427491188,0.0,0.46113312244415283,0.1678656041622162,0.0,0.0,0.4114825427532196,0.010271807201206684,0.02935182675719261,0.0,0.3488234877586365,0.0,0.1157279685139656,0.008724864572286606,0.0026327306404709816,0.0,0.09445711225271225,0.19948036968708038,0.23352782428264618,0.1913648545742035,0.0577494315803051,0.1233326718211174,0.002043133834376931,0.19985593855381012,0.0,0.42471933364868164,0.00549682043492794,0.0,0.14866191148757935,0.0,0.0115880835801363,0.6445277333259583,0.012733514420688152,0.0,0.07201095670461655,0.033783573657274246,0.7180418968200684,0.093355692923069,0.05176475644111633,0.0,0.08417519181966782,0.22405488789081573,0.058979663997888565,0.0,0.0,0.0,0.5255448222160339,0.2908177077770233,0.13538537919521332,0.0,0.0013334465911611915,0.16663965582847595,0.6220866441726685,0.0,0.04349501430988312,0.26330432295799255,0.002444607438519597,0.0,0.03094065934419632,0.15347416698932648,0.01833105832338333,0.10049346089363098,0.16534423828125,0.38196125626564026,0.034261371940374374,0.0,0.2805662751197815,0.5365250706672668,0.27338042855262756,0.0466950349509716,0.2337649166584015,0.03130244091153145,0.0741707980632782,0.0,0.11582674086093903,0.3450583517551422,0.0,0.0,0.002574288286268711,0.2530839741230011,0.2101794332265854,0.0,0.42048531770706177,0.11795242875814438,0.03503422811627388,0.026693711057305336,0.36299386620521545,0.06309991329908371,0.0,0.1684967279434204,0.027336368337273598,0.0015673103043809533,0.24616511166095734,0.13854272663593292,0.00977391842752695,0.03834589943289757,0.26797905564308167,0.0,0.026532689109444618,0.10764859616756439,0.1779068559408188,0.000539149041287601,0.0,0.08329785615205765,0.10151415318250656,0.0,0.0,0.12516829371452332,0.0,0.0014046248979866505,0.09785643219947815,0.0,0.0163266584277153,0.02286146581172943,0.2160576581954956,0.020376218482851982,0.0,0.156209334731102,0.0013716729590669274,0.0,0.0,0.0,0.0,0.012249456718564034,0.0329868383705616,0.09029612690210342,0.0,0.0,0.0,0.0,0.042591579258441925,0.034383583813905716,0.0,0.0,0.212079718708992,0.04740935191512108,0.0,0.0,0.010539780370891094,0.03169310465455055,0.01249707955867052,0.05694401264190674,0.0,0.03214824199676514,0.14283053576946259,0.0,0.0,0.08170325309038162,0.0,0.06567350775003433,0.048340216279029846,0.016052911058068275,0.0,0.28185442090034485,0.24902884662151337,0.0,0.0,0.15960071980953217,0.005306706763803959,0.04248868301510811,0.0,0.0829453244805336,0.006120920181274414,0.0228616651147604,0.07615721970796585,0.22903524339199066,0.0,0.0,0.0,0.0,0.31187379360198975,0.25258854031562805,0.0011224668705835938,0.15626439452171326,0.12129683047533035,0.0004602836270350963,0.11323698610067368,0.3582862913608551,0.0,0.1284252107143402,0.0,0.0019692708738148212,0.041548553854227066,0.0,0.0,0.0,0.5079964399337769,0.20799803733825684,0.008130823262035847,0.20506316423416138,0.30630117654800415,0.0,0.010777887888252735,0.14782081544399261,0.05680437758564949,0.16716548800468445,0.0,0.0,0.08425970375537872,0.0,0.1112084686756134,0.17475487291812897,0.0,0.08456259220838547,0.0,0.29887744784355164,0.17958320677280426,0.13222147524356842,0.23789061605930328,0.06789632141590118,0.14225955307483673,0.30995315313339233,0.04652073234319687,0.15912124514579773,0.0,0.0,0.0,0.0023156984243541956,0.009706013835966587,0.007408774457871914,0.00013268164184410125,0.009160556830465794,0.10237863659858704,0.17647375166416168,0.043937258422374725,0.006980674806982279,0.0,0.0,0.0,0.0,0.6214122772216797,0.0,0.0,0.0,0.0,0.0,0.0,0.02572786808013916,0.0,0.017800061032176018,0.039920873939991,0.08186499774456024,0.02249738574028015,0.0,0.7120715379714966,0.026604562997817993,0.05719386786222458,0.07986805588006973,0.0,0.0,0.16965678334236145,0.11847271025180817,0.0,0.12123337388038635,0.1059931144118309,0.14865519106388092,0.0,0.11163098365068436,0.0,0.18044035136699677,0.0,0.0,0.2745570242404938,0.005650751758366823,0.18754233419895172,0.0,0.0075331032276153564,0.3045065104961395,0.08177291601896286,0.033244047313928604,0.0,0.0,0.3488537669181824,0.23551136255264282,0.0,0.1753101646900177,0.5660036206245422,0.12717756628990173,0.03912708908319473,0.01359045971184969,0.06842907518148422,0.012967283837497234,0.0,0.0,0.0,0.27339187264442444,0.13347871601581573,0.0,0.04216497391462326,0.2059255838394165,0.07142982631921768,0.0,0.33623993396759033,0.045446086674928665,0.01442609541118145,0.0028870534151792526,0.06494036316871643,0.023400966078042984,0.0,0.0007160819950513542,0.12235639989376068,0.0,0.3818981945514679,0.08162401616573334,0.0,0.0,0.3998706042766571,0.0029305501375347376,0.042115360498428345,0.003075650194659829,0.26704317331314087,0.0,0.2883268892765045,0.0002589946088846773,0.008165821433067322,0.06492599099874496,0.03526395559310913,0.029881412163376808,0.22347784042358398,0.03393346443772316,0.06279740482568741,0.18208734691143036,0.010179105214774609,0.24151937663555145,0.0,0.24904532730579376,0.0,0.0,0.028346916660666466,0.029407700523734093,0.0,0.5092979669570923,0.0,0.0,0.15015088021755219,0.0002261863846797496,0.575769305229187,0.05552315711975098,0.005887157749384642,0.0,0.23285433650016785,0.09257085621356964,0.04567568749189377,0.0,0.0,0.0,0.41690266132354736,0.11741648614406586,0.10853424668312073,0.0,0.0,0.10275048762559891,0.48404446244239807,0.0,0.11883912980556488,0.07380825281143188,0.006214309483766556,0.0,0.1819303035736084,0.07198487222194672,0.0,0.0,0.27160152792930603,0.16704079508781433,0.040256600826978683,0.0,0.16247114539146423,0.5311940312385559,0.17626839876174927,0.02109970711171627,0.23755131661891937,0.05475069582462311,0.0,0.008783196099102497,0.015023920685052872,0.30743035674095154,0.0,0.0,0.04731198400259018,0.13922865688800812,0.2096046656370163,0.0,0.2855217456817627,0.22231009602546692,0.0011938376119360328,0.009548623114824295,0.13182908296585083,0.0,0.0,0.1789725124835968,0.07690439373254776,0.0,0.16038250923156738,0.00031190449954010546,0.0,0.04568907618522644,0.0739215761423111,0.0,0.011702573858201504,0.14719165861606598,0.04617661237716675,0.006241334602236748,0.008690955117344856,0.08801243454217911,0.25527065992355347,0.0,0.0,0.08684554696083069,0.0,0.0,0.13178184628486633,0.0,0.04007420316338539,0.000641721417196095,0.02492900937795639,0.0,0.0,0.14865925908088684,0.0030413679778575897,0.0,0.0,0.0,0.0,0.019925247877836227,0.015870505943894386,0.002986953593790531,0.009519594721496105,0.23764832317829132,0.005111345089972019,0.0,0.0014322857605293393,0.008897701278328896,0.0,0.0,0.01089381892234087,0.03507944568991661,0.012861368246376514,0.0,0.0,0.0017559909028932452,0.007886558771133423,0.06268095970153809,0.0,0.08598712831735611,0.12352471798658371,0.0,0.0,0.061136987060308456,0.0,0.007282293401658535,0.020492829382419586,0.007796814199537039,0.0,0.08072422444820404,0.09445689618587494,0.0,0.0,0.18299929797649384,0.027347246184945107,0.02876567281782627,0.0,0.09175162762403488,0.0,0.026110593229532242,0.048503629863262177,0.16464252769947052,0.0,0.0,0.0,0.0,0.20111574232578278,0.25530195236206055,0.0,0.14515960216522217,0.016259904950857162,0.07362816482782364,0.055704694241285324,0.26955389976501465,0.0,0.04042985662817955,0.0,0.006281314883381128,0.04510199651122093,0.0,0.0,0.029178142547607422,0.1237763985991478,0.09986547380685806,0.0002521371643524617,0.12091970443725586,0.32551586627960205,0.0,0.0,0.22372913360595703,0.05508660152554512,0.1676347255706787,0.0,0.0,0.16392312943935394,0.0,0.02314501814544201,0.07144699990749359,0.0,0.11428382992744446,0.0,0.01438187900930643,0.04751647263765335,0.10912704467773438,0.2670091390609741,0.009262476116418839,0.0037018044386059046,0.139445960521698,0.011627181433141232,0.2773013114929199,0.023589083924889565,0.0,0.0,0.002551002660766244,0.018405983224511147,0.0,0.0,0.0,0.08504431694746017,0.11358300596475601,0.016217699274420738,0.09076856821775436,0.0,0.0,0.0,0.0,0.48401907086372375,0.0,0.0,0.0023380310740321875,0.0,0.0,0.008695918135344982,0.007594543043524027,0.0,0.022749854251742363,0.027145804837346077,0.03500255197286606,0.016240466386079788,0.0,0.5716292858123779,0.002176095964387059,0.08420208841562271,0.07017448544502258,0.0,0.0,0.05654827132821083,0.19191080331802368,0.0,0.1275525689125061,0.11963040381669998,0.11768019199371338,0.0,0.019038954749703407,0.0,0.062384121119976044,0.014463196508586407,0.0008846620912663639,0.18584492802619934,0.002169413259252906,0.17702285945415497,0.0,0.0,0.39399969577789307,0.21218609809875488,0.014484514482319355,0.0,0.0,0.23619689047336578,0.307256281375885,0.0,0.27758392691612244,0.3707291781902313,0.04442350193858147,0.0,0.06992777436971664,0.04002513363957405,0.000441823824075982,0.0,0.0,0.0,0.31215357780456543,0.15380461513996124,0.0,0.08254542201757431,0.16747570037841797,0.07890006899833679,0.0,0.36485782265663147,0.12475196272134781,0.02324334718286991,0.012614227831363678,0.09647806733846664,0.0,0.0,0.0006976508884690702,0.11357224732637405,0.0,0.431168794631958,0.09775290638208389,0.0,0.0,0.491750031709671,0.006781579460948706,0.018960049375891685,0.0,0.367292582988739,0.0,0.22183434665203094,0.0026707788929343224,0.030178623273968697,0.0,0.05921011045575142,0.12769684195518494,0.2767502963542938,0.13300248980522156,0.13060763478279114,0.14001864194869995,0.0077972859144210815,0.29961541295051575,0.0,0.33750230073928833,0.0,0.0,0.08690296113491058,0.0,0.005896299611777067,0.6167574524879456,0.0,0.0,0.1573069989681244,0.03262321650981903,0.7386265993118286,0.07858341187238693,0.04546087235212326,0.0,0.20416560769081116,0.18682372570037842,0.04553164541721344,0.0,0.0,0.0,0.49942049384117126,0.23666931688785553,0.15806059539318085,0.0,0.0,0.10193158686161041,0.5291534066200256,0.0,0.15501143038272858,0.1687876433134079,0.0296371690928936,0.0,0.07819585502147675,0.0901268720626831,0.004705363884568214,0.04670720547437668,0.24535802006721497,0.27286455035209656,0.017588485032320023,0.0,0.26517021656036377,0.5233453512191772,0.19693434238433838,0.025086238980293274,0.2414947897195816,0.019336681813001633,0.03168681263923645,0.011362563818693161,0.08007519692182541,0.3886565566062927,0.0,0.003391715930774808,0.0763537660241127,0.14400231838226318,0.23328569531440735,0.0,0.2589455246925354,0.21134242415428162,0.02095019817352295,0.013561384752392769,0.17962472140789032,0.032794397324323654,0.0,0.2165890634059906,0.02101312205195427,0.004358625505119562,0.2246543914079666,0.07125742733478546,0.0,0.03792688623070717,0.17070752382278442,0.0,0.013265118934214115,0.21824663877487183,0.1082943007349968,0.00022476210142485797,0.0,0.1273302435874939,0.1628103107213974,0.0,0.00229639932513237,0.1007302924990654,0.0,0.0,0.10228727757930756,0.001039189868606627,0.010837101377546787,0.023831160739064217,0.1458071768283844,0.008040191605687141,0.0,0.14026115834712982,0.024336939677596092,0.0,0.0,0.0,0.0,0.016987156122922897,0.0071739573031663895,0.0486052967607975,0.0001849209947977215,0.02341095730662346,0.0,0.0,0.03913894668221474,0.008396546356379986,0.0,0.0,0.11781204491853714,0.09547383338212967,0.0,0.01278475858271122,0.008225399069488049,0.04507170990109444,0.007406831718981266,0.02932346984744072,0.0,0.10021274536848068,0.14825333654880524,0.0006481650052592158,0.0,0.0701623186469078,0.0,0.02224060334265232,0.0359901487827301,0.014134516008198261,0.0,0.22346104681491852,0.17032553255558014,0.0,0.0,0.16848033666610718,0.007572518661618233,0.020721446722745895,0.005268600303679705,0.07312368601560593,0.0032295286655426025,0.003846390638500452,0.09860865026712418,0.2244655340909958,0.0,0.0,0.0,0.0,0.2736177444458008,0.24131278693675995,0.0,0.16835372149944305,0.060788869857788086,0.007007441949099302,0.10127892345190048,0.2952169179916382,0.0,0.0742577612400055,0.0,0.004840200301259756,0.02957189455628395,0.0,0.0,0.0,0.31029850244522095,0.15842771530151367,0.0009049575892277062,0.20871731638908386,0.29657912254333496,0.0,0.007129108998924494,0.23409055173397064,0.02353932335972786,0.16372781991958618,0.0,0.0,0.14978113770484924,0.0,0.09016633033752441,0.10562518984079361,0.0,0.04564351215958595,0.0,0.1624385267496109,0.12873654067516327,0.1797887533903122,0.2535911798477173,0.045553963631391525,0.08646321296691895,0.22184902429580688,0.04144351929426193,0.3071274161338806,0.00320553220808506,0.0,0.0,0.0056100888177752495,0.010011555626988411,0.006129434332251549,0.0,0.013758917339146137,0.09063481539487839,0.14603540301322937,0.051776982843875885,0.0,0.0,0.0,0.0,0.0,0.6030071377754211,0.0,0.0,0.0005359583883546293,0.0024423738941550255,0.0,0.004699548240751028,0.010915162041783333,0.0,0.00815067533403635,0.02919769287109375,0.035966645926237106,0.026261338964104652,0.0,0.6815757751464844,0.02479756623506546,0.04473237320780754,0.038890182971954346,0.0,0.0,0.1042013093829155,0.21655632555484772,0.0,0.20269688963890076,0.1659385710954666,0.11168244481086731,0.0,0.06058906018733978,0.0,0.10938819497823715,0.0037911112885922194,0.0,0.21277929842472076,0.02578643336892128,0.20123955607414246,0.0,0.0,0.3788984417915344,0.20662817358970642,0.020133579149842262,0.0,0.0,0.23880872130393982,0.2597108781337738,0.0,0.21311518549919128,0.43868738412857056,0.08036492764949799,0.019843831658363342,-0.03403208777308464
70,0.010871869511902332,0.07731997221708298,0.003566709579899907,0.0,0.0,0.0,0.04559313878417015,0.11703434586524963,0.0,0.11888720095157623,0.3507412374019623,0.05653119087219238,0.0,0.17350120842456818,0.505478024482727,0.00857020728290081,0.0,0.46795812249183655,0.2322935312986374,0.0,0.07316320389509201,0.12406948208808899,0.0,0.7825745344161987,0.1916106790304184,0.0,0.0,0.43740853667259216,0.007325485348701477,0.024916749447584152,0.0,0.22016794979572296,0.029709842056035995,0.15841196477413177,0.0029914577025920153,0.0,0.0,0.03199658915400505,0.378593772649765,0.2828337252140045,0.0804596021771431,0.006402889732271433,0.15086038410663605,0.0,0.2261563390493393,0.0,0.17662449181079865,0.006084487773478031,0.0,0.25810757279396057,0.0,0.011152436025440693,0.7868145704269409,0.0005660715396516025,0.0,0.373820036649704,0.0,0.4491714835166931,0.020521901547908783,0.003996139857918024,0.0,0.16990849375724792,0.05170299485325813,0.3407718241214752,0.0,0.0,0.0,0.9618178606033325,0.09241757541894913,0.024016285315155983,0.0,0.0,0.07885036617517471,0.6561362743377686,0.0,0.1077125146985054,0.4123365879058838,0.048879384994506836,0.0,0.0,0.2283109873533249,0.0,0.0810321718454361,0.1760140210390091,0.8165987133979797,0.02723129466176033,0.0,0.10090456157922745,0.6226677298545837,0.051211703568696976,0.036699194461107254,0.6775757074356079,0.009577463380992413,0.09479627758264542,0.002111513167619705,0.07794614881277084,0.08407287299633026,0.0,0.0,0.057358790189027786,0.47546476125717163,0.08803736418485641,0.0,0.7763113379478455,0.013242719694972038,0.0,0.00516851432621479,0.5325803756713867,0.0007167694275267422,0.0,0.43509915471076965,0.015372054651379585,0.0,0.20939652621746063,0.044629354029893875,0.01122763566672802,0.01651938445866108,0.5213087201118469,0.0,0.026259923353791237,0.33882585167884827,0.18468904495239258,0.0034294009674340487,0.0,0.2915039658546448,0.17220360040664673,0.0,0.0,0.4217320680618286,0.0,0.0,0.14112578332424164,0.0,0.01899428851902485,0.006146268919110298,0.10085500031709671,0.07333336770534515,0.0,0.06503919512033463,0.0,0.0,0.005832727067172527,0.0,0.0,0.03514448553323746,0.06012934446334839,0.026763135567307472,0.0003349623875692487,0.012731467373669147,0.0,0.0,0.013106280006468296,0.00867252703756094,0.0,0.003177858889102936,0.07045069336891174,0.07448088377714157,0.0,0.0,0.0,0.024432053789496422,0.0,0.04679444059729576,0.004463404417037964,0.0,0.08203338086605072,0.0,0.0,0.23979292809963226,0.015345552004873753,0.09395954757928848,0.08317802101373672,0.0,0.0,0.07283718883991241,0.4676276743412018,0.0,0.0,0.305989533662796,0.0,0.11758439987897873,0.010457456111907959,0.042501989752054214,0.0030821163672953844,0.02681034430861473,0.0,0.0036640597973018885,0.0,0.0,0.0,0.0,0.5571654438972473,0.15573330223560333,0.0,0.04269517585635185,0.24129420518875122,0.0,0.14727114140987396,0.7018538117408752,0.0,0.15674175322055817,0.0,0.0,0.0,0.0,0.0,0.038185667246580124,0.969298243522644,0.4245877265930176,0.0,0.21162959933280945,0.0971364825963974,0.0,0.0,0.47147804498672485,0.033204350620508194,0.026572788134217262,0.0,0.0,0.1445673257112503,0.0,0.07977751642465591,0.46467071771621704,0.0,0.16922208666801453,0.0016907869139686227,0.3108319342136383,0.48557350039482117,0.012285270728170872,0.5551717877388,0.07063960283994675,0.19996227324008942,0.29451823234558105,0.008445100858807564,0.24594470858573914,0.003985076677054167,0.0,0.0,0.0,0.006948967929929495,0.0,0.0,0.011709816753864288,0.05111215263605118,0.42276373505592346,0.21626794338226318,0.04822269454598427,0.0,0.0,0.0,0.0,0.670013964176178,0.0,0.0,0.0018558526644483209,0.0,0.0,0.0,0.0037636396009474993,0.0,0.0,0.2675582468509674,0.21541042625904083,0.0,0.0,1.0181695222854614,0.0,0.22362855076789856,0.021951530128717422,0.0,0.0,0.09064236283302307,0.3240807056427002,0.0,0.1750108301639557,0.0,0.04259307682514191,0.0,0.37795671820640564,0.0,0.43422287702560425,0.0,0.0,0.6266641616821289,0.0,0.0488186739385128,0.0,0.0,0.43252328038215637,0.034887030720710754,0.04148560389876366,0.0,0.0,0.5253356099128723,0.4231692850589752,0.0,0.01734388805925846,0.7080551385879517,0.2885471284389496,0.047415561974048615,0.047326672822237015,0.02483653835952282,0.152633398771286,0.0,0.0,0.0,0.19530390202999115,0.09981242567300797,0.005448769312351942,0.14594855904579163,0.28665807843208313,0.005430081393569708,0.0,0.2163628786802292,0.30270496010780334,0.0,0.0,0.2323768138885498,0.16503091156482697,0.002950377529487014,0.12526004016399384,0.06253933161497116,0.0,0.7223798036575317,0.2397715151309967,0.0015290003502741456,0.0,0.5729753375053406,0.05643611028790474,0.027906695380806923,0.0029408857226371765,0.3006060719490051,0.017926735803484917,0.12677399814128876,0.06636738777160645,0.012686572037637234,0.006395199801772833,0.21177425980567932,0.3399374485015869,0.08745767921209335,0.3078647255897522,0.043946512043476105,0.1550251692533493,0.0,0.24453520774841309,0.021531054750084877,0.2594996988773346,0.02339705266058445,0.0,0.3089161813259125,0.0,0.0,0.6995702981948853,0.0,0.005863581784069538,0.1627286821603775,0.09400811046361923,0.6879208087921143,0.06938095390796661,0.01794620417058468,0.0,0.07751675695180893,0.08547794073820114,0.03360338881611824,0.0,0.0,0.0,0.7257424592971802,0.1655047982931137,0.06047024950385094,0.0029362402856349945,0.0,0.16402532160282135,0.6157307028770447,0.0016857130685821176,0.11287879943847656,0.5234199166297913,0.05427442118525505,0.0,0.0,0.2656552493572235,0.0,0.03149526193737984,0.24071131646633148,0.6688908934593201,0.0,0.0004073187883477658,0.15094886720180511,0.6985570788383484,0.07344676554203033,0.14144355058670044,0.56916743516922,0.03109724260866642,0.2989841401576996,0.0,0.23608461022377014,0.23035183548927307,0.0,0.0,0.009091268293559551,0.36345019936561584,0.10548599809408188,0.0,0.6963908076286316,0.02782072126865387,0.04668102413415909,0.023132437840104103,0.42056211829185486,0.020051700994372368,0.0,0.28887730836868286,0.06597717851400375,0.07351567596197128,0.26484236121177673,0.2754072844982147,0.017064686864614487,0.04052145406603813,0.5577532649040222,0.005339788738638163,0.057659175246953964,0.2636955678462982,0.3516819179058075,0.09225129336118698,0.0029319466557353735,0.15376101434230804,0.030113792046904564,0.0,0.1118498370051384,0.40882784128189087,0.0,0.03443016856908798,0.030270317569375038,0.058648884296417236,0.03217191994190216,0.011756468564271927,0.1545453816652298,0.028854260221123695,0.0,0.062168192118406296,0.0,0.0,0.016216697171330452,0.0,0.0,0.11878400295972824,0.0,0.156867116689682,0.02999013103544712,0.024027366191148758,0.0,0.0,0.07722790539264679,0.002513858489692211,0.0,0.003649842692539096,0.46909379959106445,0.2280854433774948,0.004708565771579742,0.0,0.002145188394933939,0.1874149739742279,0.0207960307598114,0.13626399636268616,0.0,0.0,0.04142006114125252,0.010904956609010696,0.0,0.1993127316236496,0.0,0.11175232380628586,0.02569732628762722,0.0017967865569517016,0.0,0.3602597415447235,0.36195647716522217,0.0169257503002882,0.0,0.0847070962190628,0.0,0.00779850734397769,0.04371193051338196,0.16398079693317413,0.00045574011164717376,0.013107686303555965,0.08144646137952805,0.09534542262554169,0.0,0.050725292414426804,0.0,0.0,0.43245846033096313,0.11577267944812775,0.0,0.007469996809959412,0.4728533923625946,0.0,0.3876672387123108,0.6143349409103394,0.02244325540959835,0.3522230088710785,0.0,0.010573898442089558,0.046909112483263016,0.0,0.0,0.0,0.8950002789497375,0.43643316626548767,0.09493099898099899,0.08735974133014679,0.20038370788097382,0.0032947238069027662,0.030296236276626587,0.2920643389225006,0.0428040511906147,0.1416618376970291,0.0,0.0,0.20634305477142334,0.0,0.13592250645160675,0.5472972989082336,0.0297552403062582,0.10357619822025299,0.0042847562581300735,0.6085211634635925,0.4199145436286926,0.1444806158542633,0.2862287759780884,0.15208859741687775,0.15782049298286438,0.46563220024108887,0.08666675537824631,0.0931292176246643,0.03181371092796326,0.0,0.0,0.0,0.0,0.06737080961465836,0.0,0.04438963904976845,0.2009940892457962,0.3489714562892914,0.29473191499710083,0.0250861793756485,0.0,0.0,0.0,0.0,0.49115023016929626,0.0,0.0,0.039461132138967514,0.14373424649238586,0.0,0.0,0.00914212316274643,0.09822940826416016,0.0,0.008874873630702496,0.2574402987957001,0.03421575948596001,0.03901660442352295,0.7017879486083984,0.004055739846080542,0.18302574753761292,0.0,0.0,0.00020431206212379038,0.06908184289932251,0.10687526315450668,0.0,0.5978986620903015,0.03660645708441734,0.20826350152492523,0.0,0.23674435913562775,2.7008354663848877e-06,0.43981119990348816,0.005491127725690603,0.0,0.5788677334785461,0.026708513498306274,0.20097754895687103,0.0,0.024825280532240868,0.34915152192115784,0.0688042938709259,0.058993108570575714,0.0,0.0,0.4806489050388336,0.37263020873069763,0.0,0.10149367153644562,0.5653463006019592,0.3900281488895416,0.06177482753992081,0.19376730918884277,0.032269854098558426,0.02103419415652752,0.0,0.0,0.0,0.3587356507778168,0.09939812868833542,0.016873862594366074,0.15096250176429749,0.10098962485790253,0.043288350105285645,0.0,0.34800419211387634,0.2133031189441681,0.0,0.0014844879042357206,0.06283658742904663,0.0,0.005381560884416103,0.010832239873707294,0.13079997897148132,0.0,0.33296337723731995,0.21915046870708466,0.0,0.0,0.5938332080841064,0.025296755135059357,0.0033552385866642,0.0,0.4137386679649353,0.0,0.14930708706378937,0.02139159105718136,0.014438344165682793,0.0,0.06754956394433975,0.2579060196876526,0.2438131421804428,0.3979620337486267,0.13264985382556915,0.12078940868377686,0.01683652587234974,0.22662575542926788,0.0030902884900569916,0.469078928232193,0.0,0.0,0.12827512621879578,0.0,0.007814601063728333,0.7842111587524414,0.0,0.0,0.1321525126695633,0.01098946388810873,0.966415286064148,0.2373993694782257,0.11378560960292816,0.0,0.1666944921016693,0.34931960701942444,0.051551248878240585,0.0,0.0,0.0,0.6017667055130005,0.3473767340183258,0.23473742604255676,0.0,0.0,0.1744832545518875,0.7281045913696289,0.0,0.09923381358385086,0.3204007148742676,0.01305363792926073,0.0,0.04225578531622887,0.08094526827335358,0.0,0.02441200613975525,0.24798043072223663,0.2644111216068268,0.00957709364593029,0.0,0.48457929491996765,0.5457973480224609,0.14263513684272766,0.06320440769195557,0.2529633045196533,0.03875682130455971,0.036652643233537674,0.009403616189956665,0.21229922771453857,0.547051727771759,0.0,0.002151653403416276,0.08971462398767471,0.236615851521492,0.3746393620967865,0.0,0.1456443965435028,0.14370125532150269,0.021856382489204407,0.015323047526180744,0.24370206892490387,0.06838513165712357,0.0,0.268257200717926,0.027649421244859695,0.02670883573591709,0.3297246992588043,0.22416673600673676,0.0,0.1318945437669754,0.27102652192115784,0.0022787514608353376,0.015202234499156475,0.2702604830265045,0.27873411774635315,0.05521998181939125,0.0,0.1401856392621994,0.047053586691617966,0.003227758686989546,0.0228066835552454,0.16231553256511688,0.0,0.017543403431773186,0.061761751770973206,0.040094535797834396,0.041648149490356445,0.023507876321673393,0.34399476647377014,0.03208181634545326,0.0,0.1800081729888916,0.013264022767543793,0.0,0.0,0.0,0.0,0.022319864481687546,0.0,0.21167276799678802,0.0,0.0,0.0,0.0,0.022301994264125824,0.0015856532845646143,0.0,0.0,0.26320406794548035,0.09887079149484634,0.0,0.0,0.034060388803482056,0.05925754830241203,0.014809212647378445,0.09044650942087173,0.007457031402736902,0.08486519753932953,0.18457648158073425,0.0,0.0,0.05399065464735031,0.0,0.01949961669743061,0.07446586340665817,0.022799668833613396,0.0,0.5930438041687012,0.17774488031864166,0.0,0.0,0.07056433707475662,0.0,0.007325916085392237,0.009757728315889835,0.008258991874754429,0.00278060813434422,0.0,0.22500599920749664,0.3906334340572357,0.006130344234406948,0.006558767985552549,0.0,0.0,0.2950640320777893,0.29006654024124146,0.0,0.17785626649856567,0.08895609527826309,0.028978712856769562,0.06453614681959152,0.326918363571167,0.0,0.1041351705789566,0.0,0.00915380660444498,0.13529585301876068,0.0,0.0,0.0,0.6219303607940674,0.1745924949645996,0.014573290944099426,0.34319618344306946,0.44780245423316956,0.004728324711322784,0.0027068755589425564,0.19074761867523193,0.019464440643787384,0.22422225773334503,0.003687785007059574,0.0,0.1412687748670578,0.0,0.20184719562530518,0.23842599987983704,0.02526935003697872,0.11010050773620605,0.00996668916195631,0.42801904678344727,0.15819507837295532,0.3778294622898102,0.152886763215065,0.15657928586006165,0.1962871551513672,0.17716114223003387,0.010052849538624287,0.26639509201049805,0.03296702355146408,0.0,0.0,0.0,0.011660534888505936,0.014827428385615349,0.0,0.020435592159628868,0.0096629923209548,0.1874012053012848,0.14736302196979523,0.0,0.0,0.0,0.0,0.0,0.6725302934646606,0.0,0.0,0.0283938180655241,0.07967286556959152,0.0,0.0,0.03486693650484085,0.04078112915158272,0.002035058569163084,0.028317660093307495,0.07805090397596359,0.008174960501492023,0.0015672449953854084,0.8250601887702942,0.0006313700578175485,0.012905321083962917,0.0014008724829182029,0.0,0.014349530450999737,0.1523476243019104,0.25866663455963135,0.0,0.22152575850486755,0.14929838478565216,0.11436007171869278,0.0,0.09979905933141708,0.0023147074971348047,0.14615607261657715,0.03766952455043793,0.0,0.34298011660575867,0.12608318030834198,0.30741697549819946,0.0,0.009988386183977127,0.24679766595363617,0.17351843416690826,0.04519784450531006,0.0,0.0,0.4427851140499115,0.22532707452774048,0.0,0.15081791579723358,0.5851896405220032,0.09779131412506104,0.017077134922146797,-0.2124403566122055
71,0.47120118141174316,0.07365681231021881,0.08961840718984604,0.0,0.0,0.0,0.831439733505249,0.008989649824798107,0.0,0.3964564800262451,0.0,0.0,0.0,0.4491686224937439,0.0,0.035337917506694794,0.04135981202125549,0.0,0.0,0.030930783599615097,0.0,0.010850334540009499,0.00281246704980731,0.048748284578323364,0.3225034177303314,0.0,0.0,0.5782067775726318,0.030639294534921646,0.012696266174316406,0.04378615692257881,0.5698590874671936,0.0,0.04029327630996704,0.11112887412309647,0.019081149250268936,0.0,0.22143319249153137,0.15412075817584991,0.06412317603826523,0.8953627347946167,0.22429847717285156,0.07351426035165787,0.0558491088449955,0.12124142050743103,0.11431688070297241,0.9510701298713684,0.0073657771572470665,0.0,0.14447513222694397,0.20022685825824738,0.0,0.5380289554595947,0.0,0.05348934605717659,0.0,0.3303150236606598,1.5779811143875122,0.42006242275238037,0.3389747738838196,0.0,0.0354682132601738,0.687696099281311,0.0,0.0,0.012775138020515442,0.0,0.03599477559328079,0.6962698698043823,0.3429916501045227,0.1331912726163864,0.0,0.5181646347045898,0.7858050465583801,0.0997137650847435,0.015420721843838692,0.2720581591129303,0.005516425706446171,0.0,0.08015940338373184,0.029736122116446495,0.0070083229802548885,0.02618277631700039,0.2742452025413513,0.0,0.015338887460529804,0.0,0.855745255947113,0.46281611919403076,0.3507367670536041,0.23611758649349213,0.0,0.03639582544565201,0.05847577750682831,0.011816181242465973,0.45876699686050415,0.9551774859428406,0.0,0.017864685505628586,0.00942707248032093,0.05246752128005028,0.5647271871566772,0.0,0.0,0.29727745056152344,0.29384541511535645,0.0754421129822731,0.1383531391620636,0.2500268518924713,0.0,0.0,0.09312436729669571,0.12506461143493652,0.4154202938079834,0.8557095527648926,0.0,0.15065021812915802,0.09240666776895523,0.1043626070022583,0.06516764312982559,0.0049246856942772865,0.5821627974510193,0.1594606190919876,0.00954743567854166,0.0,0.0019887578673660755,0.0,0.14643283188343048,0.0,0.0,0.011659961193799973,0.05352454632520676,0.25589683651924133,0.07275116443634033,0.1661113053560257,0.9795106053352356,0.0,0.0,0.4439154267311096,0.019385740160942078,0.0,0.0,0.0,0.0,0.035615019500255585,0.0,0.6650882959365845,0.0,0.0,0.0,0.0,0.07029123604297638,0.03461203724145889,0.0,0.0,0.8074477910995483,0.05531316623091698,0.0,0.004171664826571941,0.11453033983707428,0.22237679362297058,0.21927522122859955,0.20362801849842072,0.0,0.17180611193180084,0.2816776633262634,0.0,0.07285532355308533,0.0,0.0,0.027748726308345795,0.04435982555150986,0.031317878514528275,0.0400439016520977,1.3046811819076538,0.06390640884637833,0.0032191453501582146,0.22113937139511108,0.0,0.0,0.0,0.0,0.000924614374525845,0.03437243402004242,0.0,0.6312083601951599,0.9205843806266785,0.03839324414730072,0.16492651402950287,0.0,0.0,0.020845243707299232,0.30038172006607056,0.0010525385150685906,0.4309075176715851,0.09667374193668365,0.04156895726919174,0.040495652705430984,0.003465913934633136,0.05730389058589935,0.11298055201768875,0.0,0.04232950881123543,0.4458417296409607,0.0,0.0004476701724343002,0.0,0.2847159504890442,0.012307008728384972,0.024130472913384438,0.30788326263427734,0.8429533839225769,0.034904416650533676,0.11292809993028641,0.0,0.04054613038897514,0.6424926519393921,0.0,0.09689566493034363,0.11684473603963852,0.0,0.5013769865036011,0.06535843014717102,0.09035176038742065,0.06923404335975647,0.0,0.7744443416595459,0.0,0.8765925765037537,0.0,0.2490541636943817,0.3002563416957855,0.36030951142311096,0.11810871213674545,0.12204162776470184,0.1400010734796524,0.01887228526175022,0.0,0.012851299718022346,0.034340161830186844,0.12124844640493393,0.0,0.00038849361590109766,0.00527151208370924,0.0,0.0,0.0,0.0,0.0,0.0,0.0,0.572746992111206,0.0,0.0,0.020577093586325645,0.3704500198364258,0.017336905002593994,0.07829698920249939,0.18085885047912598,0.1754123717546463,0.08140101283788681,0.0,0.017251519486308098,0.2519451081752777,0.21423423290252686,0.32654333114624023,0.03583073616027832,0.0,0.11825892329216003,0.0,0.0873618796467781,0.505525529384613,0.01123120915144682,0.0,0.2748259902000427,0.8034087419509888,0.35167384147644043,0.13681234419345856,0.0,0.0,0.0017627410124987364,0.09196058660745621,0.0,0.13757538795471191,0.31278204917907715,0.6665862798690796,0.0,0.1625789999961853,0.04116997495293617,0.20434951782226562,0.10882603377103806,0.0,0.028392797335982323,0.38127994537353516,0.0210882481187582,0.00020723071065731347,0.4534177780151367,0.4482746720314026,0.014791440218687057,0.013002105988562107,0.2500429153442383,0.0638703852891922,0.013276522979140282,0.0,0.0,0.0,0.335460901260376,0.049788158386945724,0.016848094761371613,0.01959373988211155,0.1192018985748291,0.11472751200199127,0.0,0.22303742170333862,0.275554895401001,0.0,0.011928926222026348,0.1315649449825287,0.08957014977931976,0.0,0.02314114011824131,0.05358079448342323,0.0,0.2887517809867859,0.26961269974708557,0.0,0.0,0.3938469886779785,0.0,0.024858009070158005,0.0,0.31233859062194824,0.0003373372310306877,0.15237268805503845,0.10395126044750214,0.0,0.02825348637998104,0.04021443799138069,0.08813821524381638,0.1840033382177353,0.3005979061126709,0.012325461022555828,0.21747583150863647,0.006009830627590418,0.13705050945281982,0.0,0.30970993638038635,0.0,0.0,0.1713206022977829,0.008313809521496296,0.0,0.7282446026802063,0.0,0.0,0.20541594922542572,0.013050656765699387,0.7356860637664795,0.1978560835123062,0.016076266765594482,0.0,0.05456430837512016,0.27335992455482483,0.11752321571111679,0.0,0.0,0.0,0.6495761871337891,0.28292107582092285,0.23540566861629486,0.0,0.0,0.0951356366276741,0.87591552734375,0.0,0.011612892150878906,0.2339518815279007,0.0,0.0,0.16672880947589874,0.11369683593511581,0.0,0.00036079506389796734,0.1806754320859909,0.3276730477809906,0.05284794420003891,0.0,0.4302669167518616,0.6218665242195129,0.29355674982070923,0.07273878157138824,0.37453848123550415,0.10167412459850311,0.0,0.00668615847826004,0.18335746228694916,0.4867174029350281,0.0,0.0,0.035921595990657806,0.35149332880973816,0.536053478717804,0.0,0.31586953997612,0.1929216831922531,0.0,0.015755467116832733,0.29121696949005127,0.001494853408075869,0.0,0.37530675530433655,0.10510722547769547,0.0,0.20799696445465088,0.1065419390797615,0.007077335380017757,0.1708323061466217,0.3270508050918579,0.0,0.008606871590018272,0.21753911674022675,0.2720661759376526,0.0,0.0,0.1955406665802002,0.08650822192430496,0.0,0.0010077859042212367,0.2563461661338806,0.0,0.0,0.1235080361366272,0.005301470868289471,0.06921247392892838,0.0014578565023839474,0.25411954522132874,0.06033007800579071,0.0,0.19352535903453827,0.00040933964191935956,0.0,0.0,0.0,0.0,0.006377942394465208,0.04870814085006714,0.10578322410583496,0.02078287862241268,0.21005618572235107,0.0,0.0,0.02132727950811386,0.005392902530729771,0.0,0.0,0.13515642285346985,0.03502452000975609,0.0085755018517375,0.0,0.0,0.012197330594062805,0.01801108941435814,0.11926230043172836,0.0,0.010834737680852413,0.190739706158638,0.0,0.0,0.20849807560443878,0.0,0.06149435043334961,0.194657564163208,0.006038543302565813,0.0,0.5568512082099915,0.2211374044418335,0.0,0.011748124845325947,0.15001870691776276,0.032415203750133514,0.02200070209801197,0.0011994927190244198,0.08872040361166,0.004859786480665207,0.04872555658221245,0.10332979261875153,0.25541579723358154,0.0,0.0,0.0,0.0,0.5019413232803345,0.4043756425380707,0.0,0.2039462924003601,0.039559438824653625,0.13154399394989014,0.052669938653707504,0.44153380393981934,0.0,0.0824648067355156,0.0,0.005600187927484512,0.2277863770723343,0.012270423583686352,0.0,0.0857437252998352,0.5047435760498047,0.20843666791915894,0.04430871084332466,0.25779929757118225,0.5319267511367798,0.0,0.0,0.17708635330200195,0.034176524728536606,0.13577845692634583,0.0,0.0,0.1851639300584793,0.0,0.1314733922481537,0.2327018678188324,0.007826641201972961,0.18963861465454102,0.004223279654979706,0.4379979968070984,0.1710011512041092,0.31821128726005554,0.2796030640602112,0.09001155942678452,0.21803900599479675,0.10892681032419205,0.002505057957023382,0.06594624370336533,0.035082537680864334,0.0,0.0,0.0,0.02697053551673889,0.003304495243355632,0.0025778908748179674,0.013915243558585644,0.03129402920603752,0.21776752173900604,0.1900121569633484,0.05986658111214638,0.0031792446970939636,0.0,0.007395695894956589,0.0,0.7434573173522949,0.0,0.0,0.07460236549377441,0.0,0.0,0.016842026263475418,0.0071949041448533535,0.0,0.004167447332292795,0.19811606407165527,0.12371603399515152,0.01365527044981718,0.0,0.9271535277366638,0.0,0.06858193874359131,0.06732801347970963,0.0,0.0,0.17549438774585724,0.22491100430488586,0.0,0.061167020350694656,0.21867959201335907,0.0853915736079216,0.0,0.15760159492492676,0.0,0.256428986787796,0.02494940161705017,0.0,0.41839471459388733,0.012825747020542622,0.2629847228527069,0.0,0.0,0.18316690623760223,0.06727590411901474,0.02873341739177704,0.0,0.0,0.4921342730522156,0.21688398718833923,0.0,0.12653911113739014,0.6669278740882874,0.035688616335392,0.0030347537249326706,0.38977187871932983,0.08736918866634369,0.04236442223191261,0.0,0.010620727203786373,0.0,0.650575578212738,0.05055593326687813,0.03413590043783188,0.23973941802978516,0.040766581892967224,0.05966354161500931,0.010510770604014397,0.4003097116947174,0.1376165747642517,0.01031902339309454,0.07902485877275467,0.03946637734770775,0.002327901776880026,0.017198162153363228,0.0,0.09819559752941132,0.009029312990605831,0.13097542524337769,0.20892572402954102,0.0,0.0,0.6168860793113708,0.04809456691145897,0.004364531021565199,0.03717008978128433,0.5076624155044556,0.0,0.10447414964437485,0.10161514580249786,0.007430833764374256,0.0,0.15696248412132263,0.20324809849262238,0.1498401165008545,0.639207124710083,0.24914483726024628,0.07501734048128128,0.09325282275676727,0.19569143652915955,0.05193016678094864,0.6898180842399597,0.001901179552078247,0.0,0.1251012235879898,0.10964635759592056,0.0,0.6578290462493896,0.0,0.018804259598255157,0.009507114067673683,0.22318872809410095,1.297487735748291,0.36152589321136475,0.2359974980354309,0.0,0.15841497480869293,0.59830641746521,0.08931569010019302,0.020226292312145233,0.03138786926865578,0.0,0.22667892277240753,0.6167444586753845,0.34431135654449463,0.053281091153621674,0.0,0.32558879256248474,0.7408461570739746,0.03340280055999756,0.07894117385149002,0.2820054888725281,0.0024970199447125196,0.0003918964648619294,0.12533003091812134,0.0449463352560997,0.0,0.014359944500029087,0.24023033678531647,0.03709295764565468,0.017785141244530678,0.0,0.7961669564247131,0.5036683678627014,0.3182104825973511,0.15340371429920197,0.11505971848964691,0.03614097461104393,0.02755754441022873,0.039514895528554916,0.27581268548965454,0.9146625399589539,0.004622206091880798,0.047082822769880295,0.10757267475128174,0.08772315829992294,0.7265546917915344,0.0,0.0008978554978966713,0.27158626914024353,0.12161155045032501,0.06128668412566185,0.11690473556518555,0.1391790211200714,0.0,0.1002953052520752,0.05535354092717171,0.04824027791619301,0.4082082509994507,0.5026469230651855,0.0,0.17512944340705872,0.12353991717100143,0.0372050479054451,0.03899002820253372,0.18270377814769745,0.3790024518966675,0.06797822564840317,0.0,0.06175008788704872,0.019244510680437088,0.0,0.1443660855293274,0.048231665045022964,0.0,0.006340763531625271,0.15347731113433838,0.1520622968673706,0.05371818318963051,0.13179288804531097,0.6634746789932251,0.008873950690031052,0.0,0.3144896328449249,0.0346171110868454,0.005186968948692083,0.0,0.0,0.019055591896176338,0.023009996861219406,0.0,0.41211745142936707,0.004438852891325951,0.0,0.0,0.0,0.08936530351638794,0.07097575068473816,0.0,0.0,0.46493980288505554,0.08149799704551697,0.0,0.0005243938649073243,0.06661862879991531,0.168142169713974,0.09506875276565552,0.12211982905864716,0.049141667783260345,0.18754854798316956,0.3254387676715851,0.0,0.010383140295743942,0.03826877102255821,0.0,0.03135302662849426,0.16416293382644653,0.015619763173162937,0.000991225941106677,1.049930453300476,0.11932501196861267,0.0,0.10862915217876434,0.03785727918148041,0.0,0.0,0.049189530313014984,0.0022135518956929445,0.018019281327724457,0.0,0.4562971889972687,0.7096347212791443,0.011326393112540245,0.054800357669591904,0.0,0.015937909483909607,0.1770312637090683,0.36025625467300415,0.0,0.3461984395980835,0.05503259599208832,0.029928872361779213,0.041325606405735016,0.11167087405920029,0.009287514723837376,0.07158147543668747,0.0,0.08580072969198227,0.305034339427948,0.01568547822535038,0.01288042776286602,0.0,0.3490375280380249,0.014243915677070618,0.06118497624993324,0.38601750135421753,0.8098876476287842,0.015324074774980545,0.012777214869856834,0.11246216297149658,0.015985585749149323,0.44797948002815247,0.04254930838942528,0.04044579342007637,0.1694144606590271,0.0,0.36304277181625366,0.05306417867541313,0.05450703948736191,0.0801888108253479,0.01903579756617546,0.543974757194519,0.07810690999031067,0.7236045002937317,0.06055990979075432,0.1687736064195633,0.22778736054897308,0.21056728065013885,0.06977521628141403,0.12986159324645996,0.09223668277263641,0.0,0.0,0.007131137419492006,0.04038961976766586,0.07802798599004745,0.0,0.017045387998223305,0.06675830483436584,0.03313910588622093,0.04277876392006874,0.0,0.0007449207478202879,0.0,0.0009176944149658084,0.0,0.7333025336265564,0.0,0.0,0.022224657237529755,0.1871682107448578,0.010952096432447433,0.04522671177983284,0.10862141847610474,0.08279912918806076,0.024034427478909492,0.06087181717157364,0.047162529081106186,0.14832696318626404,0.06640002131462097,0.7078353762626648,0.027260296046733856,0.0,0.08722943067550659,0.0,0.03459899500012398,0.3428049385547638,0.09968391060829163,0.01593034714460373,0.23863479495048523,0.6293718814849854,0.21881549060344696,0.040247201919555664,0.056243397295475006,0.00661198515444994,0.028050590306520462,0.09119903296232224,0.0,0.25266793370246887,0.284537672996521,0.5242274403572083,0.02495436742901802,0.06760828197002411,0.07553964853286743,0.19834986329078674,0.06644570082426071,0.0,0.01619497500360012,0.4030822515487671,0.13474814593791962,0.008192877285182476,0.2838551998138428,0.49516892433166504,0.03879477456212044,0.01698833331465721,-0.7087833881378174
72,0.01221315748989582,0.1357550472021103,0.4715467691421509,0.005204144399613142,0.0,0.0,0.722052812576294,0.0067428830079734325,0.0,0.0161073449999094,0.056956011801958084,0.0,0.0,0.3807604908943176,0.0,0.1894884705543518,0.04966949298977852,0.0,0.0,0.0,0.0,0.11422989517450333,0.03003121167421341,0.48738908767700195,0.0,0.0,0.0,0.8230083584785461,0.06983369588851929,0.10276880860328674,0.3242323696613312,0.3856748938560486,0.0,0.38439810276031494,0.16786430776119232,0.4132038354873657,0.1506097912788391,0.8158422708511353,0.0,0.0009849839843809605,0.03264971077442169,0.4294339120388031,0.04902207851409912,0.2602595388889313,0.5159292817115784,0.9981239438056946,0.20507733523845673,0.004222125746309757,0.0,0.14707863330841064,0.4005437195301056,0.0,0.0,0.0043333000503480434,0.2089623659849167,0.0,0.774730920791626,0.8424369096755981,0.18123899400234222,0.05523766949772835,0.0,0.019543344154953957,0.0783018171787262,0.0,0.0,0.2042563110589981,0.0017844566609710455,0.0,0.21359765529632568,0.061094529926776886,0.6952362656593323,0.0,0.46324265003204346,0.00989921111613512,0.25416329503059387,0.08959785848855972,0.0,0.4968239367008209,0.0,0.15756742656230927,0.022524872794747353,0.2925581932067871,0.008863424882292747,0.16826240718364716,0.0,0.0,0.16980963945388794,0.22223533689975739,0.3909914195537567,0.5954481959342957,0.10511063784360886,0.0,0.003527022199705243,0.46525272727012634,0.0,0.0,0.5398973226547241,0.09673474729061127,0.0002396219497313723,0.0,0.0,0.0722259134054184,0.0,0.3745378851890564,0.8602568507194519,0.5479124188423157,0.2860160171985626,0.0,0.0,0.0,0.0,0.2474638670682907,0.2772728502750397,0.3362671434879303,0.2932511866092682,0.0,0.006107306573539972,0.0,0.3284573256969452,0.14738713204860687,0.0,0.076502725481987,0.12013451009988785,0.01864747889339924,0.0,0.393428236246109,0.006996760610491037,0.3180926740169525,0.0,0.0,0.0,0.007591946516185999,0.23353202641010284,0.0,0.07918473333120346,0.13366617262363434,0.0,0.0,0.06442660838365555,0.07741077244281769,0.0,0.018660515546798706,0.6051014065742493,0.0,0.5672540068626404,0.0,0.004114641807973385,0.02183169685304165,0.0,0.0,0.07361841201782227,0.8100295066833496,0.30893877148628235,0.0,0.0,0.5377698540687561,0.0,0.0,0.015966041013598442,0.0,1.228641152381897,0.3473699390888214,0.0,0.0,0.28189221024513245,0.07169049233198166,0.0,0.8160441517829895,0.0,0.0,0.0,0.0,0.06303995847702026,0.119326151907444,0.19272370636463165,0.13703042268753052,0.03324732556939125,0.8155295848846436,0.0,0.027808116748929024,0.0,0.0,0.8908894658088684,0.017500463873147964,0.0,0.30922383069992065,0.31483516097068787,0.14155623316764832,0.8229881525039673,0.0,0.0,0.0,0.013306081295013428,0.10862506181001663,0.22965426743030548,0.5482779741287231,0.017505429685115814,0.79611736536026,0.0,0.1466521918773651,0.1994740068912506,0.0,0.03273126110434532,0.01987723633646965,0.0,0.0,0.0,0.0,0.0,0.027385907247662544,0.009553524665534496,0.35327473282814026,0.08938919752836227,0.7948195338249207,0.0,0.3132138252258301,0.6803126931190491,0.0,0.0812753215432167,0.5043391585350037,0.013812432996928692,0.04919939488172531,0.0,0.0,0.0,0.024089131504297256,0.023676466196775436,0.0,0.5157833695411682,0.0,0.009308216162025928,0.0,0.8523786664009094,0.4343287944793701,0.016368651762604713,0.28117814660072327,0.29605525732040405,0.0,0.3390420973300934,0.06833813339471817,0.021381715312600136,0.0,0.0,1.1337155103683472,0.0,0.02398727275431156,0.03372001647949219,0.0,0.0,0.0,0.0,0.010390535928308964,0.0,0.028463000431656837,0.0,0.951324462890625,0.10782131552696228,0.0785762295126915,0.010141301900148392,0.07611077278852463,0.548673689365387,0.0,0.0,0.699242889881134,0.37297001481056213,0.0,0.642530620098114,0.0,0.5057271122932434,0.04419147968292236,0.0,0.13836310803890228,0.0,0.01568051241338253,1.4454090595245361,1.089552402496338,0.5523019433021545,0.24647998809814453,0.0,0.0019732515793293715,0.0,0.0,0.45699113607406616,0.0,0.013240457512438297,0.5464478731155396,0.0,0.0,0.5855866074562073,0.33886227011680603,0.02584461309015751,0.00631519453600049,0.006151996087282896,0.0,0.29623398184776306,0.2285275161266327,0.726289689540863,0.0,0.0025059946347028017,0.19716142117977142,0.0444430336356163,0.07585025578737259,0.0596744678914547,0.0,0.0,0.0,0.5032318830490112,0.1006401777267456,0.0,0.041910625994205475,0.05049874261021614,0.014015737920999527,0.0,0.4347849488258362,0.0,0.04230000823736191,0.028981806710362434,0.0,0.0026888754218816757,0.0,0.0,0.11833570152521133,0.0,0.18054699897766113,0.03541525453329086,0.0,0.0,0.4430232346057892,0.0,0.11466711014509201,0.0,0.2550187110900879,0.0,0.3017619252204895,0.020598165690898895,0.0604245699942112,0.1044049859046936,0.1542169749736786,0.004517966881394386,0.2475479245185852,0.06699080765247345,0.15954016149044037,0.14535650610923767,0.06855398416519165,0.20427200198173523,0.03400818258523941,0.3524695634841919,0.004712284542620182,0.0,0.042264584451913834,0.06008313596248627,0.0,0.2115153968334198,0.009097959846258163,0.01408938504755497,0.0,0.07226443290710449,0.7879100441932678,0.17311501502990723,0.02455783635377884,0.0,0.21640382707118988,0.18632987141609192,0.0,0.0,0.0045583173632621765,0.0,0.02810702472925186,0.09685593098402023,0.16328950226306915,0.008671414107084274,0.0,0.2536718547344208,0.19696557521820068,0.03294995799660683,0.07402412593364716,0.018536385148763657,0.024990910664200783,0.0,0.2490258514881134,0.026814129203557968,0.002575143240392208,0.0,0.22816096246242523,0.0,0.04670272767543793,0.01205832976847887,0.20468682050704956,0.37521523237228394,0.2634257674217224,0.05484597384929657,0.0,0.045658085495233536,0.022283894941210747,0.0,0.0,0.4911733865737915,0.0,0.007565263658761978,0.0,0.0,0.22011245787143707,0.0,0.15924489498138428,0.3463002145290375,0.11092934012413025,0.02291780337691307,0.02632175385951996,0.016154680401086807,0.0,0.014935711398720741,0.08543577045202255,0.051878422498703,0.19031016528606415,0.006918660365045071,0.0,0.05203720182180405,0.002430466003715992,0.027104774489998817,0.01247197575867176,0.0,0.028797192499041557,0.0,0.018052438274025917,0.0,0.2922423779964447,0.0,0.006531218066811562,0.0,0.007534862961620092,0.0,0.07826769351959229,0.008404596708714962,0.030537547543644905,0.004191500134766102,0.031223855912685394,0.0,0.0,0.2368088960647583,0.036749329417943954,0.0,0.0,0.010744890198111534,0.0,0.04473710060119629,0.0,0.030379576608538628,0.00666317343711853,0.20823118090629578,0.0,0.028696691617369652,0.012015383690595627,0.024520665407180786,0.0,0.0,0.10619356483221054,0.022859835997223854,0.0,0.026955358684062958,0.003726240945979953,0.04587069898843765,0.037090495228767395,0.08535883575677872,0.0,0.19361045956611633,0.12618553638458252,0.0,0.04140438884496689,0.0,0.0,0.0,0.0,0.02619062177836895,0.0,0.1241508424282074,0.0327555313706398,0.0,0.026614796370267868,0.02658422663807869,0.09685712307691574,0.0,0.0,0.0916207879781723,0.004956310614943504,0.006188729777932167,0.08826304972171783,0.32976505160331726,0.0,0.028089238330721855,0.0,0.0,0.008525921031832695,0.2431333363056183,0.0,0.14676183462142944,0.022064795717597008,0.13387852907180786,0.11392822116613388,0.06648281216621399,0.009942286647856236,0.04605909809470177,0.0,0.035323143005371094,0.03272716701030731,0.0,0.0,0.0,0.0,0.0,0.037554167211055756,0.07536044716835022,0.3084615170955658,0.0,0.179529070854187,0.011165432631969452,0.13020770251750946,0.410579115152359,0.0,0.0,0.18275567889213562,0.0,0.05520377680659294,0.0,0.0,0.047062184661626816,0.0,0.005127454176545143,0.0,0.21944841742515564,0.018332278355956078,0.0008703875355422497,0.0,0.19018763303756714,0.10682249069213867,0.18371890485286713,0.09265635907649994,0.016275009140372276,0.0011079779360443354,0.03815322741866112,0.02999594807624817,0.012215547263622284,0.009717436507344246,0.0,0.23036131262779236,0.003274358808994293,0.0,0.07301310449838638,0.0,0.0,0.0,0.0,0.30350252985954285,0.0,0.0,0.0028147022239863873,0.04166276007890701,0.0,0.03598805516958237,0.04286778345704079,0.006839023437350988,0.051818303763866425,0.0,0.0,0.12477481365203857,0.020941542461514473,0.23057445883750916,0.06408359110355377,0.005845719948410988,0.22141486406326294,0.0,0.0,0.08554073423147202,0.050323791801929474,0.0,0.24589897692203522,0.5095770359039307,0.2986169159412384,0.0025203016120940447,0.0,0.0,0.0,0.07623254507780075,0.021172819659113884,0.033401988446712494,0.03302504122257233,0.31032487750053406,0.0007510203868150711,0.0,0.32742953300476074,0.2838101089000702,0.018117755651474,0.0,0.0,0.0,0.20602302253246307,0.0,0.5100954174995422,0.1267443299293518,0.019214611500501633,0.0,0.0,0.08979196101427078,0.26557567715644836,0.007218199782073498,0.0,0.0,0.5899359583854675,0.04003230482339859,0.0,0.023206250742077827,0.02519742026925087,0.00045460346154868603,0.0005786102265119553,0.4533016085624695,0.0,0.09111890196800232,0.09303289651870728,0.0,0.0,0.0,0.0,0.10759711265563965,0.07795673608779907,0.38660186529159546,0.0,0.0013191215693950653,0.0,0.7401883006095886,0.028763432055711746,0.07013678550720215,0.1300477683544159,0.3748433291912079,0.0,0.3953869342803955,0.09606028348207474,0.3488903045654297,0.08066192269325256,0.5536844730377197,0.0,0.04789596050977707,0.013172701001167297,0.4230174124240875,0.06578941643238068,0.2460978925228119,0.48139330744743347,0.7128802537918091,0.21227696537971497,0.0,0.0,0.07974648475646973,0.28010207414627075,0.0,0.0572291761636734,0.01784268580377102,0.09804705530405045,0.0,0.5474507808685303,0.8582863807678223,0.25792196393013,0.05932798981666565,0.0,0.08260586857795715,0.1047595739364624,0.0,0.0,0.1535101681947708,0.0006230981089174747,0.0,0.2248414009809494,0.11276219040155411,0.42844656109809875,0.0,0.34839051961898804,0.043295394629240036,0.16152769327163696,0.11391565203666687,0.0,0.29848146438598633,0.0,0.16278764605522156,0.024410072714090347,0.1829475462436676,0.011007661931216717,0.19870597124099731,0.07952122390270233,0.0022801468148827553,0.08153119683265686,0.2516929507255554,0.3084946274757385,0.4465688467025757,0.07510260492563248,0.0,0.051547057926654816,0.316609263420105,0.023715205490589142,0.007042273413389921,0.5669730305671692,0.012727722525596619,0.0046456907875835896,0.004583093337714672,0.0,0.10718628764152527,0.0,0.2677761912345886,0.6411652565002441,0.42968273162841797,0.19943347573280334,0.008077939972281456,0.00496198795735836,0.0,0.0,0.15598437190055847,0.10015915334224701,0.2494579255580902,0.16571825742721558,0.0,0.011420294642448425,0.0,0.15883952379226685,0.14669400453567505,0.0,0.042561523616313934,0.04310135543346405,0.012348668649792671,0.0,0.2776307463645935,0.0,0.23099640011787415,0.0,0.002444235607981682,0.0,0.026629015803337097,0.15591338276863098,0.0,0.09118883311748505,0.06880161911249161,0.0,0.01382450945675373,0.14195141196250916,0.09003929048776627,0.0,0.0,0.4448508322238922,0.0,0.3669291138648987,0.0,0.0030976049602031708,0.002552303485572338,0.03173139691352844,0.0,0.036065466701984406,0.5594614148139954,0.24445511400699615,0.0,0.0,0.42369067668914795,0.011082529090344906,0.0,0.017456956207752228,0.0,0.8197238445281982,0.28412824869155884,0.013398261740803719,0.0,0.24212117493152618,0.08606171607971191,0.0008458374068140984,0.4910988509654999,0.0,0.0,0.0,0.0,0.030074642971158028,0.1545007824897766,0.19862255454063416,0.08068480342626572,0.015099363401532173,0.45350387692451477,0.006599999964237213,0.008293883875012398,0.0,0.0,0.5311864018440247,0.007146088406443596,0.0025496482849121094,0.31364789605140686,0.2927476167678833,0.03843029588460922,0.5606378316879272,0.0,0.0,0.0,0.026552509516477585,0.0960015207529068,0.2409098893404007,0.3584083914756775,0.028328310698270798,0.5682270526885986,0.00246038637124002,0.08298774063587189,0.10349870473146439,0.0,0.11122876405715942,0.007345094811171293,0.0,0.0014344914816319942,0.0,0.0,0.0,0.08746948093175888,0.04056938365101814,0.32055628299713135,0.03773907572031021,0.5909770727157593,0.0,0.2104320377111435,0.5849699974060059,0.0,0.06064356863498688,0.29695165157318115,0.014230365864932537,0.06247919052839279,0.0,0.0,0.0,0.0,0.007297087460756302,0.016606146469712257,0.45909082889556885,0.02237936481833458,0.0,0.0,0.5824038982391357,0.35646697878837585,0.12825074791908264,0.24951405823230743,0.19746962189674377,0.001217173645272851,0.17299427092075348,0.030728474259376526,0.012237057089805603,0.0,0.0013352243695408106,0.7232415676116943,0.0,0.0715969055891037,0.01616670936346054,0.0,0.0,0.0,0.0,0.11887233704328537,0.0,0.0,0.0,0.5645338296890259,0.022765733301639557,0.033136285841464996,0.02709381841123104,0.04297485202550888,0.2546594738960266,0.0,0.0,0.4453188180923462,0.28820547461509705,0.014160608872771263,0.3588409423828125,0.017647523432970047,0.33846884965896606,0.007204060908406973,0.0032439245842397213,0.060754239559173584,0.009261395782232285,0.015253396704792976,1.1466832160949707,0.8355888724327087,0.3865385353565216,0.14580318331718445,0.0,0.0042958674021065235,0.0,0.03481572866439819,0.1915191113948822,0.0,0.07583049684762955,0.49133720993995667,0.0,0.0,0.5274583101272583,0.3189427852630615,0.08098697662353516,0.0,0.061493705958127975,0.0,0.1802738457918167,0.15004503726959229,0.515999972820282,0.021750371903181076,0.01372850127518177,0.10491510480642319,-1.344398856163025
73,0.0,0.14580698311328888,0.49901142716407776,0.0025319962296634912,0.0,0.0,0.6165251135826111,0.023064477369189262,0.0,0.0,0.06971359252929688,0.0,0.0,0.2560161054134369,0.0,0.19062575697898865,0.02071727253496647,0.0,0.0,0.0,0.0,0.13131533563137054,0.024541132152080536,0.6915145516395569,0.0,0.0,0.0,0.8383224606513977,0.07546878606081009,0.050354618579149246,0.2950911819934845,0.31335610151290894,0.0,0.40168699622154236,0.18109342455863953,0.38994666934013367,0.16907644271850586,0.7970860004425049,0.0,0.0014210757799446583,0.0,0.4300292432308197,0.0496140718460083,0.23809538781642914,0.5526755452156067,0.9194612503051758,0.09471753984689713,0.0,0.0,0.19541268050670624,0.3753562569618225,0.0,0.0,0.008799625560641289,0.21441571414470673,0.0,0.705437183380127,0.6566708087921143,0.1545850783586502,0.05330171808600426,0.0,0.031216956675052643,0.005395323503762484,0.0,0.0,0.11193660646677017,0.007867962121963501,0.0,0.1341460943222046,0.009054800495505333,0.6139037609100342,0.0,0.3648563325405121,0.0,0.11197283864021301,0.11362392455339432,0.0,0.5950393080711365,0.0,0.1136055514216423,0.018796073272824287,0.28434595465660095,0.002320026746019721,0.15566471219062805,0.0,0.0,0.15287916362285614,0.1682804375886917,0.4216732680797577,0.5398867726325989,0.10819404572248459,0.0,0.0,0.49480000138282776,0.0,0.0,0.4295858144760132,0.1101142019033432,0.0,0.007106830831617117,0.0,0.041176941245794296,0.0,0.523565411567688,0.7770289778709412,0.45221033692359924,0.25072622299194336,0.00425294041633606,0.0,0.0,0.0,0.23023076355457306,0.23016251623630524,0.2444600760936737,0.17344403266906738,0.0,0.0,0.0,0.23436005413532257,0.17837098240852356,0.0,0.055087246000766754,0.1792672872543335,0.01806602254509926,0.0,0.44949594140052795,0.0021692970767617226,0.251851886510849,0.0,0.0,0.0,0.008321575820446014,0.1466808319091797,0.0,0.08851303160190582,0.033986084163188934,0.0,0.0,0.037221238017082214,0.033826835453510284,0.0,0.01818820834159851,0.5972957611083984,0.0,0.5825796127319336,0.0,0.0,0.039336323738098145,0.0,0.0,0.0770333781838417,0.7553068995475769,0.2995852530002594,0.0,0.0,0.5816555023193359,0.004490009043365717,0.0,2.5456563889747486e-05,0.0,1.1863898038864136,0.3187517821788788,0.0,0.0,0.17561393976211548,0.04143685847520828,0.0,0.6736462712287903,0.0,0.0,0.0,0.0,0.053877200931310654,0.1280384510755539,0.0714355856180191,0.2393416315317154,0.022735506296157837,0.7789468765258789,0.0,0.0232236348092556,0.0,0.0,0.9064512252807617,0.006670026574283838,0.0,0.2480948567390442,0.21862371265888214,0.14484235644340515,0.6863566040992737,0.0,0.0,0.0,0.0,0.11936444789171219,0.1768777072429657,0.6465228199958801,0.019819585606455803,0.8549498319625854,0.0,0.07303962856531143,0.20340029895305634,0.0,0.014215032570064068,0.0,0.0,0.0,0.0,0.0,0.0,0.0027101635932922363,0.00014260431635193527,0.18936091661453247,0.08597730100154877,0.7086277008056641,0.0,0.25761011242866516,0.5193008780479431,0.0,0.07981596887111664,0.5699911713600159,0.011427074670791626,0.0072761401534080505,0.0,0.0,0.0,0.05793948844075203,0.023192021995782852,0.0,0.3738971948623657,0.008960005827248096,0.0,0.0,0.8568225502967834,0.4411666691303253,0.032102812081575394,0.20033086836338043,0.12933868169784546,0.00021978218865115196,0.2841806411743164,0.07842656970024109,0.002091595670208335,0.0,0.0,1.1752516031265259,0.0,0.039286598563194275,0.019569972530007362,0.0,0.0,0.0,0.0,0.008554468862712383,0.0,0.02693403698503971,0.0,0.8790748119354248,0.06585793942213058,0.07828748226165771,0.007446978706866503,0.08901925384998322,0.530750572681427,0.0,0.0,0.645555317401886,0.34800291061401367,0.0,0.5859456658363342,0.0,0.38418906927108765,0.045114580541849136,0.0,0.10873053222894669,0.0,0.028012918308377266,1.4983670711517334,0.8328608274459839,0.479095995426178,0.12274959683418274,0.0,0.0022740827407687902,0.0,0.0031924801878631115,0.4800146520137787,0.0,0.0031826640479266644,0.46405166387557983,0.0,0.0,0.6381208300590515,0.273648738861084,0.021513326093554497,0.010216942988336086,0.0,0.0,0.38818955421447754,0.12531189620494843,0.6468139886856079,0.0,0.007982944138348103,0.25170832872390747,0.0,0.03808306157588959,0.028109757229685783,0.0,0.0,0.0,0.18709449470043182,0.19852685928344727,0.0,0.03458299860358238,0.31601086258888245,0.14217905700206757,0.0,0.2839653193950653,0.3661317527294159,0.05273488909006119,0.0,0.30492955446243286,0.05248473212122917,0.0,0.0,0.29066941142082214,0.0,0.7075783610343933,0.04714532941579819,0.0,0.0,0.47788968682289124,0.0089546674862504,0.048175133764743805,0.0013332441449165344,0.1488374024629593,0.0029499472584575415,0.30678167939186096,0.0,0.0020774591248482466,0.026931194588541985,0.11522897332906723,0.24516136944293976,0.3978058397769928,0.011115162633359432,0.004122751299291849,0.2386426031589508,0.0018956505227833986,0.3188716173171997,0.0,0.14019986987113953,0.03098183311522007,0.0,0.12120186537504196,0.004794736858457327,0.0,0.4768010675907135,0.0,0.0,0.412319153547287,0.0,0.5401057004928589,0.055036336183547974,0.0,0.0,0.24887175858020782,0.024745432659983635,0.2413603812456131,0.0,0.0,0.0,0.7328022122383118,0.023274371400475502,0.007992248050868511,0.0,0.0,0.0918307825922966,0.4934772551059723,0.0,0.1326923817396164,0.2058718204498291,0.16761234402656555,0.0,0.11536935716867447,0.07140150666236877,0.0,0.0,0.23506303131580353,0.7126396894454956,0.024243189021945,0.0,0.09860844165086746,0.6504210829734802,0.2348146289587021,0.045204270631074905,0.4765815734863281,0.02778920903801918,0.03283197805285454,0.0006661549559794366,0.017395976930856705,0.22883081436157227,0.0,0.0,0.18587596714496613,0.2077629566192627,0.28263217210769653,0.0,0.6962273716926575,0.25209274888038635,0.0005387944984249771,0.01229921169579029,0.16018836200237274,0.0,0.0,0.4402637481689453,0.023964568972587585,0.014835494570434093,0.2288602590560913,0.00021576658764388412,0.0,0.036857616156339645,0.36723047494888306,0.0,0.021908005699515343,0.4239423871040344,0.026091773062944412,0.0,0.016779186204075813,0.2553010582923889,0.4062531590461731,0.0,0.0,0.4157927930355072,0.0,0.0,0.197463721036911,0.0,0.01350319106131792,0.0,0.0,0.015595239587128162,0.0,0.044274721294641495,0.0,0.0,0.00962813850492239,0.0,0.0,0.138052836060524,0.04460078850388527,0.0,0.008022555150091648,0.11492651700973511,0.0,0.0,0.0775269940495491,0.02631484344601631,0.0,0.0,0.07465993613004684,0.015253523364663124,0.0,0.0,0.0,0.29373684525489807,0.0,0.036212075501680374,0.0,0.0032541656401008368,0.09605933725833893,0.0,0.0,0.21947155892848969,0.0,0.00018790514150168747,0.016469351947307587,0.011169638484716415,0.0,0.00933572556823492,0.503085732460022,0.0,0.005641463678330183,0.1646849364042282,0.026057545095682144,0.004324119072407484,0.007903127931058407,0.13361093401908875,0.004212221596390009,0.026786107569932938,0.005700035952031612,0.05461648106575012,0.0,0.0,0.0,0.0,0.5211782455444336,0.16167621314525604,0.0,0.14324438571929932,0.3109000027179718,0.024531327188014984,0.31857967376708984,0.5024561285972595,0.0,0.11003141850233078,0.0,0.0,0.009622626006603241,0.0,0.0,0.0,0.4406033456325531,0.2682037353515625,0.0,0.14556638896465302,0.13709472119808197,0.0,0.00746565917506814,0.40608343482017517,0.06045098230242729,0.07970347255468369,0.0,0.0,0.5058687925338745,0.0,0.01854676753282547,0.10396770387887955,0.0,0.04450566694140434,0.005125170107930899,0.08650711923837662,0.38639554381370544,0.021686043590307236,0.4958049952983856,0.007456738501787186,0.011334389448165894,0.36218294501304626,0.01229157205671072,0.2761365473270416,0.04671480879187584,0.0,0.0,0.0156775563955307,0.02119634486734867,0.0,0.005494222044944763,0.0026017487980425358,0.3150496780872345,0.2023431807756424,0.18662479519844055,0.04873111471533775,0.0,0.0,0.0,0.0,0.4547695219516754,0.0,0.0,0.002473641885444522,0.020164167508482933,0.0,0.03186710551381111,0.0,0.0035463664680719376,0.02423185668885708,0.17439596354961395,0.04868466407060623,0.03742406889796257,0.0,0.968599259853363,0.0128690330311656,0.1982201337814331,0.08625166118144989,0.0,0.0,0.06260501593351364,0.28119736909866333,0.0,0.1029016375541687,0.06600619852542877,0.1295957863330841,0.0,0.23936787247657776,0.0,0.25978273153305054,0.015528731048107147,0.00873527955263853,0.44633179903030396,0.001961872912943363,0.20786559581756592,0.0,0.0,0.5748993754386902,0.22975924611091614,0.022627711296081543,0.0,0.0,0.2753615975379944,0.47140389680862427,0.0,0.32213497161865234,0.36742502450942993,0.2468881607055664,0.0014882341492921114,0.014554421417415142,0.09722071886062622,0.20248933136463165,0.0,3.3837226510513574e-05,0.0,0.362911194562912,0.13720908761024475,0.0,0.0004210000915918499,0.13204553723335266,0.0828116312623024,0.0007927086553536355,0.3233362138271332,0.11275161802768707,0.10741256922483444,0.027261605486273766,0.05038056895136833,0.006280789617449045,0.0,0.0,0.21665559709072113,0.0030159347224980593,0.6742984652519226,0.0,0.0,0.0,0.7313792109489441,0.035839684307575226,0.03201233223080635,0.1535944789648056,0.29284095764160156,0.0,0.32666078209877014,0.06480756402015686,0.1343861222267151,0.06170615181326866,0.40024685859680176,0.12233038991689682,0.19141064584255219,0.02043658308684826,0.22372497618198395,0.1233232170343399,0.0878744050860405,0.4880305528640747,0.41827717423439026,0.12202007323503494,0.0,0.0,0.12225932627916336,0.1342030167579651,0.0,0.2419760525226593,0.0,0.07378081977367401,0.1465885192155838,0.2834504544734955,0.6934901475906372,0.12731367349624634,0.05416529253125191,0.0,0.19069544970989227,0.10004612803459167,0.05212175101041794,0.0,0.018417537212371826,0.0,0.2667827904224396,0.17162415385246277,0.0918416827917099,0.2571449279785156,0.0,0.1902141571044922,0.2124815732240677,0.024744626134634018,0.16455714404582977,0.06750581413507462,0.3404116928577423,0.0,0.09103216230869293,0.023554081097245216,0.0625988021492958,0.0009546842775307596,0.20391076803207397,0.22854773700237274,0.0027711938600987196,0.07562842220067978,0.25196248292922974,0.49688318371772766,0.3823774456977844,0.06991113722324371,0.11396787315607071,0.0,0.2358880341053009,0.011275633238255978,0.0,0.44310468435287476,0.04578389599919319,0.0,0.13845185935497284,0.011494560167193413,0.26994985342025757,0.0,0.4024119973182678,0.4975145757198334,0.16586709022521973,0.11204038560390472,0.04841798543930054,0.0,0.0,0.17072279751300812,0.10599939525127411,0.07102464884519577,0.2614828050136566,0.09755412489175797,0.0,0.03994365409016609,0.09608553349971771,0.08488094061613083,0.07982713729143143,0.17350216209888458,0.06036248430609703,0.13254787027835846,0.011845709756016731,0.10026873648166656,0.33591488003730774,0.0013578691286966205,0.10476808995008469,0.11781557649374008,0.0,0.0,0.14908088743686676,0.07107578963041306,0.0,0.0006952381227165461,0.06029502674937248,0.002099089091643691,0.0,0.03676345571875572,0.003977223299443722,0.0,0.026289554312825203,0.2555271089076996,0.0,0.33083319664001465,0.0,0.0,0.008050955832004547,0.0,0.0,0.017034823074936867,0.41584745049476624,0.119254469871521,0.0,0.0,0.3303595185279846,0.014120659790933132,0.0,0.0,0.0010474510490894318,0.7156111598014832,0.10540526360273361,0.0,0.0,0.11960498243570328,0.09657693654298782,0.001128459582105279,0.26159951090812683,0.02963070012629032,0.0,0.005228631664067507,0.002622507978230715,0.008856733329594135,0.028102291747927666,0.18936215341091156,0.31939586997032166,9.48562410485465e-06,0.288207471370697,0.04526972025632858,0.0069574955850839615,0.0,0.004935980774462223,0.465582013130188,0.003318761708214879,0.0,0.18630599975585938,0.15809302031993866,0.07315117865800858,0.26988834142684937,0.0,0.0,0.17013636231422424,0.05979360640048981,0.06921541690826416,0.22324977815151215,0.4219755232334137,0.005550645291805267,0.5013135075569153,0.11048255860805511,0.0,0.10173676162958145,0.0,0.0,0.02002517692744732,0.0,0.0,0.0,0.12902136147022247,0.051983799785375595,0.00031066997325979173,0.11910919100046158,0.20853610336780548,0.05414488911628723,0.2682318389415741,0.17192474007606506,0.12093909829854965,0.31689807772636414,0.001148487557657063,0.042006731033325195,0.4742448031902313,0.008439366705715656,0.0019304119050502777,0.005589306354522705,0.0,0.0,0.0378115251660347,0.046319156885147095,0.1692739576101303,0.29512104392051697,0.1445024162530899,0.013946420513093472,0.0,0.575772762298584,0.18218755722045898,0.2296670824289322,0.10257115960121155,0.004002634901553392,0.0,0.10912316292524338,0.033453863114118576,0.0028021663893014193,0.0,0.0,0.631798505783081,0.022945478558540344,0.13150808215141296,0.008809746243059635,0.0,0.0,0.0,0.0,0.2500748932361603,0.0,0.0026815931778401136,0.0,0.3969739079475403,0.0017885155975818634,0.028993034735322,0.0060739521868526936,0.021334314718842506,0.20800910890102386,0.023153504356741905,0.0,0.28017011284828186,0.10119859874248505,0.4467858672142029,0.24979659914970398,0.024643462151288986,0.13408705592155457,0.018453648313879967,0.0,0.03643888235092163,0.13206933438777924,0.0,0.7916348576545715,0.43457457423210144,0.21891890466213226,0.006308354437351227,0.018658794462680817,0.0,0.059028878808021545,0.0011844810796901584,0.17080432176589966,0.08874598890542984,0.0066045233979821205,0.3695586919784546,0.0,0.0,0.5795608162879944,0.2603987455368042,0.013801634311676025,0.0,0.0,0.029461029917001724,0.39248567819595337,0.03832264989614487,0.3813934326171875,0.11234647780656815,0.0763615295290947,0.13918645679950714,-1.3320577144622803
74,0.06082551181316376,0.1308518648147583,0.0278447438031435,0.0,0.0,0.0,0.4306882619857788,0.09225840121507645,0.0,0.009537520818412304,0.0771225094795227,0.006499812938272953,0.0,0.2563668191432953,0.0,0.08856651186943054,0.01899569481611252,0.005777932237833738,0.0,0.0,0.0,0.05432683974504471,0.0,0.4092021882534027,0.027059273794293404,0.0,0.0,0.47542867064476013,0.0026083060074597597,0.04668053984642029,0.0939190536737442,0.28113824129104614,0.0,0.27138417959213257,0.06875140964984894,0.03562169149518013,0.005385398864746094,0.17791712284088135,0.07117041945457458,0.09201987832784653,0.029485762119293213,0.09342250972986221,0.07525946199893951,0.05234663188457489,0.20897869765758514,0.08774768561124802,0.14736419916152954,0.030157502740621567,0.0,0.06699616461992264,0.10360207408666611,0.0,0.2339373528957367,0.0029582870192825794,0.03664713352918625,0.0,0.1901702880859375,0.5895224809646606,0.1447526514530182,0.03223007917404175,0.0,0.08724629878997803,0.0749724879860878,0.0,0.0,0.0019473874708637595,0.0,0.051872823387384415,0.11539485305547714,0.09773007780313492,0.015226508490741253,0.0,0.11235757917165756,0.12036027759313583,0.025422686710953712,0.04555847495794296,0.046272944658994675,0.09239701926708221,0.0,0.062182433903217316,0.031256455928087234,0.03887183219194412,0.0,0.14302249252796173,0.1256788671016693,0.0,0.04145298898220062,0.23229879140853882,0.4087119698524475,0.3445962369441986,0.03508120775222778,0.0,0.032315392047166824,0.08955342322587967,0.0025178424548357725,0.031725797802209854,0.4543115198612213,0.0,0.002052810275927186,0.001868265331722796,0.0039892904460430145,0.3038921058177948,0.0,0.42912396788597107,0.2709784507751465,0.14546893537044525,0.030701259151101112,0.0630008652806282,0.006613817065954208,0.0,0.0,0.039203714579343796,0.04068760946393013,0.23148177564144135,0.05917742848396301,0.0,0.0351959653198719,0.054920148104429245,0.07017724215984344,0.013459201902151108,0.0,0.06282036751508713,0.0013856816804036498,7.076832844177261e-05,0.0,0.30921047925949097,0.0,0.0,0.005227559246122837,0.026872044429183006,0.0,0.19608493149280548,0.0163350198417902,0.009538648650050163,0.0028195702470839024,0.06001489982008934,0.0,0.0,0.01754022017121315,6.956539436941966e-05,0.0,0.004476848058402538,0.0136537691578269,0.0,0.1728779822587967,2.50651082751574e-05,0.02867925725877285,0.0025897969026118517,0.03313300386071205,6.947598740225658e-05,0.040674787014722824,0.1552494764328003,0.07808460295200348,0.0,0.0,0.3040332496166229,0.03575501590967178,0.0,0.027436653152108192,0.028215846046805382,0.25390222668647766,0.09967430680990219,0.01412387378513813,0.0,0.014764287509024143,0.08839516341686249,0.0,0.07135935127735138,0.0,0.0,0.0,0.0,0.0063782925717532635,0.022452494129538536,0.13348641991615295,0.21371805667877197,0.021919284015893936,0.058620236814022064,0.005385638680309057,0.014757472090423107,0.00039129095966927707,0.004145471379160881,0.21196413040161133,0.0,0.0034512660931795835,0.11813545227050781,0.19384726881980896,0.0,0.038752175867557526,0.0,0.0,0.027115903794765472,0.0829756036400795,0.003553964663296938,0.17254602909088135,0.21017660200595856,0.022508079186081886,0.23875783383846283,0.040648575872182846,0.03331770375370979,0.11624476313591003,0.0,0.024599140509963036,0.04928724095225334,0.0,0.0,0.0,0.025443432852625847,0.01134742796421051,0.07346375286579132,0.03909764066338539,0.2746853828430176,0.0160532109439373,0.1590433120727539,0.002651978749781847,0.03716990351676941,0.3014051020145416,0.0,0.011116962879896164,0.2576583921909332,0.0,0.046479325741529465,0.0,0.0007771335076540709,0.009897897019982338,0.0019283152651041746,0.12332411855459213,0.005470143165439367,0.26795023679733276,0.03536948561668396,0.0039205532521009445,0.0,0.36142659187316895,0.060759980231523514,0.05136416479945183,0.07662983238697052,0.030665216967463493,0.0,0.030888423323631287,0.06866513937711716,0.0505264475941658,0.0,0.0,0.33362284302711487,0.0,0.06179492175579071,0.05002208426594734,0.0,0.0,0.0,0.0,0.2602007985115051,0.0,0.0,0.018851077184081078,0.10929762572050095,0.0,0.04688243567943573,0.05777110531926155,0.013247519731521606,0.13041895627975464,0.0,0.0,0.09419292956590652,0.12953051924705505,0.2679122984409332,0.05230896919965744,0.010518847964704037,0.08353870362043381,0.00923728384077549,0.006383512634783983,0.05621667578816414,0.0002845065318979323,0.0,0.3794073164463043,0.31433725357055664,0.1703210175037384,0.020697694271802902,0.0,0.0,0.0,0.0005331588326953351,0.019801760092377663,0.07746429741382599,0.03451462835073471,0.3375169634819031,0.00017051737813744694,0.05469174310564995,0.2561626434326172,0.08890366554260254,0.017309509217739105,0.0,0.0,0.0,0.2828369140625,0.0,0.41652727127075195,0.09194625914096832,0.039144907146692276,0.020381590351462364,0.19096942245960236,0.06657204777002335,0.014637235552072525,0.0,0.0,0.0,0.25212806463241577,0.03590346872806549,0.01669534482061863,0.09201082587242126,0.17550627887248993,0.05560586228966713,0.0,0.30988994240760803,0.2218373864889145,0.0,0.0,0.14808447659015656,0.10742507874965668,0.0,0.01971619203686714,0.06867247074842453,0.0,0.34367820620536804,0.2164638787508011,0.0,0.0,0.4123300015926361,0.0050306436605751514,0.051289644092321396,0.0,0.31302839517593384,0.0,0.14565959572792053,0.032239269465208054,0.0007679172558709979,0.023347895592451096,0.03677438199520111,0.1457180678844452,0.2611095905303955,0.27090322971343994,0.02531818114221096,0.19820046424865723,0.0,0.1093292236328125,0.0,0.3725196123123169,0.0,0.0,0.121455617249012,0.0019010765245184302,0.0,0.7374283671379089,0.0,0.0,0.14336898922920227,0.0016067863907665014,0.7674259543418884,0.1797519028186798,0.027640899643301964,0.0,0.05040149763226509,0.2974924147129059,0.12340424209833145,0.0,0.0,0.0,0.6155166029930115,0.27918994426727295,0.25422996282577515,0.0,0.0,0.1434609591960907,0.7372457981109619,0.0,0.011934120208024979,0.21990759670734406,0.0,0.0,0.13895262777805328,0.13836990296840668,0.0,0.06236310675740242,0.19517755508422852,0.2653966546058655,0.07203363627195358,0.0,0.3199876546859741,0.5587625503540039,0.17344285547733307,0.03874891623854637,0.3496263325214386,0.0727778822183609,0.0,0.004447184968739748,0.10321836918592453,0.4113636612892151,0.0,0.0022775547113269567,0.00438864529132843,0.40473562479019165,0.3651406466960907,0.0,0.29468026757240295,0.09619895368814468,0.019928015768527985,0.01005264651030302,0.3714379370212555,0.030462712049484253,0.0,0.28306397795677185,0.08470229059457779,0.0,0.25612854957580566,0.07241783291101456,0.0,0.1541435271501541,0.24148207902908325,0.0,0.007854459807276726,0.15729127824306488,0.22154827415943146,0.016538679599761963,0.0,0.08611736446619034,0.03561508655548096,0.0,0.0,0.1302153319120407,0.0,0.0,0.043357208371162415,0.010124062187969685,0.07303908467292786,0.002827913500368595,0.1854272037744522,0.04228357970714569,0.0,0.2104029357433319,0.0052359625697135925,0.0,0.0,0.0,0.0,0.027805205434560776,0.05792625620961189,0.05554915964603424,0.0,0.16626007854938507,0.0,0.0,0.0,0.00028230829047970474,0.0,0.0,0.12635299563407898,0.06894265860319138,0.0,0.0,0.0,0.0,0.03202933073043823,0.11312462389469147,0.00226426450535655,0.04264003783464432,0.1630694568157196,0.0,0.0,0.09979967027902603,0.0,0.05066360533237457,0.03795298933982849,0.02013598196208477,0.0,0.3752627372741699,0.11681999266147614,0.0,0.0,0.22169966995716095,0.008932462893426418,0.03518933802843094,0.0,0.09111177921295166,0.017615631222724915,0.045465752482414246,0.08376587182283401,0.2702322006225586,0.0,0.0,0.0,0.0,0.31884339451789856,0.35967954993247986,0.0,0.19007739424705505,0.03453550115227699,0.12031012028455734,0.024028269574046135,0.4160534143447876,0.0,0.04355234652757645,0.0,0.00763992452993989,0.10343591123819351,0.0,0.0,0.0683162659406662,0.5607102513313293,0.2043638527393341,0.009016272611916065,0.2651447653770447,0.3810056149959564,0.0,0.0,0.21214018762111664,0.054769303649663925,0.1420644372701645,0.0,0.0,0.030252784490585327,0.01757875084877014,0.1319584995508194,0.3323647081851959,0.0,0.16875940561294556,0.0,0.22486169636249542,0.11828604340553284,0.2328578382730484,0.22495105862617493,0.12113206833600998,0.15403763949871063,0.1274459958076477,0.006419497076421976,0.1770574003458023,0.0008375893230549991,0.0,0.0,0.0,0.009176014922559261,0.0,0.0,0.007667143363505602,0.0,0.24307012557983398,0.08279936760663986,0.0745639055967331,0.0,0.0,0.0,0.0,0.6997887492179871,0.0,0.0,0.03638496622443199,0.0,0.0,0.01215039100497961,0.01215918269008398,0.0,0.0,0.056050315499305725,0.08578643947839737,0.0,0.0,0.7135717868804932,0.0,0.1129380464553833,0.030258430168032646,0.0,0.0,0.13622279465198517,0.25617414712905884,0.0,0.07253029942512512,0.11423657834529877,0.0854414775967598,0.0,0.1332719624042511,0.0,0.1579771786928177,0.050880298018455505,0.0,0.31869715452194214,0.0186690092086792,0.19831949472427368,0.0,0.0,0.2677072286605835,0.04208596050739288,0.031335022300481796,0.0,0.0,0.4959276020526886,0.18558450043201447,0.0,0.10464989393949509,0.6725872159004211,0.07083355635404587,0.0,0.15885016322135925,0.08120382577180862,0.0,0.0,0.0,0.0,0.3704785704612732,0.08882858604192734,0.006494630128145218,0.0519663542509079,0.0943056121468544,0.048672717064619064,0.0,0.3291803300380707,0.0673513114452362,0.022387918084859848,0.012715170159935951,0.008541521616280079,0.008255974389612675,0.0,0.0,0.10299376398324966,0.0,0.3538047671318054,0.07314540445804596,0.0,0.0,0.5568549036979675,0.010128883644938469,0.024280846118927002,0.05959824472665787,0.37679269909858704,0.0,0.2135828733444214,0.03153650835156441,0.03264337033033371,0.0,0.07628215104341507,0.12770794332027435,0.22598831355571747,0.16232535243034363,0.13221204280853271,0.11167280375957489,0.021853657439351082,0.2173040360212326,0.0014322815695777535,0.3283090591430664,0.0,0.010671255178749561,0.061667121946811676,0.05073479190468788,3.6838024243479595e-05,0.5403697490692139,0.0,0.0,0.038837507367134094,0.05023059621453285,0.7940919399261475,0.19896917045116425,0.08913415670394897,0.0,0.14365693926811218,0.24102096259593964,0.016904737800359726,0.0,0.003204075386747718,0.0,0.29042044281959534,0.25937074422836304,0.25135326385498047,0.0,0.0,0.08095990121364594,0.42207446694374084,0.003132486715912819,0.08459623903036118,0.11333619058132172,0.020078737288713455,0.0,0.06364531815052032,0.05323411151766777,0.0,0.020955229178071022,0.2044140249490738,0.12726038694381714,0.01372161041945219,0.012502298690378666,0.37210530042648315,0.42647436261177063,0.2469150871038437,0.02502315305173397,0.05842118710279465,0.02821451798081398,0.04206855222582817,0.016674255952239037,0.09943415224552155,0.5233705639839172,0.0,0.007105796132236719,0.0544220395386219,0.1227492019534111,0.3698999583721161,0.0,0.25522977113723755,0.22776950895786285,0.05001027509570122,0.018081270158290863,0.13804805278778076,0.030867470428347588,0.0,0.10367507487535477,0.029747843742370605,0.0008770585409365594,0.2838920056819916,0.09749522060155869,0.0,0.10209181904792786,0.10166022181510925,0.01193215511739254,0.009304726496338844,0.12149360030889511,0.13772103190422058,0.05016004666686058,0.0,0.03461826965212822,0.09643848985433578,0.0057618762366473675,0.008435848169028759,0.027308935299515724,0.0,0.001637152163311839,0.10388267785310745,0.010624253191053867,0.02413688227534294,0.007293508853763342,0.18681271374225616,0.009590765461325645,0.0,0.05962178483605385,0.042206376791000366,0.0,0.0,0.0,0.0,0.049050476402044296,0.0,0.06109214946627617,0.0,0.003068377263844013,0.0,0.0003099183668382466,0.014699149876832962,0.03145642206072807,0.0,0.00029747895314358175,0.1995227038860321,0.07009650021791458,0.0,0.004898160230368376,0.04154072701931,0.04695405438542366,0.07454545795917511,0.016381368041038513,0.001745578134432435,0.1092456504702568,0.1429394632577896,0.0,0.00028702616691589355,0.0,0.0,0.026178952306509018,0.04069039598107338,0.008296651765704155,0.002588101662695408,0.33939385414123535,0.1415998637676239,0.0,0.0015651426510885358,0.0693720132112503,0.005086982157081366,0.025899717584252357,0.01060897670686245,0.11884616315364838,0.004595614038407803,0.0046435194090008736,0.1883113533258438,0.30905798077583313,0.0,0.00230319332331419,0.0,0.0,0.14074872434139252,0.20335175096988678,0.0024639475159347057,0.20701774954795837,0.07227399945259094,0.027792369946837425,0.09065292775630951,0.11869938671588898,0.0,0.05583416670560837,0.0,0.020899076014757156,0.062473002821207047,0.0,0.00024470334756188095,0.00325284106656909,0.3469184637069702,0.04551214352250099,0.023393508046865463,0.22788605093955994,0.3701367974281311,0.0,0.007882841862738132,0.06942027807235718,0.017981698736548424,0.24361415207386017,0.0021893077064305544,0.0,0.15530934929847717,0.007460125256329775,0.09246422350406647,0.070504330098629,0.0,0.06456593424081802,0.014619913883507252,0.1668744534254074,0.046016741544008255,0.3421708345413208,0.04597147926688194,0.05036716163158417,0.10188736021518707,0.21707715094089508,0.026951849460601807,0.2137860804796219,0.038563381880521774,0.0,0.0,0.01068420521914959,0.02024919167160988,0.005996151827275753,0.0,0.004302230663597584,0.06867016851902008,0.019073622301220894,0.09638845175504684,0.007218585815280676,0.0,0.0,0.0009310771129094064,0.0,0.5316990613937378,0.0,0.0,0.01454142201691866,0.006978972349315882,0.0,0.034163396805524826,0.05791435018181801,0.0284595750272274,0.050663936883211136,0.011535459198057652,0.0,0.011011574417352676,0.005976580549031496,0.5261056423187256,0.009161753579974174,0.011495320126414299,0.011280073784291744,0.0,0.015700776129961014,0.0818639025092125,0.1580032855272293,0.0,0.2717103362083435,0.24093598127365112,0.09277144819498062,0.0,0.011150036938488483,0.0,0.03244207426905632,0.017063766717910767,0.0,0.14648649096488953,0.08656798303127289,0.3118131458759308,0.0,0.010166640393435955,0.22449277341365814,0.1642841398715973,0.0360264927148819,0.0,0.0,0.11737080663442612,0.22022922337055206,0.0,0.22500576078891754,0.36718136072158813,0.04578090086579323,0.0021934378892183304,0.9416443705558777
75,0.13936327397823334,0.1309492290019989,0.032940126955509186,0.0,0.0,0.0,0.5419316291809082,0.044997427612543106,0.0,0.014592571184039116,0.032134875655174255,0.004197488538920879,0.0,0.32512497901916504,0.0,0.11213452368974686,0.053034573793411255,0.0,0.0,0.0,0.0,0.05965689942240715,0.0004904571687802672,0.2439228892326355,0.02040197141468525,0.0,0.0,0.5132509469985962,0.005691395606845617,0.08456170558929443,0.11467558145523071,0.3044714629650116,0.0,0.27589040994644165,0.08881299197673798,0.054374177008867264,0.0076985848136246204,0.2167614847421646,0.000980227836407721,0.0712294951081276,0.053150564432144165,0.16897551715373993,0.06976804882287979,0.0922950878739357,0.17511239647865295,0.19375599920749664,0.30268171429634094,0.035089362412691116,0.0,0.050484199076890945,0.17154592275619507,0.0,0.14898502826690674,0.011591779068112373,0.04159216210246086,0.0,0.2930511236190796,0.7720446586608887,0.230872243642807,0.07228634506464005,0.0,0.07470846176147461,0.1432105153799057,0.0,0.0,0.006553442683070898,0.0,0.0,0.22973498702049255,0.15209649503231049,0.047578904777765274,0.0,0.18698573112487793,0.16158148646354675,0.07895325124263763,0.04326494410634041,0.005984650459140539,0.06569289416074753,0.0,0.1667466014623642,0.008754666894674301,0.0586390420794487,0.0,0.14728467166423798,0.004209202714264393,0.0,0.052361879497766495,0.29221445322036743,0.32684215903282166,0.4045376479625702,0.045828063040971756,0.0,0.024281492456793785,0.08179768174886703,0.0009505481575615704,0.022092092782258987,0.5990543365478516,0.0,0.006803023628890514,0.0,0.0,0.3705189526081085,0.0,0.25928235054016113,0.42242541909217834,0.2633841633796692,0.04842107370495796,0.009328993037343025,0.010234924964606762,0.0,0.0,0.0757550448179245,0.056202612817287445,0.2691839337348938,0.07780871540307999,0.0,0.03574236109852791,0.0,0.08335167169570923,0.021126212552189827,0.0,0.06268658488988876,0.0,0.007107339333742857,0.0,0.29787173867225647,0.0,0.027969038113951683,0.0,0.031887397170066833,0.0,0.15716135501861572,0.032787639647722244,0.0028404805343598127,0.04282999038696289,0.1535758227109909,0.0,0.0,0.03209878131747246,0.0052841342985630035,0.0,0.0,0.01356243621557951,0.0,0.17132370173931122,0.0,0.04769638180732727,0.0,0.0,0.0,0.05085763335227966,0.15812772512435913,0.10888223350048065,0.0,0.0,0.3315962553024292,0.029835056513547897,0.0,0.03244197368621826,0.037380628287792206,0.314084529876709,0.23315203189849854,0.01127532683312893,0.0,0.13442353904247284,0.12560470402240753,0.0,0.18775396049022675,0.0,0.0,0.0029395318124443293,0.006274789106100798,0.015685349702835083,0.030371537432074547,0.25749948620796204,0.1409214735031128,0.02762984298169613,0.15047869086265564,0.0,0.021012669429183006,0.00032067569554783404,0.0,0.22331182658672333,0.0009397715330123901,0.0,0.20021231472492218,0.33857202529907227,0.0,0.0858248695731163,0.0,0.0,0.0,0.136429563164711,0.0028156705666333437,0.2817785441875458,0.11333531141281128,0.026592008769512177,0.21257689595222473,0.0,0.04629065841436386,0.13894441723823547,0.0,0.03996657952666283,0.09383060783147812,0.0,0.0,0.0,0.0,0.0,0.08951332420110703,0.0598008818924427,0.3814164996147156,0.051579877734184265,0.269925594329834,0.0,0.06194847449660301,0.4124361574649811,0.0,0.031630609184503555,0.2662738561630249,0.0,0.0719030499458313,0.0,0.0002740018826443702,0.019981587305665016,0.0,0.057966023683547974,0.0,0.3916202187538147,0.0,0.01986951008439064,0.0,0.34570854902267456,0.08772935718297958,0.07740967720746994,0.1548805832862854,0.04965906962752342,0.0,0.03874381631612778,0.09073533117771149,0.04935232177376747,0.0,0.0,0.3514971137046814,0.0,0.019741440191864967,0.05801594257354736,0.0,0.0,0.0,0.0,0.2989087700843811,0.0,0.0,0.010606723837554455,0.16359204053878784,0.0,0.07818112522363663,0.06165275350213051,0.00839863158762455,0.15542232990264893,0.0,0.0,0.19000829756259918,0.21569298207759857,0.10871965438127518,0.11954641342163086,0.0,0.19036974012851715,0.0018626308301463723,0.014529015868902206,0.08962477743625641,0.0,0.0,0.3292722702026367,0.6195824146270752,0.22882860898971558,0.07417351007461548,0.0,0.0,0.0,0.004225010517984629,0.012830684892833233,0.010045546106994152,0.05343419313430786,0.4802052974700928,2.3543834686279297e-05,0.06928496807813644,0.23774221539497375,0.16877882182598114,0.029411837458610535,0.0,0.006448511499911547,0.0,0.22850167751312256,0.0,0.557099461555481,0.046184953302145004,0.00124164333101362,0.025760721415281296,0.04734303802251816,0.14053699374198914,0.06686712056398392,0.0,0.0,0.0,0.3773150146007538,0.08703867346048355,0.0,0.006837430410087109,0.12610624730587006,0.031102430075407028,0.0,0.2633059620857239,0.0,0.06909137964248657,0.005536296404898167,0.0,0.0,0.0,0.0,0.10371536761522293,0.0,0.46107080578804016,0.031925708055496216,0.0011268176604062319,0.0,0.5499475002288818,0.013974805362522602,0.027569115161895752,0.10523058474063873,0.2735280990600586,0.0,0.33667123317718506,0.03935416787862778,0.059441253542900085,0.005434919614344835,0.1749073714017868,0.016674524173140526,0.10154732316732407,0.03450597822666168,0.19220513105392456,0.07092946767807007,0.07805970311164856,0.23226645588874817,0.07256198674440384,0.14784397184848785,0.034064773470163345,0.0,0.10134097188711166,0.17467312514781952,0.0,0.2193375527858734,0.0,0.04567866027355194,0.027055129408836365,0.13351887464523315,0.614870011806488,0.12463681399822235,0.02601551078259945,0.0,0.1567479968070984,0.02616233564913273,0.0,0.0,0.0,0.0,0.05491650104522705,0.07411175966262817,0.025056222453713417,0.04942810535430908,0.0,0.12076102942228317,0.17873133718967438,0.0,0.1485358029603958,0.03659505397081375,0.08324280381202698,0.0,0.09064493328332901,0.04290638864040375,0.005890166386961937,0.0,0.21242789924144745,0.08482726663351059,0.004585076589137316,0.05599775165319443,0.166094109416008,0.4238869547843933,0.25266438722610474,0.039460159838199615,0.0018749128794297576,0.024998925626277924,0.12893016636371613,0.01513449102640152,0.058928996324539185,0.3741070330142975,0.0,0.0,0.047090135514736176,0.012967020273208618,0.10995950549840927,0.0,0.4359759986400604,0.3692011833190918,0.09271249175071716,0.05941716954112053,0.030388638377189636,0.007422605995088816,0.0,0.014757000841200352,0.06506732106208801,0.052835218608379364,0.22867143154144287,0.08892602473497391,0.0,0.007772636134177446,0.04092711582779884,0.07832656055688858,0.01300513930618763,0.027106698602437973,0.11654351651668549,0.043657414615154266,0.00985889881849289,0.003384679090231657,0.30834975838661194,0.0,0.006481914781033993,0.0009326515137217939,0.0,0.0,0.08152469247579575,0.010069857351481915,0.0030089018400758505,0.027274219319224358,0.07850787788629532,0.0,0.0,0.03409323841333389,0.0243197251111269,0.0,0.009267086163163185,0.01032024435698986,0.0,0.17370107769966125,0.0,0.018053757026791573,0.010276982560753822,0.05135377123951912,0.0,0.0664733424782753,0.08494577556848526,0.06763575971126556,0.0,0.0,0.27821001410484314,0.08850797265768051,0.0,0.00982236210256815,0.0378476083278656,0.21284827589988708,0.1276027262210846,0.014001627452671528,0.0,0.10902626067399979,0.06424994021654129,0.005476607941091061,0.11409936845302582,0.0,0.0,0.010881194844841957,0.001247977721504867,0.009159876964986324,0.04399195313453674,0.09230341017246246,0.18930228054523468,0.0,0.08494298905134201,0.022023219615221024,0.012055936269462109,0.0,0.006054259371012449,0.2933667302131653,0.0,0.0,0.14909997582435608,0.1322445422410965,0.0,0.05354779213666916,0.0,0.0,0.021363316103816032,0.06539938598871231,0.0011537624523043633,0.11682767421007156,0.1502152681350708,0.023070061579346657,0.24135780334472656,0.040453072637319565,0.0019733039662241936,0.1382036656141281,0.0,0.03128939867019653,0.029915055260062218,0.0,0.0,0.0,0.06910321116447449,0.0022983234375715256,0.018085794523358345,0.04054157808423042,0.2273787260055542,0.016954731196165085,0.14691027998924255,0.04890106990933418,0.0574750155210495,0.334446519613266,0.0,0.05369727313518524,0.32711300253868103,0.0,0.03989841789007187,0.006080301944166422,0.006294466555118561,0.012736164964735508,0.009901043027639389,0.13115203380584717,0.0022059022448956966,0.2139045149087906,0.008740459568798542,0.0012805002043023705,0.02142937481403351,0.3798803985118866,0.11443927139043808,0.19401824474334717,0.1474367082118988,0.0,0.0,0.042946577072143555,0.061169907450675964,0.019950248301029205,0.0,0.0,0.3815520703792572,0.0,0.03233662247657776,0.02590358629822731,0.0,0.0,0.0,0.0,0.21210387349128723,0.0,0.0,0.0002487360907252878,0.1518525779247284,0.0,0.07238707691431046,0.02334645204246044,0.04039961099624634,0.19570136070251465,0.0,0.0,0.11363842338323593,0.13719385862350464,0.2347230315208435,0.07245313376188278,0.0017183389281854033,0.08726336061954498,0.005661658011376858,0.02445615455508232,0.06490497291088104,0.06064123660326004,0.0,0.5199272632598877,0.30023446679115295,0.2032063752412796,0.009930961765348911,0.0,0.006418130826205015,0.0,0.017301933839917183,0.026750802993774414,0.07729224115610123,0.023375609889626503,0.3493107855319977,0.0,0.04896840453147888,0.3014233410358429,0.22445352375507355,0.034241922199726105,0.0,0.0,0.0,0.327629953622818,0.0,0.443866103887558,0.08081825822591782,0.0539696030318737,0.018516847863793373,0.13380330801010132,0.11313416808843613,0.026463693007826805,0.0,0.0,0.0,0.5114789605140686,0.08961515128612518,0.0,0.03557853773236275,0.03125763684511185,0.02112186886370182,0.0016856190050020814,0.33252593874931335,0.0,0.05584074929356575,0.07463721930980682,0.0,0.0,0.0,0.0,0.08154889941215515,0.00172326504252851,0.25603848695755005,0.021795032545924187,0.0,0.0,0.5473150014877319,0.0064116306602954865,0.04243835061788559,0.09183754026889801,0.3740752041339874,0.0,0.2881225347518921,0.08943797647953033,0.08941175788640976,0.0,0.13410887122154236,0.01406786311417818,0.10828849673271179,0.06857563555240631,0.23023033142089844,0.07114491611719131,0.12499377876520157,0.21066643297672272,0.1689206063747406,0.25558438897132874,0.024000247940421104,0.0,0.04820508137345314,0.14467719197273254,0.0,0.25063949823379517,0.01384923979640007,0.02760247513651848,0.0044901068322360516,0.2855791747570038,0.7900528907775879,0.24394068121910095,0.10253843665122986,0.0,0.13361278176307678,0.18645799160003662,0.0,0.0014068222371861339,0.043864890933036804,0.0,0.027316736057400703,0.255744993686676,0.19271233677864075,0.03152547404170036,0.0,0.08897831290960312,0.14846107363700867,0.05861998349428177,0.12235376238822937,0.018861500546336174,0.06174604222178459,0.0021289519499987364,0.11216913163661957,0.022131435573101044,0.013437983579933643,0.0,0.19108393788337708,0.02281472459435463,0.002794909290969372,0.06152111291885376,0.37269794940948486,0.33626314997673035,0.31387168169021606,0.02053588256239891,0.00326444860547781,0.02693779766559601,0.0840512216091156,0.02656688541173935,0.05527074262499809,0.6146802306175232,0.0,0.026401907205581665,0.032820284366607666,0.0023907499853521585,0.37103989720344543,0.0,0.22102133929729462,0.37224873900413513,0.21214216947555542,0.06495244801044464,0.017292533069849014,0.017849471420049667,0.0,0.006840724963694811,0.051009632647037506,0.02852463722229004,0.2777111828327179,0.08453641086816788,0.0,0.04127579554915428,0.012989376671612263,0.06652172654867172,0.013537080958485603,0.005146029405295849,0.07599176466464996,0.02209649793803692,0.004568055272102356,0.0013301968574523926,0.19341176748275757,0.0,0.024567825719714165,0.0019082213984802365,0.027391605079174042,0.0,0.16911301016807556,0.020612569525837898,0.0,0.043485745787620544,0.16129668056964874,0.0,0.0,0.05755580589175224,0.02598143182694912,0.0,0.003826830768957734,0.00551146874204278,0.0,0.12321948260068893,0.0,0.056301429867744446,0.001451097778044641,0.0032824818044900894,0.0,0.047630831599235535,0.09033364802598953,0.07640533894300461,0.002945860382169485,0.0,0.283546507358551,0.054315194487571716,0.0,0.03325885534286499,0.03918186575174332,0.21859557926654816,0.2411727011203766,0.008733206428587437,0.0,0.1520376205444336,0.14329737424850464,0.0,0.12359326332807541,0.0,0.0,0.012049918994307518,0.008199413307011127,0.007887708023190498,0.042227134108543396,0.26715677976608276,0.11921814829111099,0.007866148836910725,0.10056743025779724,0.011695178225636482,0.012258905917406082,0.0,0.0005071093910373747,0.19737181067466736,0.001975137507542968,0.0,0.25576961040496826,0.34234553575515747,0.0,0.08351542800664902,0.0,0.0027690636925399303,0.005073596257716417,0.14204590022563934,0.008701545186340809,0.2509422302246094,0.08123940974473953,0.019518157467246056,0.133413627743721,0.0055175828747451305,0.033834196627140045,0.08157305419445038,0.0,0.0903894379734993,0.06509838998317719,0.0023089773021638393,0.005810187663882971,0.0,0.0004687011241912842,0.0,0.07877060770988464,0.08810090273618698,0.3965354263782501,0.019893934950232506,0.19042344391345978,0.014122648164629936,0.024235330522060394,0.36893993616104126,0.010322412475943565,0.04763942211866379,0.2174123227596283,0.0,0.07239146530628204,0.0,0.0011336314491927624,0.016668105497956276,0.008899079635739326,0.07017984986305237,0.0,0.42419424653053284,0.0032958020456135273,0.016737816855311394,0.027810262516140938,0.3034888505935669,0.09763521701097488,0.14227193593978882,0.1545763909816742,0.0491739846765995,0.0,0.04156824201345444,0.08400523662567139,0.05970407649874687,0.0,0.0,0.28015202283859253,0.0,0.03852100670337677,0.00946255587041378,0.0,0.0,0.0,0.0,0.3644528090953827,0.0,0.0,0.010500485077500343,0.11392129212617874,0.0,0.06640984117984772,0.09386087208986282,0.02578871138393879,0.12475614249706268,0.0,0.0,0.11156470328569412,0.2150721400976181,0.168203204870224,0.07384863495826721,0.0,0.1478274166584015,0.0016233917558565736,0.011471310630440712,0.059983059763908386,0.028127960860729218,0.0,0.411056786775589,0.510370135307312,0.1961706280708313,0.06407418102025986,0.0,0.006841194815933704,0.0,0.03539232909679413,0.019316142424941063,0.015125750564038754,0.10991859436035156,0.4252086877822876,0.003049231832846999,0.04805496707558632,0.2177945077419281,0.20660118758678436,0.035807423293590546,0.0,0.03875723108649254,0.0004733397508971393,0.21590161323547363,0.01363118551671505,0.4200069010257721,0.0879102572798729,0.014230933971703053,0.01494640577584505,-0.5655539631843567
76,0.2938356101512909,0.1227269396185875,0.21596424281597137,0.0,0.0,0.0,0.8851597905158997,0.0,0.014155596494674683,0.29749301075935364,0.0,0.0,0.0,0.5164159536361694,0.0,0.1590624749660492,0.05402419716119766,0.0,0.0,0.0,0.0,0.0,0.02507593110203743,0.013667652383446693,0.12309308350086212,0.013499096035957336,0.0,0.6662677526473999,0.06754399836063385,0.031231900677084923,0.11768078804016113,0.4254717528820038,0.0,0.03803813457489014,0.1541692465543747,0.07068108767271042,0.0,0.4906601011753082,0.024001389741897583,0.003120020730420947,0.6144158244132996,0.2729329466819763,0.1081928163766861,0.0986732766032219,0.14002002775669098,0.582213819026947,0.7020936012268066,0.021339422091841698,0.0,0.10111027956008911,0.21760264039039612,0.0,0.14757880568504333,0.012181910686194897,0.12230134010314941,0.0,0.6754289865493774,1.4218438863754272,0.5517569780349731,0.12864099442958832,0.0,0.0,0.4388497471809387,0.0,0.0,0.09830973297357559,0.0,0.0,0.5003424882888794,0.2847082018852234,0.37648364901542664,0.0,0.5531821250915527,0.4171430766582489,0.34860584139823914,0.005943004973232746,0.10013393312692642,0.01866343431174755,0.0,0.16061554849147797,0.015843508765101433,0.006443396210670471,0.0,0.24304428696632385,0.0,0.01705504208803177,0.0021788552403450012,0.4974845051765442,0.23435811698436737,0.39047518372535706,0.2989770770072937,0.0,0.009717526845633984,0.11683100461959839,0.0,0.2648296356201172,0.7960958480834961,0.0,0.03135275840759277,0.0,0.002349013229832053,0.3745461404323578,0.007155656814575195,0.017414016649127007,0.5647628903388977,0.4909447729587555,0.194431871175766,0.041392844170331955,0.19712769985198975,0.0,0.0,0.097533218562603,0.2763754427433014,0.4713403284549713,0.6726646423339844,0.0,0.08940394967794418,0.01664816588163376,0.20440581440925598,0.0669822096824646,0.0,0.45186424255371094,0.20070810616016388,0.008493750356137753,0.0,0.0,0.0,0.37949487566947937,0.0,0.012012056075036526,0.0,0.0018989489180967212,0.42397117614746094,0.047498323023319244,0.14499206840991974,0.589181125164032,0.0,0.0,0.383912056684494,0.07331107556819916,0.0,0.0,0.12655089795589447,0.0,0.1404617875814438,0.0,0.4588763415813446,0.00011086017184425145,0.0,0.0,0.005170671734958887,0.42232438921928406,0.07572504132986069,0.0,0.0,0.8337776064872742,0.06230107694864273,0.0,0.017378468066453934,0.07304259389638901,0.5681642293930054,0.27872273325920105,0.19383186101913452,0.0,0.1833799183368683,0.24070215225219727,0.0,0.38362130522727966,0.0,0.0,0.010671925731003284,0.0,0.0025681511033326387,0.021292610093951225,0.9132615923881531,0.0,0.03488936647772789,0.45757928490638733,0.0,0.04474512115120888,0.0,0.0,0.17076340317726135,0.1348239928483963,0.0,0.4834468364715576,0.7130151391029358,0.013132288120687008,0.6338921189308167,0.0,0.0,0.0,0.1818908303976059,0.04078112915158272,0.31988975405693054,0.19884398579597473,0.044817663729190826,0.2733651101589203,0.0,0.34894347190856934,0.17884722352027893,0.0,0.07489974796772003,0.41684308648109436,0.0,0.014821243472397327,0.0,0.0,0.0,0.16897475719451904,0.10141202062368393,0.636853814125061,0.031764086335897446,0.528606116771698,0.0,0.23201170563697815,0.806786835193634,0.0,0.19322644174098969,0.1522952765226364,0.0,0.45927801728248596,0.0,0.08787636458873749,0.029848609119653702,0.0017822101945057511,0.43623819947242737,0.0,0.8252312541007996,0.0,0.25155845284461975,0.03476683050394058,0.4145831763744354,0.17981845140457153,0.03060896508395672,0.3296317756175995,0.4372631013393402,0.0,0.06352093815803528,0.030109314247965813,0.21644531190395355,0.0,0.0021792296320199966,0.2672531008720398,0.0,0.01586179807782173,0.01430684793740511,0.0,0.0,0.0,0.0,0.29194536805152893,0.0,0.0,0.01564343273639679,0.7194657921791077,0.014765891246497631,0.11697208136320114,0.04678322374820709,0.13261258602142334,0.13425710797309875,0.0,0.0008579731220379472,0.3556729853153229,0.534029483795166,0.0,0.27212604880332947,0.0,0.3537173271179199,0.0,0.05130459740757942,0.33310362696647644,0.0,0.0,0.7029582858085632,1.0354692935943604,0.36634016036987305,0.38936927914619446,0.0,0.0,0.0,0.0898631289601326,0.07136956602334976,0.02328616939485073,0.3065605163574219,0.668428897857666,0.0,0.0855339989066124,0.05334167554974556,0.18058405816555023,0.08044854551553726,0.0,0.061173804104328156,0.0,0.007732123136520386,0.12285417318344116,0.5892371535301208,0.06804404407739639,0.050128210335969925,0.0847257524728775,0.01359045971184969,0.06842907518148422,0.012967283837497234,0.0,0.0,0.0,0.27339187264442444,0.13347871601581573,0.0,0.04216497391462326,0.2059255838394165,0.07142982631921768,0.0,0.33623993396759033,0.045446086674928665,0.01442609541118145,0.0028870534151792526,0.06494036316871643,0.023400966078042984,0.0,0.0007160819950513542,0.12235639989376068,0.0,0.3818981945514679,0.08162401616573334,0.0,0.0,0.3998706042766571,0.0029305501375347376,0.042115360498428345,0.003075650194659829,0.26704317331314087,0.0,0.2883268892765045,0.0002589946088846773,0.008165821433067322,0.06492599099874496,0.03526395559310913,0.029881412163376808,0.22347784042358398,0.03393346443772316,0.06279740482568741,0.18208734691143036,0.010179105214774609,0.24151937663555145,0.0,0.24904532730579376,0.0,0.0,0.028346916660666466,0.029407700523734093,0.0,0.5092979669570923,0.0,0.0,0.15015088021755219,0.0002261863846797496,0.575769305229187,0.05552315711975098,0.005887157749384642,0.0,0.23285433650016785,0.09257085621356964,0.04567568749189377,0.0,0.0,0.0,0.41690266132354736,0.11741648614406586,0.10853424668312073,0.0,0.0,0.10275048762559891,0.48404446244239807,0.0,0.11883912980556488,0.07380825281143188,0.006214309483766556,0.0,0.1819303035736084,0.07198487222194672,0.0,0.0,0.27160152792930603,0.16704079508781433,0.040256600826978683,0.0,0.16247114539146423,0.5311940312385559,0.17626839876174927,0.02109970711171627,0.23755131661891937,0.05475069582462311,0.0,0.008783196099102497,0.015023920685052872,0.30743035674095154,0.0,0.0,0.04731198400259018,0.13922865688800812,0.2096046656370163,0.0,0.2855217456817627,0.22231009602546692,0.0011938376119360328,0.009548623114824295,0.13182908296585083,0.0,0.0,0.1789725124835968,0.07690439373254776,0.0,0.16038250923156738,0.00031190449954010546,0.0,0.04568907618522644,0.0739215761423111,0.0,0.011702573858201504,0.14719165861606598,0.04617661237716675,0.006241334602236748,0.008690955117344856,0.08801243454217911,0.25527065992355347,0.0,0.0,0.08684554696083069,0.0,0.0,0.13178184628486633,0.0,0.04007420316338539,0.000641721417196095,0.02492900937795639,0.0,0.0,0.14865925908088684,0.0030413679778575897,0.0,0.0,0.0,0.0,0.019925247877836227,0.015870505943894386,0.002986953593790531,0.009519594721496105,0.23764832317829132,0.005111345089972019,0.0,0.0014322857605293393,0.008897701278328896,0.0,0.0,0.01089381892234087,0.03507944568991661,0.012861368246376514,0.0,0.0,0.0017559909028932452,0.007886558771133423,0.06268095970153809,0.0,0.08598712831735611,0.12352471798658371,0.0,0.0,0.061136987060308456,0.0,0.007282293401658535,0.020492829382419586,0.007796814199537039,0.0,0.08072422444820404,0.09445689618587494,0.0,0.0,0.18299929797649384,0.027347246184945107,0.02876567281782627,0.0,0.09175162762403488,0.0,0.026110593229532242,0.048503629863262177,0.16464252769947052,0.0,0.0,0.0,0.0,0.20111574232578278,0.25530195236206055,0.0,0.14515960216522217,0.016259904950857162,0.07362816482782364,0.055704694241285324,0.26955389976501465,0.0,0.04042985662817955,0.0,0.006281314883381128,0.04510199651122093,0.0,0.0,0.029178142547607422,0.1237763985991478,0.09986547380685806,0.0002521371643524617,0.12091970443725586,0.32551586627960205,0.0,0.0,0.22372913360595703,0.05508660152554512,0.1676347255706787,0.0,0.0,0.16392312943935394,0.0,0.02314501814544201,0.07144699990749359,0.0,0.11428382992744446,0.0,0.01438187900930643,0.04751647263765335,0.10912704467773438,0.2670091390609741,0.009262476116418839,0.0037018044386059046,0.139445960521698,0.011627181433141232,0.2773013114929199,0.023589083924889565,0.0,0.0,0.002551002660766244,0.018405983224511147,0.0,0.0,0.0,0.08504431694746017,0.11358300596475601,0.016217699274420738,0.09076856821775436,0.0,0.0,0.0,0.0,0.48401907086372375,0.0,0.0,0.0023380310740321875,0.0,0.0,0.008695918135344982,0.007594543043524027,0.0,0.022749854251742363,0.027145804837346077,0.03500255197286606,0.016240466386079788,0.0,0.5716292858123779,0.002176095964387059,0.08420208841562271,0.07017448544502258,0.0,0.0,0.05654827132821083,0.19191080331802368,0.0,0.1275525689125061,0.11963040381669998,0.11768019199371338,0.0,0.019038954749703407,0.0,0.062384121119976044,0.014463196508586407,0.0008846620912663639,0.18584492802619934,0.002169413259252906,0.17702285945415497,0.0,0.0,0.39399969577789307,0.21218609809875488,0.014484514482319355,0.0,0.0,0.23619689047336578,0.307256281375885,0.0,0.27758392691612244,0.3707291781902313,0.04442350193858147,0.0,0.16135379672050476,0.09449099749326706,0.14614441990852356,0.0,0.007957013323903084,0.0,0.6547518372535706,0.06851116567850113,0.0,0.2120707631111145,0.00039525600732304156,0.020670169964432716,0.0,0.5147293210029602,0.0,0.09777968376874924,0.06506253778934479,0.0,0.0,0.0028372788801789284,0.0,0.07202135771512985,0.00875227339565754,0.0841100662946701,0.10733098536729813,0.0014018325600773096,0.0,0.6236862540245056,0.0508723258972168,0.005912358406931162,0.051929157227277756,0.42883312702178955,0.0,0.1389419585466385,0.06908545643091202,0.07305014133453369,0.0,0.28923681378364563,0.03209340572357178,0.12169917672872543,0.39538416266441345,0.3279051184654236,0.09821758419275284,0.1268937587738037,0.2658625543117523,0.29510706663131714,0.6219892501831055,0.006657473277300596,0.0,0.04702117294073105,0.1364576816558838,0.0,0.3383072316646576,0.0010699917329475284,0.05961795523762703,2.529058292566333e-05,0.3704400062561035,1.1900126934051514,0.35836470127105713,0.1659443974494934,0.0,0.14759251475334167,0.3837624490261078,0.0,0.0,0.03868483379483223,0.0,0.034156396985054016,0.41669490933418274,0.2614307999610901,0.1740640550851822,0.0,0.35589659214019775,0.46223899722099304,0.15401659905910492,0.12224534153938293,0.06537740677595139,0.009843192994594574,0.0,0.15264399349689484,0.019058359786868095,0.0,0.00019349230569787323,0.30354589223861694,0.0,0.018329931423068047,0.0010448405519127846,0.4769212007522583,0.2718729078769684,0.2713879942893982,0.17306917905807495,0.0,0.008364735171198845,0.0742497518658638,0.01613529957830906,0.17253756523132324,0.693993330001831,0.0,0.021707303822040558,0.07661353051662445,0.01519724726676941,0.29247453808784485,0.0,0.011325595900416374,0.46669334173202515,0.24058324098587036,0.12954814732074738,0.03351449966430664,0.11768090724945068,0.0,0.013996034860610962,0.05602624639868736,0.10024558007717133,0.3715957701206207,0.37860026955604553,0.0,0.07275431603193283,0.009493295103311539,0.0839790552854538,0.05138107016682625,0.035865914076566696,0.29458099603652954,0.16540992259979248,0.005678355693817139,0.001075954525731504,0.062260229140520096,0.0006413708324544132,0.20159895718097687,0.0,0.0004028172988910228,0.0,0.08750633895397186,0.19474394619464874,0.045861054211854935,0.07632819563150406,0.38358816504478455,0.0,0.0,0.3329782783985138,0.09973740577697754,0.0,0.0,0.03685658052563667,0.0,0.05665484443306923,0.0,0.27577847242355347,0.0,0.0,0.0,0.0,0.1955169141292572,0.026985155418515205,0.0,0.0,0.4698983430862427,0.051774028688669205,0.0,0.01856771856546402,0.06188266724348068,0.30491769313812256,0.1678721308708191,0.09252878278493881,0.00312410038895905,0.2667379379272461,0.24364392459392548,0.0,0.17958763241767883,0.0,0.0,0.007006487809121609,0.00929959025233984,0.0023478923831135035,0.006130877882242203,0.6492767333984375,0.0,0.011307951994240284,0.23071983456611633,0.018002450466156006,0.01879105344414711,0.0,0.002002677181735635,0.12485507130622864,0.04716021567583084,0.0,0.42479410767555237,0.5320664048194885,0.014705114997923374,0.3018959164619446,0.0,0.0,0.022407909855246544,0.2108975052833557,0.02390955202281475,0.3010265529155731,0.12161431461572647,0.027443736791610718,0.16514852643013,0.0,0.10907898098230362,0.10597942769527435,0.0,0.09398863464593887,0.2500819265842438,0.0,0.004570656921714544,0.0,0.0,0.0,0.02632228285074234,0.19828401505947113,0.5479835867881775,0.02676689624786377,0.2532491683959961,0.03003937005996704,0.15200930833816528,0.5717344284057617,0.0073908003978431225,0.10014794021844864,0.16044187545776367,0.004745463840663433,0.27536308765411377,0.0,0.059225309640169144,0.029622631147503853,0.010794193483889103,0.2908543646335602,0.0,0.6170497536659241,0.0,0.13562531769275665,0.043060772120952606,0.27395927906036377,0.10583304613828659,0.25048574805259705,0.21263347566127777,0.11511894315481186,0.0,0.023021971806883812,0.026950567960739136,0.071199432015419,0.0,0.004593432880938053,0.1569884866476059,0.0,0.009196281433105469,0.0027106653433293104,0.0,0.0,0.005001684185117483,0.0,0.4297606647014618,0.0,0.0,0.008091145195066929,0.3442309498786926,0.00198763539083302,0.07223627716302872,0.06972701102495193,0.04851861670613289,0.09741666167974472,0.0,0.003763406304642558,0.210403174161911,0.20803505182266235,0.22456485033035278,0.1299222707748413,0.0,0.25026121735572815,0.0,0.024918606504797935,0.25602957606315613,0.05186660587787628,0.0,0.5195355415344238,0.7008436322212219,0.25002339482307434,0.13669906556606293,0.0,0.0004379028105176985,0.0,0.06117291748523712,0.03814609721302986,0.020816141739487648,0.24695651233196259,0.5161715745925903,0.0,0.04896840080618858,0.19334420561790466,0.30831673741340637,0.046625442802906036,0.0,0.04565867409110069,0.026693610474467278,0.08025781065225601,0.08320540934801102,0.4169617295265198,0.16772443056106567,0.0302579402923584,0.05785965919494629,-0.8828530311584473
77,0.014847127720713615,0.05549310892820358,0.04484972357749939,0.0,0.0,0.0,0.29979604482650757,0.15675362944602966,0.0,0.027844134718179703,0.1864253431558609,0.011458323337137699,0.0,0.28872010111808777,0.11386097222566605,0.04713281989097595,0.011698311194777489,0.1347702145576477,0.08777546882629395,0.0,0.0,0.1279701292514801,0.0,0.5604342222213745,0.047743137925863266,0.0,0.0,0.401605486869812,0.003180675208568573,0.11415580660104752,0.01733187772333622,0.21697548031806946,0.0,0.29460692405700684,0.027202334254980087,0.03034842014312744,0.07063046842813492,0.20655617117881775,0.12734243273735046,0.32949090003967285,0.005795372650027275,0.016762766987085342,0.18472182750701904,0.0377250574529171,0.2996150255203247,0.0,0.17776715755462646,0.04058545455336571,0.0,0.09721146523952484,0.0,0.0,0.30733293294906616,0.0010963998502120376,0.0,0.1928301751613617,0.04144620895385742,0.4790341258049011,0.03129182755947113,0.012386132963001728,0.0,0.18035051226615906,0.02449902892112732,0.0,0.0,0.0,0.0,0.3051126003265381,0.03770091384649277,0.059443581849336624,0.0,0.0,0.10706070810556412,0.1993013620376587,0.0,0.05002829432487488,0.10787375271320343,0.0786156877875328,0.0,0.07800614833831787,0.06961459666490555,0.043557967990636826,0.0,0.19359439611434937,0.35321614146232605,0.01978311315178871,0.001097528263926506,0.09364944696426392,0.5535780787467957,0.2878287136554718,0.03069443628191948,0.2177271544933319,0.03920089080929756,0.12630562484264374,0.004714308772236109,0.0030801412649452686,0.2428455352783203,0.0,0.0,0.015097513794898987,0.0697178840637207,0.17675864696502686,0.0,0.5372355580329895,0.19698292016983032,0.038985878229141235,0.008396434597671032,0.17671236395835876,0.0,0.0,0.11640559881925583,0.049882158637046814,0.028917985036969185,0.13745713233947754,0.0031287800520658493,0.0,0.028257951140403748,0.13464292883872986,0.012610726058483124,0.0,0.12242289632558823,0.012358486652374268,0.008635107427835464,0.003975376486778259,0.08222167193889618,0.4046458899974823,0.0,0.0,0.1363540142774582,0.0,0.0,0.11620558053255081,0.0,0.0,0.0,0.0009637321345508099,0.0,0.0,0.06425007432699203,0.0,0.0,0.025239840149879456,0.0,0.0,0.12327076494693756,0.05948583409190178,0.0,0.045010555535554886,0.1847454309463501,0.006569211371243,0.0,0.14800426363945007,0.028600649908185005,0.0,0.0,0.11197352409362793,0.01922685094177723,0.014821972697973251,0.0011029401794075966,0.0,0.22310175001621246,0.004534360021352768,0.03733030706644058,0.0,0.017161810770630836,0.07350648939609528,0.0009543001651763916,0.006583415903151035,0.02591811865568161,0.0,0.0,0.0,0.025690920650959015,0.0,0.023772891610860825,0.3049702048301697,0.0,0.004510003142058849,0.18780486285686493,0.03854566439986229,0.017509644851088524,0.0,0.17840202152729034,0.0,0.01562155969440937,0.014517026953399181,0.09511887282133102,0.0,0.0,0.0,0.0,0.1885886937379837,0.09733659774065018,0.0,0.08713335543870926,0.2543538212776184,0.06350947171449661,0.2707640528678894,0.2977134883403778,0.0,0.14907142519950867,0.0,0.0053191473707556725,0.011475820094347,0.0,0.0,0.008283615112304688,0.08155960589647293,0.12981021404266357,0.005323493387550116,0.03002859838306904,0.17080263793468475,0.0,0.05869360640645027,0.1731719672679901,0.07469864189624786,0.18358749151229858,0.0,0.0,0.28170737624168396,0.0,0.0,0.02375858649611473,0.0,0.0670635923743248,0.0,0.12784649431705475,0.12223110347986221,0.09166157245635986,0.32749953866004944,0.004227631259709597,0.0,0.32373756170272827,0.05742151290178299,0.15967079997062683,0.026286598294973373,0.0,0.0,0.014190485700964928,0.031125172972679138,0.0,0.012449480593204498,0.005756955593824387,0.323525995016098,0.0830875113606453,0.0709274560213089,0.08567024022340775,0.0,0.0,0.0,0.0,0.35637223720550537,0.0,0.0,3.8098543882369995e-05,0.012392891570925713,0.0,0.020606040954589844,0.03145328909158707,0.0,0.03960312157869339,0.032240670174360275,0.0024644332006573677,0.07274112850427628,0.013227860443294048,0.5982808470726013,0.035539887845516205,0.05246398597955704,0.11210731416940689,0.0,0.0,0.05919291079044342,0.0596957802772522,0.0,0.2487698644399643,0.0906534418463707,0.1895616352558136,0.0,0.03584323823451996,0.0,0.1338142305612564,0.0,0.002734212204813957,0.16871844232082367,0.010483735240995884,0.20648902654647827,0.0,0.005460018292069435,0.4373261332511902,0.13452719151973724,0.01343661267310381,0.0,0.0,0.08738178759813309,0.3739527463912964,0.0,0.35599350929260254,0.23308739066123962,0.12413041293621063,0.005940059199929237,0.0,0.07715131342411041,0.05232983082532883,0.0,0.0,0.0,0.310663104057312,0.15392254292964935,0.0,0.01219667587429285,0.18673762679100037,0.032605379819869995,0.0,0.337782621383667,0.0,0.01334286667406559,0.008154273964464664,0.0032038409262895584,0.021348144859075546,0.0,0.0,0.15904100239276886,0.0,0.46441662311553955,0.02930719032883644,0.003027751110494137,0.0,0.4817729890346527,0.0,0.013680960983037949,0.0,0.21863679587841034,0.0,0.3533931374549866,0.0022717833053320646,0.06205572187900543,0.11029936373233795,0.11406728625297546,0.0,0.24545162916183472,0.0,0.18827638030052185,0.12693683803081512,0.11970527470111847,0.3095019459724426,0.0,0.21057769656181335,0.0024565402418375015,0.0,0.06287043541669846,0.03188205137848854,0.0,0.247951477766037,0.0,0.0,0.12278907001018524,0.006440106313675642,0.5465894937515259,0.020954106003046036,0.0,0.0,0.3211436867713928,0.020438045263290405,0.0,0.0,0.0,0.0,0.21987640857696533,0.011007602326571941,0.013535289093852043,0.0,0.0,0.14861829578876495,0.2389986515045166,0.0,0.18078170716762543,0.059144966304302216,0.09459415078163147,0.0,0.22166655957698822,0.07209870964288712,0.0010217460803687572,0.0,0.26106858253479004,0.10125657916069031,0.033884476870298386,0.0,0.05174585431814194,0.4755078852176666,0.16851824522018433,0.01760760322213173,0.05401819571852684,0.047684796154499054,0.084811732172966,0.02635398879647255,0.0,0.2716040015220642,0.0,0.0,0.04767611622810364,0.0,0.02444402500987053,0.0,0.3277808427810669,0.2992042601108551,0.002136480063199997,0.0344037190079689,0.043878939002752304,0.0,0.0,0.06868065893650055,0.05602439492940903,0.03498957306146622,0.0974908322095871,0.0,0.0,0.011711889877915382,0.03701594099402428,0.011926300823688507,0.0,0.07171474397182465,0.019456567242741585,0.0,0.0027722585946321487,0.015057944692671299,0.3793424963951111,0.0,0.0,0.0,0.0,0.0,0.03432650864124298,0.0,0.029309134930372238,1.6522593796253204e-05,0.0,0.0,0.0,0.16029669344425201,0.016595372930169106,0.0,0.005128323100507259,0.0029658153653144836,0.0,0.046634696424007416,0.0,0.0,0.039433613419532776,0.24594806134700775,0.0,0.01906036213040352,0.005710459314286709,0.03054220788180828,0.0,0.0,0.014565307646989822,0.091872438788414,0.0,0.0069878678768873215,0.0,0.020789818838238716,0.0,0.0456404946744442,0.0,0.1563643366098404,0.07951807975769043,0.012288779951632023,0.018985800445079803,0.01504499837756157,0.0,0.0,0.0,0.027386462315917015,0.0,0.0,0.15413713455200195,0.0,0.0,0.11530216038227081,0.03289139270782471,0.0,0.0,0.15222322940826416,0.0,0.005469050258398056,0.015165169723331928,0.13095541298389435,0.0,0.0,0.0,0.0,0.06668292731046677,0.16969649493694305,0.0,0.0885346531867981,0.06863614916801453,0.07514263689517975,0.14102643728256226,0.19817766547203064,0.0,0.051476139575242996,0.0,0.017494631931185722,0.004756416194140911,0.0,0.0,0.002987462095916271,0.0,0.0,0.0,0.08167773485183716,0.19234919548034668,0.0,0.09764408320188522,0.1373240202665329,0.09468267858028412,0.27345219254493713,0.0,0.0,0.28750672936439514,0.0,0.0029862523078918457,0.0,0.0,0.038355886936187744,0.0,0.020915476605296135,0.0,0.04871159791946411,0.14840592443943024,0.0,0.0,0.20769047737121582,0.11387951672077179,0.3251568675041199,0.08889150619506836,0.0,0.0005190700758248568,0.03109733574092388,0.0,0.0,0.016940981149673462,0.0,0.28948327898979187,0.018049929291009903,0.0046009765937924385,0.046175915747880936,0.0,0.0,0.0,0.0,0.2889400124549866,0.0,0.0,0.0,0.03175976127386093,0.0,0.018369141966104507,0.00909520499408245,0.0,0.07756859809160233,0.0,0.0009705177508294582,0.045897819101810455,0.0,0.4560942053794861,0.043459415435791016,0.026999972760677338,0.13595324754714966,0.0,0.0,0.08842077106237411,0.13452334702014923,0.0,0.35038304328918457,0.2066914588212967,0.26008033752441406,0.0,0.0,0.013458575122058392,0.002414525020867586,0.0322391502559185,0.020351234823465347,0.08766894787549973,0.003427803749218583,0.17532342672348022,0.0,0.0,0.44411665201187134,0.3336230516433716,0.02015344426035881,0.0,0.0,0.012637097388505936,0.34250372648239136,0.0,0.3864288628101349,0.1599828600883484,0.06144672632217407,0.0,0.009032978676259518,0.02839340828359127,0.01786894164979458,0.0,0.0,0.0,0.38065066933631897,0.16087180376052856,0.0,0.03342558071017265,0.12464291602373123,0.058214955031871796,0.0,0.40541237592697144,0.005502637941390276,0.014143554493784904,0.05602080374956131,0.006765588652342558,0.015381931327283382,0.0,0.0,0.11566639691591263,0.004916634410619736,0.3623535931110382,0.042857300490140915,0.0018899571150541306,0.0,0.5311182141304016,0.0,0.03803040459752083,0.011810056865215302,0.3204112946987152,0.0,0.3154939115047455,0.0059680636040866375,0.086644746363163,0.03422743082046509,0.10962719470262527,0.04319719970226288,0.3365580439567566,0.03786931931972504,0.18280281126499176,0.122695691883564,0.09761001914739609,0.34138432145118713,0.0,0.3586460053920746,0.0,0.0,0.02346252277493477,0.004860188812017441,0.0,0.3970714509487152,0.0,0.0,0.0982222929596901,0.031071286648511887,0.7516767382621765,0.08200717717409134,0.06103796511888504,0.0,0.268962025642395,0.14855588972568512,0.0029331636615097523,0.0,0.0,0.0,0.23661908507347107,0.1360711008310318,0.14702251553535461,0.0,0.0,0.12661057710647583,0.3146460950374603,0.0,0.16019834578037262,0.0400845929980278,0.04876523092389107,0.0,0.17350633442401886,0.030578242614865303,0.0,0.0,0.25250348448753357,0.08103273808956146,0.02986828237771988,0.0,0.2276298850774765,0.44221392273902893,0.23453842103481293,0.027223659679293633,0.04590585455298424,0.04656394571065903,0.04413469880819321,0.04212750121951103,0.01110947597771883,0.4349697232246399,0.0,0.0,0.08626187592744827,0.025764234364032745,0.18273217976093292,0.0,0.1618756502866745,0.30424386262893677,0.011505834758281708,0.015412494540214539,0.0536128506064415,0.002082712249830365,0.0,0.09477908909320831,0.04209878295660019,0.01613997481763363,0.1482497900724411,0.003894988913089037,0.0,0.056464456021785736,0.030389025807380676,0.009836353361606598,0.0,0.12144847214221954,0.020227599889039993,0.0,0.0,0.0492275096476078,0.30565086007118225,0.0,0.0,0.014393093064427376,0.0,0.0,0.0962556004524231,0.0,0.014924412593245506,3.8071226299507543e-05,0.031907327473163605,0.0,0.0,0.1266835480928421,0.026681875810027122,0.0,0.004792861174792051,0.0,0.0,0.026331178843975067,0.008631562814116478,0.0022375783883035183,0.0051949950866401196,0.1091402918100357,0.0,0.0056918226182460785,0.023010272532701492,0.02799178473651409,0.0,0.0,0.02882344089448452,0.07355842739343643,0.0010619820095598698,0.00685428362339735,0.0,0.04248199611902237,0.011433019302785397,0.03391183912754059,0.0,0.17232562601566315,0.16344711184501648,0.004060948733240366,0.004373539239168167,0.005756836384534836,0.0,0.0,0.0,0.02486966922879219,0.0,0.09118495136499405,0.11080824583768845,0.0,0.0029437870252877474,0.15089526772499084,0.024706415832042694,0.004648534115403891,0.0,0.08459468930959702,0.0,0.006392084062099457,0.11840695142745972,0.26754236221313477,0.0,0.0,0.0,0.0,0.08937035501003265,0.1766728013753891,0.0,0.18498142063617706,0.03262624889612198,0.07209766656160355,0.0770823210477829,0.1128654032945633,0.0,0.03521363437175751,0.0,0.014373612590134144,0.024273118004202843,0.0,0.0,0.004008071031421423,0.001348248217254877,0.01233314536511898,0.0006134838331490755,0.17739515006542206,0.2869338393211365,0.0,0.056831296533346176,0.15116018056869507,0.0590178444981575,0.2897198796272278,0.0,0.0,0.21811571717262268,0.0,0.013878880999982357,0.0,0.0,0.05462021008133888,0.0,0.04247884452342987,0.0013565471163019538,0.21412144601345062,0.14029915630817413,0.005423738155514002,0.0,0.1799410879611969,0.08378702402114868,0.3762170970439911,0.04918999224901199,0.0,0.0009750899625942111,0.020635642111301422,0.012212821282446384,0.0,0.003008528146892786,0.005115885753184557,0.14877043664455414,0.02586163766682148,0.01753709279000759,0.025631586089730263,0.0,0.0,0.0,0.0,0.4404065012931824,0.0,0.0,0.0,0.01113680936396122,0.0,0.012338172644376755,0.03306236490607262,0.0021116267889738083,0.03446061164140701,0.0,0.0,0.04140715301036835,0.0,0.5396311283111572,0.006539457477629185,0.006340717431157827,0.07424692064523697,0.0,0.0,0.06504286825656891,0.143229141831398,0.0,0.2480921894311905,0.2789166569709778,0.20371757447719574,0.0,0.0,0.0003572243149392307,0.011929097585380077,0.025425907224416733,0.005975961219519377,0.0549214631319046,0.04845351353287697,0.26506730914115906,0.0,0.0,0.3991042375564575,0.3202347457408905,0.016978738829493523,0.0,0.0,0.05028606951236725,0.27448344230651855,0.0,0.36605969071388245,0.25624749064445496,0.022609513252973557,0.0,0.2093961536884308
78,0.0,0.03161059692502022,0.00622536102309823,0.0,0.0,0.0,0.35370221734046936,0.15201398730278015,0.0,0.04674272984266281,0.13705843687057495,0.05526185780763626,0.0,0.28101012110710144,0.11450622230768204,0.046580005437135696,0.031126148998737335,0.07864316552877426,0.02029356174170971,0.0,0.0,0.16359646618366241,0.0,0.47103723883628845,0.04791581630706787,0.0,0.0,0.43054038286209106,0.0,0.10521570593118668,0.0,0.2353605479001999,0.0,0.3083347678184509,0.009710920043289661,0.024553634226322174,0.05855833366513252,0.1599736511707306,0.1311933994293213,0.3689975142478943,0.0,0.027227312326431274,0.14509263634681702,0.05705585703253746,0.2758854925632477,0.0,0.22041413187980652,0.02051747776567936,0.0,0.046926721930503845,0.0,0.0,0.3113836348056793,0.0,0.0,0.15561655163764954,0.018771685659885406,0.6060494780540466,0.03776859492063522,0.0328306183218956,0.0,0.22764237225055695,0.06877189129590988,0.02965904027223587,0.0,0.0,0.0,0.2925293743610382,0.1021830216050148,0.07393296808004379,0.0,0.0,0.12525838613510132,0.3077864646911621,0.0,0.05004667490720749,0.04186837747693062,0.10920896381139755,0.0,0.14550884068012238,0.04674912989139557,0.0283183753490448,0.0,0.18740803003311157,0.27592733502388,0.017506083473563194,0.0,0.15246470272541046,0.5604473948478699,0.3819352984428406,0.028102494776248932,0.07852300256490707,0.03742114081978798,0.08397766947746277,0.00425479793921113,0.00887646246701479,0.3804180324077606,0.0,0.0,0.07738213986158371,0.006151220761239529,0.3194887936115265,0.0,0.39682257175445557,0.31385305523872375,0.015248752199113369,0.018224839121103287,0.10716562718153,0.0,0.0,0.13176913559436798,0.04529505595564842,0.02702391892671585,0.17666073143482208,0.002117709955200553,0.0,0.037974726408720016,0.05608776584267616,0.014166106469929218,0.0,0.14431487023830414,0.00791903492063284,0.0,0.0017754469299688935,0.11185307055711746,0.47884199023246765,0.0,0.0,0.0759754478931427,0.0,0.0,0.1730702817440033,0.0,0.0034784965682774782,0.0,0.0010813426924869418,0.0,0.0,0.05321827158331871,0.0,0.0,0.018352609127759933,0.0071005248464643955,0.0,0.10716076195240021,0.04520498961210251,0.0,0.011481154710054398,0.1774127185344696,0.0,0.0,0.12000587582588196,0.04139327257871628,0.0,0.0,0.07133152335882187,0.01250413991510868,0.0,0.0,0.0,0.28750327229499817,0.0,0.021259751170873642,0.0,0.09077479690313339,0.10870549082756042,0.0,0.017358237877488136,0.014477846212685108,0.0,0.0,0.0,0.024079976603388786,0.0,0.025210708379745483,0.3548561930656433,0.0,0.01372133195400238,0.1511603742837906,0.04073219746351242,0.009104824624955654,0.0,0.16035890579223633,0.0,0.017102153971791267,0.02199629880487919,0.2282022386789322,0.0,0.0,0.0,0.0003752158081624657,0.2343170940876007,0.1549796164035797,0.0,0.21491190791130066,0.2015073448419571,0.0433051735162735,0.22208860516548157,0.23069660365581512,0.0,0.10483404994010925,0.0,0.0,0.031140485778450966,0.0,0.0,0.001711166580207646,0.039862144738435745,0.05425170436501503,0.0011690817773342133,0.08858606964349747,0.2396193891763687,0.0,0.050390034914016724,0.14669643342494965,0.0833149328827858,0.23896969854831696,0.0,0.0,0.35907527804374695,0.0,0.0027861371636390686,0.0,0.0,0.052036382257938385,0.0,0.09230406582355499,0.04710059612989426,0.1340467631816864,0.3164439797401428,0.004678328055888414,0.0,0.3369561433792114,0.037305720150470734,0.2084953486919403,0.042411379516124725,0.0,0.0,0.015036193653941154,0.03847891837358475,0.00014680458116345108,0.013869578950107098,0.0021417737007141113,0.3123501241207123,0.04028411582112312,0.04794623702764511,0.06598750501871109,0.0,0.0,0.0,0.0,0.37562474608421326,0.0,0.0,0.0,0.014637519605457783,0.0,0.03301529213786125,0.029317932203412056,0.0,0.04525386542081833,0.006901920773088932,0.0,0.059391047805547714,0.0,0.6391079425811768,0.04560234025120735,0.0341622456908226,0.11533604562282562,0.0,0.0,0.06244610622525215,0.07921250909566879,0.0,0.0917990431189537,0.21868722140789032,0.21441993117332458,0.0,0.011599224992096424,0.0,0.07770887762308121,0.0,0.0,0.10066727548837662,0.0,0.2914300858974457,0.0,0.0,0.46560001373291016,0.2092493325471878,0.008825263939797878,0.0,0.0,0.07932811975479126,0.3108879625797272,0.0,0.4341419041156769,0.23120613396167755,0.071748286485672,0.0,0.2500429153442383,0.0638703852891922,0.013276522979140282,0.0,0.0,0.0,0.335460901260376,0.049788158386945724,0.016848094761371613,0.01959373988211155,0.1192018985748291,0.11472751200199127,0.0,0.22303742170333862,0.275554895401001,0.0,0.011928926222026348,0.1315649449825287,0.08957014977931976,0.0,0.02314114011824131,0.05358079448342323,0.0,0.2887517809867859,0.26961269974708557,0.0,0.0,0.3938469886779785,0.0,0.024858009070158005,0.0,0.31233859062194824,0.0003373372310306877,0.15237268805503845,0.10395126044750214,0.0,0.02825348637998104,0.04021443799138069,0.08813821524381638,0.1840033382177353,0.3005979061126709,0.012325461022555828,0.21747583150863647,0.006009830627590418,0.13705050945281982,0.0,0.30970993638038635,0.0,0.0,0.1713206022977829,0.008313809521496296,0.0,0.7282446026802063,0.0,0.0,0.20541594922542572,0.013050656765699387,0.7356860637664795,0.1978560835123062,0.016076266765594482,0.0,0.05456430837512016,0.27335992455482483,0.11752321571111679,0.0,0.0,0.0,0.6495761871337891,0.28292107582092285,0.23540566861629486,0.0,0.0,0.0951356366276741,0.87591552734375,0.0,0.011612892150878906,0.2339518815279007,0.0,0.0,0.16672880947589874,0.11369683593511581,0.0,0.00036079506389796734,0.1806754320859909,0.3276730477809906,0.05284794420003891,0.0,0.4302669167518616,0.6218665242195129,0.29355674982070923,0.07273878157138824,0.37453848123550415,0.10167412459850311,0.0,0.00668615847826004,0.18335746228694916,0.4867174029350281,0.0,0.0,0.035921595990657806,0.35149332880973816,0.536053478717804,0.0,0.31586953997612,0.1929216831922531,0.0,0.015755467116832733,0.29121696949005127,0.001494853408075869,0.0,0.37530675530433655,0.10510722547769547,0.0,0.20799696445465088,0.1065419390797615,0.007077335380017757,0.1708323061466217,0.3270508050918579,0.0,0.008606871590018272,0.21753911674022675,0.2720661759376526,0.0,0.0,0.1955406665802002,0.08650822192430496,0.0,0.0010077859042212367,0.2563461661338806,0.0,0.0,0.1235080361366272,0.005301470868289471,0.06921247392892838,0.0014578565023839474,0.25411954522132874,0.06033007800579071,0.0,0.19352535903453827,0.00040933964191935956,0.0,0.0,0.0,0.0,0.006377942394465208,0.04870814085006714,0.10578322410583496,0.02078287862241268,0.21005618572235107,0.0,0.0,0.02132727950811386,0.005392902530729771,0.0,0.0,0.13515642285346985,0.03502452000975609,0.0085755018517375,0.0,0.0,0.012197330594062805,0.01801108941435814,0.11926230043172836,0.0,0.010834737680852413,0.190739706158638,0.0,0.0,0.20849807560443878,0.0,0.06149435043334961,0.194657564163208,0.006038543302565813,0.0,0.5568512082099915,0.2211374044418335,0.0,0.011748124845325947,0.15001870691776276,0.032415203750133514,0.02200070209801197,0.0011994927190244198,0.08872040361166,0.004859786480665207,0.04872555658221245,0.10332979261875153,0.25541579723358154,0.0,0.0,0.0,0.0,0.5019413232803345,0.4043756425380707,0.0,0.2039462924003601,0.039559438824653625,0.13154399394989014,0.052669938653707504,0.44153380393981934,0.0,0.0824648067355156,0.0,0.005600187927484512,0.2277863770723343,0.012270423583686352,0.0,0.0857437252998352,0.5047435760498047,0.20843666791915894,0.04430871084332466,0.25779929757118225,0.5319267511367798,0.0,0.0,0.17708635330200195,0.034176524728536606,0.13577845692634583,0.0,0.0,0.1851639300584793,0.0,0.1314733922481537,0.2327018678188324,0.007826641201972961,0.18963861465454102,0.004223279654979706,0.4379979968070984,0.1710011512041092,0.31821128726005554,0.2796030640602112,0.09001155942678452,0.21803900599479675,0.10892681032419205,0.002505057957023382,0.06594624370336533,0.035082537680864334,0.0,0.0,0.0,0.02697053551673889,0.003304495243355632,0.0025778908748179674,0.013915243558585644,0.03129402920603752,0.21776752173900604,0.1900121569633484,0.05986658111214638,0.0031792446970939636,0.0,0.007395695894956589,0.0,0.7434573173522949,0.0,0.0,0.07460236549377441,0.0,0.0,0.016842026263475418,0.0071949041448533535,0.0,0.004167447332292795,0.19811606407165527,0.12371603399515152,0.01365527044981718,0.0,0.9271535277366638,0.0,0.06858193874359131,0.06732801347970963,0.0,0.0,0.17549438774585724,0.22491100430488586,0.0,0.061167020350694656,0.21867959201335907,0.0853915736079216,0.0,0.15760159492492676,0.0,0.256428986787796,0.02494940161705017,0.0,0.41839471459388733,0.012825747020542622,0.2629847228527069,0.0,0.0,0.18316690623760223,0.06727590411901474,0.02873341739177704,0.0,0.0,0.4921342730522156,0.21688398718833923,0.0,0.12653911113739014,0.6669278740882874,0.035688616335392,0.0030347537249326706,0.11814737319946289,0.0380488820374012,0.007962685078382492,0.0,0.0,0.0,0.2957424223423004,0.1447126269340515,0.013103672303259373,0.030715465545654297,0.1896648108959198,0.12575700879096985,0.0,0.27410516142845154,0.31598860025405884,0.0015300139784812927,0.00995686650276184,0.18798086047172546,0.0816720649600029,0.0,0.001760236918926239,0.1360849142074585,0.0,0.4177802801132202,0.11152753233909607,0.0,0.0,0.4697771668434143,0.003338503185659647,0.034511059522628784,0.0,0.31580889225006104,0.0,0.2020798623561859,0.08421704918146133,0.002373455325141549,0.02366683818399906,0.04867740720510483,0.20062653720378876,0.2992498576641083,0.14793086051940918,0.032639361917972565,0.1865747570991516,0.012601283378899097,0.25400468707084656,0.0,0.2191946655511856,0.0002822153619490564,0.0,0.15184186398983002,0.0014956522500142455,0.0,0.6645236611366272,0.0,0.0,0.2636905610561371,0.03736976161599159,0.6844881772994995,0.12300480157136917,0.047505516558885574,0.0,0.17070956528186798,0.20837175846099854,0.11792490631341934,0.0,0.0,0.0,0.6471672058105469,0.22949445247650146,0.2100546509027481,0.0,0.0,0.052243225276470184,0.6054461598396301,0.0,0.07886750251054764,0.20525959134101868,0.02809028886258602,0.0,0.09892923384904861,0.0777580738067627,0.0,0.0026505778077989817,0.17696182429790497,0.40895897150039673,0.0281748678535223,0.0,0.36026737093925476,0.6222145557403564,0.2949952483177185,0.03893968462944031,0.36368054151535034,0.04307400435209274,0.01142093539237976,0.00986907072365284,0.08596175909042358,0.45033541321754456,0.0,0.0,0.10171429812908173,0.2489778846502304,0.5513997077941895,0.0,0.33827006816864014,0.16971807181835175,0.011628095991909504,0.010213409550487995,0.19306287169456482,0.0003570081025827676,0.0,0.3650851249694824,0.04091857001185417,0.0,0.2057487815618515,0.04081843048334122,0.00342870713211596,0.11768315732479095,0.2462490200996399,0.0,0.002565849805250764,0.31012600660324097,0.12320856004953384,0.0,0.0,0.2664967179298401,0.20609977841377258,0.0,0.0023169517517089844,0.2476034164428711,0.0,0.0,0.19813701510429382,0.004526345990598202,0.02849140577018261,0.002961416495963931,0.1260974109172821,0.0278592761605978,0.0,0.09765005856752396,0.0025266052689403296,0.0,0.0,0.0,0.0,0.007994981482625008,0.028954263776540756,0.022921228781342506,0.008718112483620644,0.11279291659593582,0.0,0.0,0.04184209555387497,0.001510967151261866,0.0,0.0,0.0799882709980011,0.04811624437570572,0.004179362207651138,0.0,0.0,0.07572857290506363,0.00950647797435522,0.04031715914607048,0.005396000575274229,0.03095894679427147,0.17122358083724976,0.0,5.181369124329649e-05,0.1654374897480011,0.0,0.03654835373163223,0.13804543018341064,0.0026862919330596924,0.0,0.36139705777168274,0.3026424050331116,0.0,0.00603020703420043,0.14963334798812866,0.02022922784090042,0.02992691472172737,0.01449510920792818,0.0427720844745636,0.002930755028501153,0.024343283846974373,0.08422860503196716,0.23619531095027924,0.0,0.0,0.0,0.00040457575232721865,0.4467690587043762,0.2863796651363373,0.0,0.20364686846733093,0.12700015306472778,0.0713377445936203,0.096592016518116,0.40961259603500366,0.0,0.052751630544662476,0.0,0.003202571999281645,0.11382617801427841,0.004415452480316162,0.0,0.046105220913887024,0.46597743034362793,0.22741523385047913,0.03192560374736786,0.23901864886283875,0.39874884486198425,0.0,0.0,0.27512359619140625,0.018894609063863754,0.10908874869346619,0.002512281993404031,0.0,0.24972054362297058,0.0,0.06854435056447983,0.15095941722393036,0.003095128806307912,0.10763100534677505,0.007694347761571407,0.26280659437179565,0.21179063618183136,0.2642083466053009,0.3632395267486572,0.03408918157219887,0.1294161081314087,0.18671314418315887,0.0033483929000794888,0.18618716299533844,0.015071837231516838,0.0,0.0,0.0,0.03175163269042969,0.015715744346380234,0.0034238339867442846,0.013400240801274776,0.07226215302944183,0.16194917261600494,0.20115530490875244,0.03034789301455021,0.00226164935156703,0.0,0.002418092917650938,0.0,0.6883389949798584,0.0,0.0,0.04229189082980156,0.0,0.0,0.0047820936888456345,0.00960733275860548,0.0,0.0,0.12628090381622314,0.05266295000910759,0.017784681171178818,0.0,0.9430880546569824,0.0,0.03935582563281059,0.04378986731171608,0.0,0.0,0.09650637209415436,0.24034228920936584,0.0009796306258067489,0.07386801391839981,0.1428673416376114,0.0649690255522728,0.0,0.17120860517024994,0.0,0.23331642150878906,0.001847116625867784,0.0,0.341636061668396,0.020208073779940605,0.2104957550764084,0.0,0.0,0.3069199025630951,0.12978065013885498,0.017594261094927788,0.0,0.0,0.3442398011684418,0.3023086488246918,0.0,0.158441424369812,0.518753170967102,0.0689658522605896,0.003991678357124329,-0.12253952026367188
79,0.0071693966165184975,0.02634584531188011,0.008449656888842583,0.0,0.0,0.0,0.4711568355560303,0.09870506078004837,0.0,0.057610154151916504,0.08414628356695175,0.017838938161730766,0.0,0.3440279960632324,0.0,0.05605241283774376,0.08854658901691437,9.340420365333557e-05,0.0,0.0,0.0,0.10770048946142197,0.0,0.30260002613067627,0.06301151216030121,0.0,0.0,0.4152369499206543,0.005084886681288481,0.13081516325473785,0.005121644586324692,0.2714576721191406,0.0,0.3131171464920044,0.009436356835067272,0.04728635028004646,0.059402428567409515,0.16738642752170563,0.01821524277329445,0.3024218678474426,0.010841869749128819,0.09903718531131744,0.14777278900146484,0.0821925550699234,0.25621214509010315,0.0,0.36435428261756897,0.009103640913963318,0.0,0.036600787192583084,0.008996340446174145,0.0,0.2738197147846222,0.004967094399034977,0.001846560277044773,0.03251989930868149,0.0431581512093544,0.6819208860397339,0.06303900480270386,0.029288271442055702,0.0,0.2105274498462677,0.1111304759979248,0.0,0.0,0.0,0.0,0.1016172245144844,0.13079822063446045,0.10459206998348236,0.0,0.0,0.21329718828201294,0.30049484968185425,0.0103177260607481,0.06556597352027893,0.035265810787677765,0.030656106770038605,0.0,0.20198550820350647,0.04287472739815712,0.018405873328447342,0.0,0.2052847295999527,0.0598113052546978,0.011989805847406387,0.0007022926583886147,0.17027589678764343,0.4612107276916504,0.3518827557563782,0.022957773879170418,0.005563011392951012,0.06484225392341614,0.07151815295219421,0.004975845571607351,0.0,0.4369649887084961,0.0,0.0,0.01370297558605671,0.0,0.21247762441635132,0.0,0.2701888978481293,0.37477990984916687,0.04049277305603027,0.027183396741747856,0.05725569650530815,0.0,0.0,0.018873337656259537,0.056826960295438766,0.033104635775089264,0.17834879457950592,0.0019760909490287304,0.0,0.02429709956049919,0.04119192063808441,0.019440747797489166,0.0005079763941466808,0.013419226743280888,0.010218478739261627,0.0,0.004980321973562241,0.0006199236959218979,0.41104042530059814,0.0,0.0,0.009796313010156155,0.0,0.0,0.11496125161647797,0.0,0.007932290434837341,0.00782308541238308,0.001938028261065483,0.0,0.0,0.15835417807102203,0.012007459066808224,0.0,0.0,0.007044382859021425,0.0,0.05186925828456879,0.03215932846069336,0.005234918557107449,0.013539914041757584,0.21605540812015533,0.0,0.0,0.06666863709688187,0.03865842521190643,0.0,0.0,0.051714371889829636,0.0068111540749669075,0.0,0.0032530552707612514,0.0,0.16005554795265198,0.00540034007281065,0.04497388005256653,0.0,0.15650279819965363,0.11048723012208939,0.0,0.030354062095284462,0.0,0.0,0.0,0.0,0.03364125266671181,0.0,0.04979518800973892,0.12644529342651367,0.0,0.006117465905845165,0.11203569918870926,0.05519552901387215,0.0043538231402635574,0.0,0.148182675242424,0.0,0.013897042721509933,0.057632386684417725,0.2856736183166504,0.0,0.0,0.0,0.0004745887708850205,0.0803673043847084,0.24946270883083344,0.00020325355581007898,0.1986328661441803,0.07251445204019547,0.04631991684436798,0.18210259079933167,0.07579638063907623,0.0,0.08902665972709656,0.0,0.015462638810276985,0.038919564336538315,0.0,0.0,0.0,0.0,0.009599002078175545,0.007072837091982365,0.08028236031532288,0.32263147830963135,0.0,0.12044025957584381,0.058016322553157806,0.14278514683246613,0.34275370836257935,0.0,0.0,0.24652418494224548,0.0,0.021009093150496483,0.0,0.0,0.05232268571853638,0.0,0.06587322801351547,0.0,0.17778098583221436,0.17230162024497986,0.0021353685297071934,0.0,0.22894921898841858,0.05184780806303024,0.21043384075164795,0.07847203314304352,0.0,0.0,0.023143397644162178,0.024051140993833542,0.0,0.01092754490673542,0.005769927985966206,0.2723756730556488,0.01127399317920208,0.001348483725450933,0.07542961835861206,0.0,0.0,0.0,0.0,0.3460829257965088,0.0,0.0,0.0,0.0187434833496809,0.0,0.0412328876554966,0.03687741979956627,0.0,0.05842694267630577,0.0005047406302765012,0.0,0.08826738595962524,0.006246577948331833,0.47111985087394714,0.0755932629108429,0.025401901453733444,0.183610200881958,0.0,0.0,0.09315439313650131,0.043403055518865585,0.0,0.10803844034671783,0.37528377771377563,0.2753027379512787,0.0,0.0,0.0,0.0031358273699879646,0.006467703729867935,0.005106841214001179,0.04725056141614914,0.007574022747576237,0.296376496553421,0.0,0.0,0.41858750581741333,0.2596766948699951,0.008021386340260506,0.0,0.0,0.02966628596186638,0.24686595797538757,0.0,0.4655557870864868,0.19976675510406494,0.029458962380886078,0.0,0.04734303802251816,0.14053699374198914,0.06686712056398392,0.0,0.0,0.0,0.3773150146007538,0.08703867346048355,0.0,0.006837430410087109,0.12610624730587006,0.031102430075407028,0.0,0.2633059620857239,0.0,0.06909137964248657,0.005536296404898167,0.0,0.0,0.0,0.0,0.10371536761522293,0.0,0.46107080578804016,0.031925708055496216,0.0011268176604062319,0.0,0.5499475002288818,0.013974805362522602,0.027569115161895752,0.10523058474063873,0.2735280990600586,0.0,0.33667123317718506,0.03935416787862778,0.059441253542900085,0.005434919614344835,0.1749073714017868,0.016674524173140526,0.10154732316732407,0.03450597822666168,0.19220513105392456,0.07092946767807007,0.07805970311164856,0.23226645588874817,0.07256198674440384,0.14784397184848785,0.034064773470163345,0.0,0.10134097188711166,0.17467312514781952,0.0,0.2193375527858734,0.0,0.04567866027355194,0.027055129408836365,0.13351887464523315,0.614870011806488,0.12463681399822235,0.02601551078259945,0.0,0.1567479968070984,0.02616233564913273,0.0,0.0,0.0,0.0,0.05491650104522705,0.07411175966262817,0.025056222453713417,0.04942810535430908,0.0,0.12076102942228317,0.17873133718967438,0.0,0.1485358029603958,0.03659505397081375,0.08324280381202698,0.0,0.09064493328332901,0.04290638864040375,0.005890166386961937,0.0,0.21242789924144745,0.08482726663351059,0.004585076589137316,0.05599775165319443,0.166094109416008,0.4238869547843933,0.25266438722610474,0.039460159838199615,0.0018749128794297576,0.024998925626277924,0.12893016636371613,0.01513449102640152,0.058928996324539185,0.3741070330142975,0.0,0.0,0.047090135514736176,0.012967020273208618,0.10995950549840927,0.0,0.4359759986400604,0.3692011833190918,0.09271249175071716,0.05941716954112053,0.030388638377189636,0.007422605995088816,0.0,0.014757000841200352,0.06506732106208801,0.052835218608379364,0.22867143154144287,0.08892602473497391,0.0,0.007772636134177446,0.04092711582779884,0.07832656055688858,0.01300513930618763,0.027106698602437973,0.11654351651668549,0.043657414615154266,0.00985889881849289,0.003384679090231657,0.30834975838661194,0.0,0.006481914781033993,0.0009326515137217939,0.0,0.0,0.08152469247579575,0.010069857351481915,0.0030089018400758505,0.027274219319224358,0.07850787788629532,0.0,0.0,0.03409323841333389,0.0243197251111269,0.0,0.009267086163163185,0.01032024435698986,0.0,0.17370107769966125,0.0,0.018053757026791573,0.010276982560753822,0.05135377123951912,0.0,0.0664733424782753,0.08494577556848526,0.06763575971126556,0.0,0.0,0.27821001410484314,0.08850797265768051,0.0,0.00982236210256815,0.0378476083278656,0.21284827589988708,0.1276027262210846,0.014001627452671528,0.0,0.10902626067399979,0.06424994021654129,0.005476607941091061,0.11409936845302582,0.0,0.0,0.010881194844841957,0.001247977721504867,0.009159876964986324,0.04399195313453674,0.09230341017246246,0.18930228054523468,0.0,0.08494298905134201,0.022023219615221024,0.012055936269462109,0.0,0.006054259371012449,0.2933667302131653,0.0,0.0,0.14909997582435608,0.1322445422410965,0.0,0.05354779213666916,0.0,0.0,0.021363316103816032,0.06539938598871231,0.0011537624523043633,0.11682767421007156,0.1502152681350708,0.023070061579346657,0.24135780334472656,0.040453072637319565,0.0019733039662241936,0.1382036656141281,0.0,0.03128939867019653,0.029915055260062218,0.0,0.0,0.0,0.06910321116447449,0.0022983234375715256,0.018085794523358345,0.04054157808423042,0.2273787260055542,0.016954731196165085,0.14691027998924255,0.04890106990933418,0.0574750155210495,0.334446519613266,0.0,0.05369727313518524,0.32711300253868103,0.0,0.03989841789007187,0.006080301944166422,0.006294466555118561,0.012736164964735508,0.009901043027639389,0.13115203380584717,0.0022059022448956966,0.2139045149087906,0.008740459568798542,0.0012805002043023705,0.02142937481403351,0.3798803985118866,0.11443927139043808,0.19401824474334717,0.1474367082118988,0.0,0.0,0.042946577072143555,0.061169907450675964,0.019950248301029205,0.0,0.0,0.3815520703792572,0.0,0.03233662247657776,0.02590358629822731,0.0,0.0,0.0,0.0,0.21210387349128723,0.0,0.0,0.0002487360907252878,0.1518525779247284,0.0,0.07238707691431046,0.02334645204246044,0.04039961099624634,0.19570136070251465,0.0,0.0,0.11363842338323593,0.13719385862350464,0.2347230315208435,0.07245313376188278,0.0017183389281854033,0.08726336061954498,0.005661658011376858,0.02445615455508232,0.06490497291088104,0.06064123660326004,0.0,0.5199272632598877,0.30023446679115295,0.2032063752412796,0.009930961765348911,0.0,0.006418130826205015,0.0,0.017301933839917183,0.026750802993774414,0.07729224115610123,0.023375609889626503,0.3493107855319977,0.0,0.04896840453147888,0.3014233410358429,0.22445352375507355,0.034241922199726105,0.0,0.0,0.0,0.327629953622818,0.0,0.443866103887558,0.08081825822591782,0.0539696030318737,0.018516847863793373,0.044813528656959534,0.06707917153835297,0.02294273115694523,0.0,0.0,0.0,0.4107009172439575,0.13604320585727692,0.0,0.0194194708019495,0.10184524208307266,0.06688320636749268,0.0,0.33812692761421204,0.010391718707978725,0.04100000485777855,0.04206644371151924,0.0,0.0013154929038137197,0.0,0.0,0.1119256392121315,0.0,0.3753597140312195,0.04081425443291664,0.0003637369372881949,0.0,0.5499765872955322,0.0023481559474021196,0.029850827530026436,0.07731214165687561,0.34158527851104736,0.0,0.3140757381916046,0.017902815714478493,0.08459775894880295,0.0009106463985517621,0.1218813806772232,0.037791650742292404,0.2184937745332718,0.035081129521131516,0.2018383890390396,0.09965687990188599,0.09645908325910568,0.29307860136032104,0.03661416471004486,0.27299705147743225,0.02070643939077854,0.0,0.04178779572248459,0.096184641122818,0.0,0.3432142734527588,0.0,0.017774168401956558,0.06153370440006256,0.08007750660181046,0.7257612943649292,0.09800521284341812,0.07085829973220825,0.0,0.22803820669651031,0.12506620585918427,0.0,0.0,0.00019691635679919273,0.0,0.15075625479221344,0.16636121273040771,0.13389670848846436,0.01338291633874178,0.0,0.10016981512308121,0.2544257938861847,0.0,0.16704003512859344,0.03384831175208092,0.051763106137514114,0.0,0.1136416345834732,0.028691662475466728,0.004325730260461569,0.0,0.23000460863113403,0.04258614778518677,0.007638780865818262,0.026622433215379715,0.2642067074775696,0.42045319080352783,0.266801655292511,0.02749694138765335,0.0,0.03299186751246452,0.08852914720773697,0.03161398693919182,0.046769995242357254,0.4743466377258301,0.0,0.0017451387830078602,0.08613989502191544,0.014486591331660748,0.22327820956707,0.0,0.2507633566856384,0.34831884503364563,0.05221916362643242,0.034379057586193085,0.024829784408211708,0.01046986598521471,0.0,0.06742752343416214,0.040729958564043045,0.027849579229950905,0.21589575707912445,0.07056053727865219,0.0,0.041244249790906906,0.019090864807367325,0.04979608952999115,0.006772432941943407,0.09760434180498123,0.0675138533115387,0.02826668880879879,0.0044773477129638195,0.043107014149427414,0.2855384051799774,0.0,0.006020277738571167,0.0065081799402832985,0.0,0.0,0.11845020204782486,0.0,0.005305951926857233,0.015348104760050774,0.07836712896823883,0.0,0.0,0.057725563645362854,0.035225577652454376,0.0,0.0010087399277836084,0.001383048016577959,0.0,0.0781865194439888,0.0,0.018818240612745285,0.004037819337099791,0.03613217547535896,0.0,0.026915710419416428,0.055081386119127274,0.05625580996274948,0.0,0.0,0.16242550313472748,0.0660700798034668,0.0,0.005579870659857988,0.029937436804175377,0.1460544615983963,0.0692019984126091,0.016445502638816833,0.0,0.15568234026432037,0.12269547581672668,0.0,0.060633718967437744,0.0,0.0,0.00548542570322752,0.0007800525054335594,0.011888351291418076,0.022632665932178497,0.12270493060350418,0.14081524312496185,0.0030929958447813988,0.04971896484494209,0.055679552257061005,0.015520279295742512,0.0,0.00013592922186944634,0.1778503954410553,0.0,0.0,0.1702495962381363,0.23978252708911896,0.0,0.027477003633975983,0.0,0.0,0.055896300822496414,0.14110133051872253,0.0030082175508141518,0.18929603695869446,0.0642087385058403,0.02809678576886654,0.1484222561120987,0.03490803390741348,0.00030649080872535706,0.07571940869092941,0.0,0.016413241624832153,0.03548824042081833,0.0,0.0,0.0,0.0406377874314785,0.005750067997723818,0.00393424928188324,0.12569423019886017,0.2982131540775299,0.007745035924017429,0.09236733615398407,0.10750462114810944,0.03768477961421013,0.3118833899497986,0.0,0.022328022867441177,0.26019003987312317,0.0,0.045482899993658066,0.0,0.0,0.026619838550686836,0.006056802812963724,0.09557538479566574,0.001046460121870041,0.29319530725479126,0.046946246176958084,0.009805438108742237,0.027652759104967117,0.2752567529678345,0.08162189275026321,0.2955703139305115,0.11001301556825638,0.0,0.0,0.03501336649060249,0.03662094101309776,0.006682473700493574,0.0,0.00024225232482422143,0.23485326766967773,0.0,0.035527803003787994,0.012278055772185326,0.0,0.0,0.0,0.0,0.3644621670246124,0.0,0.0,0.0,0.09793247282505035,0.0,0.04235249012708664,0.04269333556294441,0.02294105663895607,0.1068962961435318,0.0,0.0,0.08094648271799088,0.05730026960372925,0.4018251597881317,0.04199026897549629,0.0007362498436123133,0.07319225370883942,0.00010108637070516124,0.0060882274992764,0.05591844394803047,0.1150071918964386,0.0,0.35501185059547424,0.3255210518836975,0.18269409239292145,0.0021200114861130714,0.0,0.0030172073747962713,0.002381838159635663,0.01757161132991314,0.006091684103012085,0.041412949562072754,0.0538000725209713,0.3294850289821625,0.0,0.026405368000268936,0.3521377742290497,0.2816457748413086,0.029909946024417877,0.0,0.0,0.0166508499532938,0.2631843388080597,0.0,0.3959372043609619,0.1667705923318863,0.015489599667489529,0.001717863604426384,-0.7839832901954651
80,0.0,0.05932925269007683,0.03235556557774544,0.0,0.0,0.0,0.4257378578186035,0.12299922853708267,0.0,0.008388910442590714,0.09966904670000076,0.011791544035077095,0.0,0.2796831727027893,0.0,0.07691676169633865,0.022831309586763382,0.006025059148669243,0.0,0.0,0.0,0.10844731330871582,0.0,0.41518592834472656,0.029925810173153877,0.0,0.0,0.4514228403568268,0.0,0.0478677898645401,0.020838003605604172,0.23196600377559662,0.0,0.2995498776435852,0.005732339806854725,0.06790250539779663,0.05939936637878418,0.16976574063301086,0.03864775970578194,0.2356370985507965,0.0,0.10571733862161636,0.09973226487636566,0.06740159541368484,0.2783487141132355,0.010238590650260448,0.20389001071453094,0.03689182549715042,0.0,0.09256070852279663,0.054090194404125214,0.0,0.16018980741500854,0.0,0.0074836136773228645,0.020116468891501427,0.04707938805222511,0.5082555413246155,0.056413840502500534,0.01972316950559616,0.0,0.20449398458003998,0.03317580744624138,0.0,0.0,0.0,0.0,0.054270029067993164,0.03645430505275726,0.06392461061477661,0.0,0.0,0.14137892425060272,0.12036502361297607,0.0,0.06896506249904633,0.04189208522439003,0.11077287793159485,0.0,0.13288551568984985,0.042401399463415146,0.052221380174160004,0.0,0.16440095007419586,0.09850500524044037,0.02979953959584236,0.00020233448594808578,0.1325562596321106,0.42232614755630493,0.2994224727153778,0.017817888408899307,0.0,0.05688152834773064,0.10078435391187668,0.009576226584613323,0.002518198685720563,0.3527146577835083,0.0,0.0,0.006228077225387096,0.0,0.15987277030944824,0.0,0.38986116647720337,0.2983805537223816,0.028356505557894707,0.01847221702337265,0.06707514822483063,0.0,0.0,0.0007798081496730447,0.05747596174478531,0.0345136821269989,0.15996187925338745,0.0,0.0,0.030046803876757622,0.009839728474617004,0.035423509776592255,0.016423393040895462,0.00616725068539381,0.008526597172021866,0.0,0.0,0.0,0.3741344213485718,0.0,0.0,0.0,0.0,0.0,0.0627286285161972,0.0,0.034715745598077774,0.007755976635962725,0.0,0.0,0.0,0.0739750936627388,0.014665970578789711,0.0,0.0,0.01847076416015625,0.0,0.10224633663892746,0.02101670578122139,0.0,0.01619229093194008,0.11056739091873169,0.0,0.02128177508711815,0.0774611085653305,0.06893043220043182,0.0,0.0,0.08354371786117554,0.020459916442632675,0.0,0.0030762283131480217,0.00014550425112247467,0.13770577311515808,0.011293429881334305,0.020504171028733253,0.0,0.11047389358282089,0.07048856467008591,0.0,0.03689929470419884,0.0,0.0,0.0,0.0,0.028703683987259865,0.0001472514122724533,0.005170893855392933,0.2030411809682846,0.0,0.014255431480705738,0.0656791478395462,0.04221207648515701,0.0,0.0,0.21820586919784546,0.0,0.013138450682163239,0.04387538507580757,0.18699276447296143,0.0,0.0,0.0,0.0,0.023476066067814827,0.13123877346515656,0.0,0.1273481249809265,0.14131689071655273,0.07225652039051056,0.2146875560283661,0.07822437584400177,0.0,0.07499593496322632,0.0,0.009786216542124748,0.011815031990408897,0.0,0.0,0.004138807766139507,0.0,0.0,5.1342882215976715e-05,0.035829346626996994,0.20922881364822388,0.0,0.17153719067573547,0.014624008908867836,0.06433236598968506,0.3086042106151581,0.00015429779887199402,0.0,0.26426059007644653,0.0,5.7223718613386154e-05,0.0,0.0,0.040289491415023804,0.0,0.07007525861263275,0.0,0.14057625830173492,0.11574726551771164,0.0021488741040229797,0.0,0.26627400517463684,0.08462244272232056,0.13839484751224518,0.05613437294960022,0.0,0.0024886506143957376,0.04421273618936539,0.006888640113174915,0.0,0.02624998614192009,0.0,0.35043856501579285,0.0,0.0012562774354591966,0.05830555409193039,0.0,0.0,0.0,0.0,0.25585922598838806,0.0,0.0,0.0,0.048715632408857346,0.0,0.028681281954050064,0.03992769494652748,0.00938272662460804,0.1051856279373169,0.0,0.0,0.09588617086410522,0.006325313355773687,0.3900904655456543,0.06642946600914001,0.014775997027754784,0.13216336071491241,0.0,0.0,0.06883955001831055,0.019894486293196678,0.0010143090039491653,0.3122558295726776,0.28798726201057434,0.2560153007507324,0.0,0.0,0.0,0.0,0.004075534176081419,0.02595742605626583,0.0512518584728241,0.020625311881303787,0.21556952595710754,0.0,0.007710026111453772,0.346756249666214,0.15731629729270935,0.02281152456998825,0.0,0.0,0.0,0.3107682466506958,0.0,0.41110339760780334,0.08234594762325287,0.03344424068927765,0.005130158271640539,0.19583147764205933,0.1679881066083908,0.06608352810144424,0.0,0.0,0.0,0.5136561393737793,0.10942292213439941,0.0,0.021956445649266243,0.1356654167175293,0.0,0.0,0.34977492690086365,0.0,0.05381631851196289,0.04458675533533096,0.0,0.0,0.0,0.0,0.08485563099384308,0.0,0.24984969198703766,0.025035832077264786,0.0,0.0,0.4585268795490265,4.8040667024906725e-05,0.11346324533224106,0.08725404739379883,0.3037387728691101,0.0,0.29535943269729614,0.1347828358411789,0.024163836613297462,0.04931982234120369,0.1752166599035263,0.02895415760576725,0.11272820085287094,0.10191122442483902,0.11145810037851334,0.1474645435810089,0.05318759009242058,0.15440025925636292,0.159063458442688,0.19212675094604492,0.014545287005603313,0.0,0.06359324604272842,0.1374610811471939,0.0,0.24977156519889832,0.024121755734086037,0.024002758786082268,0.0006960695027373731,0.316399484872818,0.7342823147773743,0.28684836626052856,0.04996828734874725,0.0,0.062490902841091156,0.17960131168365479,0.0,0.0,0.009247420355677605,6.391243368852884e-05,0.0831761583685875,0.2202446311712265,0.215547114610672,0.054830677807331085,0.0,0.15049989521503448,0.14869330823421478,0.06784181296825409,0.04091694951057434,0.00484122708439827,0.02617727406322956,0.0,0.16192233562469482,0.02745189517736435,0.016390692442655563,0.0,0.15816299617290497,0.11884800344705582,0.010702984407544136,0.06790798157453537,0.3175521492958069,0.3794527053833008,0.3444646894931793,0.0661163330078125,0.0709710419178009,0.046725139021873474,0.04250650852918625,0.0,0.034481413662433624,0.5683425068855286,0.0,0.0004412514972500503,0.0,0.01773158833384514,0.41502395272254944,0.0,0.343743234872818,0.3018072247505188,0.31298893690109253,0.06979164481163025,0.06045413762331009,0.027597537264227867,0.0,0.03560146689414978,0.0811249390244484,0.03132741525769234,0.2503454387187958,0.10090357810258865,0.0,0.08119259029626846,0.043222825974226,0.06492634117603302,0.028231225907802582,0.0,0.07823850959539413,0.0,0.02166161499917507,0.0,0.2391599863767624,0.0,0.014115666970610619,0.031232813373208046,0.056937236338853836,0.0,0.19108431041240692,0.03691112622618675,0.004156370181590319,0.004226158373057842,0.16463477909564972,0.0,0.0,0.10131416469812393,0.0,0.0,0.0,0.01470328401774168,0.0,0.14106485247612,0.0,0.0944879949092865,0.0256611630320549,0.10309308767318726,0.0,0.041750259697437286,0.11108571290969849,0.07220233976840973,0.0,0.0,0.37621021270751953,0.02618911862373352,0.0,0.051864754408597946,0.04612522944808006,0.2239481657743454,0.22461068630218506,0.025309525430202484,0.0,0.053841277956962585,0.116849385201931,0.004338685888797045,0.09722121804952621,0.0,0.0,0.0,0.0,0.020971225574612617,0.03618583828210831,0.3105771541595459,0.08425424247980118,0.04027177765965462,0.08480583131313324,0.017865074798464775,0.056289684027433395,0.0013573847245424986,0.0,0.15599747002124786,0.0,0.0,0.1861094981431961,0.30587735772132874,0.0,0.09886854887008667,0.0,0.0,0.057756587862968445,0.1779099702835083,0.007284694351255894,0.22502455115318298,0.13794508576393127,0.06425800174474716,0.17904889583587646,0.1108141541481018,0.0799105316400528,0.079033263027668,0.0,0.06926246732473373,0.07762641459703445,0.0,0.0,0.0,0.007140768226236105,0.036744147539138794,0.17019625008106232,0.04900335893034935,0.3489031493663788,0.00891771912574768,0.19605019688606262,0.05112652853131294,0.05522565543651581,0.36934489011764526,0.0,0.052040643990039825,0.21677803993225098,0.008752405643463135,0.0748344138264656,0.0005077902460470796,0.0007362460601143539,0.02411177009344101,0.0,0.03060240112245083,0.05951180309057236,0.3536507189273834,0.04964257404208183,0.028809206560254097,0.007713879458606243,0.3315185010433197,0.07232052087783813,0.0215611569583416,0.10092532634735107,0.10192570090293884,0.0,0.029418019577860832,0.09004739671945572,0.09065502882003784,0.0026386675890535116,0.0,0.26015573740005493,0.011717962101101875,0.04651918262243271,0.08905250579118729,0.0,0.0,0.0,0.0,0.3143148124217987,0.0,0.0,0.04445341229438782,0.09756544977426529,0.0,0.07002165913581848,0.09256625175476074,0.008960896171629429,0.0900493860244751,0.0,0.0,0.13215526938438416,0.1987939327955246,0.17459125816822052,0.07664231210947037,0.018919315189123154,0.1413787305355072,0.0,0.0005642016767524183,0.050249405205249786,0.004513292107731104,0.0,0.37195467948913574,0.49701058864593506,0.21290268003940582,0.08423614501953125,0.0,0.0008097352110780776,0.0,0.011516581289470196,0.01512960996478796,0.0767209380865097,0.05649842694401741,0.42081019282341003,0.0,0.06900463998317719,0.2506704330444336,0.13701286911964417,0.024546945467591286,0.0,0.015414522960782051,0.0,0.25544416904449463,0.0013623973354697227,0.46463093161582947,0.11863178759813309,0.04149715229868889,0.031182078644633293,0.11384549736976624,0.10596323013305664,0.02853277698159218,0.0,0.0,0.0,0.5250729322433472,0.08337349444627762,0.0,0.022106625139713287,0.02960328944027424,0.019900275394320488,0.0,0.38037505745887756,0.0,0.06949326395988464,0.06219785660505295,0.0,0.0,0.0,0.0,0.08199010789394379,0.007810857612639666,0.25165897607803345,0.022835684940218925,0.0,0.0,0.5895204544067383,0.007235992234200239,0.030309200286865234,0.07908238470554352,0.35573408007621765,0.0,0.28549233078956604,0.03264051303267479,0.10979144275188446,0.0,0.1468660980463028,0.007563765626400709,0.1577799916267395,0.08253880590200424,0.25715985894203186,0.07144153118133545,0.12497160583734512,0.25548020005226135,0.15203526616096497,0.36131107807159424,0.03694019094109535,0.0,0.04927056282758713,0.14964298903942108,0.0,0.2717626094818115,0.0033339390065521,0.0292169451713562,0.003567884908989072,0.19256536662578583,0.8513546586036682,0.20376481115818024,0.1060461774468422,0.0,0.168076753616333,0.19174015522003174,0.0,0.0,0.01854686439037323,0.0,0.01050270814448595,0.23357506096363068,0.19669125974178314,0.04924174025654793,0.0,0.14327101409435272,0.2076004147529602,0.030710551887750626,0.12948326766490936,0.013154889456927776,0.04465331509709358,0.0,0.14063797891139984,0.010094992816448212,0.011767920106649399,0.0,0.20291034877300262,0.006220817565917969,0.006987609900534153,0.037711627781391144,0.3559131622314453,0.2860491871833801,0.3065342903137207,0.030160393565893173,0.0,0.024195516481995583,0.06839615851640701,0.03487679734826088,0.05227605625987053,0.6088116765022278,0.0,0.00324102770537138,0.049410223960876465,0.001133715151809156,0.2706412076950073,0.0,0.2057434618473053,0.39790672063827515,0.18493130803108215,0.04639015719294548,0.013925920240581036,0.020574340596795082,0.0,0.004678056575357914,0.04794025793671608,0.031085176393389702,0.25688233971595764,0.09962686896324158,0.0,0.04850136488676071,0.0002951853966806084,0.06948940455913544,0.012766062282025814,0.023377198725938797,0.0938129797577858,0.015603047795593739,0.009222831577062607,0.0,0.21283811330795288,0.0023106797598302364,0.009510387666523457,0.0,0.0,0.0,0.09917306900024414,0.021253401413559914,0.0033435532823204994,0.025947153568267822,0.1420263946056366,0.0,0.0,0.07602954655885696,0.06665708124637604,0.0,0.0,0.003623648313805461,0.0,0.10067566484212875,0.0,0.04549871385097504,0.0,0.00022077230096329004,0.0,0.05404864624142647,0.07041012495756149,0.07412835210561752,0.0,0.0,0.2389056384563446,0.0537346675992012,0.0,0.02466716058552265,0.04815586283802986,0.17450718581676483,0.19397379457950592,0.012115024030208588,0.0,0.1768096536397934,0.14969508349895477,0.0003946564393118024,0.10784110426902771,0.0,0.0,0.004422908183187246,0.0038490232545882463,0.010987985879182816,0.009940506890416145,0.2461099624633789,0.0823417380452156,0.0,0.10915953665971756,0.009807891212403774,0.013556367717683315,0.0,0.0,0.1803678423166275,0.0026578970719128847,0.0,0.2543100416660309,0.34907764196395874,0.0,0.0682581439614296,0.0,0.0,0.0,0.14226706326007843,0.0024471550714224577,0.2531837522983551,0.08023278415203094,0.025100111961364746,0.1327822506427765,0.0,0.008642212487757206,0.07457944005727768,0.0,0.06792818754911423,0.044720396399497986,0.0,0.0014559287810698152,0.0,0.0007116579217836261,0.0,0.03444529324769974,0.13511545956134796,0.3553335964679718,0.02155202068388462,0.18288137018680573,0.020257553085684776,0.04543968662619591,0.41809767484664917,0.0,0.029483387246727943,0.23167459666728973,0.0,0.06962127238512039,0.0,0.004616542719304562,0.014392629265785217,0.004928869660943747,0.08042643219232559,0.0,0.4006437361240387,0.0,0.023288046941161156,0.015853310003876686,0.27778804302215576,0.0897330492734909,0.2510160803794861,0.14509184658527374,0.0036128743086010218,0.0,0.05316373333334923,0.04930459335446358,0.025436745956540108,0.0003951928811147809,0.0002267331728944555,0.25565066933631897,0.0,0.008469577878713608,0.010131366550922394,0.0,0.0,0.0,0.0,0.33833184838294983,0.0,0.0,0.0,0.12124577909708023,0.0,0.05350290983915329,0.06413266062736511,0.03064214624464512,0.1286592334508896,0.0,0.0,0.11913846433162689,0.1624296009540558,0.1968594342470169,0.06740175932645798,0.0,0.14512066543102264,0.0,0.024806011468172073,0.06819266080856323,0.05729042366147041,0.0,0.3916890323162079,0.5307021737098694,0.22302408516407013,0.040116727352142334,0.0,0.005082220770418644,0.0,0.03236110880970955,0.014163153246045113,0.007401861250400543,0.12338379770517349,0.4088992178440094,0.0,0.042791374027729034,0.2665317952632904,0.26824671030044556,0.02920682169497013,0.0,0.005878478288650513,0.0,0.20977695286273956,0.00011925213038921356,0.45950624346733093,0.10565970093011856,0.004121491219848394,0.010370110161602497,-1.2062671184539795
81,0.0,0.06824825704097748,0.014882892370223999,0.0,0.0,0.0,0.13127805292606354,0.19287800788879395,0.0,0.03886881843209267,0.326225221157074,0.045642971992492676,0.0,0.2339913249015808,0.23528113961219788,0.01603882573544979,0.003488001646474004,0.29349327087402344,0.17274333536624908,0.0,0.000559498555958271,0.22123634815216064,0.0,0.7362873554229736,0.07065153867006302,0.0,0.0,0.45469701290130615,0.0,0.07130879163742065,0.0,0.1619151085615158,0.0,0.33614104986190796,0.008828948251903057,0.01182740367949009,0.05543254315853119,0.11655546724796295,0.16033560037612915,0.36008697748184204,0.0,0.015733204782009125,0.19540013372898102,0.01621987484395504,0.3399679660797119,0.0,0.08929218351840973,0.012424830347299576,0.0,0.05466800183057785,0.0,0.0,0.4219684898853302,0.0,0.0,0.3178839087486267,0.0,0.37715113162994385,0.0,0.0006786733865737915,0.0,0.29335641860961914,0.0,0.19696998596191406,0.0,0.0,0.0,0.5971920490264893,0.006644205655902624,0.003463718108832836,0.0,0.0,0.09131234884262085,0.3853863477706909,0.0,0.1403382122516632,0.1712188869714737,0.1587323248386383,0.0,0.08457507193088531,0.12880438566207886,0.002260303357616067,0.0,0.19184619188308716,0.5672146081924438,0.0172166395932436,0.0019479249604046345,0.0288429856300354,0.6297174096107483,0.15643076598644257,0.015320192091166973,0.4597880244255066,0.04231899976730347,0.08890001475811005,0.007486240938305855,0.008352411910891533,0.11421410739421844,0.0,0.0,0.12453726679086685,0.20769383013248444,0.08268564939498901,0.0,0.706093966960907,0.17413970828056335,0.0,0.00823449157178402,0.24197398126125336,0.0,0.0,0.2537301778793335,0.02137787826359272,0.0,0.12162002176046371,0.0,0.0,0.0048004817217588425,0.2526828944683075,0.0,0.011156284250319004,0.3137394189834595,0.01885492354631424,0.0,0.0,0.20749656856060028,0.45469629764556885,0.0,0.0,0.299348384141922,0.0,0.0,0.1607961803674698,0.0,0.0,0.0,0.0,0.0,0.0,0.029782969504594803,0.0,0.0,0.034843169152736664,0.003337132977321744,0.0,0.12350612878799438,0.09862085431814194,0.0,0.012352284044027328,0.28372663259506226,0.0,0.0,0.03543012589216232,0.028393138200044632,0.0,0.0,0.0,0.03187275305390358,0.019190793856978416,0.0,0.0,0.14464102685451508,0.0,0.020871512591838837,0.0,0.011686667799949646,0.06887874007225037,0.0,0.0,0.1659962683916092,0.0,0.0009803958237171173,0.0,0.002394553739577532,0.0,0.0,0.4027126431465149,0.0,0.0,0.27322888374328613,0.001433543860912323,0.043835241347551346,0.0,0.11880583316087723,0.0,0.0501784011721611,0.0,0.000710667110979557,0.0,0.0,0.0,0.0,0.3359883427619934,0.12587623298168182,0.0,0.060521721839904785,0.2202279269695282,0.009533783420920372,0.25130027532577515,0.4644009470939636,0.0,0.11344622075557709,0.0,0.0,0.0,0.0,0.0,0.052987948060035706,0.32227760553359985,0.19483166933059692,0.0,0.050049517303705215,0.07776015996932983,0.0,0.0,0.34252023696899414,0.06956936419010162,0.03393881395459175,0.0,0.0,0.34964829683303833,0.0,0.0050017135217785835,0.11025737971067429,0.0,0.1221945509314537,0.0,0.11149471253156662,0.2911040186882019,0.019174158573150635,0.5083954334259033,0.004992855712771416,0.0,0.27662432193756104,0.02104881964623928,0.30541613698005676,0.05311852693557739,0.0,0.0,0.0003149844706058502,0.017214816063642502,0.0,0.011198965832591057,0.0,0.2818734347820282,0.19244293868541718,0.14070060849189758,0.09277281910181046,0.0009623263031244278,0.0,0.0,0.0,0.48684361577033997,0.0,0.0,0.0,0.0,0.0,0.022590933367609978,0.010663345456123352,0.0,0.014806222170591354,0.17451994121074677,0.07612249255180359,0.01330342423170805,0.0,0.832625687122345,0.013788971118628979,0.1926182210445404,0.06229934096336365,0.0,0.0,0.04756287485361099,0.20668262243270874,0.0,0.17630994319915771,0.0013630450703203678,0.15047751367092133,0.0,0.19270865619182587,0.0,0.27670764923095703,0.010728323832154274,0.001820916309952736,0.35819992423057556,0.0,0.1279371976852417,0.0,0.0,0.5798078179359436,0.19436880946159363,0.024785444140434265,0.0,0.0,0.20889580249786377,0.4405536651611328,0.0,0.21187978982925415,0.371809184551239,0.16620013117790222,0.001124432310461998,0.0444430336356163,0.07585025578737259,0.0596744678914547,0.0,0.0,0.0,0.5032318830490112,0.1006401777267456,0.0,0.041910625994205475,0.05049874261021614,0.014015737920999527,0.0,0.4347849488258362,0.0,0.04230000823736191,0.028981806710362434,0.0,0.0026888754218816757,0.0,0.0,0.11833570152521133,0.0,0.18054699897766113,0.03541525453329086,0.0,0.0,0.4430232346057892,0.0,0.11466711014509201,0.0,0.2550187110900879,0.0,0.3017619252204895,0.020598165690898895,0.0604245699942112,0.1044049859046936,0.1542169749736786,0.004517966881394386,0.2475479245185852,0.06699080765247345,0.15954016149044037,0.14535650610923767,0.06855398416519165,0.20427200198173523,0.03400818258523941,0.3524695634841919,0.004712284542620182,0.0,0.042264584451913834,0.06008313596248627,0.0,0.2115153968334198,0.009097959846258163,0.01408938504755497,0.0,0.07226443290710449,0.7879100441932678,0.17311501502990723,0.02455783635377884,0.0,0.21640382707118988,0.18632987141609192,0.0,0.0,0.0045583173632621765,0.0,0.02810702472925186,0.09685593098402023,0.16328950226306915,0.008671414107084274,0.0,0.2536718547344208,0.19696557521820068,0.03294995799660683,0.07402412593364716,0.018536385148763657,0.024990910664200783,0.0,0.2490258514881134,0.026814129203557968,0.002575143240392208,0.0,0.22816096246242523,0.0,0.04670272767543793,0.01205832976847887,0.20468682050704956,0.37521523237228394,0.2634257674217224,0.05484597384929657,0.0,0.045658085495233536,0.022283894941210747,0.0,0.0,0.4911733865737915,0.0,0.007565263658761978,0.0,0.0,0.22011245787143707,0.0,0.15924489498138428,0.3463002145290375,0.11092934012413025,0.02291780337691307,0.02632175385951996,0.016154680401086807,0.0,0.014935711398720741,0.08543577045202255,0.051878422498703,0.19031016528606415,0.006918660365045071,0.0,0.05203720182180405,0.002430466003715992,0.027104774489998817,0.01247197575867176,0.0,0.028797192499041557,0.0,0.018052438274025917,0.0,0.2922423779964447,0.0,0.006531218066811562,0.0,0.007534862961620092,0.0,0.07826769351959229,0.008404596708714962,0.030537547543644905,0.004191500134766102,0.031223855912685394,0.0,0.0,0.2368088960647583,0.036749329417943954,0.0,0.0,0.010744890198111534,0.0,0.04473710060119629,0.0,0.030379576608538628,0.00666317343711853,0.20823118090629578,0.0,0.028696691617369652,0.012015383690595627,0.024520665407180786,0.0,0.0,0.10619356483221054,0.022859835997223854,0.0,0.026955358684062958,0.003726240945979953,0.04587069898843765,0.037090495228767395,0.08535883575677872,0.0,0.19361045956611633,0.12618553638458252,0.0,0.04140438884496689,0.0,0.0,0.0,0.0,0.02619062177836895,0.0,0.1241508424282074,0.0327555313706398,0.0,0.026614796370267868,0.02658422663807869,0.09685712307691574,0.0,0.0,0.0916207879781723,0.004956310614943504,0.006188729777932167,0.08826304972171783,0.32976505160331726,0.0,0.028089238330721855,0.0,0.0,0.008525921031832695,0.2431333363056183,0.0,0.14676183462142944,0.022064795717597008,0.13387852907180786,0.11392822116613388,0.06648281216621399,0.009942286647856236,0.04605909809470177,0.0,0.035323143005371094,0.03272716701030731,0.0,0.0,0.0,0.0,0.0,0.037554167211055756,0.07536044716835022,0.3084615170955658,0.0,0.179529070854187,0.011165432631969452,0.13020770251750946,0.410579115152359,0.0,0.0,0.18275567889213562,0.0,0.05520377680659294,0.0,0.0,0.047062184661626816,0.0,0.005127454176545143,0.0,0.21944841742515564,0.018332278355956078,0.0008703875355422497,0.0,0.19018763303756714,0.10682249069213867,0.18371890485286713,0.09265635907649994,0.016275009140372276,0.0011079779360443354,0.03815322741866112,0.02999594807624817,0.012215547263622284,0.009717436507344246,0.0,0.23036131262779236,0.003274358808994293,0.0,0.07301310449838638,0.0,0.0,0.0,0.0,0.30350252985954285,0.0,0.0,0.0028147022239863873,0.04166276007890701,0.0,0.03598805516958237,0.04286778345704079,0.006839023437350988,0.051818303763866425,0.0,0.0,0.12477481365203857,0.020941542461514473,0.23057445883750916,0.06408359110355377,0.005845719948410988,0.22141486406326294,0.0,0.0,0.08554073423147202,0.050323791801929474,0.0,0.24589897692203522,0.5095770359039307,0.2986169159412384,0.0025203016120940447,0.0,0.0,0.0,0.07623254507780075,0.021172819659113884,0.033401988446712494,0.03302504122257233,0.31032487750053406,0.0007510203868150711,0.0,0.32742953300476074,0.2838101089000702,0.018117755651474,0.0,0.0,0.0,0.20602302253246307,0.0,0.5100954174995422,0.1267443299293518,0.019214611500501633,0.0,0.0,0.029830796644091606,0.024246983230113983,0.0,0.0,0.0,0.2998545169830322,0.1847289502620697,0.0,0.014160744845867157,0.2058706134557724,0.0774439349770546,0.0,0.36421045660972595,0.07880043238401413,0.016541464254260063,0.01977848820388317,0.046491578221321106,0.006206721067428589,0.0,0.0,0.16722308099269867,0.0,0.4974402189254761,0.04114801064133644,0.0,0.0,0.5600345730781555,0.0,0.02841023914515972,0.008117225021123886,0.2716791033744812,0.0,0.32808706164360046,0.0,0.08176194131374359,0.010757309384644032,0.10448817908763885,0.09570127725601196,0.3292873501777649,0.01864631660282612,0.16428188979625702,0.14777855575084686,0.06020332872867584,0.3699275851249695,0.0,0.26170438528060913,0.011736562475562096,0.0,0.01982424408197403,0.011909469962120056,0.0,0.4272027015686035,0.0,0.0,0.18200597167015076,0.0034316168166697025,0.6605069637298584,0.05554603412747383,0.01441838126629591,0.0,0.3072656989097595,0.05968673527240753,0.042866192758083344,0.0,0.0,0.0,0.3957345187664032,0.07863140851259232,0.040483009070158005,0.0,0.0,0.11853091418743134,0.3598303198814392,0.0,0.2171487957239151,0.10063519328832626,0.09955552965402603,0.0,0.14233139157295227,0.045074719935655594,0.0,0.0,0.2593977153301239,0.22488051652908325,0.02398003824055195,0.0,0.14902709424495697,0.49721530079841614,0.14720584452152252,0.028827371075749397,0.16908203065395355,0.03376646339893341,0.03630455955862999,0.03245806694030762,0.017876800149679184,0.34335219860076904,0.0,0.0,0.1237906888127327,0.04258132353425026,0.12857182323932648,0.0,0.28245291113853455,0.29488781094551086,0.004149648826569319,0.006900911685079336,0.06650014221668243,0.0,0.0,0.19139663875102997,0.046766068786382675,0.010756827890872955,0.15045294165611267,0.005270953290164471,0.0,0.023864159360527992,0.10153518617153168,0.0005506138550117612,0.005407100543379784,0.21448519825935364,0.04461266100406647,0.005203545093536377,0.0,0.10556131601333618,0.31794044375419617,0.0,0.0,0.1296624094247818,0.0,0.0,0.09886030852794647,0.0,0.014874606393277645,0.0033822364639490843,0.00818313006311655,0.0,0.0,0.0928845927119255,0.0179031640291214,0.0,0.0010887280805036426,0.006174336653202772,0.0,0.0696723461151123,0.006767552345991135,0.0,0.0,0.10126369446516037,0.0,0.005164828151464462,0.003915464039891958,0.02054348587989807,0.0,0.0,0.042888887226581573,0.06536707282066345,0.0,0.004504051525145769,0.005918778479099274,0.0698072537779808,0.0,0.028742199763655663,0.0,0.10794910043478012,0.13665524125099182,0.00621782848611474,0.007768564857542515,0.040968071669340134,0.0,0.0,0.0,0.008638455532491207,0.0,0.005232054740190506,0.20277617871761322,0.0,0.0,0.1564152091741562,0.008162363432347775,0.005442130845040083,0.0,0.09342134743928909,0.0051689110696315765,0.00045502386637963355,0.045185212045907974,0.14286643266677856,0.0,0.0,0.0,0.0,0.1756480485200882,0.1640186309814453,0.0,0.1160501018166542,0.06109268218278885,0.03113771788775921,0.14615000784397125,0.23991058766841888,0.0,0.04587540030479431,0.0,0.0028432400431483984,0.005826324690133333,0.0,0.0,0.0,0.12245013564825058,0.06011004000902176,0.0,0.14360883831977844,0.18211165070533752,0.0,0.02025536075234413,0.2512832283973694,0.0727500170469284,0.18627218902111053,0.0,0.0,0.2789582312107086,0.0,0.028902260586619377,0.001731933793053031,0.0,0.053978342562913895,0.00041930179577320814,0.06520065665245056,0.08111850917339325,0.1326262205839157,0.2360343486070633,0.013182129710912704,0.0006708588334731758,0.21094560623168945,0.06357432901859283,0.39947447180747986,0.046084579080343246,0.0,0.0,0.013466930016875267,0.00403785053640604,0.0,0.0,0.0008880133973434567,0.20206063985824585,0.0629180297255516,0.06730601191520691,0.017053984105587006,0.0,0.0,0.0,0.0,0.4642653167247772,0.0,0.0,0.0,0.015482666902244091,0.0,0.02640719525516033,0.010850316844880581,0.002951844362542033,0.02725435420870781,0.018132347613573074,0.002321298234164715,0.05167701467871666,0.0,0.6285478472709656,0.018579846248030663,0.04391152784228325,0.06105418875813484,0.0,0.0,0.062081821262836456,0.21121439337730408,0.0,0.28600338101387024,0.16341111063957214,0.187188059091568,0.0,0.0036690793931484222,0.0015888070920482278,0.05034801363945007,0.015333987772464752,0.01031418889760971,0.151961550116539,0.014876468107104301,0.22434262931346893,0.0,0.002309601055458188,0.49448639154434204,0.32822373509407043,0.025419805198907852,0.0,0.0,0.09657720476388931,0.3271200358867645,0.0,0.2939409017562866,0.28823044896125793,0.06715046614408493,0.0,1.0695127248764038
82,0.13153815269470215,0.12858760356903076,0.03004780039191246,0.0,0.0,0.0,0.5562533140182495,0.05380178242921829,0.0,0.010689820162951946,0.03480154275894165,0.00260109337978065,0.0,0.3128419816493988,0.0,0.10133884102106094,0.05611870810389519,0.0,0.0,0.0,0.0,0.05313727259635925,0.0,0.23703445494174957,0.02067524753510952,0.0,0.0,0.4913625419139862,0.011280184611678123,0.09143953025341034,0.11721061915159225,0.31382495164871216,0.0,0.282706618309021,0.09305407851934433,0.054687339812517166,0.008726174011826515,0.21744012832641602,0.001476589939557016,0.07102115452289581,0.06225984916090965,0.16409090161323547,0.08353523164987564,0.11004164069890976,0.1733936071395874,0.16816218197345734,0.2776561677455902,0.026863113045692444,0.0,0.046216439455747604,0.16113682091236115,0.0,0.15428856015205383,0.019062049686908722,0.04703988507390022,0.0,0.30243420600891113,0.7333893775939941,0.2095789760351181,0.06671468168497086,0.0,0.08180157095193863,0.14018121361732483,0.0,0.0,0.009148037992417812,0.0,0.0,0.2182289958000183,0.15299701690673828,0.0365862138569355,0.0,0.17397506535053253,0.1411513388156891,0.0771331712603569,0.04741378873586655,0.009152904152870178,0.0588875412940979,0.0,0.1588183045387268,0.00938901025801897,0.06765460968017578,0.0,0.13808095455169678,0.0011169823119416833,0.0,0.058433063328266144,0.28909072279930115,0.33238694071769714,0.41317516565322876,0.03734861686825752,0.0,0.02431419864296913,0.07341345399618149,0.0,0.016532711684703827,0.5905753374099731,0.0,0.005387780722230673,0.0,0.0,0.3674263060092926,0.0,0.26546066999435425,0.41535863280296326,0.2449435591697693,0.05567939952015877,0.008707800880074501,0.005539460573345423,0.0,0.0,0.06696517765522003,0.04628325626254082,0.2565564215183258,0.0803874060511589,0.0,0.03540181741118431,0.0,0.09012733399868011,0.021488627418875694,0.0,0.056905072182416916,0.0,0.008996901102364063,0.0,0.32387545704841614,0.0,0.027254806831479073,0.0,0.033114347606897354,0.0,0.16968075931072235,0.03239649161696434,0.0028584820684045553,0.0330452062189579,0.13951373100280762,0.0,0.0,0.05075351893901825,0.010137014091014862,0.0,0.0,0.013710932806134224,0.0,0.14939726889133453,0.0,0.04916941747069359,0.0,0.007824589498341084,0.0,0.05180671811103821,0.15970702469348907,0.09217426925897598,0.0,0.0,0.31081023812294006,0.01859320141375065,0.0,0.03400709107518196,0.03834942728281021,0.30184850096702576,0.2095961570739746,0.013509219512343407,0.0,0.13388940691947937,0.11398546397686005,0.0,0.1704460084438324,0.0,0.0,0.0,0.002265953691676259,0.022037873044610023,0.02868298813700676,0.2555587887763977,0.11340128630399704,0.026940813288092613,0.1474878191947937,0.0,0.02282305806875229,0.0,0.0,0.22601720690727234,0.0,0.0,0.2037024348974228,0.33564332127571106,0.0,0.08683321624994278,0.0,0.0,0.0,0.14073991775512695,0.008201501332223415,0.28719282150268555,0.09654376655817032,0.02784579247236252,0.21012119948863983,0.0,0.04135638475418091,0.12204794585704803,0.0,0.03324095532298088,0.09259480237960815,0.0,0.0,0.0,0.0,0.0,0.09389567375183105,0.05115225166082382,0.37553492188453674,0.04071866348385811,0.2569482922554016,0.0,0.07176444679498672,0.40695667266845703,0.0007231479394249618,0.028414223343133926,0.2533780038356781,0.0,0.07320413738489151,0.0,0.0003991533594671637,0.013262348249554634,0.0,0.058382511138916016,0.0,0.36639687418937683,0.0,0.010631314478814602,0.0,0.33714237809181213,0.07933700084686279,0.07300762087106705,0.13905219733715057,0.05063137784600258,0.0,0.03970684856176376,0.08612551540136337,0.0627865344285965,0.0,0.0,0.34194737672805786,0.0,0.019089147448539734,0.05012441426515579,0.0,0.0,0.0,0.0,0.2785615026950836,0.0,0.0,0.01285085640847683,0.15001901984214783,0.0,0.07677320390939713,0.05956804007291794,0.005413317121565342,0.15919899940490723,0.0,0.0,0.16626282036304474,0.21273648738861084,0.10866978019475937,0.11625723540782928,0.0,0.18332929909229279,0.0,0.006549063138663769,0.08812972158193588,0.0012092192191630602,0.0,0.3314476013183594,0.5888422727584839,0.21927380561828613,0.06503534317016602,0.0,0.0,0.0,0.002769127953797579,0.013730060309171677,0.007652553729712963,0.046891529113054276,0.4589390456676483,0.0,0.06468583643436432,0.23182375729084015,0.16791141033172607,0.021466994658112526,0.0,0.003176826983690262,0.0,0.23012106120586395,0.0,0.5445550084114075,0.04758678004145622,0.002124018734320998,0.024829111993312836,0.5416882634162903,0.20798130333423615,0.2662208676338196,0.0,0.0,0.0,1.0151817798614502,0.0,0.007687476463615894,0.3833911120891571,0.008574907667934895,0.0,0.0,0.5910347104072571,0.0,0.009286771528422832,0.031797461211681366,0.0,0.0,0.017868485301733017,0.0,0.005202101077884436,0.03490433096885681,0.010885943658649921,0.16594313085079193,0.002946047345176339,0.0,0.7573108673095703,0.08457302302122116,0.03479490056633949,0.010237184353172779,0.563236653804779,0.0,0.005945172626525164,0.33577749133110046,0.03682831674814224,0.0,0.4683355689048767,0.061781223863363266,0.00038220908027142286,0.9565603137016296,0.31341519951820374,0.09620025753974915,0.04785769432783127,0.05707733333110809,0.6697444319725037,0.833453893661499,0.02908436208963394,0.0,0.17174343764781952,0.23679237067699432,0.017799368128180504,0.3031168282032013,0.0007998193032108247,0.07699310779571533,0.0,0.9315018057823181,1.8331695795059204,0.7444125413894653,0.2398565411567688,0.0,0.0,0.6691035628318787,0.0,0.0,0.0873865857720375,0.0018210263224318624,0.005587445106357336,0.8255873322486877,0.49270543456077576,0.3790234625339508,0.0,0.5453169941902161,0.5081740617752075,0.34983789920806885,0.0,0.24415846168994904,0.0,0.0,0.10514845699071884,0.02901189774274826,0.0,0.004890539683401585,0.2079983800649643,0.0,0.0,0.01102143432945013,0.8264026045799255,0.3188704550266266,0.41562047600746155,0.3089893162250519,0.0,0.0580042265355587,0.19683772325515747,0.0,0.5113283395767212,1.1613668203353882,0.0,0.007770908996462822,0.0001522666570963338,0.0193614698946476,0.7026661038398743,0.0,0.007349773310124874,0.5153951644897461,0.6618069410324097,0.17988085746765137,0.12752482295036316,0.2662500739097595,0.0,0.0,0.11951643228530884,0.3446751832962036,0.5295689702033997,1.036062240600586,0.0,0.22721992433071136,0.041940122842788696,0.25230488181114197,0.07628434151411057,0.0,0.7153369784355164,0.20243361592292786,0.0,0.0,0.0,0.0,0.3786470592021942,0.0,0.0003568604588508606,0.008688987232744694,0.0011408530408516526,0.6153426766395569,0.045276954770088196,0.13129590451717377,0.8938624858856201,0.0,0.0,0.3861851096153259,0.03218039125204086,0.0,0.0,0.050511106848716736,0.0,0.10378120839595795,0.0,0.6995187401771545,0.01035310234874487,0.0,0.0,0.0,0.4099135100841522,0.02441452629864216,0.0,0.0,1.2095826864242554,0.1161559596657753,0.0,0.026889128610491753,0.09963463246822357,0.6544652581214905,0.4566594362258911,0.20660609006881714,0.0,0.11996915936470032,0.26325523853302,0.0,0.4549017548561096,0.0,0.0,0.04590373858809471,0.015577699989080429,0.015657175332307816,0.04394957795739174,1.6305617094039917,0.04518449306488037,0.025149988010525703,0.4748533368110657,0.0,0.00365474377758801,0.0,0.003957320936024189,0.044352974742650986,0.024500951170921326,0.0,0.6721904873847961,1.0088274478912354,0.026550965383648872,0.7821952700614929,0.0,0.0,0.0,0.2487892508506775,0.0009642536169849336,0.4390808045864105,0.3713257610797882,0.029764117673039436,0.11204379051923752,0.0021208778489381075,0.48033010959625244,0.21520179510116577,0.0,0.12212736904621124,0.5535287261009216,0.0,0.014373896643519402,0.0,0.03374667093157768,0.0,0.29884591698646545,0.1842261701822281,0.948043942451477,0.06769970804452896,0.5200276374816895,0.0,0.061467062681913376,0.8895312547683716,0.0,0.23681220412254333,0.09617231786251068,0.0,0.6121633648872375,0.04192200303077698,0.22590668499469757,0.02272012270987034,0.0,0.8412157297134399,0.0,1.1102091073989868,0.0,0.37414121627807617,0.13676407933235168,0.47722452878952026,0.13262318074703217,0.02336915209889412,0.30786386132240295,0.5392465591430664,0.0,0.035478126257658005,0.023846281692385674,0.35487666726112366,0.0,0.003096733009442687,0.11704809963703156,0.0,0.10597465932369232,0.0,0.0,0.0,0.0,0.0,0.4555143117904663,0.0,0.0,0.0479726567864418,0.8151054978370667,0.008903443813323975,0.09689036011695862,0.06539367139339447,0.20186816155910492,0.05559519678354263,0.0,0.00819437950849533,0.2592633366584778,0.7912307977676392,0.022719040513038635,0.2114092856645584,0.0,0.20160086452960968,0.0,0.09890246391296387,0.3424542546272278,0.0,0.0,0.7940532565116882,1.2241188287734985,0.32358118891716003,0.5189617872238159,0.0,0.0,0.009715095162391663,0.08383305370807648,0.00691309804096818,0.09689944982528687,0.42356589436531067,0.8112440705299377,0.0,0.21159428358078003,0.0,0.15482690930366516,0.1566222459077835,0.0,0.10799307376146317,0.07062318176031113,0.0,0.13155683875083923,0.5431278944015503,0.21124865114688873,0.05948982015252113,0.0601903572678566,0.504612386226654,0.18463951349258423,0.06958875805139542,0.015896787866950035,0.0,0.0,0.9089520573616028,0.030871305614709854,0.037779197096824646,0.26951754093170166,0.027189014479517937,0.008875333704054356,0.018296081572771072,0.5096732378005981,0.011742502450942993,0.11598130315542221,0.12990044057369232,0.0,0.0034719151444733143,0.05272256210446358,0.0,0.06187767535448074,0.02191358245909214,0.022638464346528053,0.0511811301112175,0.0,0.0,0.673315167427063,0.09199380874633789,0.03253689035773277,0.14763735234737396,0.5375382900238037,0.0,0.06155756860971451,0.35437560081481934,0.055142536759376526,0.0,0.30627089738845825,0.06670477986335754,0.04938381165266037,0.605704665184021,0.3885171711444855,0.13825459778308868,0.1765207201242447,0.12694601714611053,0.637973964214325,0.5799936652183533,0.003332448424771428,0.0,0.0709068700671196,0.23289482295513153,0.01946745254099369,0.3459264039993286,0.012902866117656231,0.056929681450128555,0.0,0.9142180681228638,1.4197161197662354,0.70296710729599,0.2373417168855667,0.0,0.054107870906591415,0.6369667053222656,0.0,0.05637283995747566,0.19357049465179443,0.0,0.00495765870437026,0.7551115155220032,0.5034093260765076,0.20355354249477386,0.0,0.31230801343917847,0.2255776971578598,0.3500068187713623,0.0252129677683115,0.06378684192895889,0.021826956421136856,0.04082243889570236,0.14666584134101868,0.03137737512588501,0.007251326460391283,0.008115346543490887,0.11288121342658997,0.015766846016049385,0.007991226390004158,0.019767949357628822,0.8865312933921814,0.2882446348667145,0.5005944967269897,0.13098923861980438,0.017183443531394005,0.06788889318704605,0.08126672357320786,0.019226929172873497,0.2304023653268814,1.2014135122299194,0.0018369173631072044,0.1410040408372879,0.002257269574329257,0.01126135978847742,1.0716215372085571,0.0,0.10819991677999496,0.405806303024292,0.6394189596176147,0.1748259961605072,0.033907435834407806,0.2587825059890747,0.0,0.0,0.07542149722576141,0.12901076674461365,0.5387909412384033,0.548412024974823,0.0,0.2499818503856659,0.02949816733598709,0.11482175439596176,0.036715056747198105,0.0,0.39475300908088684,0.0909019336104393,0.0027258337941020727,0.0,0.005488733761012554,0.023364193737506866,0.2683352828025818,0.002592656295746565,0.015285077504813671,0.003891932312399149,0.01639723964035511,0.4451421797275543,0.02186013013124466,0.18068264424800873,0.6853263974189758,0.0,0.0,0.2822827994823456,0.03154419735074043,0.0,0.0,0.022021198645234108,0.002389468951150775,0.09000743180513382,0.0,0.35775041580200195,0.003675489453598857,0.0007775853737257421,0.0,0.003245934145525098,0.3648475110530853,0.21096694469451904,0.0,0.0,0.8031072616577148,0.10072121769189835,0.0,0.016317332163453102,0.10580332577228546,0.5199004411697388,0.4243898093700409,0.07576452940702438,0.0693618580698967,0.16342993080615997,0.3003743588924408,0.0,0.375974178314209,0.0,0.0,0.028856441378593445,0.005793806631118059,0.056718818843364716,0.002344595966860652,1.2377465963363647,0.05361051857471466,0.0628090500831604,0.24434055387973785,0.0028697927482426167,0.004535167943686247,0.003035866655409336,0.014658557251095772,0.12045180797576904,0.07096722722053528,0.0,0.5560007095336914,0.9622141718864441,0.020512839779257774,0.5169151425361633,0.00024713180027902126,0.026880355551838875,0.0,0.2865229845046997,0.0226550605148077,0.34615305066108704,0.17169103026390076,0.06083634868264198,0.11607315391302109,0.0,0.2580486536026001,0.06373382359743118,0.0,0.27665674686431885,0.28872430324554443,0.004183280747383833,0.046134836971759796,0.0,0.0,0.02516157738864422,0.3515964150428772,0.14151152968406677,0.9092544317245483,0.03980940952897072,0.4611339271068573,0.012037127278745174,0.06138390302658081,0.68128502368927,0.0330459401011467,0.1689116209745407,0.10347864776849747,0.003123881760984659,0.4876389801502228,0.0,0.10699399560689926,0.04006956145167351,0.0,0.35332223773002625,0.008085694164037704,0.9620691537857056,0.0,0.21201176941394806,0.06593147665262222,0.33644169569015503,0.15615400671958923,0.018042802810668945,0.21473300457000732,0.3677121102809906,0.0,0.026652440428733826,0.027528250589966774,0.2913006842136383,0.0,0.002409851411357522,0.17940710484981537,0.0025777725968509912,0.14056441187858582,0.017760377377271652,0.0,0.0,0.017258325591683388,0.0,0.561521053314209,0.0,0.0,0.027664488181471825,0.41126182675361633,0.025860309600830078,0.11518485099077225,0.14311835169792175,0.14957329630851746,0.10387106984853745,0.0,0.0,0.2864794433116913,0.6680884957313538,0.09391040354967117,0.2938665449619293,0.0,0.31465455889701843,0.0028061866760253906,0.049507271498441696,0.21012045443058014,0.0,0.000371783331502229,0.5506541132926941,1.0112426280975342,0.271840363740921,0.39492660760879517,0.0,0.0,0.0041827610693871975,0.1296306699514389,0.04003823176026344,0.022026021033525467,0.3903338611125946,0.7869842648506165,0.05016253516077995,0.13375972211360931,0.05773463472723961,0.12513935565948486,0.0965435728430748,0.0,0.19027218222618103,0.04744088277220726,0.059297218918800354,0.16294842958450317,0.3389730751514435,0.10874754935503006,0.029412996023893356,0.03939567506313324,-0.3788495361804962
83,0.010871869511902332,0.07731997221708298,0.003566709579899907,0.0,0.0,0.0,0.04559313878417015,0.11703434586524963,0.0,0.11888720095157623,0.3507412374019623,0.05653119087219238,0.0,0.17350120842456818,0.505478024482727,0.00857020728290081,0.0,0.46795812249183655,0.2322935312986374,0.0,0.07316320389509201,0.12406948208808899,0.0,0.7825745344161987,0.1916106790304184,0.0,0.0,0.43740853667259216,0.007325485348701477,0.024916749447584152,0.0,0.22016794979572296,0.029709842056035995,0.15841196477413177,0.0029914577025920153,0.0,0.0,0.03199658915400505,0.378593772649765,0.2828337252140045,0.0804596021771431,0.006402889732271433,0.15086038410663605,0.0,0.2261563390493393,0.0,0.17662449181079865,0.006084487773478031,0.0,0.25810757279396057,0.0,0.011152436025440693,0.7868145704269409,0.0005660715396516025,0.0,0.373820036649704,0.0,0.4491714835166931,0.020521901547908783,0.003996139857918024,0.0,0.16990849375724792,0.05170299485325813,0.3407718241214752,0.0,0.0,0.0,0.9618178606033325,0.09241757541894913,0.024016285315155983,0.0,0.0,0.07885036617517471,0.6561362743377686,0.0,0.1077125146985054,0.4123365879058838,0.048879384994506836,0.0,0.0,0.2283109873533249,0.0,0.0810321718454361,0.1760140210390091,0.8165987133979797,0.02723129466176033,0.0,0.10090456157922745,0.6226677298545837,0.051211703568696976,0.036699194461107254,0.6775757074356079,0.009577463380992413,0.09479627758264542,0.002111513167619705,0.07794614881277084,0.08407287299633026,0.0,0.0,0.057358790189027786,0.47546476125717163,0.08803736418485641,0.0,0.7763113379478455,0.013242719694972038,0.0,0.00516851432621479,0.5325803756713867,0.0007167694275267422,0.0,0.43509915471076965,0.015372054651379585,0.0,0.20939652621746063,0.044629354029893875,0.01122763566672802,0.01651938445866108,0.5213087201118469,0.0,0.026259923353791237,0.33882585167884827,0.18468904495239258,0.0034294009674340487,0.0,0.2915039658546448,0.17220360040664673,0.0,0.0,0.4217320680618286,0.0,0.0,0.14112578332424164,0.0,0.01899428851902485,0.006146268919110298,0.10085500031709671,0.07333336770534515,0.0,0.06503919512033463,0.0,0.0,0.005832727067172527,0.0,0.0,0.03514448553323746,0.06012934446334839,0.026763135567307472,0.0003349623875692487,0.012731467373669147,0.0,0.0,0.013106280006468296,0.00867252703756094,0.0,0.003177858889102936,0.07045069336891174,0.07448088377714157,0.0,0.0,0.0,0.024432053789496422,0.0,0.04679444059729576,0.004463404417037964,0.0,0.08203338086605072,0.0,0.0,0.23979292809963226,0.015345552004873753,0.09395954757928848,0.08317802101373672,0.0,0.0,0.07283718883991241,0.4676276743412018,0.0,0.0,0.305989533662796,0.0,0.11758439987897873,0.010457456111907959,0.042501989752054214,0.0030821163672953844,0.02681034430861473,0.0,0.0036640597973018885,0.0,0.0,0.0,0.0,0.5571654438972473,0.15573330223560333,0.0,0.04269517585635185,0.24129420518875122,0.0,0.14727114140987396,0.7018538117408752,0.0,0.15674175322055817,0.0,0.0,0.0,0.0,0.0,0.038185667246580124,0.969298243522644,0.4245877265930176,0.0,0.21162959933280945,0.0971364825963974,0.0,0.0,0.47147804498672485,0.033204350620508194,0.026572788134217262,0.0,0.0,0.1445673257112503,0.0,0.07977751642465591,0.46467071771621704,0.0,0.16922208666801453,0.0016907869139686227,0.3108319342136383,0.48557350039482117,0.012285270728170872,0.5551717877388,0.07063960283994675,0.19996227324008942,0.29451823234558105,0.008445100858807564,0.24594470858573914,0.003985076677054167,0.0,0.0,0.0,0.006948967929929495,0.0,0.0,0.011709816753864288,0.05111215263605118,0.42276373505592346,0.21626794338226318,0.04822269454598427,0.0,0.0,0.0,0.0,0.670013964176178,0.0,0.0,0.0018558526644483209,0.0,0.0,0.0,0.0037636396009474993,0.0,0.0,0.2675582468509674,0.21541042625904083,0.0,0.0,1.0181695222854614,0.0,0.22362855076789856,0.021951530128717422,0.0,0.0,0.09064236283302307,0.3240807056427002,0.0,0.1750108301639557,0.0,0.04259307682514191,0.0,0.37795671820640564,0.0,0.43422287702560425,0.0,0.0,0.6266641616821289,0.0,0.0488186739385128,0.0,0.0,0.43252328038215637,0.034887030720710754,0.04148560389876366,0.0,0.0,0.5253356099128723,0.4231692850589752,0.0,0.01734388805925846,0.7080551385879517,0.2885471284389496,0.047415561974048615,0.21835029125213623,0.09956363588571548,0.0384676419198513,0.0,0.0,0.0,0.33715906739234924,0.059216730296611786,0.017512908205389977,0.10980261117219925,0.16082477569580078,0.01777663640677929,0.0,0.3836466372013092,0.12852606177330017,0.03636793792247772,0.003232085146009922,0.12849530577659607,0.05346963554620743,0.0,0.0,0.069413922727108,0.0,0.35476428270339966,0.1238357201218605,0.0,0.0,0.4117734730243683,0.008149519562721252,0.0788789689540863,0.011916269548237324,0.2901255190372467,0.0,0.11965332925319672,0.06384796649217606,0.0,0.02397857792675495,0.07796783000230789,0.16823506355285645,0.30082112550735474,0.31584417819976807,0.025825588032603264,0.2164282351732254,0.0,0.13068516552448273,0.00971502810716629,0.38206276297569275,0.0,0.0,0.08807948976755142,0.004578184336423874,0.0,0.6208317875862122,0.0,0.0,0.04199458658695221,0.056427001953125,0.831071138381958,0.2238951325416565,0.015422130934894085,0.0,0.014288024976849556,0.2882229685783386,0.02136329375207424,0.0,0.0,0.0,0.43381014466285706,0.25862282514572144,0.23496325314044952,0.0,0.0,0.1886502057313919,0.6162446737289429,0.005101572256535292,0.03335614874958992,0.1996307373046875,0.0,0.0,0.10210008919239044,0.08806134015321732,0.0,0.05096672102808952,0.1850556880235672,0.22314368188381195,0.05548402667045593,0.0,0.28929752111434937,0.5009729862213135,0.1775590479373932,0.050680745393037796,0.2913142740726471,0.04844851791858673,0.0018681545043364167,0.0,0.0997905507683754,0.45754119753837585,0.0,0.005124810617417097,0.0,0.33765891194343567,0.376232773065567,0.0,0.34927040338516235,0.14936096966266632,0.11458471417427063,0.01480936724692583,0.29317182302474976,0.043854571878910065,0.0,0.22141888737678528,0.07179924100637436,0.003668945748358965,0.27881771326065063,0.1159224659204483,0.0,0.14790619909763336,0.1909882128238678,0.0,0.03681175038218498,0.13377045094966888,0.21930237114429474,0.03923065960407257,0.0,0.030716413632035255,0.02998698502779007,0.0,0.0,0.08356926590204239,0.0,0.0,0.019129090011119843,0.03239317238330841,0.04197065532207489,0.030865494161844254,0.20867177844047546,0.02217513881623745,0.0,0.2090674191713333,0.01112489216029644,0.0,0.0,0.0,0.0,0.05412377789616585,0.030864153057336807,0.08997751027345657,0.0,0.09197860956192017,0.0,0.0,0.02017062157392502,0.012506883591413498,0.0,0.0,0.23073549568653107,0.10862500220537186,0.0,0.00206971843726933,0.007474579848349094,0.032855074852705,0.03927597030997276,0.098565973341465,0.007039519492536783,0.02979707159101963,0.1598106175661087,0.0,0.0009322464466094971,0.04337522014975548,0.0,0.020565215498209,0.030141571536660194,0.015149067156016827,0.0,0.42462122440338135,0.11056826263666153,0.0,0.004417091608047485,0.1672649085521698,0.014094929210841656,0.020460372790694237,0.0,0.09520450234413147,0.019090697169303894,0.018131818622350693,0.08537910133600235,0.33934974670410156,0.0,0.007491643074899912,0.0,0.0,0.21473699808120728,0.2838228940963745,0.0,0.17169983685016632,0.10780840367078781,0.06925055384635925,0.11594205349683762,0.2920725643634796,0.0,0.08347893506288528,0.0,0.007006207946687937,0.08526883274316788,0.0,0.0,0.011678793467581272,0.4321897625923157,0.15045049786567688,0.05091669782996178,0.17775842547416687,0.3649847209453583,0.0,0.0,0.17671771347522736,0.05798174440860748,0.1837529093027115,0.0,0.0,0.039646923542022705,0.01092261541634798,0.13594114780426025,0.24311572313308716,0.0,0.12158858776092529,0.0,0.18785491585731506,0.12915457785129547,0.2688094675540924,0.14075809717178345,0.15526142716407776,0.11138749122619629,0.2222631275653839,0.03258925676345825,0.0995333343744278,0.0,0.0,0.0,0.013973714783787727,0.007578507997095585,0.014912145212292671,0.0,0.009360040538012981,0.02927371859550476,0.1400759220123291,0.09455231577157974,0.07158461213111877,0.004744863603264093,0.0,0.004389640409499407,0.0,0.628820538520813,0.0,0.0,0.041817788034677505,0.0,0.0,0.025136031210422516,0.0007106636767275631,0.007327877916395664,0.0007253653602674603,0.02064277045428753,0.054262880235910416,0.04930511489510536,0.014769461937248707,0.5688287615776062,0.01482363510876894,0.10211290419101715,0.05475768819451332,0.0,0.0,0.08510737121105194,0.15327347815036774,0.0,0.14846393465995789,0.20990662276744843,0.14237435162067413,0.0,0.05367618054151535,0.0,0.08919505774974823,0.040981028228998184,0.004135313909500837,0.25530707836151123,0.023365825414657593,0.24330070614814758,0.0,0.0,0.3008722960948944,0.03640312701463699,0.025701338425278664,0.0,0.0,0.3529437780380249,0.19727672636508942,0.0,0.18650159239768982,0.5692127346992493,0.1097656786441803,0.0,0.1521979719400406,0.04264334589242935,0.018183402717113495,0.0,0.0,0.0,0.23596617579460144,0.11252906173467636,0.008791238069534302,0.06966996937990189,0.18486468493938446,0.05933321267366409,0.0,0.3356174826622009,0.3413632810115814,0.017926577478647232,0.0002756649046204984,0.18638454377651215,0.00888066366314888,0.0,0.0013536890037357807,0.15252627432346344,0.0,0.49963492155075073,0.10655727982521057,0.0,0.0,0.5515051484107971,0.00190206419210881,0.012064379639923573,0.0,0.3501279950141907,0.0,0.17179293930530548,0.0076247891411185265,0.03560139238834381,0.0,0.04797467216849327,0.28635671734809875,0.3257935345172882,0.2157745659351349,0.0772380456328392,0.14329509437084198,0.0047192987985908985,0.252993106842041,0.0,0.28936782479286194,0.0014609512872993946,0.0,0.1665806770324707,0.0,0.0033838169183582067,0.7221704125404358,0.0,0.0,0.25020620226860046,0.004377697128802538,0.735933244228363,0.14366401731967926,0.04324010759592056,0.0,0.15527909994125366,0.22845613956451416,0.15211428701877594,0.0,0.0,0.0,0.6786055564880371,0.209618479013443,0.1476941853761673,0.0,0.0,0.09454480558633804,0.6031731963157654,0.0,0.10329131782054901,0.29118356108665466,0.032312940806150436,0.0,0.02268305979669094,0.09689684957265854,0.0,0.030267007648944855,0.2135392129421234,0.460165411233902,0.015466416254639626,0.0,0.3056718111038208,0.5500971078872681,0.11029435694217682,0.022400712594389915,0.37577417492866516,0.015499665401875973,0.04198969528079033,0.01966155506670475,0.10517536848783493,0.3902583122253418,0.0,0.0005853316397406161,0.08862694352865219,0.3186199367046356,0.2634248435497284,0.0,0.35473740100860596,0.12432917207479477,0.010662191547453403,0.005955817177891731,0.3014758825302124,0.011753648519515991,0.0,0.3391713798046112,0.026646748185157776,0.004083509556949139,0.2814236283302307,0.07313399761915207,0.0,0.09229382872581482,0.3225785195827484,0.0,0.01903585158288479,0.286609947681427,0.20686949789524078,0.0036454638466238976,0.0,0.18313924968242645,0.09265647828578949,0.0,0.0011055506765842438,0.24993574619293213,0.0,0.0,0.06724981218576431,0.00017539324471727014,0.006870111916214228,0.01733325980603695,0.19398577511310577,0.03112424910068512,0.0,0.08087003976106644,0.00575662637129426,0.0,0.0,0.0,0.0,0.03752945736050606,0.008047775365412235,0.053737230598926544,0.0,0.0008924551075324416,0.0,0.0,0.01408231258392334,0.0,0.0,0.0,0.14775605499744415,0.08889331668615341,0.0,0.0016583931865170598,0.014692592434585094,0.04168109595775604,0.007249300833791494,0.04678485170006752,0.0023871397133916616,0.034714046865701675,0.14220517873764038,0.004513232968747616,0.0,0.1235000267624855,0.0,0.025404654443264008,0.05771667882800102,0.001848256797529757,0.0,0.32121020555496216,0.2773570716381073,0.0,0.0,0.17386555671691895,0.0,0.018995502963662148,0.0028871048707515,0.04009217396378517,0.006795178633183241,0.0,0.08421855419874191,0.19490669667720795,0.0,0.0,0.0,0.0,0.37865370512008667,0.22384007275104523,0.0,0.1460508406162262,0.14126724004745483,0.00664061214774847,0.0938233807682991,0.4463275969028473,0.0,0.09254062175750732,0.0,0.0017619746504351497,0.02887953445315361,0.0,0.0,0.0,0.6839010715484619,0.23496367037296295,0.0006498388829641044,0.26947563886642456,0.2470628023147583,0.0,0.0001497247867519036,0.2852870523929596,0.010549629107117653,0.11381104588508606,0.0,0.0,0.16150349378585815,0.0010458139004185796,0.09027135372161865,0.27784255146980286,0.0,0.07982058078050613,0.006166535429656506,0.28001561760902405,0.2240447998046875,0.1715245097875595,0.309333473443985,0.08343373984098434,0.1768369972705841,0.23613424599170685,0.019995249807834625,0.2634321451187134,0.004362008534371853,0.0,0.0,0.009644734673202038,0.004146920517086983,0.0,0.0,0.006114546675235033,0.050470080226659775,0.19806219637393951,0.20684218406677246,0.0,0.0,0.0,0.0,0.0,0.6503787040710449,0.0,0.0,0.016064731404185295,0.0,0.0,0.001106831943616271,0.005271675065159798,0.001430298900231719,6.424241291824728e-05,0.07736360281705856,0.08514329791069031,0.01124556828290224,0.0,0.8478503823280334,0.00452161580324173,0.09310726821422577,0.014875203371047974,0.0,0.0,0.0730263963341713,0.3042002320289612,0.0,0.20113098621368408,0.06289971619844437,0.04694325104355812,0.0,0.16605238616466522,0.0,0.20474395155906677,0.00043522610212676227,0.0,0.38051751255989075,0.01926419325172901,0.19011881947517395,0.0,0.0,0.3584800064563751,0.12805764377117157,0.02559030055999756,0.0,0.0,0.3461240828037262,0.29380691051483154,0.0,0.10257153958082199,0.5677881240844727,0.1323946863412857,0.022148652002215385,2.095452070236206
84,0.08555958420038223,0.12197568267583847,0.2657015025615692,0.0,0.0,0.0,0.554180920124054,0.021581020206212997,0.017007816582918167,0.21662405133247375,0.038197752088308334,0.0,0.0,0.3360939621925354,0.0,0.06665964424610138,0.0,0.0,0.0,0.002113375812768936,0.0,0.007220244500786066,0.015379172749817371,0.3887833058834076,0.102030910551548,0.0010325330076739192,0.0,0.6312861442565918,0.045153792947530746,0.010146803222596645,0.059204887598752975,0.33228492736816406,0.0,0.07084959000349045,0.12692604959011078,0.045857563614845276,0.0,0.407912015914917,0.1568085253238678,0.0225753765553236,0.3744402229785919,0.14112697541713715,0.14026446640491486,0.022651849314570427,0.22281070053577423,0.27632641792297363,0.29302582144737244,0.016876500099897385,0.0,0.21918454766273499,0.09299203008413315,0.0036158524453639984,0.27891597151756287,0.005374039988964796,0.07116185128688812,0.0,0.41538572311401367,0.9314582943916321,0.2796251177787781,0.05751028284430504,0.0,0.0019695856608450413,0.12170346081256866,0.0,0.0,0.0,0.0,0.0763348862528801,0.2722720503807068,0.11276166886091232,0.14645832777023315,0.0,0.2893589437007904,0.3741455078125,0.04340989515185356,0.021139616146683693,0.2529618740081787,0.1186448335647583,0.0,0.0010672964854165912,0.07905300706624985,0.020018666982650757,0.0,0.17820706963539124,0.20426733791828156,0.012238740921020508,0.0,0.27588608860969543,0.4460205137729645,0.22320733964443207,0.14955686032772064,0.013567081652581692,0.003707310650497675,0.2024647742509842,0.0,0.2945483326911926,0.4101978838443756,0.0,0.0,0.0,0.04244392737746239,0.2840019762516022,0.00411278335377574,0.31425219774246216,0.2280573844909668,0.12307335436344147,0.09157802164554596,0.2031387835741043,0.026713285595178604,0.0,0.0,0.07896634191274643,0.14438621699810028,0.3046388328075409,0.4688125550746918,0.0,0.07591549307107925,0.18129348754882812,0.10110453516244888,0.06893303245306015,0.0,0.4285569190979004,0.2511771321296692,0.0026447863783687353,0.0,0.0020820030476897955,0.0,0.30782973766326904,0.0,0.005357574671506882,0.0,0.03129344806075096,0.21093177795410156,0.07609601318836212,0.07444217056035995,0.24039311707019806,0.0,0.0,0.1519589126110077,0.0,0.0,0.0,0.10135243088006973,0.0,0.1860274374485016,0.0,0.19337835907936096,0.0028471872210502625,0.0,0.0,0.0,0.3886139392852783,0.016819126904010773,0.0,0.0,0.774865448474884,0.08855872601270676,0.0,0.0017891466850414872,0.018777329474687576,0.4813806712627411,0.06210532411932945,0.1007334366440773,0.0,0.0007535979384556413,0.09028535336256027,0.0,0.08702776581048965,0.0,0.0,0.036823149770498276,0.0,0.0,0.00760143855586648,0.5416900515556335,0.18172045052051544,0.017451245337724686,0.20712952315807343,0.0,0.007264137268066406,0.0,0.019961338490247726,0.19897539913654327,0.05118269473314285,0.0,0.2572493553161621,0.35811975598335266,0.016123278066515923,0.4241897761821747,0.0,0.0,0.0,0.012896138243377209,0.030953455716371536,0.12596027553081512,0.512128472328186,0.04305853322148323,0.3555532693862915,0.05528116971254349,0.09849698841571808,0.20765426754951477,0.0,0.021168846637010574,0.2402060478925705,0.0,0.0,0.0,0.07784321159124374,0.05353492125868797,0.10897692292928696,0.04056359454989433,0.3583240211009979,0.02623583748936653,0.32427823543548584,0.004896427039057016,0.07091834396123886,0.4582730233669281,0.0,0.06341103464365005,0.22205977141857147,0.005846045445650816,0.2567245662212372,0.034743890166282654,0.0548991933465004,0.013052741065621376,0.038681820034980774,0.570581316947937,0.0036336169578135014,0.4904848039150238,0.0,0.15490292012691498,0.1085275411605835,0.5043468475341797,0.19228427112102509,0.02460399642586708,0.13433824479579926,0.04553646966814995,0.0,0.02135668694972992,0.0024436318781226873,0.1435951292514801,0.005415624938905239,0.0007463902584277093,0.26009079813957214,0.0,0.13062314689159393,0.021742774173617363,0.0,0.0,0.0,0.0,0.28524693846702576,0.0,0.0,0.02518092468380928,0.49875590205192566,0.0,0.0016351882368326187,0.017628444358706474,0.17282985150814056,0.08895856887102127,0.0,0.05073035880923271,0.20874564349651337,0.34945476055145264,0.2417229264974594,0.09288235008716583,0.0,0.08240842074155807,0.0,0.0,0.17382189631462097,0.0,0.0,0.9008073806762695,0.376160591840744,0.21095295250415802,0.09500398486852646,0.0,0.0,0.035066377371549606,0.01199956052005291,0.06941776722669601,0.1840866655111313,0.1734108179807663,0.3803858757019043,0.0,0.055089958012104034,0.1297026127576828,0.058198411017656326,0.06397438794374466,0.0,0.0018858835101127625,0.04392554238438606,0.1822126805782318,0.0,0.34922048449516296,0.1641208529472351,0.1791517436504364,0.1352359652519226,0.0,0.0718313679099083,0.018015746027231216,0.0,0.0,0.0,0.27275359630584717,0.1484372317790985,0.0,0.04810498282313347,0.23883986473083496,0.08213353902101517,0.0,0.3438971936702728,0.05982000008225441,0.011388599872589111,0.028157232329249382,0.07750417292118073,0.05924059823155403,0.0,0.002380573423579335,0.1660003364086151,0.0,0.43671858310699463,0.0969560369849205,0.0004222821444272995,0.0,0.4044864773750305,0.0,0.061714231967926025,0.0,0.23739129304885864,0.0,0.3317923843860626,0.0,0.012111199088394642,0.10466913878917694,0.04430151730775833,0.03414890542626381,0.34039628505706787,0.0021153967827558517,0.04705500602722168,0.21547701954841614,0.03313590586185455,0.2593705654144287,0.0,0.2605705261230469,0.0,0.0,0.007680184207856655,0.014085175469517708,0.0,0.4680076837539673,0.0,0.0,0.21748021245002747,0.0,0.60603928565979,0.020715897902846336,0.0,0.0,0.3038233518600464,0.07953238487243652,0.07468600571155548,0.0,0.0,0.0,0.45460745692253113,0.06094856187701225,0.07827237993478775,0.0,0.0,0.1453871876001358,0.5115773677825928,0.0,0.13626709580421448,0.08127165585756302,0.001099820714443922,0.0,0.23603108525276184,0.08673365414142609,0.0,0.0,0.2766192555427551,0.1743638515472412,0.0566718652844429,0.0,0.12071898579597473,0.5774126052856445,0.19518035650253296,0.02300511673092842,0.25596287846565247,0.06499116867780685,0.0,0.01682307943701744,0.005121075548231602,0.31888657808303833,0.0,0.0,0.057738326489925385,0.1272357851266861,0.17527979612350464,0.0,0.3455555737018585,0.23426182568073273,0.0,0.006296487059444189,0.1500864326953888,0.0,0.0,0.2169247418642044,0.075194351375103,0.0008769985288381577,0.12476226687431335,0.0,0.0,0.050379134714603424,0.06835015118122101,0.0,0.0,0.19863377511501312,0.03713062405586243,0.0019576363265514374,0.01824670098721981,0.08958455175161362,0.3599623143672943,0.0,0.0,0.09352298825979233,0.0,0.0,0.12442252039909363,0.0,0.058977313339710236,0.00037275534123182297,0.0,0.003391912905499339,0.0,0.17401908338069916,0.00017512543126940727,0.0,0.0,0.0,0.0,0.012215862981975079,0.03597531467676163,0.0,0.014968039467930794,0.32988476753234863,0.007807489484548569,0.0,0.0,0.010811915621161461,0.0,0.0,0.0,0.026828959584236145,0.028103286400437355,0.0,0.0,0.0,0.0,0.11636733263731003,0.0,0.10042742639780045,0.11306113749742508,0.0,0.0,0.08137521892786026,0.0,0.0031723137944936752,0.0068951016291975975,0.02660832181572914,0.0,0.01646443083882332,0.11741676181554794,0.0,0.0,0.23626336455345154,0.058516088873147964,0.015859682112932205,0.0,0.09229208528995514,0.0,0.0382094569504261,0.016981543973088264,0.1646217405796051,0.0,0.0,0.0,0.0,0.20850582420825958,0.26482605934143066,0.0,0.12287725508213043,0.016954101622104645,0.12109429389238358,0.05967216193675995,0.33016467094421387,0.0,0.05029129981994629,0.0,0.006418854463845491,0.03462160751223564,0.0,0.0,0.025000300258398056,0.06415598839521408,0.09579421579837799,0.00025176769122481346,0.13698385655879974,0.31837087869644165,0.0,0.0017071757465600967,0.22953689098358154,0.10200367867946625,0.16366511583328247,0.0,0.0,0.22016337513923645,0.0,0.010801752097904682,0.05580870434641838,0.0,0.13287918269634247,0.0,0.02135327458381653,0.027810702100396156,0.08158235251903534,0.29202699661254883,0.0,0.0,0.1307883858680725,0.022524086758494377,0.34814223647117615,0.03767762333154678,0.0,0.0,0.015569942072033882,0.010074217803776264,0.0,0.0,0.005402669310569763,0.09957554936408997,0.1258181780576706,0.01557752676308155,0.08796361833810806,0.0,0.0,0.0,0.0,0.4819853901863098,0.0,0.0,0.0,0.0,0.0,0.014751162379980087,0.010422985069453716,0.0,0.019477246329188347,0.07646943628787994,0.03518082946538925,0.0046099768951535225,0.0,0.6674237251281738,9.071826934814453e-05,0.10810166597366333,0.11234479397535324,0.0,0.0,0.0782475620508194,0.22346803545951843,0.0,0.08553983271121979,0.13421198725700378,0.18070892989635468,0.0,0.0296291783452034,0.0,0.08457081764936447,0.0910295620560646,0.0014741243794560432,0.20309726893901825,2.7766101993620396e-05,0.18787220120429993,0.0,0.0,0.449084997177124,0.285952627658844,0.01666386052966118,0.0,0.0,0.25322893261909485,0.3359697461128235,0.0,0.34385913610458374,0.38525599241256714,0.043353121727705,0.0,0.06956973671913147,0.09199479222297668,0.1483745276927948,0.0,0.0,0.0,0.49518799781799316,0.11292849481105804,0.0,0.1609572172164917,0.03677385672926903,0.0365576408803463,0.0,0.4142640233039856,0.008344176225364208,0.0411735437810421,0.025745291262865067,0.0011865339474752545,0.0,0.008473974652588367,0.0,0.10230803489685059,0.0006232665036804974,0.3256154954433441,0.11071203649044037,0.00243659527041018,0.0,0.6550154089927673,0.040266845375299454,0.007524498272687197,0.01837337762117386,0.38171330094337463,0.0,0.17632952332496643,0.05854139104485512,0.07096801698207855,0.0,0.25413778424263,0.09098594635725021,0.1816941499710083,0.27362361550331116,0.2738203704357147,0.11815965920686722,0.0874851793050766,0.32396942377090454,0.15914286673069,0.4299878478050232,0.009745919145643711,0.0,0.08783264458179474,0.07296864688396454,0.0,0.42277976870536804,0.0,0.04102711379528046,0.05264134332537651,0.21260887384414673,0.994624674320221,0.20102180540561676,0.10729771107435226,0.0,0.20826800167560577,0.20511911809444427,0.010734747163951397,0.0,0.0034542439971119165,0.0,0.17183004319667816,0.2858029305934906,0.13779275119304657,0.10529588162899017,0.0,0.25407373905181885,0.4943554699420929,0.02149619348347187,0.17384646832942963,0.17028385400772095,0.05870356783270836,0.0,0.07057318836450577,0.04846109449863434,0.0,0.0,0.2751174867153168,0.060171086341142654,0.018437817692756653,0.0,0.3480949103832245,0.4108053147792816,0.19068796932697296,0.12361136823892593,0.021830439567565918,0.002859268104657531,0.08754009753465652,0.03620729222893715,0.17260387539863586,0.49057337641716003,0.0,0.0016990286530926824,0.10153305530548096,0.04081407189369202,0.19765780866146088,0.0,0.09953057020902634,0.3170509934425354,0.05270709469914436,0.08169957995414734,0.10362283885478973,0.04987518489360809,0.0,0.07030043751001358,0.042236268520355225,0.06882701069116592,0.28076809644699097,0.3121474087238312,0.0,0.06679606437683105,0.08725816756486893,0.06053870543837547,0.047790803015232086,0.10133729130029678,0.28838279843330383,0.19014602899551392,0.010392999276518822,0.036077000200748444,0.11963049322366714,0.0,0.1682082563638687,0.015917334705591202,0.0,0.0,0.09419957548379898,0.11405841261148453,0.053309161216020584,0.05286192148923874,0.21540071070194244,0.0,0.0,0.2154780775308609,0.052540551871061325,0.0,0.0,0.026730598881840706,0.0,0.07629305869340897,0.0,0.1644766628742218,0.0,0.00010477970499778166,0.0,0.0,0.18594545125961304,0.009816941805183887,0.0,0.0,0.4216645658016205,0.08077248185873032,0.0,0.004458299838006496,0.03728821873664856,0.26041939854621887,0.04672935977578163,0.06682138890028,0.001047547091729939,0.17400984466075897,0.15507729351520538,0.0,0.07351681590080261,0.0,0.0,0.02004755660891533,0.011663705110549927,0.0012968515511602163,0.0061692907474935055,0.416488915681839,0.0744759738445282,0.005113831255584955,0.1306028664112091,0.046906501054763794,0.006326430011540651,0.0,0.007773169782012701,0.1359127163887024,0.0290480088442564,0.0,0.27406081557273865,0.3431701064109802,0.00930239912122488,0.20419473946094513,0.0,0.0,0.0714917778968811,0.10642176866531372,0.01647915132343769,0.19806212186813354,0.22993649542331696,0.02615935169160366,0.20494385063648224,0.059389661997556686,0.04677002876996994,0.13456378877162933,0.0,0.026449989527463913,0.1616271585226059,0.0,0.0009053790126927197,0.0,0.06061027944087982,0.0053720842115581036,0.005604127887636423,0.18751733005046844,0.3735916018486023,0.011319945566356182,0.17450840771198273,0.11093368381261826,0.08377700299024582,0.4116414487361908,0.0026200623251497746,0.05131373554468155,0.23723936080932617,0.016497574746608734,0.17621201276779175,0.013193149119615555,0.05796777829527855,0.026485519483685493,0.03887150064110756,0.35379087924957275,0.01164235733449459,0.4439256489276886,0.03730079531669617,0.09267608076334,0.07535874098539352,0.32091400027275085,0.12764035165309906,0.30208122730255127,0.15416857600212097,0.01869000494480133,0.0,0.01682220585644245,0.007742090150713921,0.06809242814779282,0.0,0.002296751830726862,0.16120947897434235,0.004162748344242573,0.051607806235551834,0.00442402483895421,0.0,0.0,0.0,0.0,0.44202283024787903,0.0,0.0,0.013128941878676414,0.28278693556785583,0.0,0.009270415641367435,0.051380354911088943,0.0833992138504982,0.06596415489912033,0.003598381532356143,0.03256211057305336,0.13329079747200012,0.1600891798734665,0.4480401277542114,0.06093801558017731,0.0,0.09562333673238754,0.0,0.01185597199946642,0.1856662929058075,0.12376678735017776,0.0,0.6052480340003967,0.3714793622493744,0.1970573514699936,0.03543499484658241,0.0,0.00215984252281487,0.028042595833539963,0.03476046398282051,0.03522013500332832,0.12500207126140594,0.15210853517055511,0.3794340491294861,0.0,0.03880760818719864,0.27789878845214844,0.28412845730781555,0.04442461207509041,0.0,0.00184466817881912,0.06545370072126389,0.1871868222951889,0.0,0.34889984130859375,0.24304193258285522,0.08838827162981033,0.07072244584560394,-0.0745643600821495
85,0.007284971419721842,0.06616643071174622,0.03459453210234642,0.0,0.0,0.0,0.5203761458396912,0.09009060263633728,0.0,0.00962531752884388,0.048428475856781006,0.010219402611255646,0.0,0.32079964876174927,0.0,0.08275346457958221,0.058243848383426666,0.0,0.0,0.0,0.0,0.06778167933225632,0.0,0.28714609146118164,0.014897527173161507,0.0,0.0,0.44128838181495667,0.005019736010581255,0.083610899746418,0.023818284273147583,0.25879716873168945,0.0,0.29221081733703613,0.026216911152005196,0.07249392569065094,0.0664793848991394,0.17290079593658447,0.00554239097982645,0.22107575833797455,0.013379820622503757,0.17158663272857666,0.09500882029533386,0.10542374104261398,0.26541563868522644,0.05869602784514427,0.32588818669319153,0.031822461634874344,0.0,0.0822635218501091,0.06855230033397675,0.0,0.1332336664199829,0.008244683966040611,0.008440001867711544,0.0,0.07424040138721466,0.641164243221283,0.08390617370605469,0.027647819370031357,0.0,0.19669176638126373,0.08933715522289276,0.0,0.0,0.003834631759673357,0.0,0.00799303874373436,0.08389165997505188,0.11386295408010483,0.0,0.0,0.20571747422218323,0.14843763411045074,0.030802275985479355,0.07130388915538788,0.01464092917740345,0.09287969768047333,0.0,0.21542257070541382,0.025577258318662643,0.053932301700115204,0.0,0.15785986185073853,0.008376071229577065,0.017709944397211075,0.0033766813576221466,0.17433424293994904,0.37746334075927734,0.35212063789367676,0.018912166357040405,0.0,0.06629261374473572,0.08731266856193542,0.0029928809963166714,0.0,0.4515286684036255,0.0,0.0011786477407440543,0.005147651769220829,0.0,0.20492903888225555,0.0,0.25638800859451294,0.38211774826049805,0.057763002812862396,0.03533407673239708,0.013974012807011604,0.0,0.0,0.00046463380567729473,0.07547210156917572,0.056808583438396454,0.16648465394973755,0.011207113973796368,0.0,0.02972336672246456,0.0,0.054474275559186935,0.01101335696876049,0.00030305952532216907,0.00711699016392231,0.0,0.0,0.0,0.39433783292770386,0.0,0.0,0.0,0.0,0.0,0.07760503888130188,0.0,0.03515741974115372,0.02894071862101555,0.0,0.0,0.0,0.16053864359855652,0.019664211198687553,0.0,0.0,0.03586391732096672,0.0,0.0697162076830864,0.011028176173567772,0.009246679954230785,0.012801982462406158,0.14294704794883728,0.0,0.02291359379887581,0.0908048152923584,0.06737667322158813,0.0,0.0,0.07793346047401428,0.005622444674372673,0.0,0.010190203785896301,0.013496574014425278,0.14891384541988373,0.019459739327430725,0.0301881842315197,0.0,0.18945473432540894,0.07989513874053955,0.0,0.08169112354516983,0.0,0.0,0.0,0.0,0.03065486252307892,0.0015255063772201538,0.04877045378088951,0.10915344953536987,0.0,0.06886748224496841,0.023544510826468468,0.054165925830602646,0.0,0.0,0.2174467146396637,0.0,0.004358756355941296,0.06161706894636154,0.2785037159919739,0.0,0.01767593063414097,0.0,0.0011180667206645012,0.00646715983748436,0.18730944395065308,0.0014951449120417237,0.17314031720161438,0.057550858706235886,0.05834529176354408,0.1820397675037384,0.014287828467786312,0.0010294457897543907,0.07067129015922546,0.0,0.020501945167779922,0.0327298641204834,0.0,0.0,0.0,0.0,0.0,0.011024587787687778,0.05684298649430275,0.3096078336238861,0.0,0.23069821298122406,0.0,0.1247008740901947,0.3950786888599396,0.0,0.0,0.2467125505208969,0.0,0.008677740581333637,0.0,0.0,0.016933338716626167,0.0,0.03626465052366257,0.0,0.19893142580986023,0.05073460191488266,0.0,0.0,0.25346389412879944,0.09901508688926697,0.17371121048927307,0.10274258255958557,0.0023458264768123627,0.0007917613256722689,0.0491296760737896,0.01869419775903225,0.0,0.02832416072487831,0.0,0.3619734048843384,0.0,0.0,0.04802706092596054,0.0,0.0,0.0,0.0,0.2646911144256592,0.0,0.0,0.0,0.07404012978076935,0.0,0.061763934791088104,0.03255520015954971,0.007676140870898962,0.12021790444850922,0.0,0.0,0.13953819870948792,0.02781841717660427,0.3219604194164276,0.11817116290330887,0.0,0.19368258118629456,0.0,0.0,0.10886400192975998,0.02703026495873928,0.002155284397304058,0.24040842056274414,0.4739735424518585,0.2936680018901825,0.0,0.0,0.0,0.0,0.0031553630251437426,0.04384185001254082,0.008863493800163269,0.021269766613841057,0.2788349986076355,0.0,0.01814892143011093,0.33995312452316284,0.2384578287601471,0.020679831504821777,0.0,0.0,0.0,0.23930871486663818,0.0,0.49033209681510925,0.059579551219940186,0.010286331176757812,0.002892271615564823,0.38118964433670044,0.07837416976690292,0.03823133558034897,0.0,0.0,0.0,0.5790640115737915,0.003326982958242297,0.029432812705636024,0.19286756217479706,0.10758259147405624,0.0028474414721131325,0.0,0.38536858558654785,0.02461482211947441,0.0,0.016789009794592857,0.027123963460326195,0.12072154134511948,0.0,0.004897499922662973,0.016896653920412064,0.004638529848307371,0.10546398162841797,0.440922349691391,0.0071641537360847,0.0,0.49047955870628357,0.041276633739471436,0.060943473130464554,0.006886598654091358,0.4720984399318695,0.0,0.04138636216521263,0.13531269133090973,0.00812607817351818,0.008196800947189331,0.06356117874383926,0.13485543429851532,0.07997775822877884,0.6761992573738098,0.13334351778030396,0.286941796541214,0.008988945744931698,0.07992159575223923,0.013205662369728088,0.6434640288352966,0.0,0.003358559450134635,0.08802392333745956,0.004214971326291561,0.0,0.7938790321350098,0.0,0.0,0.0,0.16107480227947235,1.1484535932540894,0.39758989214897156,0.11801084131002426,0.0,0.03487510606646538,0.46147051453590393,0.0,0.0,0.0,0.0,0.33486512303352356,0.5289795398712158,0.3874220848083496,0.0,0.0,0.26268020272254944,0.836611270904541,0.02296517603099346,0.017429949715733528,0.313886433839798,0.0,0.0,0.15288354456424713,0.0807470753788948,0.0,0.05784270167350769,0.18741218745708466,0.11146467924118042,0.05129338428378105,0.0,0.6170791983604431,0.6062928438186646,0.2366178333759308,0.10740449279546738,0.25658950209617615,0.17657367885112762,0.04514965042471886,0.007383226882666349,0.4415247142314911,0.7590649127960205,0.0,0.014602812007069588,0.0,0.3105282485485077,0.616969645023346,0.0,0.1618640273809433,0.1525653451681137,0.1388927698135376,0.04274468868970871,0.29769495129585266,0.13501852750778198,0.0,0.14265969395637512,0.14832644164562225,0.02738412655889988,0.3553997576236725,0.4821789264678955,0.0,0.21609614789485931,0.2432112693786621,0.0,0.010478896088898182,0.08656995743513107,0.49531289935112,0.043554823845624924,0.009201970882713795,0.005443796515464783,0.0,0.004852664656937122,0.020202260464429855,0.05740494653582573,0.0,0.013387629762291908,0.02447332628071308,0.1529630422592163,0.06225475296378136,0.000930824491661042,0.5190996527671814,0.04269310459494591,0.0,0.3537687063217163,0.021509366109967232,0.0,0.0,0.0,0.004847466945648193,0.04023757949471474,0.03877078369259834,0.4172421395778656,0.0029835663735866547,0.11043335497379303,0.0,0.0,0.03351666405797005,0.007603663485497236,0.0,0.0,0.4872070252895355,0.029344890266656876,0.008398914709687233,0.00223281211219728,0.07636895775794983,0.035632576793432236,0.12454960495233536,0.2254081815481186,0.0,0.0661156103014946,0.22887594997882843,0.0,0.0,0.007385425269603729,0.0,0.03396102413535118,0.06675418466329575,0.08392243832349777,0.01112435944378376,1.0505043268203735,0.06310298293828964,0.0,0.0038680359721183777,0.04260384663939476,4.584491398418322e-05,0.0,0.009002028964459896,0.05529293417930603,0.03649861365556717,0.021921105682849884,0.31978049874305725,0.6329163908958435,0.006315536797046661,0.03913787379860878,0.0,0.0,0.09365842491388321,0.43041273951530457,0.0,0.2337115854024887,0.1397315263748169,0.2435908168554306,0.017021536827087402,0.1666475385427475,0.01529174204915762,0.07694153487682343,0.0,0.05545322969555855,0.3656834065914154,0.0064361183904111385,0.0,0.031544029712677,0.3903891444206238,0.12578415870666504,0.1351502686738968,0.27651891112327576,0.6945382952690125,0.0,0.005843734834343195,0.08637471497058868,0.05190419778227806,0.33252817392349243,0.0,0.018382230773568153,0.04998285695910454,0.0002707477833610028,0.3616614043712616,0.2906755208969116,0.08870458602905273,0.20405292510986328,0.007553280796855688,0.670069694519043,0.0774533748626709,0.5318949818611145,0.029290083795785904,0.3924879729747772,0.26276424527168274,0.16984285414218903,0.021704886108636856,0.10519524663686752,0.06302261352539062,0.0,0.0,0.0,0.0158331748098135,0.09362750500440598,0.0,0.020597103983163834,0.004197483416646719,0.15238988399505615,0.1342049390077591,0.043799061328172684,0.0,0.0,0.003813305636867881,0.0,0.6936378479003906,0.0,0.0,0.07870399951934814,0.10361583530902863,0.0,0.002555561251938343,0.07382847368717194,0.04533527418971062,0.0,0.004108475521206856,0.08453526347875595,0.025111252442002296,0.08085054904222488,0.5831391215324402,0.003238282399252057,0.07238040119409561,0.04503963142633438,0.0,0.0030268339905887842,0.22606630623340607,0.08037219196557999,0.0,0.14306053519248962,0.3526217043399811,0.2220289260149002,0.0,0.12796151638031006,0.0,0.13903988897800446,0.1252993792295456,0.0,0.25602683424949646,0.25677892565727234,0.4652930796146393,0.0,0.030141634866595268,0.029896480962634087,0.10088828951120377,0.1251419335603714,0.0,0.0,0.5430286526679993,0.06583156436681747,0.0,0.22673232853412628,0.6634736061096191,0.0666990801692009,0.0,0.23713763058185577,0.04494926705956459,0.020358595997095108,0.0,0.0,0.0,0.518682599067688,0.07801418006420135,0.014636097475886345,0.12940524518489838,0.12394188344478607,0.022905709221959114,0.0,0.4118114411830902,0.009393607266247272,0.0,0.04553678631782532,0.015406920574605465,0.09015272557735443,0.006466243881732225,0.001985159469768405,0.04279531538486481,0.01851879619061947,0.22661428153514862,0.16899102926254272,0.0010692494688555598,0.002226131036877632,0.5290805697441101,0.035583529621362686,0.03835171088576317,0.031133847311139107,0.42283326387405396,0.0,0.12452899664640427,0.15700273215770721,0.02411908656358719,0.002388165332376957,0.07852712273597717,0.11458125710487366,0.2006521224975586,0.40200260281562805,0.1386878937482834,0.2167644500732422,0.032144952565431595,0.2014962136745453,0.045639537274837494,0.5098755359649658,0.0,0.0008250926621258259,0.08005613833665848,0.009700520895421505,0.0,0.642763078212738,0.012320232577621937,0.0,0.030977066606283188,0.23479697108268738,1.0065226554870605,0.3197275698184967,0.1302434355020523,0.0,0.09583915770053864,0.38998329639434814,0.0,0.0,0.022954652085900307,0.0,0.26962655782699585,0.3927774131298065,0.382031112909317,0.0054954178631305695,0.0,0.1603788584470749,0.5390258431434631,0.0616854652762413,0.05551070347428322,0.17894814908504486,0.0,0.014835436828434467,0.1292037069797516,0.07024451345205307,0.0,0.06376733630895615,0.19264160096645355,0.1574620008468628,0.014632250182330608,0.0,0.5034871697425842,0.4801666736602783,0.25182217359542847,0.0852251723408699,0.19568833708763123,0.08682950586080551,0.03344552218914032,0.0136782918125391,0.18895603716373444,0.6775476336479187,0.0,0.016332043334841728,0.02072129398584366,0.1683993935585022,0.5524538159370422,0.0,0.2198813408613205,0.19005335867404938,0.18886210024356842,0.046340543776750565,0.17994475364685059,0.04889852926135063,0.0,0.11328282952308655,0.08090215176343918,0.0360025092959404,0.27204397320747375,0.2324540764093399,0.0,0.16277357935905457,0.15306486189365387,0.003172660479322076,0.022658411413431168,0.08535417169332504,0.2306399643421173,0.060340333729982376,0.0038530195597559214,0.04517393931746483,0.01359961275011301,0.009183650836348534,0.052338846027851105,0.07243179529905319,0.0,0.017451316118240356,0.034329865127801895,0.0970304012298584,0.05478176102042198,0.009752213023602962,0.32013970613479614,0.015384320169687271,0.0,0.24182285368442535,0.03971761837601662,0.0,0.0010066319955512881,0.0,0.0066009568981826305,0.030862243846058846,0.009879651479423046,0.18184137344360352,0.0010018142638728023,0.09677351266145706,0.0,0.0,0.06425756961107254,0.013283438980579376,0.0,0.0,0.29700446128845215,0.10815732926130295,0.0,0.0068707880564033985,0.025044146925210953,0.09222165495157242,0.11657502502202988,0.09943464398384094,0.0017678722506389022,0.08413969725370407,0.1769772469997406,0.0,0.0336599126458168,0.03188144415616989,0.0,0.017225241288542747,0.019408533349633217,0.04937950521707535,0.006619681138545275,0.6914945244789124,0.08749174326658249,0.0007708999910391867,0.007814536802470684,0.06391463428735733,0.0,0.005450752563774586,0.002161409705877304,0.0782369077205658,0.031130127608776093,0.014433284290134907,0.2545868456363678,0.5382657647132874,0.018641166388988495,0.06070714816451073,0.0,0.006227413658052683,0.10249989479780197,0.300537109375,0.006601330358535051,0.24796177446842194,0.09335602074861526,0.13748875260353088,0.09712482988834381,0.15194164216518402,0.03134177625179291,0.06319120526313782,0.0,0.06927012652158737,0.1868259757757187,0.0034955197479575872,0.0023928231094032526,0.005592764355242252,0.2087511420249939,0.15433762967586517,0.14371615648269653,0.20630891621112823,0.5414159893989563,0.006186891812831163,0.03947298601269722,0.12100192904472351,0.07201720774173737,0.32497546076774597,0.0006660773069597781,0.01119957398623228,0.08323776721954346,0.0,0.2165830284357071,0.12475448846817017,0.044106800109148026,0.11284253001213074,0.0,0.30548813939094543,0.09802985936403275,0.47251489758491516,0.07649844884872437,0.17991439998149872,0.09198662638664246,0.17728285491466522,0.028773076832294464,0.13770462572574615,0.06976182013750076,0.006074803415685892,0.0,0.0,0.0107512716203928,0.08190257102251053,0.0,0.021760297939181328,0.06572984904050827,0.146977037191391,0.14582954347133636,0.030049843713641167,0.0,0.0,0.012154873460531235,0.0,0.6274656057357788,0.0,0.0,0.049217406660318375,0.055224910378456116,0.0,0.008789613842964172,0.05894996225833893,0.026546703651547432,0.004343544598668814,0.0018510011723265052,0.018753277137875557,0.0477958619594574,0.11648750305175781,0.5222260355949402,0.015881970524787903,0.04147620126605034,0.07491286844015121,0.0,0.00035471972660161555,0.13635292649269104,0.09023948758840561,0.0,0.21129173040390015,0.3963780403137207,0.2163841873407364,0.027611108496785164,0.020600544288754463,0.0,0.08870730549097061,0.07797221094369888,0.006960183847695589,0.1660066545009613,0.20560087263584137,0.387015163898468,0.0,0.02008449286222458,0.1561330258846283,0.1528974175453186,0.06949117034673691,0.0,0.004398052114993334,0.2701131999492645,0.15699650347232819,0.0005488877650350332,0.24153906106948853,0.4630125164985657,0.06298215687274933,0.0041979835368692875,0.1111832708120346
86,0.014787054620683193,0.05027679353952408,0.0,0.0,0.0,0.0,0.0014132842188701034,0.1677975207567215,0.008885676972568035,0.0713910236954689,0.4609341621398926,0.1196858286857605,0.0,0.03700810298323631,0.7841307520866394,0.0,0.0,0.7744059562683105,0.5526137351989746,0.0,0.28707948327064514,0.137808695435524,0.0,0.9679061770439148,0.29392534494400024,0.0,0.0,0.4888606071472168,0.008155476301908493,0.0023255583364516497,0.0,0.12677541375160217,0.1208590492606163,0.15079040825366974,0.0,0.0,0.0,0.004634795244783163,0.5038045048713684,0.2185785323381424,0.11265522241592407,0.0,0.18829771876335144,0.0,0.24229875206947327,0.0,0.09688829630613327,0.01061295997351408,0.0,0.44543537497520447,0.0,0.023905595764517784,0.901021420955658,0.0,0.0,0.7014630436897278,0.0,0.28318172693252563,0.0006404802552424371,0.0,0.0,0.1809568852186203,0.07511215656995773,0.5564777255058289,0.0,0.0,0.0,1.3926869630813599,0.06863885372877121,0.007480463478714228,0.0,0.0,0.02647174708545208,0.8084182143211365,0.0,0.1334744244813919,0.570733368396759,0.12211326509714127,0.0,0.0,0.3629327714443207,0.0,0.029657868668437004,0.17430344223976135,1.2865523099899292,0.028276896104216576,0.0,0.040947865694761276,0.6766427159309387,0.03916173055768013,0.0,1.0636895895004272,0.033361226320266724,0.1680450737476349,0.021429872140288353,0.1692977100610733,0.03174629434943199,0.0,0.0,0.08814438432455063,0.7017534375190735,0.03521110489964485,0.0,1.0596938133239746,0.0,0.0,0.0,0.6335500478744507,0.0,0.0,0.7277067303657532,0.002203448209911585,0.004656982608139515,0.08565493673086166,0.03616661578416824,0.06632345169782639,0.022452032193541527,0.9085556268692017,0.0,0.0,0.5509346127510071,0.2204904854297638,0.0,0.0,0.5871886610984802,0.16562114655971527,0.0,0.0,0.7285634875297546,0.0,0.0,0.23448562622070312,0.0,0.0004234396037645638,0.0,0.07915712893009186,0.18136928975582123,0.0,0.03507634252309799,0.0,0.0,0.11095491796731949,0.0,0.0022997763007879257,0.010567249730229378,0.13669398427009583,0.020163552835583687,0.04905623942613602,0.08716901391744614,0.0,0.0,0.016659162938594818,0.0,0.0,0.0,0.01512387115508318,0.11449827998876572,0.044814325869083405,0.0,0.0,0.013601923361420631,0.0,0.025605762377381325,0.0,0.0,0.0752793475985527,0.029823774471879005,0.0,0.5892157554626465,0.0,0.1820969432592392,0.27163147926330566,0.0,0.0,0.11761742830276489,0.6598884463310242,0.0,0.0,0.3461064100265503,0.0,0.08237478882074356,0.18196113407611847,0.03189510852098465,0.0,0.17795662581920624,0.0,0.0,0.0,0.0,0.00689741550013423,0.0,0.9418544769287109,0.17617307603359222,0.0,0.0018421352142468095,0.44265827536582947,0.0,0.12808382511138916,0.9668642282485962,0.0,0.22362875938415527,0.0,0.0,0.06068989634513855,0.015309944748878479,0.0,0.23742079734802246,1.3257406949996948,0.6063694953918457,0.0,0.2894732356071472,0.12775976955890656,0.0,0.0,0.6434283256530762,0.011309350840747356,0.00022308678308036178,0.0,0.0,0.3452727496623993,0.0,0.07258887588977814,0.654579222202301,0.0,0.1898859590291977,0.16491064429283142,0.5272949934005737,0.7577964663505554,0.0,0.795553982257843,0.07056856900453568,0.3462618887424469,0.23949885368347168,0.005282830912619829,0.22142799198627472,0.003822695231065154,0.0,0.0,0.0,0.005126917734742165,0.0,0.0,0.005353860557079315,0.10302425920963287,0.6323486566543579,0.47388574481010437,0.0,0.0,0.0,0.0,0.0,0.7709600329399109,0.023650722578167915,0.0,0.016019625589251518,0.0,0.0,0.0,0.0015355892246589065,0.0,0.0,0.6325470209121704,0.46709752082824707,0.0,0.0,1.451484203338623,0.0,0.27409645915031433,5.8843197621172294e-05,0.0,0.0,0.06541647017002106,0.42251309752464294,0.0,0.2021440714597702,0.0,0.014916940592229366,0.0,0.6093316674232483,0.0,0.7267975211143494,0.0,0.0,0.9362725615501404,0.0,0.0,0.0,0.0,0.3874030113220215,0.0061736698262393475,0.04882936179637909,0.0,0.0,0.740717351436615,0.4981197416782379,0.0,0.0,0.8140105605125427,0.4411256015300751,0.07760218530893326,0.6265518665313721,0.10198905318975449,0.05953284353017807,0.0,0.0,0.0,0.7515262365341187,0.0,0.005997200962156057,0.33713990449905396,0.0,0.007094020955264568,0.0,0.5277624726295471,0.0,0.013185760006308556,0.010307291522622108,0.0,0.0,0.016213472932577133,0.0,0.017194047570228577,0.0,0.021701736375689507,0.32104745507240295,0.0031791774090379477,0.0,0.5892305374145508,0.028870930895209312,0.014123651199042797,0.009405359625816345,0.5815383195877075,0.0,0.01249829214066267,0.1261976659297943,0.0,0.0,0.18475332856178284,0.13074997067451477,0.11709906905889511,0.9778827428817749,0.17585408687591553,0.0920524001121521,0.015393058769404888,0.04326937347650528,0.11912864446640015,0.9937963485717773,0.0,0.0,0.09972959011793137,0.0993637889623642,0.00035436637699604034,0.6457789540290833,0.0,0.01580161228775978,0.0,0.2507564127445221,1.673448085784912,0.519743800163269,0.2866400480270386,0.0,0.011296342127025127,0.7964369654655457,0.0,0.0,0.003461772110313177,0.0,0.09446407854557037,0.7570356130599976,0.5365166068077087,0.04918650910258293,0.0,0.5062230825424194,0.9321569204330444,0.058233119547367096,0.0001923159434227273,0.2946719527244568,0.0,0.0,0.13688543438911438,0.04289599508047104,0.0,0.01910005323588848,0.25709962844848633,0.0,0.013673586770892143,0.0001445779053028673,0.8624047040939331,0.43083393573760986,0.346205472946167,0.1830655038356781,0.0012920971494168043,0.043040644377470016,0.041064634919166565,0.0,0.42805346846580505,1.085631251335144,0.0,0.022852744907140732,0.020375927910208702,0.09038594365119934,0.6717265844345093,0.0,0.0,0.32217952609062195,0.2909783124923706,0.07088485360145569,0.1768294870853424,0.24347369372844696,0.0,0.0061462088488042355,0.0725427120923996,0.09245749562978745,0.49896717071533203,0.797393798828125,0.0,0.23473575711250305,0.08355241268873215,0.05042588710784912,0.06101848930120468,0.01242744829505682,0.593374490737915,0.12819118797779083,0.0,0.0,0.0,0.0,0.10762962698936462,0.0,0.0,0.010879806242883205,0.016989052295684814,0.2731631398200989,0.09098386019468307,0.11738048493862152,1.018180012702942,0.001106754643842578,0.0,0.4594056308269501,0.03158276528120041,0.0,0.0,0.0,0.0,0.03252526372671127,0.0,0.6585482358932495,0.0,0.0,0.0,0.0,0.04458177089691162,0.0075468625873327255,0.0,0.0,0.747495174407959,0.06370317190885544,0.0,0.006325714290142059,0.11503159999847412,0.1168094277381897,0.21639925241470337,0.22776249051094055,0.0,0.16542233526706696,0.277255117893219,0.0,0.0437040738761425,0.0,0.0,0.03003772161900997,0.025253204628825188,0.024996569380164146,0.0,1.4825466871261597,0.026580845937132835,0.0,0.08745327591896057,0.003419003216549754,0.0,0.0,0.0,0.002589050680398941,0.021765276789665222,0.0,0.5804710388183594,0.9799450635910034,0.010735206305980682,0.1171012744307518,0.0,0.0,0.022988006472587585,0.4079577624797821,6.914449386385968e-06,0.4785967767238617,0.0535961352288723,0.047114353626966476,0.025469055399298668,0.012049971148371696,0.012593726627528667,0.11432421207427979,0.0,0.04888246953487396,0.42761704325675964,0.0,0.0027317889034748077,0.0,0.3314647078514099,0.006402596831321716,0.09285430610179901,0.4125763177871704,0.9093844294548035,0.03486814349889755,0.03824598714709282,0.0,0.023304428905248642,0.6029248237609863,0.0,0.04393009468913078,0.03362266719341278,0.0,0.5325636863708496,0.079740509390831,0.056746214628219604,0.11148496717214584,0.0,0.720099925994873,0.0,0.9244384765625,0.0,0.32762211561203003,0.2955177426338196,0.28017961978912354,0.04279254004359245,0.09277550876140594,0.10445880889892578,0.009657928720116615,0.0,0.009632796980440617,0.036489374935626984,0.16346269845962524,0.0,0.008961288258433342,0.0,0.0,0.0030241161584854126,0.0,0.0,0.0,0.0,0.0,0.6880106329917908,0.0,0.0,0.02821456454694271,0.273453950881958,0.0,0.05461541935801506,0.12136010825634003,0.12061037868261337,0.03258294612169266,0.0,0.01113986223936081,0.13561563193798065,0.13754749298095703,0.388441264629364,0.00929124467074871,0.0,0.0625646561384201,0.0,0.098090261220932,0.4232443571090698,0.07870655506849289,0.0,0.19479870796203613,0.8332344889640808,0.22934220731258392,0.08278602361679077,0.0,0.0,0.003294867929071188,0.10251322388648987,0.0,0.148237943649292,0.3040401339530945,0.6533412933349609,0.0,0.09418903291225433,0.02251279354095459,0.18070650100708008,0.08483501523733139,0.0,0.017580902203917503,0.4703996181488037,0.004119207616895437,4.840238761971705e-05,0.3504849374294281,0.5619075894355774,0.029748916625976562,0.00442101527005434,0.460793137550354,0.08719679713249207,0.017125101760029793,0.0,0.0016369649674743414,0.0,0.5366597771644592,0.04521779716014862,0.06514725089073181,0.19973228871822357,0.031169962137937546,0.05485669896006584,0.006246217992156744,0.360861212015152,0.2461705207824707,0.003710951190441847,0.026709578931331635,0.02799057960510254,0.0,0.017506079748272896,0.0,0.1259416937828064,0.002587593160569668,0.1684839427471161,0.2197430580854416,0.0,0.0043566469103097916,0.6718611717224121,0.06315962225198746,0.0022724901791661978,0.026317644864320755,0.4832794964313507,0.0,0.07401490211486816,0.08488965034484863,0.0018573527922853827,0.0,0.10418257117271423,0.32422393560409546,0.21542204916477203,0.6512582898139954,0.1681913286447525,0.12896282970905304,0.046699877828359604,0.1623881757259369,0.061896614730358124,0.631793737411499,0.0,0.0,0.15803903341293335,0.02458350546658039,0.009738784283399582,0.7739152312278748,0.0,0.0036066777538508177,0.09370679408311844,0.1280546486377716,1.2650794982910156,0.3583014905452728,0.203674778342247,0.0,0.12201371043920517,0.6166659593582153,0.1170513778924942,0.007841074839234352,0.023288585245609283,0.00026653529494069517,0.4812608063220978,0.5690207481384277,0.36089369654655457,0.004472256172448397,0.0,0.25249677896499634,0.8122143745422363,0.0,0.03330233693122864,0.3824487626552582,0.001161930849775672,0.0,0.07443787902593613,0.061009202152490616,0.0,0.017454955726861954,0.20422786474227905,0.11266615241765976,0.017808089032769203,0.0,0.7311149835586548,0.5309507250785828,0.26886606216430664,0.07873829454183578,0.16956567764282227,0.04423866048455238,0.02731558308005333,0.012911451980471611,0.2426714301109314,0.8726828694343567,0.007568803615868092,0.03241758048534393,0.09740521013736725,0.2611404359340668,0.7716622948646545,0.0,0.008957798592746258,0.1571183055639267,0.08320111781358719,0.043709609657526016,0.22738513350486755,0.13785256445407867,0.0,0.22221776843070984,0.04795787110924721,0.016105400398373604,0.45764949917793274,0.41081714630126953,0.0,0.2432926744222641,0.19359903037548065,0.011210059747099876,0.02078724279999733,0.28852707147598267,0.3725552558898926,0.08260662853717804,0.0,0.11774467676877975,0.005690329242497683,0.005314489360898733,0.08296304196119308,0.08423303812742233,0.0,0.004431314300745726,0.12198025733232498,0.09838864952325821,0.03645775094628334,0.09352625161409378,0.6208547353744507,0.0394308939576149,0.002232867991551757,0.2336556613445282,0.015764551237225533,0.022589871659874916,0.0,0.0,0.005983422510325909,0.018736181780695915,0.0,0.32304835319519043,0.0,0.0,0.0,0.0,0.0717674195766449,0.052841346710920334,0.0,0.0,0.43975159525871277,0.06181085854768753,0.0,0.0,0.06901616603136063,0.10133133828639984,0.02880275249481201,0.10471096634864807,0.08632839471101761,0.1047549843788147,0.31064388155937195,0.0,0.0,0.06904486566781998,0.0,0.038265909999608994,0.19580242037773132,0.013221167959272861,0.0,1.0749812126159668,0.17176227271556854,0.0,0.007600697688758373,0.04476562514901161,0.0,0.0,0.062131088227033615,0.0020229092333465815,0.015569615177810192,0.0,0.34145116806030273,0.6303684711456299,0.001118946704082191,0.04837704449892044,0.0,0.018289577215909958,0.2775041460990906,0.36476659774780273,0.0,0.275269478559494,0.08626531809568405,0.02702357992529869,0.031124655157327652,0.19667811691761017,0.0,0.0546422079205513,0.0,0.037315960973501205,0.262597918510437,0.01198637392371893,0.005674552638083696,0.0,0.6119648814201355,0.026773685589432716,0.032455939799547195,0.4908052384853363,0.75566565990448,0.01648583821952343,0.009538115933537483,0.08051737397909164,0.00279795634560287,0.35036182403564453,0.017552580684423447,0.019303321838378906,0.17818710207939148,0.00012514155241660774,0.3428157567977905,0.1426367461681366,0.03654832765460014,0.11204374581575394,0.05608255788683891,0.6039393544197083,0.0995396301150322,0.6611480116844177,0.06621267646551132,0.2101726531982422,0.2870543301105499,0.20646917819976807,0.021228550001978874,0.11955396831035614,0.032391197979450226,0.0,0.0,0.0,0.017568079754710197,0.05049362778663635,0.0,0.007385123986750841,0.0428638756275177,0.0637216567993164,0.16039197146892548,0.0,0.0009941860334947705,0.0,0.0,0.0,0.8252273201942444,0.0,0.0,0.034932125359773636,0.12851883471012115,0.0,0.013797036372125149,0.03789793327450752,0.08004074543714523,0.004246507305651903,0.09652545303106308,0.061682507395744324,0.03256102278828621,0.06302427500486374,0.9749587178230286,0.045952774584293365,0.0,0.030712658539414406,0.0,0.030509011819958687,0.23284459114074707,0.18495000898838043,0.01871982216835022,0.17736122012138367,0.4318835437297821,0.16772668063640594,9.708319703349844e-05,0.12840969860553741,4.8085072194226086e-05,0.08090075850486755,0.06311614066362381,0.0,0.32806405425071716,0.2522101104259491,0.4192572236061096,0.011007490567862988,0.024433640763163567,0.06071998551487923,0.12587879598140717,0.06626208871603012,0.0,0.00012987000809516758,0.5425058007240295,0.14711324870586395,0.005400462541729212,0.17836131155490875,0.6100291609764099,0.05741854012012482,0.024331461638212204,4.136696815490723
87,0.13090424239635468,0.06290525943040848,0.0,0.0,0.0,0.0,0.3360709547996521,0.05502065643668175,0.0,0.14314012229442596,0.14613071084022522,0.011486719362437725,0.0,0.2614613473415375,0.15367837250232697,0.04619944095611572,0.01733078807592392,0.1491745412349701,0.020842749625444412,0.0,0.0,0.04608643427491188,0.0,0.46113312244415283,0.1678656041622162,0.0,0.0,0.4114825427532196,0.010271807201206684,0.02935182675719261,0.0,0.3488234877586365,0.0,0.1157279685139656,0.008724864572286606,0.0026327306404709816,0.0,0.09445711225271225,0.19948036968708038,0.23352782428264618,0.1913648545742035,0.0577494315803051,0.1233326718211174,0.002043133834376931,0.19985593855381012,0.0,0.42471933364868164,0.00549682043492794,0.0,0.14866191148757935,0.0,0.0115880835801363,0.6445277333259583,0.012733514420688152,0.0,0.07201095670461655,0.033783573657274246,0.7180418968200684,0.093355692923069,0.05176475644111633,0.0,0.08417519181966782,0.22405488789081573,0.058979663997888565,0.0,0.0,0.0,0.5255448222160339,0.2908177077770233,0.13538537919521332,0.0,0.0013334465911611915,0.16663965582847595,0.6220866441726685,0.0,0.04349501430988312,0.26330432295799255,0.002444607438519597,0.0,0.03094065934419632,0.15347416698932648,0.01833105832338333,0.10049346089363098,0.16534423828125,0.38196125626564026,0.034261371940374374,0.0,0.2805662751197815,0.5365250706672668,0.27338042855262756,0.0466950349509716,0.2337649166584015,0.03130244091153145,0.0741707980632782,0.0,0.11582674086093903,0.3450583517551422,0.0,0.0,0.002574288286268711,0.2530839741230011,0.2101794332265854,0.0,0.42048531770706177,0.11795242875814438,0.03503422811627388,0.026693711057305336,0.36299386620521545,0.06309991329908371,0.0,0.1684967279434204,0.027336368337273598,0.0015673103043809533,0.24616511166095734,0.13854272663593292,0.00977391842752695,0.03834589943289757,0.26797905564308167,0.0,0.026532689109444618,0.10764859616756439,0.1779068559408188,0.000539149041287601,0.0,0.08329785615205765,0.10151415318250656,0.0,0.0,0.12516829371452332,0.0,0.0014046248979866505,0.09785643219947815,0.0,0.0163266584277153,0.02286146581172943,0.2160576581954956,0.020376218482851982,0.0,0.156209334731102,0.0013716729590669274,0.0,0.0,0.0,0.0,0.012249456718564034,0.0329868383705616,0.09029612690210342,0.0,0.0,0.0,0.0,0.042591579258441925,0.034383583813905716,0.0,0.0,0.212079718708992,0.04740935191512108,0.0,0.0,0.010539780370891094,0.03169310465455055,0.01249707955867052,0.05694401264190674,0.0,0.03214824199676514,0.14283053576946259,0.0,0.0,0.08170325309038162,0.0,0.06567350775003433,0.048340216279029846,0.016052911058068275,0.0,0.28185442090034485,0.24902884662151337,0.0,0.0,0.15960071980953217,0.005306706763803959,0.04248868301510811,0.0,0.0829453244805336,0.006120920181274414,0.0228616651147604,0.07615721970796585,0.22903524339199066,0.0,0.0,0.0,0.0,0.31187379360198975,0.25258854031562805,0.0011224668705835938,0.15626439452171326,0.12129683047533035,0.0004602836270350963,0.11323698610067368,0.3582862913608551,0.0,0.1284252107143402,0.0,0.0019692708738148212,0.041548553854227066,0.0,0.0,0.0,0.5079964399337769,0.20799803733825684,0.008130823262035847,0.20506316423416138,0.30630117654800415,0.0,0.010777887888252735,0.14782081544399261,0.05680437758564949,0.16716548800468445,0.0,0.0,0.08425970375537872,0.0,0.1112084686756134,0.17475487291812897,0.0,0.08456259220838547,0.0,0.29887744784355164,0.17958320677280426,0.13222147524356842,0.23789061605930328,0.06789632141590118,0.14225955307483673,0.30995315313339233,0.04652073234319687,0.15912124514579773,0.0,0.0,0.0,0.0023156984243541956,0.009706013835966587,0.007408774457871914,0.00013268164184410125,0.009160556830465794,0.10237863659858704,0.17647375166416168,0.043937258422374725,0.006980674806982279,0.0,0.0,0.0,0.0,0.6214122772216797,0.0,0.0,0.0,0.0,0.0,0.0,0.02572786808013916,0.0,0.017800061032176018,0.039920873939991,0.08186499774456024,0.02249738574028015,0.0,0.7120715379714966,0.026604562997817993,0.05719386786222458,0.07986805588006973,0.0,0.0,0.16965678334236145,0.11847271025180817,0.0,0.12123337388038635,0.1059931144118309,0.14865519106388092,0.0,0.11163098365068436,0.0,0.18044035136699677,0.0,0.0,0.2745570242404938,0.005650751758366823,0.18754233419895172,0.0,0.0075331032276153564,0.3045065104961395,0.08177291601896286,0.033244047313928604,0.0,0.0,0.3488537669181824,0.23551136255264282,0.0,0.1753101646900177,0.5660036206245422,0.12717756628990173,0.03912708908319473,0.38118964433670044,0.07837416976690292,0.03823133558034897,0.0,0.0,0.0,0.5790640115737915,0.003326982958242297,0.029432812705636024,0.19286756217479706,0.10758259147405624,0.0028474414721131325,0.0,0.38536858558654785,0.02461482211947441,0.0,0.016789009794592857,0.027123963460326195,0.12072154134511948,0.0,0.004897499922662973,0.016896653920412064,0.004638529848307371,0.10546398162841797,0.440922349691391,0.0071641537360847,0.0,0.49047955870628357,0.041276633739471436,0.060943473130464554,0.006886598654091358,0.4720984399318695,0.0,0.04138636216521263,0.13531269133090973,0.00812607817351818,0.008196800947189331,0.06356117874383926,0.13485543429851532,0.07997775822877884,0.6761992573738098,0.13334351778030396,0.286941796541214,0.008988945744931698,0.07992159575223923,0.013205662369728088,0.6434640288352966,0.0,0.003358559450134635,0.08802392333745956,0.004214971326291561,0.0,0.7938790321350098,0.0,0.0,0.0,0.16107480227947235,1.1484535932540894,0.39758989214897156,0.11801084131002426,0.0,0.03487510606646538,0.46147051453590393,0.0,0.0,0.0,0.0,0.33486512303352356,0.5289795398712158,0.3874220848083496,0.0,0.0,0.26268020272254944,0.836611270904541,0.02296517603099346,0.017429949715733528,0.313886433839798,0.0,0.0,0.15288354456424713,0.0807470753788948,0.0,0.05784270167350769,0.18741218745708466,0.11146467924118042,0.05129338428378105,0.0,0.6170791983604431,0.6062928438186646,0.2366178333759308,0.10740449279546738,0.25658950209617615,0.17657367885112762,0.04514965042471886,0.007383226882666349,0.4415247142314911,0.7590649127960205,0.0,0.014602812007069588,0.0,0.3105282485485077,0.616969645023346,0.0,0.1618640273809433,0.1525653451681137,0.1388927698135376,0.04274468868970871,0.29769495129585266,0.13501852750778198,0.0,0.14265969395637512,0.14832644164562225,0.02738412655889988,0.3553997576236725,0.4821789264678955,0.0,0.21609614789485931,0.2432112693786621,0.0,0.010478896088898182,0.08656995743513107,0.49531289935112,0.043554823845624924,0.009201970882713795,0.005443796515464783,0.0,0.004852664656937122,0.020202260464429855,0.05740494653582573,0.0,0.013387629762291908,0.02447332628071308,0.1529630422592163,0.06225475296378136,0.000930824491661042,0.5190996527671814,0.04269310459494591,0.0,0.3537687063217163,0.021509366109967232,0.0,0.0,0.0,0.004847466945648193,0.04023757949471474,0.03877078369259834,0.4172421395778656,0.0029835663735866547,0.11043335497379303,0.0,0.0,0.03351666405797005,0.007603663485497236,0.0,0.0,0.4872070252895355,0.029344890266656876,0.008398914709687233,0.00223281211219728,0.07636895775794983,0.035632576793432236,0.12454960495233536,0.2254081815481186,0.0,0.0661156103014946,0.22887594997882843,0.0,0.0,0.007385425269603729,0.0,0.03396102413535118,0.06675418466329575,0.08392243832349777,0.01112435944378376,1.0505043268203735,0.06310298293828964,0.0,0.0038680359721183777,0.04260384663939476,4.584491398418322e-05,0.0,0.009002028964459896,0.05529293417930603,0.03649861365556717,0.021921105682849884,0.31978049874305725,0.6329163908958435,0.006315536797046661,0.03913787379860878,0.0,0.0,0.09365842491388321,0.43041273951530457,0.0,0.2337115854024887,0.1397315263748169,0.2435908168554306,0.017021536827087402,0.1666475385427475,0.01529174204915762,0.07694153487682343,0.0,0.05545322969555855,0.3656834065914154,0.0064361183904111385,0.0,0.031544029712677,0.3903891444206238,0.12578415870666504,0.1351502686738968,0.27651891112327576,0.6945382952690125,0.0,0.005843734834343195,0.08637471497058868,0.05190419778227806,0.33252817392349243,0.0,0.018382230773568153,0.04998285695910454,0.0002707477833610028,0.3616614043712616,0.2906755208969116,0.08870458602905273,0.20405292510986328,0.007553280796855688,0.670069694519043,0.0774533748626709,0.5318949818611145,0.029290083795785904,0.3924879729747772,0.26276424527168274,0.16984285414218903,0.021704886108636856,0.10519524663686752,0.06302261352539062,0.0,0.0,0.0,0.0158331748098135,0.09362750500440598,0.0,0.020597103983163834,0.004197483416646719,0.15238988399505615,0.1342049390077591,0.043799061328172684,0.0,0.0,0.003813305636867881,0.0,0.6936378479003906,0.0,0.0,0.07870399951934814,0.10361583530902863,0.0,0.002555561251938343,0.07382847368717194,0.04533527418971062,0.0,0.004108475521206856,0.08453526347875595,0.025111252442002296,0.08085054904222488,0.5831391215324402,0.003238282399252057,0.07238040119409561,0.04503963142633438,0.0,0.0030268339905887842,0.22606630623340607,0.08037219196557999,0.0,0.14306053519248962,0.3526217043399811,0.2220289260149002,0.0,0.12796151638031006,0.0,0.13903988897800446,0.1252993792295456,0.0,0.25602683424949646,0.25677892565727234,0.4652930796146393,0.0,0.030141634866595268,0.029896480962634087,0.10088828951120377,0.1251419335603714,0.0,0.0,0.5430286526679993,0.06583156436681747,0.0,0.22673232853412628,0.6634736061096191,0.0666990801692009,0.0,0.27334824204444885,0.03636852651834488,0.01543310284614563,0.0,0.0,0.0,0.4412139058113098,0.07614628225564957,0.009329751133918762,0.15541641414165497,0.05196068808436394,0.02236655354499817,0.0,0.37483489513397217,0.12464044243097305,0.0,0.017404548823833466,0.02521451935172081,0.0,0.005207980517297983,0.0015329370507970452,0.098937027156353,0.002939411671832204,0.27783408761024475,0.22288778424263,0.0,0.0,0.5968307256698608,0.019466886296868324,0.004170266445726156,0.0,0.4544237554073334,0.0,0.13054537773132324,0.031450096517801285,0.03556526079773903,0.0,0.06500344723463058,0.2165125161409378,0.23264260590076447,0.46506521105766296,0.15611448884010315,0.1151518002152443,0.041600633412599564,0.21953047811985016,0.0038418248295783997,0.5381744503974915,0.0,0.0,0.11358216404914856,0.0,0.002240873873233795,0.7472832202911377,0.0,0.0,0.05076136067509651,0.03792612627148628,1.0582904815673828,0.26156407594680786,0.13854731619358063,0.0,0.12726262211799622,0.40057364106178284,0.008903457783162594,0.0,0.0045441752299666405,0.0,0.4654139578342438,0.4179110527038574,0.30507969856262207,0.0,0.0,0.20238450169563293,0.7196251749992371,0.0002433517947793007,0.0778035819530487,0.2873287796974182,0.0009290282032452524,0.0,0.03977440670132637,0.06840119510889053,0.0,0.02032042294740677,0.22095246613025665,0.15022069215774536,0.00833374634385109,0.0,0.5424919128417969,0.5033247470855713,0.21574948728084564,0.046715863049030304,0.15078750252723694,0.03595084697008133,0.03892027586698532,0.022981703281402588,0.22693729400634766,0.6295536160469055,0.0,0.0030431493651121855,0.05513221397995949,0.2154809832572937,0.4315544366836548,0.0,0.10411600023508072,0.1661413460969925,0.0506553128361702,0.012111464515328407,0.21455949544906616,0.07891739904880524,0.0,0.19258719682693481,0.025838211178779602,0.03290409594774246,0.3488992750644684,0.29524290561676025,0.0,0.1545805186033249,0.22849787771701813,0.008856680244207382,0.01595371961593628,0.22314341366291046,0.3101258873939514,0.051711589097976685,0.0,0.0987868458032608,0.032541561871767044,0.00443883566185832,0.016978919506072998,0.08531317114830017,0.0,0.018521210178732872,0.06169722601771355,0.05154120922088623,0.044677600264549255,0.016483522951602936,0.4197651445865631,0.025699878111481667,0.0,0.20276251435279846,0.021663613617420197,0.0,0.0,0.0,0.0,0.01840255595743656,0.0,0.25138598680496216,0.0,0.001267308951355517,0.0,0.0,0.040718551725149155,0.0010923134395852685,0.0,0.0,0.3097292482852936,0.09920480847358704,0.0,0.00023939709353726357,0.04126258194446564,0.05330715700984001,0.03841453790664673,0.08176729083061218,0.005287634674459696,0.09750684350728989,0.21587081253528595,0.0,0.00043462050962261856,0.02699962630867958,0.0,0.01815917156636715,0.0672755241394043,0.02604689635336399,0.0,0.7160572409629822,0.1304999142885208,0.0,0.0,0.04989861324429512,0.0,0.004137872718274593,0.006650580558925867,0.009078658185899258,0.002044440945610404,0.0003251830639783293,0.2871223986148834,0.47039398550987244,0.008784472942352295,0.009002321399748325,0.0,0.0,0.2322264313697815,0.30292314291000366,0.0,0.2420055866241455,0.0923953726887703,0.03202437236905098,0.03494197130203247,0.22406570613384247,0.0,0.10400061309337616,0.0,0.015464995987713337,0.1726445108652115,0.0,0.0004206171433907002,0.0,0.5153527855873108,0.11832504719495773,0.03413454070687294,0.3546830415725708,0.5232458114624023,0.006244003307074308,0.006173411384224892,0.11135027557611465,0.012080191634595394,0.2892029583454132,0.0031583260279148817,0.0,0.11714332550764084,0.0009092299733310938,0.23078230023384094,0.19710148870944977,0.015538609586656094,0.10807166993618011,0.00825275108218193,0.4658012390136719,0.08658301830291748,0.46206459403038025,0.06652666628360748,0.17840728163719177,0.21670998632907867,0.17441517114639282,0.018846698105335236,0.23846755921840668,0.043037574738264084,0.0,0.0,0.0,0.008775563910603523,0.022634008899331093,0.0,0.016166886314749718,0.004969015717506409,0.12306102365255356,0.11488200724124908,0.0,0.0,0.0,0.0,0.0,0.6722904443740845,0.0,0.0,0.028137611225247383,0.08514057099819183,0.0,0.0,0.04893871024250984,0.04039640724658966,0.0037597762420773506,0.015458610840141773,0.07152817398309708,0.00792828667908907,0.008691885508596897,0.7380326390266418,0.0004513073363341391,0.0031084634829312563,0.006965080741792917,0.0,0.011171829886734486,0.1863616704940796,0.1949976533651352,0.0,0.2131083607673645,0.23495902121067047,0.12905924022197723,0.0,0.07467380166053772,0.0026686277706176043,0.09585563093423843,0.03037569858133793,0.0,0.26898446679115295,0.16147112846374512,0.3299609124660492,0.0,0.007253432646393776,0.18732605874538422,0.16315177083015442,0.044633958488702774,0.0,0.0,0.4269050657749176,0.17096590995788574,0.0,0.20495954155921936,0.557776153087616,0.08144784718751907,0.006950086914002895,1.9049482345581055
88,0.5218181610107422,0.10854700207710266,0.0843203067779541,0.0,0.01948009431362152,0.0,1.0335781574249268,0.0028588229324668646,0.0024872063659131527,0.4150758683681488,0.0,0.0,0.0,0.5581870675086975,0.0,0.04238157719373703,0.09819485992193222,0.0,0.0,0.012536458671092987,0.0,0.012063764035701752,0.0012882982846349478,0.0012570272665470839,0.25675487518310547,0.003031735308468342,0.0,0.6106125116348267,0.044862568378448486,0.028660312294960022,0.03346763551235199,0.5883699655532837,0.0,0.04375184699892998,0.14164124429225922,0.03898422047495842,0.0,0.31412383913993835,0.02974797412753105,0.06696407496929169,0.928087592124939,0.2925550937652588,0.06280502676963806,0.10766774415969849,0.11170405149459839,0.35537290573120117,1.0770611763000488,0.026657238602638245,0.0,0.0953579694032669,0.2667575478553772,0.0,0.3665994107723236,0.011683079414069653,0.08325893431901932,0.0,0.5154503583908081,1.787717580795288,0.5439740419387817,0.3887016177177429,0.0,0.05262205749750137,0.789828896522522,0.0,0.0,0.08313988149166107,0.0,0.0,0.7833526134490967,0.4336569905281067,0.28686636686325073,0.0,0.6310205459594727,0.6370735168457031,0.3611825704574585,0.02543552778661251,0.12803970277309418,0.0,0.0,0.22538143396377563,0.0,0.0009983527706936002,0.011432806961238384,0.30448830127716064,0.0,0.016850730404257774,0.0021801856346428394,0.8413224220275879,0.34402355551719666,0.49486732482910156,0.2971669137477875,0.0,0.04026126116514206,0.08551588654518127,0.0026836097240448,0.3452537953853607,1.1323235034942627,0.0,0.03717426210641861,0.021374888718128204,0.0,0.5825828313827515,0.0,0.0,0.5394165515899658,0.5181896686553955,0.14235363900661469,0.04922883212566376,0.2973010540008545,0.0,0.0,0.11807235330343246,0.21266484260559082,0.481564998626709,0.8767046928405762,0.0,0.1537867784500122,0.0,0.18096449971199036,0.04306177422404289,0.0,0.5121796131134033,0.04767985641956329,0.02171884849667549,0.0,0.008236735127866268,0.02623365819454193,0.20305275917053223,0.0,0.0,4.929746501147747e-05,0.053792744874954224,0.3555842638015747,0.031326163560152054,0.1563134491443634,0.9993530511856079,0.0,0.0,0.4916548430919647,0.06668246537446976,0.0,0.0,0.00026785366935655475,0.0,0.04401105269789696,0.0,0.7100607752799988,0.0020349768456071615,0.0,0.0,0.0,0.18283484876155853,0.06546564400196075,0.0,0.0,0.7544540166854858,0.03185833990573883,0.0,0.022866908460855484,0.11829813569784164,0.3706275224685669,0.3689671456813812,0.23445932567119598,0.0,0.32917889952659607,0.3777376115322113,0.0,0.3181076943874359,0.0,0.0,0.010073712095618248,0.0,0.033430807292461395,0.04640868306159973,1.4205422401428223,0.0,0.021192995831370354,0.4576473832130432,0.0,0.008183194324374199,0.0,0.0,0.0033498217817395926,0.06634056568145752,0.0,0.7117199897766113,1.0598915815353394,0.0388578437268734,0.3379833698272705,0.0,0.00017129133630078286,0.0,0.37464767694473267,0.0026072559412568808,0.5747095942497253,0.07297907024621964,0.03882298618555069,0.032454293221235275,0.0,0.21190068125724792,0.0816836953163147,0.0,0.08975710719823837,0.4700436592102051,0.0,0.0034273292403668165,0.0,0.0014939358225092292,0.0,0.0999627336859703,0.2812945246696472,0.978667676448822,0.08666383475065231,0.311387836933136,0.0,0.14979737997055054,0.8246768712997437,0.0,0.1459096223115921,0.13941915333271027,0.0,0.5486977100372314,0.0,0.09803447127342224,0.02594349905848503,0.0,0.590458333492279,0.0,0.9780185222625732,0.0,0.27621573209762573,0.18268726766109467,0.31769049167633057,0.1486513614654541,0.15438753366470337,0.2842593491077423,0.1927979290485382,0.0,0.01898839697241783,0.06711431592702866,0.15511387586593628,0.0,0.0023889632429927588,0.10340636223554611,0.0,0.0,0.0,0.0,0.0,0.0,0.0,0.49497050046920776,0.0,0.0,0.003823421895503998,0.5052489042282104,0.04277487099170685,0.15884482860565186,0.14680850505828857,0.09487740695476532,0.1470494568347931,0.0,0.0,0.31107866764068604,0.40236520767211914,0.10566718876361847,0.12737685441970825,0.0,0.3136450946331024,0.0,0.10950011014938354,0.5478149652481079,0.0036236527375876904,0.0,0.23894082009792328,1.2348639965057373,0.44728970527648926,0.3609759211540222,0.0,0.0,0.0,0.09842549264431,0.0,0.020179923623800278,0.3410267233848572,0.8082782626152039,0.0,0.16360150277614594,0.038134314119815826,0.2996883988380432,0.13153289258480072,0.0,0.14843527972698212,0.2088249921798706,0.0,0.18650773167610168,0.662779688835144,0.25382232666015625,0.0036709781270474195,0.007337189745157957,0.19570933282375336,0.059403784573078156,0.09875468164682388,0.0,0.0,0.0,0.4435644745826721,0.050585757941007614,0.0032992407213896513,0.1808840036392212,0.08500783890485764,0.0,0.0,0.347015917301178,0.06048382446169853,0.0,0.003797736717388034,0.0062376707792282104,0.002774342894554138,0.0,0.030930092558264732,0.019509414210915565,0.0,0.38151785731315613,0.24807392060756683,0.012383028864860535,0.0,0.5586555600166321,0.05675426870584488,0.02692594565451145,0.02472066693007946,0.3740661144256592,0.0,0.08103764802217484,0.07609110325574875,0.013236462138593197,0.0,0.23645912110805511,0.20060446858406067,0.08601973205804825,0.47328421473503113,0.1018160730600357,0.1468380242586136,0.0,0.19662600755691528,0.05014047026634216,0.5234405994415283,0.023186488077044487,0.0,0.19995461404323578,0.02736460044980049,0.0,0.6069731116294861,0.0021091524977236986,0.010848542675375938,0.019559351727366447,0.14209310710430145,0.9548977017402649,0.2453586906194687,0.08599663525819778,0.0,0.0283262487500906,0.20349879562854767,0.0,0.0,0.0,0.0,0.4257054328918457,0.32887861132621765,0.10966923087835312,0.019703075289726257,0.0,0.30702003836631775,0.6298726201057434,0.017232343554496765,0.04655542969703674,0.4315590560436249,0.007648703642189503,0.0,0.0026165032759308815,0.143973708152771,0.0,0.023836523294448853,0.2596000134944916,0.3299811780452728,0.0,0.0035698898136615753,0.3405637741088867,0.5522429347038269,0.16262970864772797,0.17295248806476593,0.2722654342651367,0.03800831735134125,0.1856795996427536,0.0,0.29572588205337524,0.45572859048843384,0.0,0.0,0.0,0.1777729094028473,0.16005586087703705,0.0,0.37142425775527954,0.18085609376430511,0.0859690010547638,0.027004122734069824,0.2791104316711426,0.08355280011892319,0.0,0.12663118541240692,0.04444574937224388,0.0974520668387413,0.3585330843925476,0.387796550989151,0.0,0.05805058404803276,0.3745283782482147,0.013318374752998352,0.041135288774967194,0.11730611324310303,0.35401037335395813,0.11104805767536163,0.005135142710059881,0.029456814751029015,0.0015542760957032442,0.0,0.14456142485141754,0.1874821037054062,0.0,0.026700450107455254,0.01603025570511818,0.09728803485631943,0.013664654456079006,0.03205837681889534,0.30323490500450134,0.018390847370028496,0.0,0.1887078732252121,0.009692761115729809,0.0,7.253848161781207e-05,0.0,0.0,0.09178090840578079,0.0,0.2978983223438263,0.0007001787307672203,0.00020889044390060008,0.0,0.0,0.0660746842622757,0.005695007275789976,0.0,0.0030260279309004545,0.5653396248817444,0.18174438178539276,0.0,0.0,0.028660276904702187,0.1852758377790451,0.04150558263063431,0.17430531978607178,0.0,0.001050350139848888,0.11131300032138824,0.0,0.005815564189106226,0.023391231894493103,0.0,0.04073554649949074,0.016630031168460846,0.017903132364153862,0.0,0.6281755566596985,0.20632866024971008,0.01639345847070217,0.0,0.021922362968325615,0.0,0.004108688328415155,0.008390444330871105,0.09619550406932831,0.012040520086884499,0.0,0.26310044527053833,0.38592591881752014,0.005492758937180042,0.07412372529506683,0.0,0.0,0.24511151015758514,0.21083298325538635,0.0,0.07431165874004364,0.28683724999427795,0.0,0.2891610562801361,0.32681891322135925,0.03845591098070145,0.32481834292411804,0.0,0.019802803173661232,0.1670953780412674,0.0,0.0,0.0,0.5526261329650879,0.23687021434307098,0.1236967071890831,0.11519359797239304,0.4091181755065918,0.002393718808889389,0.06446398049592972,0.13278882205486298,0.05861510708928108,0.32868799567222595,0.0,0.013744289986789227,0.13523589074611664,0.0,0.2723377048969269,0.30558881163597107,0.030643869191408157,0.08049304038286209,0.0,0.5931611657142639,0.2046259641647339,0.30586203932762146,0.0629817396402359,0.23170824348926544,0.14727042615413666,0.39975520968437195,0.0701056495308876,0.07156992703676224,0.04417196288704872,0.019525278359651566,0.0,0.0,0.003074370324611664,0.08448197692632675,0.0,0.04069434851408005,0.1745278388261795,0.1720898151397705,0.11481466144323349,0.01402890682220459,0.0,0.0,0.0,0.0,0.4950112998485565,0.0,0.0,0.04139556363224983,0.1994820535182953,0.0,0.0,0.011654219590127468,0.07247153669595718,0.0,0.0,0.10194722563028336,0.08081400394439697,0.07322097569704056,0.4968244135379791,0.014967245049774647,0.07690443098545074,0.021376488730311394,0.0,0.007790619973093271,0.13743191957473755,0.04276145622134209,0.0,0.46058961749076843,0.21981501579284668,0.2776482105255127,0.007997588254511356,0.05537254735827446,0.0,0.19990423321723938,0.0314214862883091,0.0,0.32770809531211853,0.1109253540635109,0.3658609390258789,0.0,0.028518198058009148,0.2284862995147705,0.11514153331518173,0.06275138258934021,0.0,0.0,0.3989213705062866,0.2342393696308136,0.0,0.23919346928596497,0.5035282969474792,0.25828543305397034,0.03611297905445099,0.5663182735443115,0.14541912078857422,0.020323466509580612,0.0,0.0,0.0,0.9085408449172974,0.021321330219507217,0.02633429504930973,0.3626231849193573,4.207236634101719e-05,0.005939059890806675,0.024405956268310547,0.5421200394630432,0.008754581212997437,0.006058291532099247,0.11251331865787506,0.0,0.0,0.014004086144268513,0.0,0.05403583496809006,0.04560985043644905,0.007646934129297733,0.21255327761173248,0.0,0.00334180542267859,0.6710935235023499,0.09514040499925613,0.017083346843719482,0.04711095243692398,0.6096847653388977,0.0,0.05365380272269249,0.1945020854473114,0.028440654277801514,0.0,0.18806974589824677,0.09502625465393066,0.10859252512454987,0.8393740057945251,0.35540464520454407,0.10070863366127014,0.1482560932636261,0.129895880818367,0.34539902210235596,0.9415404200553894,0.005569863133132458,0.0,0.06296300143003464,0.14321763813495636,0.0,0.5459422469139099,0.015804333612322807,0.028001980856060982,0.0,0.5651599764823914,1.6486910581588745,0.6284662485122681,0.3724268078804016,0.0,0.09473349899053574,0.8060492873191833,0.0,0.022208688780665398,0.12670639157295227,0.0,0.001155167119577527,0.8395662307739258,0.5513092279434204,0.12174111604690552,0.0,0.43086060881614685,0.6170874834060669,0.2680739462375641,0.04675927758216858,0.17148034274578094,0.0,0.0032541488762944937,0.1465405374765396,0.013508424162864685,0.0,0.028309566900134087,0.22489945590496063,0.0,0.011120413430035114,0.0,0.9489519000053406,0.3220115303993225,0.45383089780807495,0.16369876265525818,0.0,0.039538830518722534,0.04672173038125038,0.026192111894488335,0.3347718119621277,1.2219692468643188,0.003354594809934497,0.08739776164293289,0.02802828513085842,0.0236677099019289,0.9141963124275208,0.0,0.0,0.3794260621070862,0.4740751087665558,0.12387366592884064,0.07694948464632034,0.27449214458465576,0.0,0.0019382316386327147,0.06947428733110428,0.13064612448215485,0.5276492834091187,0.6608915328979492,0.0,0.22397637367248535,0.019907254725694656,0.06772852689027786,0.029600078240036964,0.07581569999456406,0.4464225769042969,0.06277567893266678,0.011954757384955883,0.0,0.0,0.03194975480437279,0.19981643557548523,0.0,0.002807473298162222,0.007822833955287933,0.05624426528811455,0.3498220145702362,0.03501513600349426,0.1539047658443451,0.8257883191108704,0.0038993635680526495,0.0011756413150578737,0.41522911190986633,0.06983377784490585,0.0,0.0,0.0,0.0013034925796091557,0.025322290137410164,0.0,0.5617106556892395,0.0,0.0,0.0,0.0,0.1529645025730133,0.07782629132270813,0.0,0.0,0.7006450295448303,0.07940036803483963,0.0,0.008557656779885292,0.0777963325381279,0.2854110598564148,0.30721643567085266,0.14420218765735626,0.04270460456609726,0.2306244820356369,0.3880414664745331,0.0,0.14377275109291077,0.0,0.0,0.019464479759335518,0.03248877078294754,0.02337430790066719,0.004235416185110807,1.4403666257858276,0.0009171423735097051,0.004272446967661381,0.18005332350730896,0.004325638525187969,0.001328641432337463,0.0,0.02843376062810421,0.002893391763791442,0.05473402142524719,0.0,0.6540250778198242,1.057105302810669,0.038203056901693344,0.29729992151260376,0.0,0.007427162490785122,0.004218174610286951,0.43694955110549927,0.0,0.47065091133117676,0.043668169528245926,0.030073115602135658,0.005450365599244833,0.002598529914394021,0.0988570898771286,0.05095265805721283,0.0,0.17245665192604065,0.3676379323005676,0.007183900102972984,0.02835286781191826,0.0,0.094710573554039,0.0,0.22259792685508728,0.34403932094573975,0.9800928235054016,0.04090072959661484,0.18483728170394897,0.017642460763454437,0.05369449779391289,0.6905007362365723,0.05038386955857277,0.13397569954395294,0.051864732056856155,0.0,0.5309680700302124,0.021641481667757034,0.11363796889781952,0.056112587451934814,0.0028952020220458508,0.503153920173645,0.0,0.9550832509994507,0.0,0.27108076214790344,0.18879909813404083,0.1969929039478302,0.055715374648571014,0.07853874564170837,0.17259150743484497,0.1210361197590828,0.0,0.007935930043458939,0.03672383725643158,0.17582014203071594,0.0,0.014438929036259651,0.03422308713197708,0.0,0.06179061904549599,0.0,0.0,0.0,0.0,0.0,0.6921637654304504,0.0,0.0,0.027972301468253136,0.2860858738422394,0.01143738441169262,0.10738838464021683,0.14156384766101837,0.0857861191034317,0.028508765622973442,0.0,0.005816283170133829,0.16000907123088837,0.3919505178928375,0.32038164138793945,0.14927010238170624,0.0,0.21320606768131256,0.0,0.0677863210439682,0.3346729278564453,0.006655463483184576,0.015900257974863052,0.2141273468732834,1.0096369981765747,0.2885524034500122,0.21493510901927948,0.005496338941156864,0.0,0.008339415304362774,0.12775017321109772,0.0,0.04768336936831474,0.4360514283180237,0.7269047498703003,0.023239102214574814,0.08003757148981094,0.018378453329205513,0.21195745468139648,0.07466748356819153,0.0,0.14197885990142822,0.2562599182128906,0.037811823189258575,0.11085858196020126,0.4089251458644867,0.3722417652606964,0.013650920242071152,0.0016905455850064754,-1.3391185998916626
89,0.47120118141174316,0.07365681231021881,0.08961840718984604,0.0,0.0,0.0,0.831439733505249,0.008989649824798107,0.0,0.3964564800262451,0.0,0.0,0.0,0.4491686224937439,0.0,0.035337917506694794,0.04135981202125549,0.0,0.0,0.030930783599615097,0.0,0.010850334540009499,0.00281246704980731,0.048748284578323364,0.3225034177303314,0.0,0.0,0.5782067775726318,0.030639294534921646,0.012696266174316406,0.04378615692257881,0.5698590874671936,0.0,0.04029327630996704,0.11112887412309647,0.019081149250268936,0.0,0.22143319249153137,0.15412075817584991,0.06412317603826523,0.8953627347946167,0.22429847717285156,0.07351426035165787,0.0558491088449955,0.12124142050743103,0.11431688070297241,0.9510701298713684,0.0073657771572470665,0.0,0.14447513222694397,0.20022685825824738,0.0,0.5380289554595947,0.0,0.05348934605717659,0.0,0.3303150236606598,1.5779811143875122,0.42006242275238037,0.3389747738838196,0.0,0.0354682132601738,0.687696099281311,0.0,0.0,0.012775138020515442,0.0,0.03599477559328079,0.6962698698043823,0.3429916501045227,0.1331912726163864,0.0,0.5181646347045898,0.7858050465583801,0.0997137650847435,0.015420721843838692,0.2720581591129303,0.005516425706446171,0.0,0.08015940338373184,0.029736122116446495,0.0070083229802548885,0.02618277631700039,0.2742452025413513,0.0,0.015338887460529804,0.0,0.855745255947113,0.46281611919403076,0.3507367670536041,0.23611758649349213,0.0,0.03639582544565201,0.05847577750682831,0.011816181242465973,0.45876699686050415,0.9551774859428406,0.0,0.017864685505628586,0.00942707248032093,0.05246752128005028,0.5647271871566772,0.0,0.0,0.29727745056152344,0.29384541511535645,0.0754421129822731,0.1383531391620636,0.2500268518924713,0.0,0.0,0.09312436729669571,0.12506461143493652,0.4154202938079834,0.8557095527648926,0.0,0.15065021812915802,0.09240666776895523,0.1043626070022583,0.06516764312982559,0.0049246856942772865,0.5821627974510193,0.1594606190919876,0.00954743567854166,0.0,0.0019887578673660755,0.0,0.14643283188343048,0.0,0.0,0.011659961193799973,0.05352454632520676,0.25589683651924133,0.07275116443634033,0.1661113053560257,0.9795106053352356,0.0,0.0,0.4439154267311096,0.019385740160942078,0.0,0.0,0.0,0.0,0.035615019500255585,0.0,0.6650882959365845,0.0,0.0,0.0,0.0,0.07029123604297638,0.03461203724145889,0.0,0.0,0.8074477910995483,0.05531316623091698,0.0,0.004171664826571941,0.11453033983707428,0.22237679362297058,0.21927522122859955,0.20362801849842072,0.0,0.17180611193180084,0.2816776633262634,0.0,0.07285532355308533,0.0,0.0,0.027748726308345795,0.04435982555150986,0.031317878514528275,0.0400439016520977,1.3046811819076538,0.06390640884637833,0.0032191453501582146,0.22113937139511108,0.0,0.0,0.0,0.0,0.000924614374525845,0.03437243402004242,0.0,0.6312083601951599,0.9205843806266785,0.03839324414730072,0.16492651402950287,0.0,0.0,0.020845243707299232,0.30038172006607056,0.0010525385150685906,0.4309075176715851,0.09667374193668365,0.04156895726919174,0.040495652705430984,0.003465913934633136,0.05730389058589935,0.11298055201768875,0.0,0.04232950881123543,0.4458417296409607,0.0,0.0004476701724343002,0.0,0.2847159504890442,0.012307008728384972,0.024130472913384438,0.30788326263427734,0.8429533839225769,0.034904416650533676,0.11292809993028641,0.0,0.04054613038897514,0.6424926519393921,0.0,0.09689566493034363,0.11684473603963852,0.0,0.5013769865036011,0.06535843014717102,0.09035176038742065,0.06923404335975647,0.0,0.7744443416595459,0.0,0.8765925765037537,0.0,0.2490541636943817,0.3002563416957855,0.36030951142311096,0.11810871213674545,0.12204162776470184,0.1400010734796524,0.01887228526175022,0.0,0.012851299718022346,0.034340161830186844,0.12124844640493393,0.0,0.00038849361590109766,0.00527151208370924,0.0,0.0,0.0,0.0,0.0,0.0,0.0,0.572746992111206,0.0,0.0,0.020577093586325645,0.3704500198364258,0.017336905002593994,0.07829698920249939,0.18085885047912598,0.1754123717546463,0.08140101283788681,0.0,0.017251519486308098,0.2519451081752777,0.21423423290252686,0.32654333114624023,0.03583073616027832,0.0,0.11825892329216003,0.0,0.0873618796467781,0.505525529384613,0.01123120915144682,0.0,0.2748259902000427,0.8034087419509888,0.35167384147644043,0.13681234419345856,0.0,0.0,0.0017627410124987364,0.09196058660745621,0.0,0.13757538795471191,0.31278204917907715,0.6665862798690796,0.0,0.1625789999961853,0.04116997495293617,0.20434951782226562,0.10882603377103806,0.0,0.028392797335982323,0.38127994537353516,0.0210882481187582,0.00020723071065731347,0.4534177780151367,0.4482746720314026,0.014791440218687057,0.013002105988562107,0.0,0.0718313679099083,0.018015746027231216,0.0,0.0,0.0,0.27275359630584717,0.1484372317790985,0.0,0.04810498282313347,0.23883986473083496,0.08213353902101517,0.0,0.3438971936702728,0.05982000008225441,0.011388599872589111,0.028157232329249382,0.07750417292118073,0.05924059823155403,0.0,0.002380573423579335,0.1660003364086151,0.0,0.43671858310699463,0.0969560369849205,0.0004222821444272995,0.0,0.4044864773750305,0.0,0.061714231967926025,0.0,0.23739129304885864,0.0,0.3317923843860626,0.0,0.012111199088394642,0.10466913878917694,0.04430151730775833,0.03414890542626381,0.34039628505706787,0.0021153967827558517,0.04705500602722168,0.21547701954841614,0.03313590586185455,0.2593705654144287,0.0,0.2605705261230469,0.0,0.0,0.007680184207856655,0.014085175469517708,0.0,0.4680076837539673,0.0,0.0,0.21748021245002747,0.0,0.60603928565979,0.020715897902846336,0.0,0.0,0.3038233518600464,0.07953238487243652,0.07468600571155548,0.0,0.0,0.0,0.45460745692253113,0.06094856187701225,0.07827237993478775,0.0,0.0,0.1453871876001358,0.5115773677825928,0.0,0.13626709580421448,0.08127165585756302,0.001099820714443922,0.0,0.23603108525276184,0.08673365414142609,0.0,0.0,0.2766192555427551,0.1743638515472412,0.0566718652844429,0.0,0.12071898579597473,0.5774126052856445,0.19518035650253296,0.02300511673092842,0.25596287846565247,0.06499116867780685,0.0,0.01682307943701744,0.005121075548231602,0.31888657808303833,0.0,0.0,0.057738326489925385,0.1272357851266861,0.17527979612350464,0.0,0.3455555737018585,0.23426182568073273,0.0,0.006296487059444189,0.1500864326953888,0.0,0.0,0.2169247418642044,0.075194351375103,0.0008769985288381577,0.12476226687431335,0.0,0.0,0.050379134714603424,0.06835015118122101,0.0,0.0,0.19863377511501312,0.03713062405586243,0.0019576363265514374,0.01824670098721981,0.08958455175161362,0.3599623143672943,0.0,0.0,0.09352298825979233,0.0,0.0,0.12442252039909363,0.0,0.058977313339710236,0.00037275534123182297,0.0,0.003391912905499339,0.0,0.17401908338069916,0.00017512543126940727,0.0,0.0,0.0,0.0,0.012215862981975079,0.03597531467676163,0.0,0.014968039467930794,0.32988476753234863,0.007807489484548569,0.0,0.0,0.010811915621161461,0.0,0.0,0.0,0.026828959584236145,0.028103286400437355,0.0,0.0,0.0,0.0,0.11636733263731003,0.0,0.10042742639780045,0.11306113749742508,0.0,0.0,0.08137521892786026,0.0,0.0031723137944936752,0.0068951016291975975,0.02660832181572914,0.0,0.01646443083882332,0.11741676181554794,0.0,0.0,0.23626336455345154,0.058516088873147964,0.015859682112932205,0.0,0.09229208528995514,0.0,0.0382094569504261,0.016981543973088264,0.1646217405796051,0.0,0.0,0.0,0.0,0.20850582420825958,0.26482605934143066,0.0,0.12287725508213043,0.016954101622104645,0.12109429389238358,0.05967216193675995,0.33016467094421387,0.0,0.05029129981994629,0.0,0.006418854463845491,0.03462160751223564,0.0,0.0,0.025000300258398056,0.06415598839521408,0.09579421579837799,0.00025176769122481346,0.13698385655879974,0.31837087869644165,0.0,0.0017071757465600967,0.22953689098358154,0.10200367867946625,0.16366511583328247,0.0,0.0,0.22016337513923645,0.0,0.010801752097904682,0.05580870434641838,0.0,0.13287918269634247,0.0,0.02135327458381653,0.027810702100396156,0.08158235251903534,0.29202699661254883,0.0,0.0,0.1307883858680725,0.022524086758494377,0.34814223647117615,0.03767762333154678,0.0,0.0,0.015569942072033882,0.010074217803776264,0.0,0.0,0.005402669310569763,0.09957554936408997,0.1258181780576706,0.01557752676308155,0.08796361833810806,0.0,0.0,0.0,0.0,0.4819853901863098,0.0,0.0,0.0,0.0,0.0,0.014751162379980087,0.010422985069453716,0.0,0.019477246329188347,0.07646943628787994,0.03518082946538925,0.0046099768951535225,0.0,0.6674237251281738,9.071826934814453e-05,0.10810166597366333,0.11234479397535324,0.0,0.0,0.0782475620508194,0.22346803545951843,0.0,0.08553983271121979,0.13421198725700378,0.18070892989635468,0.0,0.0296291783452034,0.0,0.08457081764936447,0.0910295620560646,0.0014741243794560432,0.20309726893901825,2.7766101993620396e-05,0.18787220120429993,0.0,0.0,0.449084997177124,0.285952627658844,0.01666386052966118,0.0,0.0,0.25322893261909485,0.3359697461128235,0.0,0.34385913610458374,0.38525599241256714,0.043353121727705,0.0,0.2512262165546417,0.06669233739376068,0.0531475730240345,0.0,0.0,0.0,0.6538534164428711,0.09063635021448135,0.0,0.28124675154685974,0.014960759319365025,0.028506947681307793,0.0,0.4837177097797394,0.010288560763001442,0.01066965889185667,0.06428787857294083,0.0,0.0,0.021549751982092857,0.0,0.08442889153957367,0.004505013581365347,0.18062253296375275,0.21444767713546753,0.0,0.0,0.6500468850135803,0.027353474870324135,0.009571154601871967,0.017941797152161598,0.5012339353561401,0.0,0.14835461974143982,0.052021853625774384,0.05690401792526245,0.0,0.16036199033260345,0.1315906047821045,0.18719026446342468,0.560897171497345,0.2973330318927765,0.06599947065114975,0.13384567201137543,0.2602376639842987,0.06033908575773239,0.7399887442588806,0.00423399219289422,0.0,0.08810967206954956,0.11860969662666321,0.0,0.5596987009048462,0.0,0.032078105956315994,0.021036246791481972,0.18105769157409668,1.3293471336364746,0.28446656465530396,0.2192283719778061,0.0,0.20478901267051697,0.5215026140213013,0.011662833392620087,0.0,0.014104445464909077,0.0,0.14949436485767365,0.5261722207069397,0.25763237476348877,0.07462600618600845,0.0,0.38050174713134766,0.6669100522994995,0.0323796346783638,0.1410222351551056,0.2186097353696823,0.004267411772161722,0.0,0.11387927085161209,0.033755112439394,0.0,0.01162005215883255,0.30467164516448975,0.001636892557144165,0.019788548350334167,0.0,0.6472979187965393,0.45400917530059814,0.2750304341316223,0.160793736577034,0.025081267580389977,0.031222423538565636,0.03653009608387947,0.03940510377287865,0.27140432596206665,0.781212329864502,0.0,0.011978168971836567,0.13136649131774902,0.03583061695098877,0.40348753333091736,0.0,0.0,0.3107868432998657,0.12717486917972565,0.04616682603955269,0.09199270606040955,0.1465807408094406,0.0,0.04225679859519005,0.05211009457707405,0.06198756769299507,0.3479515612125397,0.49346351623535156,0.0,0.12092426419258118,0.06413695961236954,0.051046669483184814,0.03589104861021042,0.11873612552881241,0.35791438817977905,0.10813901573419571,0.009743583388626575,0.022001244127750397,0.08360501378774643,0.0,0.1010543629527092,0.00469095166772604,0.0,0.004372472874820232,0.09845617413520813,0.12229713052511215,0.029041387140750885,0.09486191719770432,0.5799633860588074,0.0,0.0,0.35580140352249146,0.05787591263651848,0.0,0.0,0.0,0.0,0.023116976022720337,0.0,0.3888815939426422,0.0,0.0,0.0,0.0,0.0521976612508297,0.0194063913077116,0.0,0.0,0.46101289987564087,0.10057590901851654,0.0,0.0003071021637879312,0.07085593789815903,0.14921066164970398,0.09402583539485931,0.1360037624835968,0.00767929945141077,0.23547956347465515,0.26492565870285034,0.0,0.025946909561753273,0.0,0.0,0.017700321972370148,0.023173825815320015,0.025466425344347954,0.007992160506546497,0.8251897096633911,0.056095678359270096,0.004122294485569,0.10840006917715073,0.04244798421859741,0.0,0.0,0.009633146226406097,0.0005437706713564694,0.018216857686638832,0.0,0.4553050994873047,0.6538136601448059,0.02130202390253544,0.07599110156297684,0.0,0.0,0.07987277954816818,0.26435407996177673,0.0,0.34725692868232727,0.06383445858955383,0.028076553717255592,0.03356596827507019,0.029432684183120728,0.013270166702568531,0.07491263002157211,0.0,0.052453458309173584,0.25802597403526306,0.0,0.0009291308815591037,0.0,0.20080921053886414,0.008868305943906307,0.011188937351107597,0.3427180349826813,0.6347598433494568,0.015517385676503181,0.05728382617235184,0.08465632796287537,0.04585922509431839,0.49695006012916565,0.009968247264623642,0.03963279351592064,0.18731696903705597,0.0,0.3180578351020813,0.03627770021557808,0.052610211074352264,0.04815589264035225,0.0,0.47245365381240845,0.0014389732386916876,0.6378615498542786,0.01602032221853733,0.14767605066299438,0.1816544383764267,0.24585887789726257,0.10282798856496811,0.3132290244102478,0.12562604248523712,0.0,0.0,0.010034020058810711,0.022691575810313225,0.06602770835161209,0.0,0.002637970494106412,0.03037722222507,0.0011730202240869403,0.0,0.0,0.0,0.0,0.0,0.0,0.6086243987083435,0.0,0.0,0.009925703518092632,0.227530375123024,0.005828029476106167,0.039730943739414215,0.13351942598819733,0.101236991584301,0.03951197862625122,0.0009396937093697488,0.019496167078614235,0.1574377715587616,0.09810665994882584,0.5069029927253723,0.021948186680674553,0.0,0.09193269163370132,0.0,0.047741394490003586,0.3480740487575531,0.12550868093967438,0.0,0.2845112085342407,0.5925619602203369,0.28136754035949707,0.04048944264650345,0.0009224431705661118,0.0050205085426568985,0.005789782386273146,0.08961695432662964,0.0,0.1199515238404274,0.25107908248901367,0.5130907893180847,0.0001179609025712125,0.08946528285741806,0.20405441522598267,0.31424248218536377,0.06909952312707901,0.0,0.021664191037416458,0.3022667467594147,0.1348942667245865,0.0034969209227710962,0.41024190187454224,0.39184659719467163,0.0228530652821064,0.009829427115619183,-0.8303069472312927
90,0.0071693966165184975,0.02634584531188011,0.008449656888842583,0.0,0.0,0.0,0.4711568355560303,0.09870506078004837,0.0,0.057610154151916504,0.08414628356695175,0.017838938161730766,0.0,0.3440279960632324,0.0,0.05605241283774376,0.08854658901691437,9.340420365333557e-05,0.0,0.0,0.0,0.10770048946142197,0.0,0.30260002613067627,0.06301151216030121,0.0,0.0,0.4152369499206543,0.005084886681288481,0.13081516325473785,0.005121644586324692,0.2714576721191406,0.0,0.3131171464920044,0.009436356835067272,0.04728635028004646,0.059402428567409515,0.16738642752170563,0.01821524277329445,0.3024218678474426,0.010841869749128819,0.09903718531131744,0.14777278900146484,0.0821925550699234,0.25621214509010315,0.0,0.36435428261756897,0.009103640913963318,0.0,0.036600787192583084,0.008996340446174145,0.0,0.2738197147846222,0.004967094399034977,0.001846560277044773,0.03251989930868149,0.0431581512093544,0.6819208860397339,0.06303900480270386,0.029288271442055702,0.0,0.2105274498462677,0.1111304759979248,0.0,0.0,0.0,0.0,0.1016172245144844,0.13079822063446045,0.10459206998348236,0.0,0.0,0.21329718828201294,0.30049484968185425,0.0103177260607481,0.06556597352027893,0.035265810787677765,0.030656106770038605,0.0,0.20198550820350647,0.04287472739815712,0.018405873328447342,0.0,0.2052847295999527,0.0598113052546978,0.011989805847406387,0.0007022926583886147,0.17027589678764343,0.4612107276916504,0.3518827557563782,0.022957773879170418,0.005563011392951012,0.06484225392341614,0.07151815295219421,0.004975845571607351,0.0,0.4369649887084961,0.0,0.0,0.01370297558605671,0.0,0.21247762441635132,0.0,0.2701888978481293,0.37477990984916687,0.04049277305603027,0.027183396741747856,0.05725569650530815,0.0,0.0,0.018873337656259537,0.056826960295438766,0.033104635775089264,0.17834879457950592,0.0019760909490287304,0.0,0.02429709956049919,0.04119192063808441,0.019440747797489166,0.0005079763941466808,0.013419226743280888,0.010218478739261627,0.0,0.004980321973562241,0.0006199236959218979,0.41104042530059814,0.0,0.0,0.009796313010156155,0.0,0.0,0.11496125161647797,0.0,0.007932290434837341,0.00782308541238308,0.001938028261065483,0.0,0.0,0.15835417807102203,0.012007459066808224,0.0,0.0,0.007044382859021425,0.0,0.05186925828456879,0.03215932846069336,0.005234918557107449,0.013539914041757584,0.21605540812015533,0.0,0.0,0.06666863709688187,0.03865842521190643,0.0,0.0,0.051714371889829636,0.0068111540749669075,0.0,0.0032530552707612514,0.0,0.16005554795265198,0.00540034007281065,0.04497388005256653,0.0,0.15650279819965363,0.11048723012208939,0.0,0.030354062095284462,0.0,0.0,0.0,0.0,0.03364125266671181,0.0,0.04979518800973892,0.12644529342651367,0.0,0.006117465905845165,0.11203569918870926,0.05519552901387215,0.0043538231402635574,0.0,0.148182675242424,0.0,0.013897042721509933,0.057632386684417725,0.2856736183166504,0.0,0.0,0.0,0.0004745887708850205,0.0803673043847084,0.24946270883083344,0.00020325355581007898,0.1986328661441803,0.07251445204019547,0.04631991684436798,0.18210259079933167,0.07579638063907623,0.0,0.08902665972709656,0.0,0.015462638810276985,0.038919564336538315,0.0,0.0,0.0,0.0,0.009599002078175545,0.007072837091982365,0.08028236031532288,0.32263147830963135,0.0,0.12044025957584381,0.058016322553157806,0.14278514683246613,0.34275370836257935,0.0,0.0,0.24652418494224548,0.0,0.021009093150496483,0.0,0.0,0.05232268571853638,0.0,0.06587322801351547,0.0,0.17778098583221436,0.17230162024497986,0.0021353685297071934,0.0,0.22894921898841858,0.05184780806303024,0.21043384075164795,0.07847203314304352,0.0,0.0,0.023143397644162178,0.024051140993833542,0.0,0.01092754490673542,0.005769927985966206,0.2723756730556488,0.01127399317920208,0.001348483725450933,0.07542961835861206,0.0,0.0,0.0,0.0,0.3460829257965088,0.0,0.0,0.0,0.0187434833496809,0.0,0.0412328876554966,0.03687741979956627,0.0,0.05842694267630577,0.0005047406302765012,0.0,0.08826738595962524,0.006246577948331833,0.47111985087394714,0.0755932629108429,0.025401901453733444,0.183610200881958,0.0,0.0,0.09315439313650131,0.043403055518865585,0.0,0.10803844034671783,0.37528377771377563,0.2753027379512787,0.0,0.0,0.0,0.0031358273699879646,0.006467703729867935,0.005106841214001179,0.04725056141614914,0.007574022747576237,0.296376496553421,0.0,0.0,0.41858750581741333,0.2596766948699951,0.008021386340260506,0.0,0.0,0.02966628596186638,0.24686595797538757,0.0,0.4655557870864868,0.19976675510406494,0.029458962380886078,0.0,0.0,0.0718313679099083,0.018015746027231216,0.0,0.0,0.0,0.27275359630584717,0.1484372317790985,0.0,0.04810498282313347,0.23883986473083496,0.08213353902101517,0.0,0.3438971936702728,0.05982000008225441,0.011388599872589111,0.028157232329249382,0.07750417292118073,0.05924059823155403,0.0,0.002380573423579335,0.1660003364086151,0.0,0.43671858310699463,0.0969560369849205,0.0004222821444272995,0.0,0.4044864773750305,0.0,0.061714231967926025,0.0,0.23739129304885864,0.0,0.3317923843860626,0.0,0.012111199088394642,0.10466913878917694,0.04430151730775833,0.03414890542626381,0.34039628505706787,0.0021153967827558517,0.04705500602722168,0.21547701954841614,0.03313590586185455,0.2593705654144287,0.0,0.2605705261230469,0.0,0.0,0.007680184207856655,0.014085175469517708,0.0,0.4680076837539673,0.0,0.0,0.21748021245002747,0.0,0.60603928565979,0.020715897902846336,0.0,0.0,0.3038233518600464,0.07953238487243652,0.07468600571155548,0.0,0.0,0.0,0.45460745692253113,0.06094856187701225,0.07827237993478775,0.0,0.0,0.1453871876001358,0.5115773677825928,0.0,0.13626709580421448,0.08127165585756302,0.001099820714443922,0.0,0.23603108525276184,0.08673365414142609,0.0,0.0,0.2766192555427551,0.1743638515472412,0.0566718652844429,0.0,0.12071898579597473,0.5774126052856445,0.19518035650253296,0.02300511673092842,0.25596287846565247,0.06499116867780685,0.0,0.01682307943701744,0.005121075548231602,0.31888657808303833,0.0,0.0,0.057738326489925385,0.1272357851266861,0.17527979612350464,0.0,0.3455555737018585,0.23426182568073273,0.0,0.006296487059444189,0.1500864326953888,0.0,0.0,0.2169247418642044,0.075194351375103,0.0008769985288381577,0.12476226687431335,0.0,0.0,0.050379134714603424,0.06835015118122101,0.0,0.0,0.19863377511501312,0.03713062405586243,0.0019576363265514374,0.01824670098721981,0.08958455175161362,0.3599623143672943,0.0,0.0,0.09352298825979233,0.0,0.0,0.12442252039909363,0.0,0.058977313339710236,0.00037275534123182297,0.0,0.003391912905499339,0.0,0.17401908338069916,0.00017512543126940727,0.0,0.0,0.0,0.0,0.012215862981975079,0.03597531467676163,0.0,0.014968039467930794,0.32988476753234863,0.007807489484548569,0.0,0.0,0.010811915621161461,0.0,0.0,0.0,0.026828959584236145,0.028103286400437355,0.0,0.0,0.0,0.0,0.11636733263731003,0.0,0.10042742639780045,0.11306113749742508,0.0,0.0,0.08137521892786026,0.0,0.0031723137944936752,0.0068951016291975975,0.02660832181572914,0.0,0.01646443083882332,0.11741676181554794,0.0,0.0,0.23626336455345154,0.058516088873147964,0.015859682112932205,0.0,0.09229208528995514,0.0,0.0382094569504261,0.016981543973088264,0.1646217405796051,0.0,0.0,0.0,0.0,0.20850582420825958,0.26482605934143066,0.0,0.12287725508213043,0.016954101622104645,0.12109429389238358,0.05967216193675995,0.33016467094421387,0.0,0.05029129981994629,0.0,0.006418854463845491,0.03462160751223564,0.0,0.0,0.025000300258398056,0.06415598839521408,0.09579421579837799,0.00025176769122481346,0.13698385655879974,0.31837087869644165,0.0,0.0017071757465600967,0.22953689098358154,0.10200367867946625,0.16366511583328247,0.0,0.0,0.22016337513923645,0.0,0.010801752097904682,0.05580870434641838,0.0,0.13287918269634247,0.0,0.02135327458381653,0.027810702100396156,0.08158235251903534,0.29202699661254883,0.0,0.0,0.1307883858680725,0.022524086758494377,0.34814223647117615,0.03767762333154678,0.0,0.0,0.015569942072033882,0.010074217803776264,0.0,0.0,0.005402669310569763,0.09957554936408997,0.1258181780576706,0.01557752676308155,0.08796361833810806,0.0,0.0,0.0,0.0,0.4819853901863098,0.0,0.0,0.0,0.0,0.0,0.014751162379980087,0.010422985069453716,0.0,0.019477246329188347,0.07646943628787994,0.03518082946538925,0.0046099768951535225,0.0,0.6674237251281738,9.071826934814453e-05,0.10810166597366333,0.11234479397535324,0.0,0.0,0.0782475620508194,0.22346803545951843,0.0,0.08553983271121979,0.13421198725700378,0.18070892989635468,0.0,0.0296291783452034,0.0,0.08457081764936447,0.0910295620560646,0.0014741243794560432,0.20309726893901825,2.7766101993620396e-05,0.18787220120429993,0.0,0.0,0.449084997177124,0.285952627658844,0.01666386052966118,0.0,0.0,0.25322893261909485,0.3359697461128235,0.0,0.34385913610458374,0.38525599241256714,0.043353121727705,0.0,0.0,0.025634314864873886,0.00981840118765831,0.0,0.0,0.0,0.3302692472934723,0.19172698259353638,0.0,0.03353564813733101,0.20868253707885742,0.09683319926261902,0.0,0.37389108538627625,0.08706001937389374,0.021074017509818077,0.04444005712866783,0.06409579515457153,0.033045247197151184,0.0,0.0,0.15914396941661835,0.0,0.4383479058742523,0.060088399797677994,0.0,0.0,0.4640136957168579,0.0,0.038728587329387665,0.0005887041916139424,0.3177115321159363,0.0,0.3083473742008209,0.0,0.058635447174310684,0.03726976364850998,0.07616982609033585,0.07511737197637558,0.3753640055656433,0.006921198684722185,0.11509241163730621,0.16710057854652405,0.04125117510557175,0.3480076789855957,0.0,0.28280019760131836,0.0,0.0,0.01495022140443325,0.001434790319763124,0.0,0.48043519258499146,0.0,0.0,0.21033452451229095,0.0008654206176288426,0.6640114188194275,0.02017536200582981,0.027479328215122223,0.0,0.29301735758781433,0.11315484344959259,0.047567080706357956,0.0,0.0,0.0,0.41765689849853516,0.10815678536891937,0.12123674899339676,0.0,0.0,0.09782283008098602,0.407798171043396,0.0,0.1818327009677887,0.08956091850996017,0.033508531749248505,0.0,0.15853416919708252,0.05602545291185379,0.0,0.0,0.24753786623477936,0.2066948115825653,0.028935818001627922,0.0,0.19182349741458893,0.5290244817733765,0.21868321299552917,0.01575530134141445,0.19463735818862915,0.040639154613018036,0.025894032791256905,0.030724085867404938,0.006767404265701771,0.38105446100234985,0.0,0.0,0.09862807393074036,0.07722900807857513,0.2200574427843094,0.0,0.254067063331604,0.2713467478752136,0.0011539270635694265,0.004380501341074705,0.08641362935304642,0.0,0.0,0.19877269864082336,0.03817438334226608,0.00043526789522729814,0.1468161940574646,0.001997575629502535,0.0,0.05004211515188217,0.06762032955884933,0.0,0.0,0.22964872419834137,0.020648211240768433,0.0,0.0,0.12874041497707367,0.35161882638931274,0.0,0.0,0.09549396485090256,0.0,0.0,0.12839941680431366,0.0,0.008564582094550133,0.00048401555977761745,0.0009545939974486828,0.0005226538050919771,0.0,0.11062129586935043,0.020283140242099762,0.0,0.0,0.00032116027432493865,0.0,0.015585295855998993,0.023953506723046303,0.0,0.007394824642688036,0.15147598087787628,0.0,0.0,0.009598187170922756,0.008909291587769985,0.0,0.0,0.009404526092112064,0.05933448672294617,0.008101433515548706,0.0022179330699145794,0.0,0.026930907741189003,0.0,0.038816485553979874,0.0,0.1300843507051468,0.13788017630577087,0.0006481612799689174,0.0,0.05435747653245926,0.0,0.0,0.0036328411661088467,0.01795016974210739,0.0,0.026535343378782272,0.16382229328155518,0.0,0.0,0.19016991555690765,0.028645727783441544,0.010035187937319279,0.0,0.060815609991550446,0.0,0.008694902062416077,0.060893770307302475,0.1924068033695221,0.0,0.0,0.0,0.0,0.19774223864078522,0.22270303964614868,0.0,0.16534698009490967,0.05435653403401375,0.06784145534038544,0.10023433715105057,0.2318919599056244,0.0,0.039967749267816544,0.0,0.004541325382888317,0.022372372448444366,0.0,0.0,0.0077673764899373055,0.07385248690843582,0.10316887497901917,0.0,0.16232459247112274,0.2479180097579956,0.0,0.0080824363976717,0.2643449306488037,0.04384518042206764,0.19458827376365662,0.0,0.0,0.23468753695487976,0.0,0.026831211522221565,0.012369131669402122,0.0,0.06073032319545746,0.0,0.05376644805073738,0.036755774170160294,0.1579456776380539,0.29327666759490967,0.003381510730832815,0.004473910201340914,0.16229918599128723,0.04020274803042412,0.3855336308479309,0.01546945609152317,0.0,0.0,0.011292253620922565,0.00875314325094223,0.0,0.0026049274019896984,0.005000846926122904,0.11724460870027542,0.06074247136712074,0.03220509737730026,0.030451731756329536,0.0,0.0,0.0,0.0,0.5072402954101562,0.0,0.0,0.0,0.0,0.0,0.0018173290882259607,0.011919685639441013,0.0,0.006678327452391386,0.014335239306092262,0.0035673107486218214,0.025412853807210922,0.0,0.6774445176124573,0.002066396875306964,0.0497346930205822,0.0617971196770668,0.0,0.0,0.0568523034453392,0.21165435016155243,0.0,0.14228764176368713,0.16986170411109924,0.16642436385154724,0.0,0.025153832510113716,0.0,0.07571670413017273,0.014051607809960842,0.0,0.11185093224048615,0.01117192767560482,0.20238982141017914,0.0,0.0,0.4809422492980957,0.30880531668663025,0.015339421108365059,0.0,0.0,0.14620764553546906,0.3121222257614136,0.0,0.32720819115638733,0.329131156206131,0.03316882997751236,0.0,-0.6683886051177979
91,0.4131839871406555,0.059250492602586746,0.028756121173501015,0.004445741418749094,0.0,0.0,0.5656653642654419,0.018349740654230118,0.03760075569152832,0.14509405195713043,0.1356019228696823,0.014812207780778408,0.0,0.3548623025417328,0.031922534108161926,0.0,0.008691570721566677,0.058697666972875595,0.13726122677326202,0.005344265606254339,0.0022851868998259306,0.005730575416237116,0.0,0.16414545476436615,0.42752805352211,0.0027536842972040176,0.0053381482139229774,0.4650440216064453,0.03364168480038643,0.08668088167905807,0.027550382539629936,0.41861486434936523,0.0,0.011976998299360275,0.2241167575120926,0.0,0.0,0.08772578090429306,0.19295762479305267,0.12891623377799988,0.6091896891593933,0.0450713150203228,0.3034476935863495,0.0,0.09821467846632004,0.026867805048823357,0.5582608580589294,0.0016409866511821747,0.0,0.09931690245866776,0.0,0.0,0.7537484169006348,0.0,0.0,0.0,0.24861808121204376,1.065958857536316,0.40364494919776917,0.11656896024942398,0.0,0.0031114311423152685,0.45088115334510803,0.0,0.0,0.0,0.0,0.379576712846756,0.5284143090248108,0.4035486876964569,0.0,0.0,0.22604413330554962,0.7926527261734009,0.03784502297639847,0.0,0.2647179067134857,0.0,0.0002971559879370034,0.1577298641204834,0.13237540423870087,0.0,0.06842095404863358,0.13355907797813416,0.1941370964050293,0.03557085618376732,0.0,0.5674266219139099,0.6343843340873718,0.2929762005805969,0.13954316079616547,0.30292731523513794,0.1914157122373581,0.0537002794444561,0.008551635779440403,0.4343968331813812,0.7670871615409851,0.0,0.03624368831515312,0.004754796624183655,0.34881624579429626,0.7691382765769958,0.0,0.2651955485343933,0.12953989207744598,0.21316733956336975,0.05648849532008171,0.32704976201057434,0.08943314850330353,0.0,0.16608327627182007,0.1567421853542328,0.03832867369055748,0.348503977060318,0.4229736328125,0.0,0.24419580399990082,0.23424454033374786,0.000668188207782805,0.024304455146193504,0.08182394504547119,0.4689546227455139,0.037317775189876556,0.0,0.03941787779331207,0.0014265448553487659,0.010857309214770794,0.03562178090214729,0.09493060410022736,0.0,0.03000667132437229,0.010115349665284157,0.1448407769203186,0.06821335852146149,0.0032564231660217047,0.5180273056030273,0.04087541624903679,0.0,0.24684014916419983,0.0,0.0,0.006564407143741846,0.0,0.005633406341075897,0.043732743710279465,0.042011745274066925,0.34063073992729187,0.0010999493533745408,0.13377970457077026,0.0,0.0,0.06590627133846283,0.051273882389068604,0.0,0.0,0.4721083641052246,0.025831550359725952,0.0,0.002324212109670043,0.0910501778125763,0.11102942377328873,0.1317925900220871,0.15750841796398163,0.0,0.021820465102791786,0.18422530591487885,0.0,0.008175368420779705,0.021212680265307426,0.0,0.04389044642448425,0.06650056689977646,0.08580281585454941,0.006684142630547285,1.01799738407135,0.13585138320922852,0.0,0.013127279467880726,0.05972303822636604,0.0,0.01574423536658287,0.009603251703083515,0.07317528873682022,0.06676268577575684,0.02309226058423519,0.22850601375102997,0.6041838526725769,0.011618955992162228,0.053450971841812134,0.0,0.0042247711680829525,0.10601464658975601,0.38242873549461365,0.01502479612827301,0.23525677621364594,0.1830906718969345,0.22970452904701233,0.06493767350912094,0.1749606430530548,0.03666279464960098,0.08670389652252197,0.0,0.04698404669761658,0.33608004450798035,0.007289208471775055,0.0,0.03869006782770157,0.3881424069404602,0.18037644028663635,0.2004544734954834,0.21211016178131104,0.6759573817253113,0.0033075609244406223,0.011371951550245285,0.12365813553333282,0.07598339021205902,0.2856427729129791,0.0,0.017336184158921242,0.0728309378027916,0.0,0.3717106878757477,0.24866275489330292,0.09666901081800461,0.22385458648204803,0.005470606964081526,0.6827483177185059,0.1206415668129921,0.5475194454193115,0.09483611583709717,0.41342827677726746,0.2687534689903259,0.22325502336025238,0.01940208673477173,0.021834364160895348,0.05544435605406761,0.007005775813013315,0.0,0.0,0.008993668481707573,0.10692109912633896,0.0,0.013084768317639828,0.047072332352399826,0.18166996538639069,0.20962630212306976,0.057139258831739426,0.0,0.0,0.006825323682278395,0.0,0.733639657497406,0.0,0.0,0.08737572282552719,0.09283994138240814,0.00390911428257823,0.0020814111921936274,0.043242085725069046,0.04980260878801346,0.0,0.003389717312529683,0.05944429710507393,0.07044120877981186,0.12077300995588303,0.6233004927635193,0.003968448378145695,0.09583421051502228,0.054092343896627426,0.0,0.006798204965889454,0.17803619801998138,0.046510711312294006,0.0,0.10467618703842163,0.3731209933757782,0.24961340427398682,0.008758485317230225,0.1367526352405548,0.0,0.16856126487255096,0.0851195752620697,0.0,0.25689801573753357,0.1888369619846344,0.44030991196632385,0.0,0.05787813663482666,0.07076170295476913,0.02863115444779396,0.1261596530675888,0.0,0.0,0.47889596223831177,0.08520065993070602,0.0,0.21355323493480682,0.6312716603279114,0.08144309371709824,0.0,0.0444430336356163,0.07585025578737259,0.0596744678914547,0.0,0.0,0.0,0.5032318830490112,0.1006401777267456,0.0,0.041910625994205475,0.05049874261021614,0.014015737920999527,0.0,0.4347849488258362,0.0,0.04230000823736191,0.028981806710362434,0.0,0.0026888754218816757,0.0,0.0,0.11833570152521133,0.0,0.18054699897766113,0.03541525453329086,0.0,0.0,0.4430232346057892,0.0,0.11466711014509201,0.0,0.2550187110900879,0.0,0.3017619252204895,0.020598165690898895,0.0604245699942112,0.1044049859046936,0.1542169749736786,0.004517966881394386,0.2475479245185852,0.06699080765247345,0.15954016149044037,0.14535650610923767,0.06855398416519165,0.20427200198173523,0.03400818258523941,0.3524695634841919,0.004712284542620182,0.0,0.042264584451913834,0.06008313596248627,0.0,0.2115153968334198,0.009097959846258163,0.01408938504755497,0.0,0.07226443290710449,0.7879100441932678,0.17311501502990723,0.02455783635377884,0.0,0.21640382707118988,0.18632987141609192,0.0,0.0,0.0045583173632621765,0.0,0.02810702472925186,0.09685593098402023,0.16328950226306915,0.008671414107084274,0.0,0.2536718547344208,0.19696557521820068,0.03294995799660683,0.07402412593364716,0.018536385148763657,0.024990910664200783,0.0,0.2490258514881134,0.026814129203557968,0.002575143240392208,0.0,0.22816096246242523,0.0,0.04670272767543793,0.01205832976847887,0.20468682050704956,0.37521523237228394,0.2634257674217224,0.05484597384929657,0.0,0.045658085495233536,0.022283894941210747,0.0,0.0,0.4911733865737915,0.0,0.007565263658761978,0.0,0.0,0.22011245787143707,0.0,0.15924489498138428,0.3463002145290375,0.11092934012413025,0.02291780337691307,0.02632175385951996,0.016154680401086807,0.0,0.014935711398720741,0.08543577045202255,0.051878422498703,0.19031016528606415,0.006918660365045071,0.0,0.05203720182180405,0.002430466003715992,0.027104774489998817,0.01247197575867176,0.0,0.028797192499041557,0.0,0.018052438274025917,0.0,0.2922423779964447,0.0,0.006531218066811562,0.0,0.007534862961620092,0.0,0.07826769351959229,0.008404596708714962,0.030537547543644905,0.004191500134766102,0.031223855912685394,0.0,0.0,0.2368088960647583,0.036749329417943954,0.0,0.0,0.010744890198111534,0.0,0.04473710060119629,0.0,0.030379576608538628,0.00666317343711853,0.20823118090629578,0.0,0.028696691617369652,0.012015383690595627,0.024520665407180786,0.0,0.0,0.10619356483221054,0.022859835997223854,0.0,0.026955358684062958,0.003726240945979953,0.04587069898843765,0.037090495228767395,0.08535883575677872,0.0,0.19361045956611633,0.12618553638458252,0.0,0.04140438884496689,0.0,0.0,0.0,0.0,0.02619062177836895,0.0,0.1241508424282074,0.0327555313706398,0.0,0.026614796370267868,0.02658422663807869,0.09685712307691574,0.0,0.0,0.0916207879781723,0.004956310614943504,0.006188729777932167,0.08826304972171783,0.32976505160331726,0.0,0.028089238330721855,0.0,0.0,0.008525921031832695,0.2431333363056183,0.0,0.14676183462142944,0.022064795717597008,0.13387852907180786,0.11392822116613388,0.06648281216621399,0.009942286647856236,0.04605909809470177,0.0,0.035323143005371094,0.03272716701030731,0.0,0.0,0.0,0.0,0.0,0.037554167211055756,0.07536044716835022,0.3084615170955658,0.0,0.179529070854187,0.011165432631969452,0.13020770251750946,0.410579115152359,0.0,0.0,0.18275567889213562,0.0,0.05520377680659294,0.0,0.0,0.047062184661626816,0.0,0.005127454176545143,0.0,0.21944841742515564,0.018332278355956078,0.0008703875355422497,0.0,0.19018763303756714,0.10682249069213867,0.18371890485286713,0.09265635907649994,0.016275009140372276,0.0011079779360443354,0.03815322741866112,0.02999594807624817,0.012215547263622284,0.009717436507344246,0.0,0.23036131262779236,0.003274358808994293,0.0,0.07301310449838638,0.0,0.0,0.0,0.0,0.30350252985954285,0.0,0.0,0.0028147022239863873,0.04166276007890701,0.0,0.03598805516958237,0.04286778345704079,0.006839023437350988,0.051818303763866425,0.0,0.0,0.12477481365203857,0.020941542461514473,0.23057445883750916,0.06408359110355377,0.005845719948410988,0.22141486406326294,0.0,0.0,0.08554073423147202,0.050323791801929474,0.0,0.24589897692203522,0.5095770359039307,0.2986169159412384,0.0025203016120940447,0.0,0.0,0.0,0.07623254507780075,0.021172819659113884,0.033401988446712494,0.03302504122257233,0.31032487750053406,0.0007510203868150711,0.0,0.32742953300476074,0.2838101089000702,0.018117755651474,0.0,0.0,0.0,0.20602302253246307,0.0,0.5100954174995422,0.1267443299293518,0.019214611500501633,0.0,0.2506260871887207,0.03146054223179817,0.025412358343601227,0.0006361340638250113,0.0,0.0,0.5631250143051147,0.048925869166851044,0.013922303915023804,0.12645797431468964,0.06290799379348755,0.019739393144845963,0.0,0.42510801553726196,0.005956362467259169,0.0,0.056121740490198135,0.0018260207725688815,0.04679323732852936,0.00035085310810245574,0.0,0.04158971086144447,0.017568504437804222,0.16833168268203735,0.21219445765018463,0.0005345576792024076,0.0,0.5667030811309814,0.030039774253964424,0.035566072911024094,0.02078394405543804,0.4218277633190155,0.0,0.10379215329885483,0.11757365614175797,0.05526270717382431,0.0,0.06877635419368744,0.1198498085141182,0.17324204742908478,0.4413546621799469,0.16746175289154053,0.18849648535251617,0.04551875963807106,0.18318989872932434,0.02537880465388298,0.5630769729614258,0.0,0.00035158413811586797,0.057671308517456055,0.013961979188024998,0.0,0.6488810181617737,0.0004387205408420414,0.0,0.0007954884204082191,0.18231309950351715,1.087462306022644,0.3498515188694,0.15959180891513824,0.0,0.1033322662115097,0.42239025235176086,0.0,0.0,0.020146889612078667,0.0,0.21008369326591492,0.4570913314819336,0.3579115867614746,0.005088882055133581,0.0,0.2007588893175125,0.6109614968299866,0.05051964521408081,0.05676931142807007,0.19455859065055847,0.0,0.00345631199888885,0.12365250289440155,0.06103387475013733,0.0,0.04227575287222862,0.21496324241161346,0.0836176648736,0.01947937346994877,0.0,0.56086266040802,0.46666836738586426,0.2522681951522827,0.1043488010764122,0.15458203852176666,0.09356539696455002,0.029963914304971695,0.025459377095103264,0.2288219928741455,0.7433845400810242,0.0,0.015293780714273453,0.046082254499197006,0.1728735715150833,0.5328501462936401,0.0,0.15489593148231506,0.22707633674144745,0.15983207523822784,0.0473688542842865,0.18207260966300964,0.05685772746801376,0.0,0.07900359481573105,0.09198436141014099,0.03311506286263466,0.30424070358276367,0.2958563566207886,0.0,0.17192381620407104,0.14349959790706635,0.0012503305915743113,0.019546659663319588,0.0747893825173378,0.29301026463508606,0.04332032799720764,0.0006897931452840567,0.017611892893910408,0.016613280400633812,0.009332021698355675,0.024434098973870277,0.06420811265707016,0.0,0.015922904014587402,0.045341212302446365,0.10345615446567535,0.0331650972366333,0.0039388020522892475,0.3955473005771637,0.017102787271142006,0.0,0.2660045027732849,0.04449089244008064,0.0,0.0005305961822159588,0.0,3.565847873687744e-05,0.020933443680405617,0.007896467112004757,0.2323789745569229,0.0015909947687759995,0.04033052548766136,0.0,0.0,0.04514579102396965,0.012082690373063087,0.0,0.0,0.3168284296989441,0.09426110237836838,0.0,0.0031458998564630747,0.02916555479168892,0.0703747421503067,0.12469666451215744,0.10801321268081665,0.0033391600009053946,0.10305875539779663,0.21178922057151794,0.0,0.023202018812298775,0.004189143888652325,0.0,0.01610107533633709,0.019072121009230614,0.03996190056204796,0.008375600911676884,0.7534614205360413,0.08551699668169022,0.0,0.00389005895704031,0.04318278655409813,0.0,0.0028097988106310368,0.0005575676332227886,0.045202914625406265,0.029440900310873985,0.004714088514447212,0.3112376034259796,0.5845940709114075,0.00733391335234046,0.050390392541885376,0.0,0.0,0.08958598226308823,0.3228362202644348,0.008589867502450943,0.26037952303886414,0.10536396503448486,0.11527512967586517,0.06024216115474701,0.11042942851781845,0.027542343363165855,0.05609676614403725,0.0,0.0761975347995758,0.20285308361053467,0.0,0.0017900449456647038,0.0002764524833764881,0.2546684145927429,0.09670988470315933,0.13574180006980896,0.24744701385498047,0.5613746643066406,0.004182714968919754,0.027705999091267586,0.08197589218616486,0.06257674098014832,0.3634761869907379,0.0,0.006970175541937351,0.10009270161390305,0.0,0.26526322960853577,0.13668686151504517,0.04806246608495712,0.12202170491218567,0.0,0.38942286372184753,0.06097893789410591,0.517117977142334,0.037934742867946625,0.22366996109485626,0.1345215141773224,0.1727486103773117,0.03133547306060791,0.16700479388237,0.09379545599222183,7.261752034537494e-05,0.0,0.0,0.009570300579071045,0.0692201629281044,0.0,0.019022144377231598,0.03619547560811043,0.11232128739356995,0.13195332884788513,0.026425477117300034,0.0,0.0,0.005907027050852776,0.0,0.6284576058387756,0.0,0.0,0.040099553763866425,0.0655757486820221,0.0,0.008398331701755524,0.07548729330301285,0.0343400277197361,0.0,0.0025430500973016024,0.03311828151345253,0.051021020859479904,0.09306361526250839,0.5133629441261292,0.012361083179712296,0.042343951761722565,0.08356081694364548,0.0,0.000317595899105072,0.14537307620048523,0.08085797727108002,0.0,0.1913231909275055,0.43251439929008484,0.23107776045799255,0.015471549704670906,0.026810839772224426,0.0004282226727809757,0.07413680106401443,0.0890655443072319,0.0,0.13835176825523376,0.23436176776885986,0.43725472688674927,0.0,0.0181573536247015,0.14287503063678741,0.17517216503620148,0.07374899089336395,0.0,0.0092262402176857,0.28978532552719116,0.11656615883111954,0.0021828149911016226,0.2571409046649933,0.47161999344825745,0.05236971378326416,0.00011935392103623599,0.17265337705612183
92,0.0071693966165184975,0.02634584531188011,0.008449656888842583,0.0,0.0,0.0,0.4711568355560303,0.09870506078004837,0.0,0.057610154151916504,0.08414628356695175,0.017838938161730766,0.0,0.3440279960632324,0.0,0.05605241283774376,0.08854658901691437,9.340420365333557e-05,0.0,0.0,0.0,0.10770048946142197,0.0,0.30260002613067627,0.06301151216030121,0.0,0.0,0.4152369499206543,0.005084886681288481,0.13081516325473785,0.005121644586324692,0.2714576721191406,0.0,0.3131171464920044,0.009436356835067272,0.04728635028004646,0.059402428567409515,0.16738642752170563,0.01821524277329445,0.3024218678474426,0.010841869749128819,0.09903718531131744,0.14777278900146484,0.0821925550699234,0.25621214509010315,0.0,0.36435428261756897,0.009103640913963318,0.0,0.036600787192583084,0.008996340446174145,0.0,0.2738197147846222,0.004967094399034977,0.001846560277044773,0.03251989930868149,0.0431581512093544,0.6819208860397339,0.06303900480270386,0.029288271442055702,0.0,0.2105274498462677,0.1111304759979248,0.0,0.0,0.0,0.0,0.1016172245144844,0.13079822063446045,0.10459206998348236,0.0,0.0,0.21329718828201294,0.30049484968185425,0.0103177260607481,0.06556597352027893,0.035265810787677765,0.030656106770038605,0.0,0.20198550820350647,0.04287472739815712,0.018405873328447342,0.0,0.2052847295999527,0.0598113052546978,0.011989805847406387,0.0007022926583886147,0.17027589678764343,0.4612107276916504,0.3518827557563782,0.022957773879170418,0.005563011392951012,0.06484225392341614,0.07151815295219421,0.004975845571607351,0.0,0.4369649887084961,0.0,0.0,0.01370297558605671,0.0,0.21247762441635132,0.0,0.2701888978481293,0.37477990984916687,0.04049277305603027,0.027183396741747856,0.05725569650530815,0.0,0.0,0.018873337656259537,0.056826960295438766,0.033104635775089264,0.17834879457950592,0.0019760909490287304,0.0,0.02429709956049919,0.04119192063808441,0.019440747797489166,0.0005079763941466808,0.013419226743280888,0.010218478739261627,0.0,0.004980321973562241,0.0006199236959218979,0.41104042530059814,0.0,0.0,0.009796313010156155,0.0,0.0,0.11496125161647797,0.0,0.007932290434837341,0.00782308541238308,0.001938028261065483,0.0,0.0,0.15835417807102203,0.012007459066808224,0.0,0.0,0.007044382859021425,0.0,0.05186925828456879,0.03215932846069336,0.005234918557107449,0.013539914041757584,0.21605540812015533,0.0,0.0,0.06666863709688187,0.03865842521190643,0.0,0.0,0.051714371889829636,0.0068111540749669075,0.0,0.0032530552707612514,0.0,0.16005554795265198,0.00540034007281065,0.04497388005256653,0.0,0.15650279819965363,0.11048723012208939,0.0,0.030354062095284462,0.0,0.0,0.0,0.0,0.03364125266671181,0.0,0.04979518800973892,0.12644529342651367,0.0,0.006117465905845165,0.11203569918870926,0.05519552901387215,0.0043538231402635574,0.0,0.148182675242424,0.0,0.013897042721509933,0.057632386684417725,0.2856736183166504,0.0,0.0,0.0,0.0004745887708850205,0.0803673043847084,0.24946270883083344,0.00020325355581007898,0.1986328661441803,0.07251445204019547,0.04631991684436798,0.18210259079933167,0.07579638063907623,0.0,0.08902665972709656,0.0,0.015462638810276985,0.038919564336538315,0.0,0.0,0.0,0.0,0.009599002078175545,0.007072837091982365,0.08028236031532288,0.32263147830963135,0.0,0.12044025957584381,0.058016322553157806,0.14278514683246613,0.34275370836257935,0.0,0.0,0.24652418494224548,0.0,0.021009093150496483,0.0,0.0,0.05232268571853638,0.0,0.06587322801351547,0.0,0.17778098583221436,0.17230162024497986,0.0021353685297071934,0.0,0.22894921898841858,0.05184780806303024,0.21043384075164795,0.07847203314304352,0.0,0.0,0.023143397644162178,0.024051140993833542,0.0,0.01092754490673542,0.005769927985966206,0.2723756730556488,0.01127399317920208,0.001348483725450933,0.07542961835861206,0.0,0.0,0.0,0.0,0.3460829257965088,0.0,0.0,0.0,0.0187434833496809,0.0,0.0412328876554966,0.03687741979956627,0.0,0.05842694267630577,0.0005047406302765012,0.0,0.08826738595962524,0.006246577948331833,0.47111985087394714,0.0755932629108429,0.025401901453733444,0.183610200881958,0.0,0.0,0.09315439313650131,0.043403055518865585,0.0,0.10803844034671783,0.37528377771377563,0.2753027379512787,0.0,0.0,0.0,0.0031358273699879646,0.006467703729867935,0.005106841214001179,0.04725056141614914,0.007574022747576237,0.296376496553421,0.0,0.0,0.41858750581741333,0.2596766948699951,0.008021386340260506,0.0,0.0,0.02966628596186638,0.24686595797538757,0.0,0.4655557870864868,0.19976675510406494,0.029458962380886078,0.0,0.19570933282375336,0.059403784573078156,0.09875468164682388,0.0,0.0,0.0,0.4435644745826721,0.050585757941007614,0.0032992407213896513,0.1808840036392212,0.08500783890485764,0.0,0.0,0.347015917301178,0.06048382446169853,0.0,0.003797736717388034,0.0062376707792282104,0.002774342894554138,0.0,0.030930092558264732,0.019509414210915565,0.0,0.38151785731315613,0.24807392060756683,0.012383028864860535,0.0,0.5586555600166321,0.05675426870584488,0.02692594565451145,0.02472066693007946,0.3740661144256592,0.0,0.08103764802217484,0.07609110325574875,0.013236462138593197,0.0,0.23645912110805511,0.20060446858406067,0.08601973205804825,0.47328421473503113,0.1018160730600357,0.1468380242586136,0.0,0.19662600755691528,0.05014047026634216,0.5234405994415283,0.023186488077044487,0.0,0.19995461404323578,0.02736460044980049,0.0,0.6069731116294861,0.0021091524977236986,0.010848542675375938,0.019559351727366447,0.14209310710430145,0.9548977017402649,0.2453586906194687,0.08599663525819778,0.0,0.0283262487500906,0.20349879562854767,0.0,0.0,0.0,0.0,0.4257054328918457,0.32887861132621765,0.10966923087835312,0.019703075289726257,0.0,0.30702003836631775,0.6298726201057434,0.017232343554496765,0.04655542969703674,0.4315590560436249,0.007648703642189503,0.0,0.0026165032759308815,0.143973708152771,0.0,0.023836523294448853,0.2596000134944916,0.3299811780452728,0.0,0.0035698898136615753,0.3405637741088867,0.5522429347038269,0.16262970864772797,0.17295248806476593,0.2722654342651367,0.03800831735134125,0.1856795996427536,0.0,0.29572588205337524,0.45572859048843384,0.0,0.0,0.0,0.1777729094028473,0.16005586087703705,0.0,0.37142425775527954,0.18085609376430511,0.0859690010547638,0.027004122734069824,0.2791104316711426,0.08355280011892319,0.0,0.12663118541240692,0.04444574937224388,0.0974520668387413,0.3585330843925476,0.387796550989151,0.0,0.05805058404803276,0.3745283782482147,0.013318374752998352,0.041135288774967194,0.11730611324310303,0.35401037335395813,0.11104805767536163,0.005135142710059881,0.029456814751029015,0.0015542760957032442,0.0,0.14456142485141754,0.1874821037054062,0.0,0.026700450107455254,0.01603025570511818,0.09728803485631943,0.013664654456079006,0.03205837681889534,0.30323490500450134,0.018390847370028496,0.0,0.1887078732252121,0.009692761115729809,0.0,7.253848161781207e-05,0.0,0.0,0.09178090840578079,0.0,0.2978983223438263,0.0007001787307672203,0.00020889044390060008,0.0,0.0,0.0660746842622757,0.005695007275789976,0.0,0.0030260279309004545,0.5653396248817444,0.18174438178539276,0.0,0.0,0.028660276904702187,0.1852758377790451,0.04150558263063431,0.17430531978607178,0.0,0.001050350139848888,0.11131300032138824,0.0,0.005815564189106226,0.023391231894493103,0.0,0.04073554649949074,0.016630031168460846,0.017903132364153862,0.0,0.6281755566596985,0.20632866024971008,0.01639345847070217,0.0,0.021922362968325615,0.0,0.004108688328415155,0.008390444330871105,0.09619550406932831,0.012040520086884499,0.0,0.26310044527053833,0.38592591881752014,0.005492758937180042,0.07412372529506683,0.0,0.0,0.24511151015758514,0.21083298325538635,0.0,0.07431165874004364,0.28683724999427795,0.0,0.2891610562801361,0.32681891322135925,0.03845591098070145,0.32481834292411804,0.0,0.019802803173661232,0.1670953780412674,0.0,0.0,0.0,0.5526261329650879,0.23687021434307098,0.1236967071890831,0.11519359797239304,0.4091181755065918,0.002393718808889389,0.06446398049592972,0.13278882205486298,0.05861510708928108,0.32868799567222595,0.0,0.013744289986789227,0.13523589074611664,0.0,0.2723377048969269,0.30558881163597107,0.030643869191408157,0.08049304038286209,0.0,0.5931611657142639,0.2046259641647339,0.30586203932762146,0.0629817396402359,0.23170824348926544,0.14727042615413666,0.39975520968437195,0.0701056495308876,0.07156992703676224,0.04417196288704872,0.019525278359651566,0.0,0.0,0.003074370324611664,0.08448197692632675,0.0,0.04069434851408005,0.1745278388261795,0.1720898151397705,0.11481466144323349,0.01402890682220459,0.0,0.0,0.0,0.0,0.4950112998485565,0.0,0.0,0.04139556363224983,0.1994820535182953,0.0,0.0,0.011654219590127468,0.07247153669595718,0.0,0.0,0.10194722563028336,0.08081400394439697,0.07322097569704056,0.4968244135379791,0.014967245049774647,0.07690443098545074,0.021376488730311394,0.0,0.007790619973093271,0.13743191957473755,0.04276145622134209,0.0,0.46058961749076843,0.21981501579284668,0.2776482105255127,0.007997588254511356,0.05537254735827446,0.0,0.19990423321723938,0.0314214862883091,0.0,0.32770809531211853,0.1109253540635109,0.3658609390258789,0.0,0.028518198058009148,0.2284862995147705,0.11514153331518173,0.06275138258934021,0.0,0.0,0.3989213705062866,0.2342393696308136,0.0,0.23919346928596497,0.5035282969474792,0.25828543305397034,0.03611297905445099,0.20524491369724274,0.02875511534512043,0.023248223587870598,0.0,0.0,0.0,0.5494284629821777,0.10360301285982132,0.0014029128942638636,0.18535077571868896,0.035999491810798645,0.018902504816651344,0.0,0.41145873069763184,0.005454095080494881,0.001139237661845982,0.06065451353788376,0.0,0.0,0.0,0.0,0.08947042375802994,0.004710908513516188,0.23754781484603882,0.22281907498836517,0.0,0.0,0.611541211605072,0.021213894709944725,0.019251514226198196,0.00921407900750637,0.462175190448761,0.0,0.17077818512916565,0.011875124648213387,0.06931309401988983,0.0,0.12411750108003616,0.11061013489961624,0.1947379857301712,0.4629916846752167,0.2346242517232895,0.095772884786129,0.07930797338485718,0.2633625864982605,0.015883807092905045,0.6256416440010071,0.0015110478270798922,0.0,0.08533279597759247,0.032538607716560364,0.0,0.6068761348724365,0.0,0.0037322109565138817,0.027082065120339394,0.03953845426440239,1.0988010168075562,0.253564715385437,0.1712982952594757,0.0,0.2025633603334427,0.3849625289440155,0.0,0.0,0.004938800353556871,0.0,0.2559874355792999,0.4119888246059418,0.2512807250022888,0.0,0.0,0.27597305178642273,0.619747519493103,0.0008270337129943073,0.12009592354297638,0.26465505361557007,0.011068617925047874,0.0,0.08857330679893494,0.031228261068463326,0.0,0.010272634215652943,0.27125757932662964,0.009773604571819305,0.0059961131773889065,0.0,0.5217742323875427,0.4257781207561493,0.22587807476520538,0.11147205531597137,0.01632167026400566,0.047417934983968735,0.05551458150148392,0.04046662524342537,0.21071840822696686,0.6363654732704163,0.0,0.001982219982892275,0.08335012942552567,0.07495509088039398,0.3259746730327606,0.0,0.025693146511912346,0.2955920994281769,0.0363694503903389,0.008359515108168125,0.10393024981021881,0.09556954354047775,0.0,0.0723276138305664,0.047352056950330734,0.07204212993383408,0.3408467471599579,0.3524979054927826,0.0,0.10173854231834412,0.13458819687366486,0.021975314244627953,0.011370478197932243,0.13740666210651398,0.283131867647171,0.05781069025397301,0.0044635324738919735,0.0372278094291687,0.08685240149497986,0.002847545314580202,0.04178042337298393,0.012387954629957676,0.0,0.021651117131114006,0.09769632667303085,0.0851147323846817,0.04383605346083641,0.02524777688086033,0.3879079222679138,0.010028891265392303,0.0,0.24071121215820312,0.03892074525356293,0.0,0.0,0.0,0.0,0.011951422318816185,0.0,0.27967584133148193,0.0008978181867860258,0.003918517380952835,0.0,0.0,0.019249357283115387,0.008368945680558681,0.0,0.0,0.3237290382385254,0.08877958357334137,0.0,0.0038879597559571266,0.05129459127783775,0.07577578723430634,0.03068004734814167,0.12177492678165436,0.003202957333996892,0.14712420105934143,0.23369581997394562,0.0005958496476523578,0.008527540601789951,0.0,0.0,0.014637960121035576,0.032662078738212585,0.029938017949461937,0.0,0.6336172223091125,0.07801832258701324,0.0,0.008355929516255856,0.036818671971559525,0.0031974632292985916,0.0,0.0029609494376927614,0.006458846852183342,0.00951218232512474,0.0,0.35041385889053345,0.5353179574012756,0.02323271334171295,0.014557410962879658,0.0,0.0,0.14499661326408386,0.2926219403743744,0.0009353846544399858,0.24232003092765808,0.042699601501226425,0.03252115473151207,0.07508102804422379,0.08003648370504379,0.0,0.13115434348583221,0.0,0.01911098137497902,0.20779858529567719,0.0,9.691715240478516e-05,0.0,0.2736242413520813,0.03217477351427078,0.016378294676542282,0.3084527850151062,0.5420480370521545,0.008231742307543755,0.00984382163733244,0.08726067841053009,0.06055789813399315,0.4034425914287567,0.0011118317488580942,0.003720593871548772,0.14192816615104675,0.0,0.25746116042137146,0.08573874086141586,0.04090764373540878,0.07866530865430832,0.003027844475582242,0.4327448904514313,0.012725189328193665,0.4759567081928253,0.017608221620321274,0.18958744406700134,0.15499477088451385,0.203309565782547,0.04221523553133011,0.29884448647499084,0.0977424904704094,0.0,0.0,0.006577606312930584,0.036116354167461395,0.04436444491147995,0.0,0.020067498087882996,0.04794942960143089,0.028424670919775963,0.003042530035600066,0.0,0.0,0.0,0.0,0.0,0.5513865351676941,0.0,0.0,0.02256695367395878,0.15122643113136292,0.0,0.0036742379888892174,0.08317751437425613,0.03985114023089409,0.010667198337614536,0.0,0.021479837596416473,0.043309446424245834,0.031119175255298615,0.5567909479141235,0.004189915489405394,0.0,0.05369458720088005,0.0,0.014500581659376621,0.19600661098957062,0.13018302619457245,0.0,0.23230575025081635,0.37999776005744934,0.21394693851470947,0.0,0.0211498960852623,0.003895892295986414,0.019310271367430687,0.05417773500084877,0.0,0.13760998845100403,0.21142062544822693,0.3991067111492157,0.0,0.020009877160191536,0.24163761734962463,0.27224862575531006,0.05815308913588524,0.0,0.0,0.3149698078632355,0.18113745748996735,0.0,0.330371230840683,0.4483192563056946,0.03913561999797821,0.0023482353426516056,0.5051968097686768
93,0.08120213449001312,0.1303044557571411,0.05614428594708443,0.0,0.0,0.0,0.4657604694366455,0.08160395920276642,0.0,0.00893077626824379,0.05371366813778877,0.005408296827226877,0.0,0.31616899371147156,0.0,0.0762060359120369,0.023982413113117218,0.0,0.0,0.0,0.0,0.048933543264865875,0.0,0.33606788516044617,0.018604183569550514,0.0,0.0,0.4859839379787445,0.003901021322235465,0.09569519013166428,0.08327259123325348,0.28170046210289,0.0,0.28129372000694275,0.05252150446176529,0.07941029220819473,0.04895946756005287,0.2457580864429474,0.01459022518247366,0.12646321952342987,0.0290630254894495,0.1579252928495407,0.09229430556297302,0.10650097578763962,0.2649237811565399,0.10685159265995026,0.24489863216876984,0.015249825082719326,0.0,0.079450324177742,0.07814570516347885,0.0,0.17641587555408478,0.011969591490924358,0.02249750867486,0.00258762389421463,0.19156889617443085,0.6275901198387146,0.15899594128131866,0.06053537875413895,0.0,0.09595711529254913,0.09278234094381332,0.0,0.0,0.0016510207206010818,0.0,0.02643250860273838,0.14876008033752441,0.1176595464348793,0.021569736301898956,0.0,0.15344731509685516,0.09905482083559036,0.024313820526003838,0.04224366322159767,0.0022109299898147583,0.0960937961935997,0.0,0.12524724006652832,0.009819984436035156,0.0851726084947586,0.0,0.1525096446275711,0.04185156896710396,0.010015621781349182,0.05855005979537964,0.2139759510755539,0.3658679723739624,0.35693150758743286,0.04692491888999939,0.0,0.027036001905798912,0.07493535429239273,0.0017390616703778505,0.011998635716736317,0.4661988317966461,0.0,0.0,0.00020403116650413722,0.0,0.2859749495983124,0.0,0.2993674576282501,0.33247002959251404,0.14678405225276947,0.04184485971927643,0.01421617902815342,0.01534201204776764,0.0,0.0038635660894215107,0.06860636919736862,0.04346666485071182,0.17835476994514465,0.02248631976544857,0.0,0.03580044209957123,0.0,0.06682675331830978,0.005717145744711161,0.0,0.03592634201049805,0.013540834188461304,0.00432470440864563,0.0,0.3360396921634674,0.0,0.0,0.0,0.011448300443589687,0.0,0.12430936098098755,0.009467394091188908,0.005269590299576521,0.017151964828372,0.06783848255872726,0.0,0.0,0.08215072005987167,0.004887905903160572,0.0,0.0,0.017149480059742928,0.0,0.15547490119934082,0.0,0.019313856959342957,0.0,0.03935524821281433,0.00317838485352695,0.041736673563718796,0.19729216396808624,0.10070152580738068,0.0,0.0,0.23633182048797607,0.013459390960633755,0.0,0.02757866680622101,0.02972792647778988,0.2613396942615509,0.1305529922246933,0.02036074735224247,0.0,0.12192290276288986,0.09541302174329758,0.0023180998396128416,0.12332741171121597,0.0,0.0,0.0,0.0,0.03177539259195328,0.014760809950530529,0.12408708781003952,0.12142997235059738,0.003929405938833952,0.11349055916070938,0.03281562402844429,0.02858777716755867,0.0071045816875994205,0.0,0.2538747489452362,0.0,0.0,0.11947806924581528,0.23713140189647675,0.0,0.07387560606002808,0.0,0.0,0.01841636747121811,0.09041149914264679,0.0003650309517979622,0.19290977716445923,0.14959712326526642,0.035637300461530685,0.1977800875902176,0.012557456269860268,0.0073917158879339695,0.0898975282907486,0.0,0.02048194408416748,0.028229687362909317,0.0,0.0,0.0,0.0,0.0,0.040967874228954315,0.03307187184691429,0.31902021169662476,0.015229100361466408,0.21342897415161133,0.014648223295807838,0.04423965886235237,0.337442010641098,0.002534981817007065,0.02206924930214882,0.2408500760793686,0.0,0.02603243850171566,0.0,0.0,0.01418642420321703,0.0,0.03804829344153404,0.0015783228445798159,0.25969117879867554,0.0347227118909359,0.01027507334947586,0.0,0.33571165800094604,0.09664485603570938,0.09475000202655792,0.07593008130788803,0.015383817255496979,0.0,0.04559536650776863,0.051946382969617844,0.017387060448527336,0.0,0.0,0.3693423271179199,0.0,0.023310484364628792,0.06271734088659286,0.0,0.0,0.0,0.0,0.2725619375705719,0.0,0.0,0.004104651510715485,0.09570030868053436,0.0,0.06033584475517273,0.046977318823337555,0.001778542879037559,0.1484697461128235,0.0,0.0,0.17775216698646545,0.10696136951446533,0.19870944321155548,0.08497017621994019,0.0,0.16998045146465302,0.005583915859460831,0.0,0.07512134313583374,0.004493981134146452,0.0,0.35937753319740295,0.4346179962158203,0.21493013203144073,0.01654529944062233,0.0,0.0,0.0,0.0010078269988298416,0.031332727521657944,0.025586146861314774,0.04807702824473381,0.33628615736961365,0.0,0.0192159004509449,0.2949715852737427,0.1516961306333542,0.014058979228138924,0.0,0.0,0.0,0.25324681401252747,0.0,0.45099517703056335,0.06970153003931046,0.0026036840863525867,0.02218029461801052,0.0,0.0718313679099083,0.018015746027231216,0.0,0.0,0.0,0.27275359630584717,0.1484372317790985,0.0,0.04810498282313347,0.23883986473083496,0.08213353902101517,0.0,0.3438971936702728,0.05982000008225441,0.011388599872589111,0.028157232329249382,0.07750417292118073,0.05924059823155403,0.0,0.002380573423579335,0.1660003364086151,0.0,0.43671858310699463,0.0969560369849205,0.0004222821444272995,0.0,0.4044864773750305,0.0,0.061714231967926025,0.0,0.23739129304885864,0.0,0.3317923843860626,0.0,0.012111199088394642,0.10466913878917694,0.04430151730775833,0.03414890542626381,0.34039628505706787,0.0021153967827558517,0.04705500602722168,0.21547701954841614,0.03313590586185455,0.2593705654144287,0.0,0.2605705261230469,0.0,0.0,0.007680184207856655,0.014085175469517708,0.0,0.4680076837539673,0.0,0.0,0.21748021245002747,0.0,0.60603928565979,0.020715897902846336,0.0,0.0,0.3038233518600464,0.07953238487243652,0.07468600571155548,0.0,0.0,0.0,0.45460745692253113,0.06094856187701225,0.07827237993478775,0.0,0.0,0.1453871876001358,0.5115773677825928,0.0,0.13626709580421448,0.08127165585756302,0.001099820714443922,0.0,0.23603108525276184,0.08673365414142609,0.0,0.0,0.2766192555427551,0.1743638515472412,0.0566718652844429,0.0,0.12071898579597473,0.5774126052856445,0.19518035650253296,0.02300511673092842,0.25596287846565247,0.06499116867780685,0.0,0.01682307943701744,0.005121075548231602,0.31888657808303833,0.0,0.0,0.057738326489925385,0.1272357851266861,0.17527979612350464,0.0,0.3455555737018585,0.23426182568073273,0.0,0.006296487059444189,0.1500864326953888,0.0,0.0,0.2169247418642044,0.075194351375103,0.0008769985288381577,0.12476226687431335,0.0,0.0,0.050379134714603424,0.06835015118122101,0.0,0.0,0.19863377511501312,0.03713062405586243,0.0019576363265514374,0.01824670098721981,0.08958455175161362,0.3599623143672943,0.0,0.0,0.09352298825979233,0.0,0.0,0.12442252039909363,0.0,0.058977313339710236,0.00037275534123182297,0.0,0.003391912905499339,0.0,0.17401908338069916,0.00017512543126940727,0.0,0.0,0.0,0.0,0.012215862981975079,0.03597531467676163,0.0,0.014968039467930794,0.32988476753234863,0.007807489484548569,0.0,0.0,0.010811915621161461,0.0,0.0,0.0,0.026828959584236145,0.028103286400437355,0.0,0.0,0.0,0.0,0.11636733263731003,0.0,0.10042742639780045,0.11306113749742508,0.0,0.0,0.08137521892786026,0.0,0.0031723137944936752,0.0068951016291975975,0.02660832181572914,0.0,0.01646443083882332,0.11741676181554794,0.0,0.0,0.23626336455345154,0.058516088873147964,0.015859682112932205,0.0,0.09229208528995514,0.0,0.0382094569504261,0.016981543973088264,0.1646217405796051,0.0,0.0,0.0,0.0,0.20850582420825958,0.26482605934143066,0.0,0.12287725508213043,0.016954101622104645,0.12109429389238358,0.05967216193675995,0.33016467094421387,0.0,0.05029129981994629,0.0,0.006418854463845491,0.03462160751223564,0.0,0.0,0.025000300258398056,0.06415598839521408,0.09579421579837799,0.00025176769122481346,0.13698385655879974,0.31837087869644165,0.0,0.0017071757465600967,0.22953689098358154,0.10200367867946625,0.16366511583328247,0.0,0.0,0.22016337513923645,0.0,0.010801752097904682,0.05580870434641838,0.0,0.13287918269634247,0.0,0.02135327458381653,0.027810702100396156,0.08158235251903534,0.29202699661254883,0.0,0.0,0.1307883858680725,0.022524086758494377,0.34814223647117615,0.03767762333154678,0.0,0.0,0.015569942072033882,0.010074217803776264,0.0,0.0,0.005402669310569763,0.09957554936408997,0.1258181780576706,0.01557752676308155,0.08796361833810806,0.0,0.0,0.0,0.0,0.4819853901863098,0.0,0.0,0.0,0.0,0.0,0.014751162379980087,0.010422985069453716,0.0,0.019477246329188347,0.07646943628787994,0.03518082946538925,0.0046099768951535225,0.0,0.6674237251281738,9.071826934814453e-05,0.10810166597366333,0.11234479397535324,0.0,0.0,0.0782475620508194,0.22346803545951843,0.0,0.08553983271121979,0.13421198725700378,0.18070892989635468,0.0,0.0296291783452034,0.0,0.08457081764936447,0.0910295620560646,0.0014741243794560432,0.20309726893901825,2.7766101993620396e-05,0.18787220120429993,0.0,0.0,0.449084997177124,0.285952627658844,0.01666386052966118,0.0,0.0,0.25322893261909485,0.3359697461128235,0.0,0.34385913610458374,0.38525599241256714,0.043353121727705,0.0,0.04116705060005188,0.07724502682685852,0.004632630851119757,0.0,0.0,0.0,0.3923225700855255,0.13850145041942596,0.0,0.027591394260525703,0.09883822500705719,0.07065339386463165,0.0,0.3742978870868683,0.021993612870573997,0.03381866589188576,0.04416070878505707,0.00499739358201623,0.0,0.0,0.0,0.1156575009226799,0.0017057390650734305,0.3681848347187042,0.04080899432301521,0.0,0.0,0.5571113228797913,0.00336236460134387,0.03717735782265663,0.04464753344655037,0.33833640813827515,0.0,0.3031871020793915,0.0002757161855697632,0.08708968013525009,0.012497666291892529,0.13814762234687805,0.017649004235863686,0.2476317435503006,0.04191630706191063,0.22109940648078918,0.11214244365692139,0.1048378273844719,0.33294424414634705,0.03051389940083027,0.3495694696903229,0.0025682393461465836,0.0,0.021405791863799095,0.06729265302419662,0.0,0.37899017333984375,0.0,0.004227904602885246,0.09947457164525986,0.03842264041304588,0.7452906370162964,0.1108071506023407,0.0667400062084198,0.0,0.2440996766090393,0.1332383155822754,0.022935638204216957,0.0,0.00010289667989127338,0.0,0.19607026875019073,0.17129582166671753,0.14299799501895905,0.004259689711034298,0.0,0.12484999001026154,0.32878226041793823,0.0005119468551129103,0.18671542406082153,0.02984568662941456,0.046429894864559174,0.0,0.16510911285877228,0.024794917553663254,0.005490676034241915,0.0,0.23339785635471344,0.028368277475237846,0.014433552511036396,0.03372180834412575,0.2593119144439697,0.3916456699371338,0.2536216378211975,0.023153729736804962,0.03938307613134384,0.030979767441749573,0.06364674121141434,0.04445083066821098,0.040063805878162384,0.46211761236190796,0.0,0.0,0.10412135720252991,0.0060868896543979645,0.19694556295871735,0.0,0.1777225136756897,0.34202542901039124,0.015343950130045414,0.03329133987426758,0.02677701599895954,0.015766967087984085,0.0,0.0828058272600174,0.06011327728629112,0.009326922707259655,0.1782543659210205,0.02159043960273266,0.0,0.03571823611855507,0.01104234904050827,0.03227052092552185,0.0,0.12193946540355682,0.05190274491906166,0.015247434377670288,0.0063217380084097385,0.04628639295697212,0.27798306941986084,0.003402427304536104,0.0,0.01942136511206627,0.0,0.0,0.10121087729930878,0.0,0.005792383104562759,0.007368907332420349,0.08168522268533707,0.0,0.0,0.10228794068098068,0.052241694182157516,0.0,0.005415016319602728,0.004215414170175791,0.0,0.058625634759664536,0.0,0.015394351445138454,0.0,0.017996152862906456,0.0,0.016342632472515106,0.06431317329406738,0.0618380531668663,0.0,0.0,0.11223062127828598,0.062001101672649384,0.0,0.0016005925135686994,0.025404443964362144,0.09826550632715225,0.07084440439939499,0.021665167063474655,0.0,0.17084932327270508,0.1541377305984497,0.0018260536016896367,0.056481193751096725,0.0,0.0,0.006748773157596588,0.004610579926520586,0.030988020822405815,0.00268628285266459,0.13534606993198395,0.10121111571788788,0.0,0.027802422642707825,0.09927406162023544,0.018136734142899513,0.011932036839425564,0.0,0.15388110280036926,0.003935867454856634,0.0008239974267780781,0.1506548821926117,0.2436254471540451,0.0,0.0079744141548872,0.0,0.0,0.08531110733747482,0.1605183333158493,0.0014335433952510357,0.19428037106990814,0.05105889216065407,0.030458394438028336,0.10794911533594131,0.050498295575380325,0.0,0.062455035746097565,0.0,0.021144352853298187,0.02222125418484211,0.0,0.0,0.0,0.005678886082023382,0.007041934411972761,0.0,0.14911121129989624,0.3206968903541565,0.00870484858751297,0.09416548162698746,0.13755890727043152,0.04998403042554855,0.2848953306674957,0.0,0.008289879187941551,0.2337702363729477,0.0,0.04254697635769844,0.0,0.0,0.02666202001273632,0.0,0.04091711714863777,0.011369859799742699,0.2630554139614105,0.07114935666322708,0.012644238770008087,0.0073490929789841175,0.23273557424545288,0.07638290524482727,0.3436463177204132,0.08616381883621216,0.0,0.0011419974034652114,0.031667109578847885,0.018349656835198402,0.0027992217801511288,0.0,0.00039312857552431524,0.21453383564949036,0.005465657915920019,0.01153230108320713,0.02015615627169609,0.0,0.0,0.0,0.0,0.4387373626232147,0.0,0.0,0.0,0.05127178877592087,0.0,0.028387591242790222,0.02398465946316719,0.0019419039599597454,0.0862920731306076,0.00532264681532979,0.0,0.08930797129869461,0.026127584278583527,0.44057491421699524,0.04046877473592758,0.0,0.11325354874134064,0.0,0.0,0.07835273444652557,0.15608522295951843,0.0,0.29868555068969727,0.34987542033195496,0.19163787364959717,0.003915027249604464,0.0,0.001978604355826974,0.012246998026967049,0.024192262440919876,0.007843551225960255,0.03551618382334709,0.06555531173944473,0.31818318367004395,0.0,0.003609199309721589,0.36465156078338623,0.30478745698928833,0.02811622992157936,0.0,0.0,0.038859788328409195,0.27315860986709595,0.0,0.3867529034614563,0.19821874797344208,0.008509395644068718,0.006803310941904783,-0.3253801167011261
94,0.13936327397823334,0.1309492290019989,0.032940126955509186,0.0,0.0,0.0,0.5419316291809082,0.044997427612543106,0.0,0.014592571184039116,0.032134875655174255,0.004197488538920879,0.0,0.32512497901916504,0.0,0.11213452368974686,0.053034573793411255,0.0,0.0,0.0,0.0,0.05965689942240715,0.0004904571687802672,0.2439228892326355,0.02040197141468525,0.0,0.0,0.5132509469985962,0.005691395606845617,0.08456170558929443,0.11467558145523071,0.3044714629650116,0.0,0.27589040994644165,0.08881299197673798,0.054374177008867264,0.0076985848136246204,0.2167614847421646,0.000980227836407721,0.0712294951081276,0.053150564432144165,0.16897551715373993,0.06976804882287979,0.0922950878739357,0.17511239647865295,0.19375599920749664,0.30268171429634094,0.035089362412691116,0.0,0.050484199076890945,0.17154592275619507,0.0,0.14898502826690674,0.011591779068112373,0.04159216210246086,0.0,0.2930511236190796,0.7720446586608887,0.230872243642807,0.07228634506464005,0.0,0.07470846176147461,0.1432105153799057,0.0,0.0,0.006553442683070898,0.0,0.0,0.22973498702049255,0.15209649503231049,0.047578904777765274,0.0,0.18698573112487793,0.16158148646354675,0.07895325124263763,0.04326494410634041,0.005984650459140539,0.06569289416074753,0.0,0.1667466014623642,0.008754666894674301,0.0586390420794487,0.0,0.14728467166423798,0.004209202714264393,0.0,0.052361879497766495,0.29221445322036743,0.32684215903282166,0.4045376479625702,0.045828063040971756,0.0,0.024281492456793785,0.08179768174886703,0.0009505481575615704,0.022092092782258987,0.5990543365478516,0.0,0.006803023628890514,0.0,0.0,0.3705189526081085,0.0,0.25928235054016113,0.42242541909217834,0.2633841633796692,0.04842107370495796,0.009328993037343025,0.010234924964606762,0.0,0.0,0.0757550448179245,0.056202612817287445,0.2691839337348938,0.07780871540307999,0.0,0.03574236109852791,0.0,0.08335167169570923,0.021126212552189827,0.0,0.06268658488988876,0.0,0.007107339333742857,0.0,0.29787173867225647,0.0,0.027969038113951683,0.0,0.031887397170066833,0.0,0.15716135501861572,0.032787639647722244,0.0028404805343598127,0.04282999038696289,0.1535758227109909,0.0,0.0,0.03209878131747246,0.0052841342985630035,0.0,0.0,0.01356243621557951,0.0,0.17132370173931122,0.0,0.04769638180732727,0.0,0.0,0.0,0.05085763335227966,0.15812772512435913,0.10888223350048065,0.0,0.0,0.3315962553024292,0.029835056513547897,0.0,0.03244197368621826,0.037380628287792206,0.314084529876709,0.23315203189849854,0.01127532683312893,0.0,0.13442353904247284,0.12560470402240753,0.0,0.18775396049022675,0.0,0.0,0.0029395318124443293,0.006274789106100798,0.015685349702835083,0.030371537432074547,0.25749948620796204,0.1409214735031128,0.02762984298169613,0.15047869086265564,0.0,0.021012669429183006,0.00032067569554783404,0.0,0.22331182658672333,0.0009397715330123901,0.0,0.20021231472492218,0.33857202529907227,0.0,0.0858248695731163,0.0,0.0,0.0,0.136429563164711,0.0028156705666333437,0.2817785441875458,0.11333531141281128,0.026592008769512177,0.21257689595222473,0.0,0.04629065841436386,0.13894441723823547,0.0,0.03996657952666283,0.09383060783147812,0.0,0.0,0.0,0.0,0.0,0.08951332420110703,0.0598008818924427,0.3814164996147156,0.051579877734184265,0.269925594329834,0.0,0.06194847449660301,0.4124361574649811,0.0,0.031630609184503555,0.2662738561630249,0.0,0.0719030499458313,0.0,0.0002740018826443702,0.019981587305665016,0.0,0.057966023683547974,0.0,0.3916202187538147,0.0,0.01986951008439064,0.0,0.34570854902267456,0.08772935718297958,0.07740967720746994,0.1548805832862854,0.04965906962752342,0.0,0.03874381631612778,0.09073533117771149,0.04935232177376747,0.0,0.0,0.3514971137046814,0.0,0.019741440191864967,0.05801594257354736,0.0,0.0,0.0,0.0,0.2989087700843811,0.0,0.0,0.010606723837554455,0.16359204053878784,0.0,0.07818112522363663,0.06165275350213051,0.00839863158762455,0.15542232990264893,0.0,0.0,0.19000829756259918,0.21569298207759857,0.10871965438127518,0.11954641342163086,0.0,0.19036974012851715,0.0018626308301463723,0.014529015868902206,0.08962477743625641,0.0,0.0,0.3292722702026367,0.6195824146270752,0.22882860898971558,0.07417351007461548,0.0,0.0,0.0,0.004225010517984629,0.012830684892833233,0.010045546106994152,0.05343419313430786,0.4802052974700928,2.3543834686279297e-05,0.06928496807813644,0.23774221539497375,0.16877882182598114,0.029411837458610535,0.0,0.006448511499911547,0.0,0.22850167751312256,0.0,0.557099461555481,0.046184953302145004,0.00124164333101362,0.025760721415281296,0.21835029125213623,0.09956363588571548,0.0384676419198513,0.0,0.0,0.0,0.33715906739234924,0.059216730296611786,0.017512908205389977,0.10980261117219925,0.16082477569580078,0.01777663640677929,0.0,0.3836466372013092,0.12852606177330017,0.03636793792247772,0.003232085146009922,0.12849530577659607,0.05346963554620743,0.0,0.0,0.069413922727108,0.0,0.35476428270339966,0.1238357201218605,0.0,0.0,0.4117734730243683,0.008149519562721252,0.0788789689540863,0.011916269548237324,0.2901255190372467,0.0,0.11965332925319672,0.06384796649217606,0.0,0.02397857792675495,0.07796783000230789,0.16823506355285645,0.30082112550735474,0.31584417819976807,0.025825588032603264,0.2164282351732254,0.0,0.13068516552448273,0.00971502810716629,0.38206276297569275,0.0,0.0,0.08807948976755142,0.004578184336423874,0.0,0.6208317875862122,0.0,0.0,0.04199458658695221,0.056427001953125,0.831071138381958,0.2238951325416565,0.015422130934894085,0.0,0.014288024976849556,0.2882229685783386,0.02136329375207424,0.0,0.0,0.0,0.43381014466285706,0.25862282514572144,0.23496325314044952,0.0,0.0,0.1886502057313919,0.6162446737289429,0.005101572256535292,0.03335614874958992,0.1996307373046875,0.0,0.0,0.10210008919239044,0.08806134015321732,0.0,0.05096672102808952,0.1850556880235672,0.22314368188381195,0.05548402667045593,0.0,0.28929752111434937,0.5009729862213135,0.1775590479373932,0.050680745393037796,0.2913142740726471,0.04844851791858673,0.0018681545043364167,0.0,0.0997905507683754,0.45754119753837585,0.0,0.005124810617417097,0.0,0.33765891194343567,0.376232773065567,0.0,0.34927040338516235,0.14936096966266632,0.11458471417427063,0.01480936724692583,0.29317182302474976,0.043854571878910065,0.0,0.22141888737678528,0.07179924100637436,0.003668945748358965,0.27881771326065063,0.1159224659204483,0.0,0.14790619909763336,0.1909882128238678,0.0,0.03681175038218498,0.13377045094966888,0.21930237114429474,0.03923065960407257,0.0,0.030716413632035255,0.02998698502779007,0.0,0.0,0.08356926590204239,0.0,0.0,0.019129090011119843,0.03239317238330841,0.04197065532207489,0.030865494161844254,0.20867177844047546,0.02217513881623745,0.0,0.2090674191713333,0.01112489216029644,0.0,0.0,0.0,0.0,0.05412377789616585,0.030864153057336807,0.08997751027345657,0.0,0.09197860956192017,0.0,0.0,0.02017062157392502,0.012506883591413498,0.0,0.0,0.23073549568653107,0.10862500220537186,0.0,0.00206971843726933,0.007474579848349094,0.032855074852705,0.03927597030997276,0.098565973341465,0.007039519492536783,0.02979707159101963,0.1598106175661087,0.0,0.0009322464466094971,0.04337522014975548,0.0,0.020565215498209,0.030141571536660194,0.015149067156016827,0.0,0.42462122440338135,0.11056826263666153,0.0,0.004417091608047485,0.1672649085521698,0.014094929210841656,0.020460372790694237,0.0,0.09520450234413147,0.019090697169303894,0.018131818622350693,0.08537910133600235,0.33934974670410156,0.0,0.007491643074899912,0.0,0.0,0.21473699808120728,0.2838228940963745,0.0,0.17169983685016632,0.10780840367078781,0.06925055384635925,0.11594205349683762,0.2920725643634796,0.0,0.08347893506288528,0.0,0.007006207946687937,0.08526883274316788,0.0,0.0,0.011678793467581272,0.4321897625923157,0.15045049786567688,0.05091669782996178,0.17775842547416687,0.3649847209453583,0.0,0.0,0.17671771347522736,0.05798174440860748,0.1837529093027115,0.0,0.0,0.039646923542022705,0.01092261541634798,0.13594114780426025,0.24311572313308716,0.0,0.12158858776092529,0.0,0.18785491585731506,0.12915457785129547,0.2688094675540924,0.14075809717178345,0.15526142716407776,0.11138749122619629,0.2222631275653839,0.03258925676345825,0.0995333343744278,0.0,0.0,0.0,0.013973714783787727,0.007578507997095585,0.014912145212292671,0.0,0.009360040538012981,0.02927371859550476,0.1400759220123291,0.09455231577157974,0.07158461213111877,0.004744863603264093,0.0,0.004389640409499407,0.0,0.628820538520813,0.0,0.0,0.041817788034677505,0.0,0.0,0.025136031210422516,0.0007106636767275631,0.007327877916395664,0.0007253653602674603,0.02064277045428753,0.054262880235910416,0.04930511489510536,0.014769461937248707,0.5688287615776062,0.01482363510876894,0.10211290419101715,0.05475768819451332,0.0,0.0,0.08510737121105194,0.15327347815036774,0.0,0.14846393465995789,0.20990662276744843,0.14237435162067413,0.0,0.05367618054151535,0.0,0.08919505774974823,0.040981028228998184,0.004135313909500837,0.25530707836151123,0.023365825414657593,0.24330070614814758,0.0,0.0,0.3008722960948944,0.03640312701463699,0.025701338425278664,0.0,0.0,0.3529437780380249,0.19727672636508942,0.0,0.18650159239768982,0.5692127346992493,0.1097656786441803,0.0,0.26507583260536194,0.09276770055294037,0.0018240620847791433,0.0,0.0,0.0,0.4935949742794037,0.055140916258096695,0.004798620939254761,0.0721040815114975,0.03350767120718956,0.017439251765608788,0.0,0.3850647509098053,0.005487208720296621,0.05293219909071922,0.03469843417406082,0.0,0.002942998893558979,0.0,0.0,0.08309873938560486,0.011959196999669075,0.24407660961151123,0.061764415353536606,0.00011906145664397627,0.0,0.5592788457870483,0.018762683495879173,0.03241664171218872,0.08090873807668686,0.3897586166858673,0.0,0.175408735871315,0.06814301759004593,0.05295974388718605,0.0,0.09399520605802536,0.07128874212503433,0.1934679001569748,0.2489040046930313,0.18090994656085968,0.11260760575532913,0.04509369656443596,0.18931294977664948,0.0812995582818985,0.4302513301372528,0.007982391864061356,0.004384215921163559,0.04583263397216797,0.09058283269405365,0.0014301263727247715,0.44803157448768616,0.001606557285413146,0.007995438762009144,0.004287858493626118,0.12635616958141327,0.9166238903999329,0.3094146251678467,0.12324167788028717,0.0,0.09611938893795013,0.3101663589477539,0.0,0.0,0.011428512632846832,0.0,0.10948891192674637,0.33693113923072815,0.3022692799568176,0.00709262490272522,0.0,0.13838344812393188,0.42279016971588135,0.01519608311355114,0.06412456184625626,0.0780022144317627,0.011507335118949413,0.0,0.10745713859796524,0.03754429519176483,0.0033840134274214506,0.006813115440309048,0.21470248699188232,0.04144562780857086,0.014574694447219372,0.01795864850282669,0.44925570487976074,0.3449738025665283,0.30038002133369446,0.03203532099723816,0.02702101320028305,0.03592784330248833,0.055067338049411774,0.029970187693834305,0.09775228053331375,0.6626144051551819,0.0,0.013090429827570915,0.038038693368434906,0.07939182221889496,0.4266218841075897,0.0,0.22519569098949432,0.3193500339984894,0.13506509363651276,0.03107672929763794,0.08078473806381226,0.05964602157473564,0.0,0.03220498934388161,0.049998581409454346,0.004789151716977358,0.3249383568763733,0.1541992723941803,0.0,0.11491554975509644,0.04389713332056999,0.023557456210255623,0.024041082710027695,0.06536071002483368,0.17798376083374023,0.0520828478038311,0.003671597456559539,0.0006434227107092738,0.052610624581575394,0.008322132751345634,0.02880868874490261,0.009688535705208778,0.0,0.004481133073568344,0.09172104299068451,0.04392487183213234,0.019279981032013893,0.03406401351094246,0.3007175922393799,0.0026993434876203537,0.0,0.1219741702079773,0.05271805450320244,0.0,0.0,0.0,0.0,0.06179099902510643,0.0,0.11449545621871948,0.0,0.0,0.0,0.0046690660528838634,0.0353596992790699,0.05221879482269287,0.0,0.0,0.2843214273452759,0.068801648914814,0.0,0.0030878218822181225,0.051973454654216766,0.11331400275230408,0.16761888563632965,0.01902136765420437,0.0005052551277913153,0.1413106620311737,0.1621444672346115,0.0,0.04057928919792175,0.0,0.0,0.026470880955457687,0.030566003173589706,0.016315780580043793,0.0029623685404658318,0.4981172978878021,0.10951847583055496,0.0,0.028522755950689316,0.04662343114614487,0.010024781338870525,0.019060436636209488,0.0037829044740647078,0.13137345016002655,0.011138511821627617,0.001851181499660015,0.2873634994029999,0.4388962686061859,0.0,0.01997932605445385,0.0,0.0,0.05620848387479782,0.23064829409122467,0.007714974228292704,0.276621550321579,0.05129262059926987,0.02432011254131794,0.10413281619548798,0.020320679992437363,0.0,0.07555782794952393,0.0,0.03928990289568901,0.09842958301305771,0.0,0.0018413909710943699,0.0,0.178944393992424,0.015150545164942741,0.057334449142217636,0.20755089819431305,0.4562336802482605,0.009831690229475498,0.054713938385248184,0.03974679484963417,0.016716687008738518,0.3430270850658417,0.003923137206584215,0.01408460270613432,0.14801426231861115,0.003099067835137248,0.1404130607843399,0.0345756821334362,0.0,0.05157201737165451,0.004230981692671776,0.1458710879087448,0.016406124457716942,0.4397716522216797,0.0002730684936977923,0.08170189708471298,0.09952656179666519,0.2554014027118683,0.028142662718892097,0.18175143003463745,0.07733175903558731,0.0,0.0,0.02015688456594944,0.04119841009378433,0.022565528750419617,0.0,0.004988391418009996,0.10539733618497849,0.0018152344273403287,0.06496180593967438,0.007745448034256697,0.0,0.0,0.00977352261543274,0.0,0.5123782753944397,0.0,0.0,0.01285098772495985,0.03565123304724693,0.0,0.05473962798714638,0.061343543231487274,0.03275897353887558,0.07222713530063629,0.0018748609581962228,0.0,0.041928939521312714,0.07872600853443146,0.3644856810569763,0.04329643025994301,0.010074345394968987,0.07641245424747467,0.0,0.02028822898864746,0.10020125657320023,0.10913443565368652,0.0,0.27538061141967773,0.468905508518219,0.1339598447084427,0.0,0.005606235004961491,0.0006229052087292075,0.006205787882208824,0.025869645178318024,0.0,0.06804338842630386,0.14869986474514008,0.4171159565448761,0.0,0.024666888639330864,0.17928694188594818,0.19824643433094025,0.05360961705446243,0.0,0.0007459276239387691,0.07121338695287704,0.1833108812570572,0.00012647203402593732,0.3052181601524353,0.2828255891799927,0.029314452782273293,0.004328134935349226,-0.14538031816482544
95,0.13090424239635468,0.06290525943040848,0.0,0.0,0.0,0.0,0.3360709547996521,0.05502065643668175,0.0,0.14314012229442596,0.14613071084022522,0.011486719362437725,0.0,0.2614613473415375,0.15367837250232697,0.04619944095611572,0.01733078807592392,0.1491745412349701,0.020842749625444412,0.0,0.0,0.04608643427491188,0.0,0.46113312244415283,0.1678656041622162,0.0,0.0,0.4114825427532196,0.010271807201206684,0.02935182675719261,0.0,0.3488234877586365,0.0,0.1157279685139656,0.008724864572286606,0.0026327306404709816,0.0,0.09445711225271225,0.19948036968708038,0.23352782428264618,0.1913648545742035,0.0577494315803051,0.1233326718211174,0.002043133834376931,0.19985593855381012,0.0,0.42471933364868164,0.00549682043492794,0.0,0.14866191148757935,0.0,0.0115880835801363,0.6445277333259583,0.012733514420688152,0.0,0.07201095670461655,0.033783573657274246,0.7180418968200684,0.093355692923069,0.05176475644111633,0.0,0.08417519181966782,0.22405488789081573,0.058979663997888565,0.0,0.0,0.0,0.5255448222160339,0.2908177077770233,0.13538537919521332,0.0,0.0013334465911611915,0.16663965582847595,0.6220866441726685,0.0,0.04349501430988312,0.26330432295799255,0.002444607438519597,0.0,0.03094065934419632,0.15347416698932648,0.01833105832338333,0.10049346089363098,0.16534423828125,0.38196125626564026,0.034261371940374374,0.0,0.2805662751197815,0.5365250706672668,0.27338042855262756,0.0466950349509716,0.2337649166584015,0.03130244091153145,0.0741707980632782,0.0,0.11582674086093903,0.3450583517551422,0.0,0.0,0.002574288286268711,0.2530839741230011,0.2101794332265854,0.0,0.42048531770706177,0.11795242875814438,0.03503422811627388,0.026693711057305336,0.36299386620521545,0.06309991329908371,0.0,0.1684967279434204,0.027336368337273598,0.0015673103043809533,0.24616511166095734,0.13854272663593292,0.00977391842752695,0.03834589943289757,0.26797905564308167,0.0,0.026532689109444618,0.10764859616756439,0.1779068559408188,0.000539149041287601,0.0,0.08329785615205765,0.10151415318250656,0.0,0.0,0.12516829371452332,0.0,0.0014046248979866505,0.09785643219947815,0.0,0.0163266584277153,0.02286146581172943,0.2160576581954956,0.020376218482851982,0.0,0.156209334731102,0.0013716729590669274,0.0,0.0,0.0,0.0,0.012249456718564034,0.0329868383705616,0.09029612690210342,0.0,0.0,0.0,0.0,0.042591579258441925,0.034383583813905716,0.0,0.0,0.212079718708992,0.04740935191512108,0.0,0.0,0.010539780370891094,0.03169310465455055,0.01249707955867052,0.05694401264190674,0.0,0.03214824199676514,0.14283053576946259,0.0,0.0,0.08170325309038162,0.0,0.06567350775003433,0.048340216279029846,0.016052911058068275,0.0,0.28185442090034485,0.24902884662151337,0.0,0.0,0.15960071980953217,0.005306706763803959,0.04248868301510811,0.0,0.0829453244805336,0.006120920181274414,0.0228616651147604,0.07615721970796585,0.22903524339199066,0.0,0.0,0.0,0.0,0.31187379360198975,0.25258854031562805,0.0011224668705835938,0.15626439452171326,0.12129683047533035,0.0004602836270350963,0.11323698610067368,0.3582862913608551,0.0,0.1284252107143402,0.0,0.0019692708738148212,0.041548553854227066,0.0,0.0,0.0,0.5079964399337769,0.20799803733825684,0.008130823262035847,0.20506316423416138,0.30630117654800415,0.0,0.010777887888252735,0.14782081544399261,0.05680437758564949,0.16716548800468445,0.0,0.0,0.08425970375537872,0.0,0.1112084686756134,0.17475487291812897,0.0,0.08456259220838547,0.0,0.29887744784355164,0.17958320677280426,0.13222147524356842,0.23789061605930328,0.06789632141590118,0.14225955307483673,0.30995315313339233,0.04652073234319687,0.15912124514579773,0.0,0.0,0.0,0.0023156984243541956,0.009706013835966587,0.007408774457871914,0.00013268164184410125,0.009160556830465794,0.10237863659858704,0.17647375166416168,0.043937258422374725,0.006980674806982279,0.0,0.0,0.0,0.0,0.6214122772216797,0.0,0.0,0.0,0.0,0.0,0.0,0.02572786808013916,0.0,0.017800061032176018,0.039920873939991,0.08186499774456024,0.02249738574028015,0.0,0.7120715379714966,0.026604562997817993,0.05719386786222458,0.07986805588006973,0.0,0.0,0.16965678334236145,0.11847271025180817,0.0,0.12123337388038635,0.1059931144118309,0.14865519106388092,0.0,0.11163098365068436,0.0,0.18044035136699677,0.0,0.0,0.2745570242404938,0.005650751758366823,0.18754233419895172,0.0,0.0075331032276153564,0.3045065104961395,0.08177291601896286,0.033244047313928604,0.0,0.0,0.3488537669181824,0.23551136255264282,0.0,0.1753101646900177,0.5660036206245422,0.12717756628990173,0.03912708908319473,0.2500429153442383,0.0638703852891922,0.013276522979140282,0.0,0.0,0.0,0.335460901260376,0.049788158386945724,0.016848094761371613,0.01959373988211155,0.1192018985748291,0.11472751200199127,0.0,0.22303742170333862,0.275554895401001,0.0,0.011928926222026348,0.1315649449825287,0.08957014977931976,0.0,0.02314114011824131,0.05358079448342323,0.0,0.2887517809867859,0.26961269974708557,0.0,0.0,0.3938469886779785,0.0,0.024858009070158005,0.0,0.31233859062194824,0.0003373372310306877,0.15237268805503845,0.10395126044750214,0.0,0.02825348637998104,0.04021443799138069,0.08813821524381638,0.1840033382177353,0.3005979061126709,0.012325461022555828,0.21747583150863647,0.006009830627590418,0.13705050945281982,0.0,0.30970993638038635,0.0,0.0,0.1713206022977829,0.008313809521496296,0.0,0.7282446026802063,0.0,0.0,0.20541594922542572,0.013050656765699387,0.7356860637664795,0.1978560835123062,0.016076266765594482,0.0,0.05456430837512016,0.27335992455482483,0.11752321571111679,0.0,0.0,0.0,0.6495761871337891,0.28292107582092285,0.23540566861629486,0.0,0.0,0.0951356366276741,0.87591552734375,0.0,0.011612892150878906,0.2339518815279007,0.0,0.0,0.16672880947589874,0.11369683593511581,0.0,0.00036079506389796734,0.1806754320859909,0.3276730477809906,0.05284794420003891,0.0,0.4302669167518616,0.6218665242195129,0.29355674982070923,0.07273878157138824,0.37453848123550415,0.10167412459850311,0.0,0.00668615847826004,0.18335746228694916,0.4867174029350281,0.0,0.0,0.035921595990657806,0.35149332880973816,0.536053478717804,0.0,0.31586953997612,0.1929216831922531,0.0,0.015755467116832733,0.29121696949005127,0.001494853408075869,0.0,0.37530675530433655,0.10510722547769547,0.0,0.20799696445465088,0.1065419390797615,0.007077335380017757,0.1708323061466217,0.3270508050918579,0.0,0.008606871590018272,0.21753911674022675,0.2720661759376526,0.0,0.0,0.1955406665802002,0.08650822192430496,0.0,0.0010077859042212367,0.2563461661338806,0.0,0.0,0.1235080361366272,0.005301470868289471,0.06921247392892838,0.0014578565023839474,0.25411954522132874,0.06033007800579071,0.0,0.19352535903453827,0.00040933964191935956,0.0,0.0,0.0,0.0,0.006377942394465208,0.04870814085006714,0.10578322410583496,0.02078287862241268,0.21005618572235107,0.0,0.0,0.02132727950811386,0.005392902530729771,0.0,0.0,0.13515642285346985,0.03502452000975609,0.0085755018517375,0.0,0.0,0.012197330594062805,0.01801108941435814,0.11926230043172836,0.0,0.010834737680852413,0.190739706158638,0.0,0.0,0.20849807560443878,0.0,0.06149435043334961,0.194657564163208,0.006038543302565813,0.0,0.5568512082099915,0.2211374044418335,0.0,0.011748124845325947,0.15001870691776276,0.032415203750133514,0.02200070209801197,0.0011994927190244198,0.08872040361166,0.004859786480665207,0.04872555658221245,0.10332979261875153,0.25541579723358154,0.0,0.0,0.0,0.0,0.5019413232803345,0.4043756425380707,0.0,0.2039462924003601,0.039559438824653625,0.13154399394989014,0.052669938653707504,0.44153380393981934,0.0,0.0824648067355156,0.0,0.005600187927484512,0.2277863770723343,0.012270423583686352,0.0,0.0857437252998352,0.5047435760498047,0.20843666791915894,0.04430871084332466,0.25779929757118225,0.5319267511367798,0.0,0.0,0.17708635330200195,0.034176524728536606,0.13577845692634583,0.0,0.0,0.1851639300584793,0.0,0.1314733922481537,0.2327018678188324,0.007826641201972961,0.18963861465454102,0.004223279654979706,0.4379979968070984,0.1710011512041092,0.31821128726005554,0.2796030640602112,0.09001155942678452,0.21803900599479675,0.10892681032419205,0.002505057957023382,0.06594624370336533,0.035082537680864334,0.0,0.0,0.0,0.02697053551673889,0.003304495243355632,0.0025778908748179674,0.013915243558585644,0.03129402920603752,0.21776752173900604,0.1900121569633484,0.05986658111214638,0.0031792446970939636,0.0,0.007395695894956589,0.0,0.7434573173522949,0.0,0.0,0.07460236549377441,0.0,0.0,0.016842026263475418,0.0071949041448533535,0.0,0.004167447332292795,0.19811606407165527,0.12371603399515152,0.01365527044981718,0.0,0.9271535277366638,0.0,0.06858193874359131,0.06732801347970963,0.0,0.0,0.17549438774585724,0.22491100430488586,0.0,0.061167020350694656,0.21867959201335907,0.0853915736079216,0.0,0.15760159492492676,0.0,0.256428986787796,0.02494940161705017,0.0,0.41839471459388733,0.012825747020542622,0.2629847228527069,0.0,0.0,0.18316690623760223,0.06727590411901474,0.02873341739177704,0.0,0.0,0.4921342730522156,0.21688398718833923,0.0,0.12653911113739014,0.6669278740882874,0.035688616335392,0.0030347537249326706,0.2143920660018921,0.05624065920710564,0.0,0.0,0.0014840983785688877,0.0,0.34979090094566345,0.10700853168964386,0.011306524276733398,0.06922631710767746,0.12834224104881287,0.09978225082159042,0.0,0.32505959272384644,0.23900370299816132,0.010743005201220512,0.020154761150479317,0.12308509647846222,0.0071556223556399345,0.0,0.0012773263733834028,0.09355361759662628,0.0,0.3582794964313507,0.12890224158763885,0.0,0.0,0.481606125831604,0.001559997326694429,0.01713102124631405,0.0,0.38486188650131226,0.0,0.1669495701789856,0.08830837160348892,0.005901962518692017,0.0,0.0619032122194767,0.1677703857421875,0.25986871123313904,0.2626194655895233,0.08495373278856277,0.15662986040115356,0.0012136695440858603,0.221711203455925,0.0,0.3484302759170532,0.0,0.0,0.1556490808725357,0.0,0.0038385598454624414,0.7222194671630859,0.0,0.0,0.18274112045764923,0.06469057500362396,0.8187469244003296,0.17616498470306396,0.061282169073820114,0.0,0.1357954740524292,0.29775962233543396,0.08049681037664413,0.0,0.0,0.0,0.5911498069763184,0.30465883016586304,0.24535101652145386,0.0,0.0,0.09966447204351425,0.6942358613014221,0.00022563333914149553,0.08624346554279327,0.22961194813251495,0.02121860533952713,0.0,0.0886765792965889,0.09232209622859955,0.0,0.03787238150835037,0.1898796111345291,0.3198179006576538,0.01945209503173828,0.0,0.42001548409461975,0.5479242205619812,0.2701052129268646,0.03812236338853836,0.27629709243774414,0.026363011449575424,0.03081147000193596,0.004450223874300718,0.12444097548723221,0.5367913246154785,0.0,0.00362069602124393,0.06538504362106323,0.24684672057628632,0.48973795771598816,0.0,0.25646427273750305,0.1707092672586441,0.03131459653377533,0.019145920872688293,0.23701491951942444,0.021368717774748802,0.0,0.3006238341331482,0.029503600671887398,0.004308097530156374,0.264516681432724,0.10758653283119202,0.004734949674457312,0.10432648658752441,0.24705874919891357,0.0,0.020391235128045082,0.24482566118240356,0.16574598848819733,0.0,0.0,0.17859025299549103,0.10236627608537674,0.0,0.007215479388833046,0.1753152757883072,0.0,0.0,0.134669229388237,0.01298782229423523,0.032510753720998764,0.02215929515659809,0.264911025762558,0.027992431074380875,0.0,0.14731957018375397,0.01945122331380844,0.0,0.0,0.0,0.0,0.007233124226331711,0.010066401213407516,0.09883905947208405,2.2960337446420453e-05,0.021364059299230576,0.0,0.0,0.060718562453985214,0.006233247462660074,0.0,0.0,0.16285918653011322,0.09156961739063263,0.0,0.0008165577310137451,0.01492210105061531,0.06555183231830597,0.013438902795314789,0.04616465047001839,0.0,0.06801220029592514,0.17344991862773895,0.0,0.0015263393288478255,0.11584624648094177,0.0,0.04280492663383484,0.14973153173923492,0.011202816851437092,0.0,0.5192181468009949,0.21438536047935486,0.0,0.0,0.12831947207450867,0.012927783653140068,0.023059556260704994,0.01926470547914505,0.06243437901139259,0.0013373635010793805,0.00576720992103219,0.12830431759357452,0.283160924911499,0.0,0.0,0.0,0.0,0.3882804811000824,0.3213581442832947,0.0,0.2050723135471344,0.07534577697515488,0.01685883104801178,0.08433417230844498,0.35168612003326416,0.0,0.09503327310085297,0.0,0.006583213806152344,0.11987583339214325,0.0,0.0,0.0,0.4814128875732422,0.16253842413425446,0.04983559250831604,0.27312231063842773,0.4602881371974945,0.0,0.0,0.1984109878540039,0.02680700458586216,0.17578567564487457,0.0,0.0,0.1737649142742157,0.0,0.12002809345722198,0.15210257470607758,0.0038998464588075876,0.10398716479539871,0.003341356059536338,0.31994184851646423,0.17419995367527008,0.3100200295448303,0.25081372261047363,0.057751160115003586,0.16326488554477692,0.18317122757434845,0.010745097883045673,0.17011459171772003,0.007146422751247883,0.0,0.0,0.0,0.023560263216495514,0.02416032738983631,0.0,0.028416143730282784,0.0701475515961647,0.16325058043003082,0.16572298109531403,0.0,0.0,0.0,0.0,0.0,0.7234175801277161,0.0,0.0,0.04053168743848801,0.0006725841085426509,0.0,0.004443219862878323,0.010288692079484463,0.0,0.004348483867943287,0.10468191653490067,0.06960628926753998,0.018887922167778015,0.0,0.8809516429901123,0.0021456575486809015,0.04234161600470543,0.04513103887438774,0.0,0.0,0.14542317390441895,0.23531454801559448,0.0,0.14191028475761414,0.24174173176288605,0.06515650451183319,0.0,0.13258637487888336,0.0,0.1644199639558792,0.007857797667384148,0.0,0.32485947012901306,0.04482033848762512,0.24077895283699036,0.0,0.0,0.25268930196762085,0.12377111613750458,0.018808310851454735,0.0,0.0,0.35039857029914856,0.22478176653385162,0.0,0.14058348536491394,0.5658637881278992,0.08266818523406982,0.024192223325371742,0.036952417343854904
96,0.13153815269470215,0.12858760356903076,0.03004780039191246,0.0,0.0,0.0,0.5562533140182495,0.05380178242921829,0.0,0.010689820162951946,0.03480154275894165,0.00260109337978065,0.0,0.3128419816493988,0.0,0.10133884102106094,0.05611870810389519,0.0,0.0,0.0,0.0,0.05313727259635925,0.0,0.23703445494174957,0.02067524753510952,0.0,0.0,0.4913625419139862,0.011280184611678123,0.09143953025341034,0.11721061915159225,0.31382495164871216,0.0,0.282706618309021,0.09305407851934433,0.054687339812517166,0.008726174011826515,0.21744012832641602,0.001476589939557016,0.07102115452289581,0.06225984916090965,0.16409090161323547,0.08353523164987564,0.11004164069890976,0.1733936071395874,0.16816218197345734,0.2776561677455902,0.026863113045692444,0.0,0.046216439455747604,0.16113682091236115,0.0,0.15428856015205383,0.019062049686908722,0.04703988507390022,0.0,0.30243420600891113,0.7333893775939941,0.2095789760351181,0.06671468168497086,0.0,0.08180157095193863,0.14018121361732483,0.0,0.0,0.009148037992417812,0.0,0.0,0.2182289958000183,0.15299701690673828,0.0365862138569355,0.0,0.17397506535053253,0.1411513388156891,0.0771331712603569,0.04741378873586655,0.009152904152870178,0.0588875412940979,0.0,0.1588183045387268,0.00938901025801897,0.06765460968017578,0.0,0.13808095455169678,0.0011169823119416833,0.0,0.058433063328266144,0.28909072279930115,0.33238694071769714,0.41317516565322876,0.03734861686825752,0.0,0.02431419864296913,0.07341345399618149,0.0,0.016532711684703827,0.5905753374099731,0.0,0.005387780722230673,0.0,0.0,0.3674263060092926,0.0,0.26546066999435425,0.41535863280296326,0.2449435591697693,0.05567939952015877,0.008707800880074501,0.005539460573345423,0.0,0.0,0.06696517765522003,0.04628325626254082,0.2565564215183258,0.0803874060511589,0.0,0.03540181741118431,0.0,0.09012733399868011,0.021488627418875694,0.0,0.056905072182416916,0.0,0.008996901102364063,0.0,0.32387545704841614,0.0,0.027254806831479073,0.0,0.033114347606897354,0.0,0.16968075931072235,0.03239649161696434,0.0028584820684045553,0.0330452062189579,0.13951373100280762,0.0,0.0,0.05075351893901825,0.010137014091014862,0.0,0.0,0.013710932806134224,0.0,0.14939726889133453,0.0,0.04916941747069359,0.0,0.007824589498341084,0.0,0.05180671811103821,0.15970702469348907,0.09217426925897598,0.0,0.0,0.31081023812294006,0.01859320141375065,0.0,0.03400709107518196,0.03834942728281021,0.30184850096702576,0.2095961570739746,0.013509219512343407,0.0,0.13388940691947937,0.11398546397686005,0.0,0.1704460084438324,0.0,0.0,0.0,0.002265953691676259,0.022037873044610023,0.02868298813700676,0.2555587887763977,0.11340128630399704,0.026940813288092613,0.1474878191947937,0.0,0.02282305806875229,0.0,0.0,0.22601720690727234,0.0,0.0,0.2037024348974228,0.33564332127571106,0.0,0.08683321624994278,0.0,0.0,0.0,0.14073991775512695,0.008201501332223415,0.28719282150268555,0.09654376655817032,0.02784579247236252,0.21012119948863983,0.0,0.04135638475418091,0.12204794585704803,0.0,0.03324095532298088,0.09259480237960815,0.0,0.0,0.0,0.0,0.0,0.09389567375183105,0.05115225166082382,0.37553492188453674,0.04071866348385811,0.2569482922554016,0.0,0.07176444679498672,0.40695667266845703,0.0007231479394249618,0.028414223343133926,0.2533780038356781,0.0,0.07320413738489151,0.0,0.0003991533594671637,0.013262348249554634,0.0,0.058382511138916016,0.0,0.36639687418937683,0.0,0.010631314478814602,0.0,0.33714237809181213,0.07933700084686279,0.07300762087106705,0.13905219733715057,0.05063137784600258,0.0,0.03970684856176376,0.08612551540136337,0.0627865344285965,0.0,0.0,0.34194737672805786,0.0,0.019089147448539734,0.05012441426515579,0.0,0.0,0.0,0.0,0.2785615026950836,0.0,0.0,0.01285085640847683,0.15001901984214783,0.0,0.07677320390939713,0.05956804007291794,0.005413317121565342,0.15919899940490723,0.0,0.0,0.16626282036304474,0.21273648738861084,0.10866978019475937,0.11625723540782928,0.0,0.18332929909229279,0.0,0.006549063138663769,0.08812972158193588,0.0012092192191630602,0.0,0.3314476013183594,0.5888422727584839,0.21927380561828613,0.06503534317016602,0.0,0.0,0.0,0.002769127953797579,0.013730060309171677,0.007652553729712963,0.046891529113054276,0.4589390456676483,0.0,0.06468583643436432,0.23182375729084015,0.16791141033172607,0.021466994658112526,0.0,0.003176826983690262,0.0,0.23012106120586395,0.0,0.5445550084114075,0.04758678004145622,0.002124018734320998,0.024829111993312836,0.0,0.2069978564977646,0.5300076603889465,0.0,0.0,0.0,0.39432016015052795,0.08717596530914307,0.0,0.0,0.2506360411643982,0.0,0.0,0.2232654094696045,0.0,0.08607592433691025,0.0,0.08982028067111969,0.0,0.0,0.0,0.16417944431304932,0.05952627211809158,1.0088589191436768,0.0,0.0,0.0,0.8170607686042786,0.05321750417351723,0.06072741001844406,0.13265475630760193,0.26673221588134766,0.0,0.5235058069229126,0.08166712522506714,0.4007180333137512,0.402141809463501,0.8557375073432922,8.333888399647549e-05,0.0,0.0,0.2861839830875397,0.08474878966808319,0.2527971863746643,0.7048323154449463,0.7883607149124146,0.0,0.0,0.0,0.2250700294971466,0.2614714801311493,0.0,0.037699319422245026,0.05088794603943825,0.21401509642601013,0.014467294327914715,0.5268274545669556,0.30438232421875,0.12173257768154144,0.0,0.0,0.015281866304576397,0.0,0.0,0.0,0.08416648209095001,0.0,2.951092210423667e-05,0.05513301491737366,0.0,0.5744131207466125,0.0,0.313334584236145,0.0,0.018328377977013588,0.14690184593200684,0.010711051523685455,0.6092600226402283,0.0,0.13831591606140137,0.06555641442537308,0.2944820821285248,0.01845569722354412,0.1904214471578598,0.43543991446495056,0.01781989447772503,0.11794829368591309,0.030628833919763565,0.5553306937217712,0.37448540329933167,0.08839325606822968,0.08702004700899124,0.0875869169831276,0.6645897030830383,0.0,0.0,0.06902662664651871,0.07773855328559875,0.0,0.010806177742779255,0.0,0.0010323213646188378,0.0,0.8458907008171082,0.5580551624298096,0.27032870054244995,0.205088272690773,0.05445624887943268,0.0,0.0,0.0,0.19003866612911224,0.11015794426202774,0.16021902859210968,0.055095188319683075,0.0,0.0,0.02538255974650383,0.1428956538438797,0.3797460198402405,0.0,0.024714836850762367,0.13296504318714142,0.019218526780605316,0.0,0.47215455770492554,0.0,0.40906867384910583,0.008888470008969307,0.003965620417147875,0.0,0.013694784604012966,0.05206665024161339,0.0,0.05063491314649582,0.0,0.0,0.0,0.02668435499072075,0.0015878946287557483,0.0,0.006925624329596758,0.7927706837654114,0.0,0.5120174884796143,0.0,0.0,0.10119549185037613,0.18012185394763947,0.0,0.033270787447690964,0.8486841917037964,0.3358129858970642,0.0,0.0,0.5317823886871338,0.004495253786444664,0.0,0.0,0.0,1.1275783777236938,0.14061331748962402,0.0014417999191209674,0.0,0.06699488312005997,0.0,0.07689375430345535,0.464372843503952,0.017153743654489517,0.0,0.015729451552033424,0.0,0.05491885915398598,0.1681598573923111,0.01042499765753746,0.2835582196712494,0.026590967550873756,0.41929376125335693,0.08145400136709213,0.027755778282880783,0.0,0.009153793565928936,0.8074544072151184,0.0,0.03146316483616829,0.07076235860586166,0.0011723579373210669,0.0591440387070179,0.5950790047645569,0.0,0.0,0.006336425896733999,0.0,0.10116756707429886,0.014536653645336628,0.8335522413253784,0.045522816479206085,1.0586782693862915,0.17596611380577087,0.00518112862482667,0.23783951997756958,0.0,0.058451175689697266,0.0,0.0,0.0,0.00348502560518682,0.0,0.04177962988615036,0.10662505030632019,0.0,0.012753894552588463,0.029506875202059746,0.6561112403869629,0.1335124969482422,0.15720932185649872,0.3078177869319916,0.0,0.047593243420124054,0.42461097240448,0.05493749678134918,0.0,0.0,0.0,0.0,0.024360191076993942,0.0,0.25163331627845764,0.12752126157283783,0.2048981934785843,0.0,0.0,0.871105968952179,0.559471845626831,0.0,0.1239655390381813,0.05299613997340202,0.005015506409108639,0.24499161541461945,0.02883153222501278,0.004729578737169504,0.00040971674025058746,0.0,1.1535470485687256,0.0,0.1821587234735489,0.05263376235961914,0.0,0.0,0.0,0.0,0.06083907186985016,0.0,0.011125100776553154,0.0,0.7180889248847961,0.005644320510327816,0.013314093463122845,0.0,0.061215996742248535,0.40623772144317627,0.0,0.030608603730797768,0.519995927810669,0.24140548706054688,0.0,0.43767228722572327,0.14635290205478668,0.18450692296028137,0.02106834203004837,0.0,0.026396168395876884,0.0,0.03462519869208336,1.763034462928772,0.3536370098590851,0.375512033700943,0.05574079230427742,0.0,0.01594928652048111,0.027040675282478333,0.0,0.43582287430763245,0.016970019787549973,0.0,0.24281059205532074,0.013036425225436687,0.0,0.8461844325065613,0.19132502377033234,0.08512744307518005,0.04276009649038315,0.0,0.0,0.47529470920562744,0.047780055552721024,0.399303138256073,0.0,0.19645090401172638,0.27474260330200195,0.07083354145288467,0.11643743515014648,0.16234533488750458,0.0,0.0,0.0,0.47842779755592346,0.07491891086101532,0.0,0.015231776051223278,0.040609925985336304,0.007293361704796553,0.0,0.34111717343330383,0.0,0.07830135524272919,0.06092493236064911,0.0,0.0,0.0,0.0,0.09273342043161392,0.05834084004163742,0.5307685732841492,0.0,0.0,0.0,0.7158166766166687,0.04020700976252556,0.04379665106534958,0.16561417281627655,0.3625870645046234,0.0,0.3947400450706482,0.08292803168296814,0.2577356696128845,0.048513319343328476,0.4621335566043854,0.004443199839442968,0.04978445544838905,0.003969805780798197,0.34200218319892883,0.053950585424900055,0.23520617187023163,0.45744508504867554,0.5706519484519958,0.10959529876708984,0.006362664978951216,0.0,0.1137358546257019,0.21928013861179352,0.0,0.1245277151465416,0.013397282920777798,0.08822036534547806,0.0,0.506598711013794,0.704197108745575,0.19688351452350616,0.04001517593860626,0.0,0.06326844543218613,0.028195660561323166,0.0,0.0,0.1051531583070755,0.0,0.0071539799682796,0.21199145913124084,0.07321082800626755,0.2868233621120453,0.0,0.2202930450439453,0.01801089011132717,0.062430042773485184,0.13059960305690765,0.0003541551122907549,0.25605517625808716,0.0,0.107307069003582,0.008976096287369728,0.1545667052268982,0.008614595048129559,0.18301786482334137,0.07648415863513947,0.00453302962705493,0.09982214868068695,0.23721978068351746,0.356213241815567,0.3845979571342468,0.05372517555952072,0.0,0.04728111997246742,0.225178524851799,0.01335833314806223,0.024389496073126793,0.4791553318500519,0.0054223183542490005,0.010261068120598793,0.013519087806344032,0.0,0.1441301852464676,0.0,0.3027319014072418,0.5320941805839539,0.3223000764846802,0.15973788499832153,0.014871778897941113,0.0002667201042640954,0.0,0.0011172994272783399,0.0962662324309349,0.05970383435487747,0.23745763301849365,0.09986595809459686,0.0,0.008045313879847527,0.0,0.10529884696006775,0.09108015894889832,0.006827360950410366,0.03993770480155945,0.07114241272211075,0.004876210354268551,0.0,0.30357080698013306,0.0013532772427424788,0.16236333549022675,0.0,0.006856353487819433,0.0,0.04298743978142738,0.06912370026111603,0.0,0.06235842406749725,0.06951640546321869,0.0,0.011684104800224304,0.05275950953364372,0.05220678448677063,0.0,0.0,0.35835179686546326,0.0,0.31521567702293396,0.0,0.0,0.003911609761416912,0.009246697649359703,0.0,0.044358935207128525,0.4813987910747528,0.19822698831558228,0.005632463376969099,0.0,0.4179104268550873,0.01638418436050415,0.0,0.017178522422909737,0.021674955263733864,0.6956294178962708,0.27155956625938416,0.0028554098680615425,0.0,0.13984692096710205,0.053591445088386536,0.02079366333782673,0.3406389057636261,0.0,0.0,0.011040524579584599,6.021245553711196e-06,0.02642725594341755,0.1315327137708664,0.1358395665884018,0.12534305453300476,0.004241697024554014,0.3346695303916931,0.01619640924036503,0.009418366476893425,0.0,0.0032920967787504196,0.5162032246589661,0.0,0.0017990046180784702,0.27308106422424316,0.21470780670642853,0.0407257005572319,0.41277459263801575,0.0008333925507031381,0.0,0.0,0.008700305595993996,0.0987994372844696,0.20523783564567566,0.3473219573497772,0.016118742525577545,0.491380900144577,0.0,0.01639443449676037,0.09738750010728836,0.0,0.10865586996078491,0.0016961854416877031,0.0,0.0,0.0,0.0,0.0,0.06480097770690918,0.0035165806766599417,0.24555785953998566,0.042564935982227325,0.4492729604244232,0.00505854794755578,0.09653081744909286,0.406974196434021,0.0016015752917155623,0.05789481848478317,0.29439282417297363,0.021109510213136673,0.03931933268904686,0.0,0.0,0.0,0.010398324579000473,0.03338117524981499,0.010556472465395927,0.41123929619789124,0.0041169822216033936,0.00023028078430797905,0.0,0.5480469465255737,0.3164719343185425,0.11415015161037445,0.1938764750957489,0.0727483257651329,0.0,0.08728925883769989,0.06319386512041092,0.025223033502697945,0.0,0.00013673820649273694,0.6674256324768066,0.0,0.09200318157672882,0.006416115444153547,0.0,0.0,0.0,0.0,0.20459827780723572,0.0,0.0,0.0,0.4120270907878876,0.007467092480510473,0.03924938291311264,0.01575782336294651,0.036094292998313904,0.23963697254657745,0.0,0.0,0.3164467513561249,0.29703235626220703,0.047725774347782135,0.2659197449684143,0.00868289452046156,0.19655367732048035,0.02521454356610775,0.0016438618768006563,0.03663875162601471,0.0009356845985166728,0.012507502920925617,1.0780681371688843,0.5816798210144043,0.25473952293395996,0.06429038196802139,0.0,0.004149649292230606,0.0026371933054178953,0.021187709644436836,0.16146911680698395,0.0,0.05022498220205307,0.4267895519733429,0.0,0.012215875089168549,0.46718186140060425,0.21646785736083984,0.06906476616859436,0.0,0.03156444430351257,0.0,0.24019388854503632,0.061748117208480835,0.38485056161880493,0.005232392810285091,0.0145514952018857,0.0918392762541771,-0.669464111328125
97,0.0,0.14580698311328888,0.49901142716407776,0.0025319962296634912,0.0,0.0,0.6165251135826111,0.023064477369189262,0.0,0.0,0.06971359252929688,0.0,0.0,0.2560161054134369,0.0,0.19062575697898865,0.02071727253496647,0.0,0.0,0.0,0.0,0.13131533563137054,0.024541132152080536,0.6915145516395569,0.0,0.0,0.0,0.8383224606513977,0.07546878606081009,0.050354618579149246,0.2950911819934845,0.31335610151290894,0.0,0.40168699622154236,0.18109342455863953,0.38994666934013367,0.16907644271850586,0.7970860004425049,0.0,0.0014210757799446583,0.0,0.4300292432308197,0.0496140718460083,0.23809538781642914,0.5526755452156067,0.9194612503051758,0.09471753984689713,0.0,0.0,0.19541268050670624,0.3753562569618225,0.0,0.0,0.008799625560641289,0.21441571414470673,0.0,0.705437183380127,0.6566708087921143,0.1545850783586502,0.05330171808600426,0.0,0.031216956675052643,0.005395323503762484,0.0,0.0,0.11193660646677017,0.007867962121963501,0.0,0.1341460943222046,0.009054800495505333,0.6139037609100342,0.0,0.3648563325405121,0.0,0.11197283864021301,0.11362392455339432,0.0,0.5950393080711365,0.0,0.1136055514216423,0.018796073272824287,0.28434595465660095,0.002320026746019721,0.15566471219062805,0.0,0.0,0.15287916362285614,0.1682804375886917,0.4216732680797577,0.5398867726325989,0.10819404572248459,0.0,0.0,0.49480000138282776,0.0,0.0,0.4295858144760132,0.1101142019033432,0.0,0.007106830831617117,0.0,0.041176941245794296,0.0,0.523565411567688,0.7770289778709412,0.45221033692359924,0.25072622299194336,0.00425294041633606,0.0,0.0,0.0,0.23023076355457306,0.23016251623630524,0.2444600760936737,0.17344403266906738,0.0,0.0,0.0,0.23436005413532257,0.17837098240852356,0.0,0.055087246000766754,0.1792672872543335,0.01806602254509926,0.0,0.44949594140052795,0.0021692970767617226,0.251851886510849,0.0,0.0,0.0,0.008321575820446014,0.1466808319091797,0.0,0.08851303160190582,0.033986084163188934,0.0,0.0,0.037221238017082214,0.033826835453510284,0.0,0.01818820834159851,0.5972957611083984,0.0,0.5825796127319336,0.0,0.0,0.039336323738098145,0.0,0.0,0.0770333781838417,0.7553068995475769,0.2995852530002594,0.0,0.0,0.5816555023193359,0.004490009043365717,0.0,2.5456563889747486e-05,0.0,1.1863898038864136,0.3187517821788788,0.0,0.0,0.17561393976211548,0.04143685847520828,0.0,0.6736462712287903,0.0,0.0,0.0,0.0,0.053877200931310654,0.1280384510755539,0.0714355856180191,0.2393416315317154,0.022735506296157837,0.7789468765258789,0.0,0.0232236348092556,0.0,0.0,0.9064512252807617,0.006670026574283838,0.0,0.2480948567390442,0.21862371265888214,0.14484235644340515,0.6863566040992737,0.0,0.0,0.0,0.0,0.11936444789171219,0.1768777072429657,0.6465228199958801,0.019819585606455803,0.8549498319625854,0.0,0.07303962856531143,0.20340029895305634,0.0,0.014215032570064068,0.0,0.0,0.0,0.0,0.0,0.0,0.0027101635932922363,0.00014260431635193527,0.18936091661453247,0.08597730100154877,0.7086277008056641,0.0,0.25761011242866516,0.5193008780479431,0.0,0.07981596887111664,0.5699911713600159,0.011427074670791626,0.0072761401534080505,0.0,0.0,0.0,0.05793948844075203,0.023192021995782852,0.0,0.3738971948623657,0.008960005827248096,0.0,0.0,0.8568225502967834,0.4411666691303253,0.032102812081575394,0.20033086836338043,0.12933868169784546,0.00021978218865115196,0.2841806411743164,0.07842656970024109,0.002091595670208335,0.0,0.0,1.1752516031265259,0.0,0.039286598563194275,0.019569972530007362,0.0,0.0,0.0,0.0,0.008554468862712383,0.0,0.02693403698503971,0.0,0.8790748119354248,0.06585793942213058,0.07828748226165771,0.007446978706866503,0.08901925384998322,0.530750572681427,0.0,0.0,0.645555317401886,0.34800291061401367,0.0,0.5859456658363342,0.0,0.38418906927108765,0.045114580541849136,0.0,0.10873053222894669,0.0,0.028012918308377266,1.4983670711517334,0.8328608274459839,0.479095995426178,0.12274959683418274,0.0,0.0022740827407687902,0.0,0.0031924801878631115,0.4800146520137787,0.0,0.0031826640479266644,0.46405166387557983,0.0,0.0,0.6381208300590515,0.273648738861084,0.021513326093554497,0.010216942988336086,0.0,0.0,0.38818955421447754,0.12531189620494843,0.6468139886856079,0.0,0.007982944138348103,0.25170832872390747,0.2500429153442383,0.0638703852891922,0.013276522979140282,0.0,0.0,0.0,0.335460901260376,0.049788158386945724,0.016848094761371613,0.01959373988211155,0.1192018985748291,0.11472751200199127,0.0,0.22303742170333862,0.275554895401001,0.0,0.011928926222026348,0.1315649449825287,0.08957014977931976,0.0,0.02314114011824131,0.05358079448342323,0.0,0.2887517809867859,0.26961269974708557,0.0,0.0,0.3938469886779785,0.0,0.024858009070158005,0.0,0.31233859062194824,0.0003373372310306877,0.15237268805503845,0.10395126044750214,0.0,0.02825348637998104,0.04021443799138069,0.08813821524381638,0.1840033382177353,0.3005979061126709,0.012325461022555828,0.21747583150863647,0.006009830627590418,0.13705050945281982,0.0,0.30970993638038635,0.0,0.0,0.1713206022977829,0.008313809521496296,0.0,0.7282446026802063,0.0,0.0,0.20541594922542572,0.013050656765699387,0.7356860637664795,0.1978560835123062,0.016076266765594482,0.0,0.05456430837512016,0.27335992455482483,0.11752321571111679,0.0,0.0,0.0,0.6495761871337891,0.28292107582092285,0.23540566861629486,0.0,0.0,0.0951356366276741,0.87591552734375,0.0,0.011612892150878906,0.2339518815279007,0.0,0.0,0.16672880947589874,0.11369683593511581,0.0,0.00036079506389796734,0.1806754320859909,0.3276730477809906,0.05284794420003891,0.0,0.4302669167518616,0.6218665242195129,0.29355674982070923,0.07273878157138824,0.37453848123550415,0.10167412459850311,0.0,0.00668615847826004,0.18335746228694916,0.4867174029350281,0.0,0.0,0.035921595990657806,0.35149332880973816,0.536053478717804,0.0,0.31586953997612,0.1929216831922531,0.0,0.015755467116832733,0.29121696949005127,0.001494853408075869,0.0,0.37530675530433655,0.10510722547769547,0.0,0.20799696445465088,0.1065419390797615,0.007077335380017757,0.1708323061466217,0.3270508050918579,0.0,0.008606871590018272,0.21753911674022675,0.2720661759376526,0.0,0.0,0.1955406665802002,0.08650822192430496,0.0,0.0010077859042212367,0.2563461661338806,0.0,0.0,0.1235080361366272,0.005301470868289471,0.06921247392892838,0.0014578565023839474,0.25411954522132874,0.06033007800579071,0.0,0.19352535903453827,0.00040933964191935956,0.0,0.0,0.0,0.0,0.006377942394465208,0.04870814085006714,0.10578322410583496,0.02078287862241268,0.21005618572235107,0.0,0.0,0.02132727950811386,0.005392902530729771,0.0,0.0,0.13515642285346985,0.03502452000975609,0.0085755018517375,0.0,0.0,0.012197330594062805,0.01801108941435814,0.11926230043172836,0.0,0.010834737680852413,0.190739706158638,0.0,0.0,0.20849807560443878,0.0,0.06149435043334961,0.194657564163208,0.006038543302565813,0.0,0.5568512082099915,0.2211374044418335,0.0,0.011748124845325947,0.15001870691776276,0.032415203750133514,0.02200070209801197,0.0011994927190244198,0.08872040361166,0.004859786480665207,0.04872555658221245,0.10332979261875153,0.25541579723358154,0.0,0.0,0.0,0.0,0.5019413232803345,0.4043756425380707,0.0,0.2039462924003601,0.039559438824653625,0.13154399394989014,0.052669938653707504,0.44153380393981934,0.0,0.0824648067355156,0.0,0.005600187927484512,0.2277863770723343,0.012270423583686352,0.0,0.0857437252998352,0.5047435760498047,0.20843666791915894,0.04430871084332466,0.25779929757118225,0.5319267511367798,0.0,0.0,0.17708635330200195,0.034176524728536606,0.13577845692634583,0.0,0.0,0.1851639300584793,0.0,0.1314733922481537,0.2327018678188324,0.007826641201972961,0.18963861465454102,0.004223279654979706,0.4379979968070984,0.1710011512041092,0.31821128726005554,0.2796030640602112,0.09001155942678452,0.21803900599479675,0.10892681032419205,0.002505057957023382,0.06594624370336533,0.035082537680864334,0.0,0.0,0.0,0.02697053551673889,0.003304495243355632,0.0025778908748179674,0.013915243558585644,0.03129402920603752,0.21776752173900604,0.1900121569633484,0.05986658111214638,0.0031792446970939636,0.0,0.007395695894956589,0.0,0.7434573173522949,0.0,0.0,0.07460236549377441,0.0,0.0,0.016842026263475418,0.0071949041448533535,0.0,0.004167447332292795,0.19811606407165527,0.12371603399515152,0.01365527044981718,0.0,0.9271535277366638,0.0,0.06858193874359131,0.06732801347970963,0.0,0.0,0.17549438774585724,0.22491100430488586,0.0,0.061167020350694656,0.21867959201335907,0.0853915736079216,0.0,0.15760159492492676,0.0,0.256428986787796,0.02494940161705017,0.0,0.41839471459388733,0.012825747020542622,0.2629847228527069,0.0,0.0,0.18316690623760223,0.06727590411901474,0.02873341739177704,0.0,0.0,0.4921342730522156,0.21688398718833923,0.0,0.12653911113739014,0.6669278740882874,0.035688616335392,0.0030347537249326706,0.13012787699699402,0.10343608260154724,0.18878088891506195,0.0,0.006512511521577835,0.0,0.392604261636734,0.07442860305309296,0.005582661367952824,0.006443636026233435,0.10862965136766434,0.0724744126200676,0.00842172559350729,0.2693614661693573,0.14080791175365448,0.06403231620788574,0.02093692310154438,0.02318221889436245,0.0003770754556171596,0.0,0.0,0.13766556978225708,0.008367170579731464,0.5605391263961792,0.010668127797544003,0.0,0.0,0.6951748728752136,0.04379118233919144,0.007812566123902798,0.13385696709156036,0.35563167929649353,0.0,0.2384956032037735,0.10689456015825272,0.053453195840120316,0.061499256640672684,0.3267090618610382,0.06630909442901611,0.1320079267024994,0.1158570870757103,0.18795137107372284,0.10747232288122177,0.08626002818346024,0.4181276261806488,0.3131919503211975,0.18446919322013855,0.0,0.0,0.1780751645565033,0.12181683629751205,0.0,0.36625298857688904,0.0029391716234385967,0.05863041803240776,0.09493891149759293,0.2439451962709427,0.7160831093788147,0.1516323834657669,0.05213814601302147,0.0,0.1083141416311264,0.19418437778949738,0.04510606825351715,0.0002411556924926117,0.00987938791513443,0.0,0.2444576770067215,0.2669135332107544,0.16286493837833405,0.18629005551338196,0.0,0.1605370193719864,0.3760719895362854,0.01892876997590065,0.12284388393163681,0.0943729430437088,0.24297776818275452,0.0,0.10417259484529495,0.06055464223027229,0.03472870588302612,0.017622003331780434,0.18279743194580078,0.20622125267982483,0.002462238073348999,0.06500625610351562,0.36297377943992615,0.5160654783248901,0.37619537115097046,0.07432957738637924,0.12145709991455078,0.0036704884842038155,0.2157953381538391,0.022721698507666588,0.07641834020614624,0.5172645449638367,0.039121657609939575,0.0,0.06289084255695343,0.04188767820596695,0.3718950152397156,0.0,0.3651338815689087,0.43184894323349,0.07930340617895126,0.08122939616441727,0.11065471917390823,0.003927265759557486,0.0,0.16853705048561096,0.10339750349521637,0.048095498234033585,0.25321245193481445,0.1490548849105835,0.0,0.09779476374387741,0.10266812890768051,0.060823045670986176,0.08090521395206451,0.15036851167678833,0.16322021186351776,0.11911516636610031,0.0,0.09371650964021683,0.16385245323181152,0.004380609840154648,0.15441392362117767,0.12310992181301117,0.0,0.003410439006984234,0.12282898277044296,0.06252473592758179,0.0,0.006137380842119455,0.16171225905418396,0.011714253574609756,0.0,0.06269517540931702,0.02834722213447094,0.0,0.005889506544917822,0.20977477729320526,0.0004976732889190316,0.22200128436088562,0.0,0.025277649983763695,0.013237953186035156,0.0,0.0,0.00022397151042241603,0.3733888566493988,0.08373218029737473,0.0,0.0,0.3592340052127838,0.023210836574435234,0.0,0.0,0.0005425846320576966,0.5078399181365967,0.12040890008211136,0.004195799119770527,0.0036876401863992214,0.08769039809703827,0.14518925547599792,0.008920235559344292,0.1627510040998459,0.027556199580430984,0.0,0.025179170072078705,0.10048417001962662,0.0009531818213872612,0.014128501527011395,0.4063195586204529,0.23262566328048706,0.0,0.2528710663318634,0.03773744776844978,0.009013892151415348,0.0025979888159781694,0.01895935833454132,0.4129766821861267,0.0063079907558858395,0.0,0.21251748502254486,0.22077420353889465,0.07241345942020416,0.20074976980686188,0.0,0.0,0.16316872835159302,0.15565715730190277,0.07161175459623337,0.19997908174991608,0.33985060453414917,0.0169731006026268,0.4110550284385681,0.1207621768116951,0.0,0.10051393508911133,0.0,0.007374144624918699,0.11155788600444794,0.0,0.0,0.0,0.20870745182037354,0.055893849581480026,0.04691031947731972,0.15858981013298035,0.37813809514045715,0.0324363149702549,0.20413538813591003,0.12367371469736099,0.10019872337579727,0.29098567366600037,0.009997410699725151,0.03574007749557495,0.3251127302646637,0.01534404419362545,0.05240580812096596,0.022906456142663956,0.007684119511395693,0.007736872881650925,0.04684976115822792,0.22672833502292633,0.16154985129833221,0.39213937520980835,0.08848732709884644,0.025408612564206123,0.06778610497713089,0.4609073996543884,0.1663491576910019,0.09079538285732269,0.08545161783695221,0.0,0.0,0.06104309484362602,0.021251237019896507,0.01151138823479414,0.0,0.0009226897382177413,0.44279569387435913,0.04853975772857666,0.16677016019821167,0.009363534860312939,0.0,0.0,0.0017028505681082606,0.0,0.3910983204841614,0.0,0.0,0.03328656405210495,0.3052266240119934,0.004993928596377373,0.017594516277313232,0.020690670236945152,0.009343934245407581,0.15346524119377136,0.08593331277370453,0.002175615867599845,0.24138779938220978,0.04920732229948044,0.4726925790309906,0.16869200766086578,0.026831405237317085,0.08348292857408524,0.005300167016685009,0.0,0.08469393104314804,0.12666155397891998,0.0,0.7588924169540405,0.414703905582428,0.16997967660427094,0.0032206664327532053,0.039740681648254395,0.0,0.08789034932851791,0.008600510656833649,0.12947754561901093,0.14439961314201355,0.04902176558971405,0.3517647683620453,0.0,0.0,0.38825464248657227,0.15737919509410858,0.024398373439908028,0.0,0.0,0.10247596353292465,0.3282597064971924,0.020734349265694618,0.2377508133649826,0.22545260190963745,0.044901225715875626,0.1652500331401825,-0.28685301542282104
98,0.11134401708841324,0.03647176921367645,0.0,0.0,0.0,0.0,0.17191481590270996,0.07056143879890442,0.0,0.14149805903434753,0.20300723612308502,0.03349851071834564,0.0,0.19250436127185822,0.3503038287162781,0.021290471777319908,0.0009642578661441803,0.2556535005569458,0.1121664047241211,0.0,0.039822109043598175,0.06129957735538483,0.0,0.5820100903511047,0.20658603310585022,0.0,0.0,0.43088868260383606,0.013500324450433254,0.010893180966377258,0.0,0.2844684422016144,0.0001321898598689586,0.13115717470645905,0.0,0.0,0.0,0.04849565774202347,0.32425594329833984,0.2276691347360611,0.16044993698596954,0.029913097620010376,0.10288923233747482,0.0,0.1580210030078888,0.0,0.2971082031726837,0.006088886875659227,0.0,0.2528356909751892,0.0,0.015278611332178116,0.722912609577179,0.0,0.0,0.19318000972270966,0.001937571563757956,0.6003533601760864,0.10417098551988602,0.04395179823040962,0.0,0.1032523438334465,0.1474563628435135,0.1558137685060501,0.0,0.0,0.0,0.7173817753791809,0.18132056295871735,0.08879882842302322,0.0,0.005019551608711481,0.11362045258283615,0.6121194362640381,0.0,0.03684977814555168,0.354778915643692,0.007953540422022343,0.0,0.0,0.18664458394050598,0.005199391394853592,0.0843380019068718,0.1856423318386078,0.5455053448677063,0.027331914752721786,0.0,0.26064416766166687,0.5308283567428589,0.1357373744249344,0.03862462937831879,0.39824873208999634,0.017414061352610588,0.060927681624889374,0.013028864748775959,0.13163794577121735,0.19219300150871277,0.0,0.0,0.013101966120302677,0.398832231760025,0.1724168360233307,0.0,0.521311342716217,0.03561054542660713,0.0,0.0034319923724979162,0.48372989892959595,0.013260476291179657,0.0,0.2968652844429016,0.024102887138724327,0.0002660834288690239,0.2661992609500885,0.0963263213634491,0.011067231185734272,0.04465872421860695,0.40434667468070984,0.0,0.027406880632042885,0.1947300285100937,0.21155321598052979,0.006892366334795952,0.0,0.17051778733730316,0.06107572093605995,0.0,0.0,0.2527128756046295,0.0,0.004267246928066015,0.11830674111843109,0.0,0.030277298763394356,0.007201485335826874,0.19052177667617798,0.07515481114387512,0.0,0.08809475600719452,0.0,0.0,0.0,0.0,0.0,0.03181629255414009,0.05150219798088074,0.04751049727201462,0.0,0.0,0.0,0.0,0.006499860901385546,0.007400515954941511,0.0,0.002901093102991581,0.16651690006256104,0.05023684352636337,0.0,0.0,0.004277663305401802,0.012171633541584015,0.008930547162890434,0.07610659301280975,0.002223402261734009,0.006403806619346142,0.10458870232105255,0.003244836116209626,0.0,0.1269545555114746,0.003013682784512639,0.07920712977647781,0.06595709919929504,0.0,0.0,0.1787603199481964,0.32325008511543274,0.0,0.0,0.2471953183412552,0.0004856702289544046,0.09861825406551361,0.0032379503827542067,0.04427728429436684,0.016017181798815727,0.024699527770280838,0.04825865104794502,0.14504191279411316,0.0,0.0,0.0,0.0,0.42152026295661926,0.1882982850074768,0.0,0.0936059057712555,0.18610528111457825,0.0,0.11202772706747055,0.49552884697914124,0.0,0.16329015791416168,0.0,0.0,0.013474092818796635,0.0,0.0,0.012575368396937847,0.8687257766723633,0.28520017862319946,0.0,0.22977082431316376,0.21489045023918152,0.0,0.0,0.27667680382728577,0.048823654651641846,0.05786345526576042,0.0,0.0,0.05726166442036629,0.0,0.11410529166460037,0.37206602096557617,0.0,0.1445809155702591,0.0013328945497050881,0.35336393117904663,0.262187659740448,0.07629036903381348,0.35088497400283813,0.06086321547627449,0.21863099932670593,0.2760104238986969,0.0065058087930083275,0.1575356125831604,0.0,0.0,0.0,0.0,0.014347326941788197,0.0,0.0,0.015094412490725517,0.005324672441929579,0.2736263573169708,0.11848185211420059,0.029433760792016983,0.0,0.0,0.0,0.0,0.6440237164497375,0.0,0.0,0.004623372573405504,0.0,0.0,0.0,0.03236476704478264,0.0,0.0,0.11239078640937805,0.14353090524673462,0.0,0.0,0.8146477937698364,0.0026972044724971056,0.1360054910182953,0.03697935491800308,0.0,0.0,0.127252459526062,0.2309778481721878,0.0,0.1716720163822174,0.0,0.03360705450177193,0.0,0.22845908999443054,0.0,0.2540074586868286,0.0,0.0,0.42641502618789673,0.014872067607939243,0.13736648857593536,0.0,0.0,0.2812066674232483,0.0336177833378315,0.04287974163889885,0.0,0.0,0.5031542778015137,0.3068658709526062,0.0,0.036804843693971634,0.6712118983268738,0.18047769367694855,0.040350526571273804,0.01359045971184969,0.06842907518148422,0.012967283837497234,0.0,0.0,0.0,0.27339187264442444,0.13347871601581573,0.0,0.04216497391462326,0.2059255838394165,0.07142982631921768,0.0,0.33623993396759033,0.045446086674928665,0.01442609541118145,0.0028870534151792526,0.06494036316871643,0.023400966078042984,0.0,0.0007160819950513542,0.12235639989376068,0.0,0.3818981945514679,0.08162401616573334,0.0,0.0,0.3998706042766571,0.0029305501375347376,0.042115360498428345,0.003075650194659829,0.26704317331314087,0.0,0.2883268892765045,0.0002589946088846773,0.008165821433067322,0.06492599099874496,0.03526395559310913,0.029881412163376808,0.22347784042358398,0.03393346443772316,0.06279740482568741,0.18208734691143036,0.010179105214774609,0.24151937663555145,0.0,0.24904532730579376,0.0,0.0,0.028346916660666466,0.029407700523734093,0.0,0.5092979669570923,0.0,0.0,0.15015088021755219,0.0002261863846797496,0.575769305229187,0.05552315711975098,0.005887157749384642,0.0,0.23285433650016785,0.09257085621356964,0.04567568749189377,0.0,0.0,0.0,0.41690266132354736,0.11741648614406586,0.10853424668312073,0.0,0.0,0.10275048762559891,0.48404446244239807,0.0,0.11883912980556488,0.07380825281143188,0.006214309483766556,0.0,0.1819303035736084,0.07198487222194672,0.0,0.0,0.27160152792930603,0.16704079508781433,0.040256600826978683,0.0,0.16247114539146423,0.5311940312385559,0.17626839876174927,0.02109970711171627,0.23755131661891937,0.05475069582462311,0.0,0.008783196099102497,0.015023920685052872,0.30743035674095154,0.0,0.0,0.04731198400259018,0.13922865688800812,0.2096046656370163,0.0,0.2855217456817627,0.22231009602546692,0.0011938376119360328,0.009548623114824295,0.13182908296585083,0.0,0.0,0.1789725124835968,0.07690439373254776,0.0,0.16038250923156738,0.00031190449954010546,0.0,0.04568907618522644,0.0739215761423111,0.0,0.011702573858201504,0.14719165861606598,0.04617661237716675,0.006241334602236748,0.008690955117344856,0.08801243454217911,0.25527065992355347,0.0,0.0,0.08684554696083069,0.0,0.0,0.13178184628486633,0.0,0.04007420316338539,0.000641721417196095,0.02492900937795639,0.0,0.0,0.14865925908088684,0.0030413679778575897,0.0,0.0,0.0,0.0,0.019925247877836227,0.015870505943894386,0.002986953593790531,0.009519594721496105,0.23764832317829132,0.005111345089972019,0.0,0.0014322857605293393,0.008897701278328896,0.0,0.0,0.01089381892234087,0.03507944568991661,0.012861368246376514,0.0,0.0,0.0017559909028932452,0.007886558771133423,0.06268095970153809,0.0,0.08598712831735611,0.12352471798658371,0.0,0.0,0.061136987060308456,0.0,0.007282293401658535,0.020492829382419586,0.007796814199537039,0.0,0.08072422444820404,0.09445689618587494,0.0,0.0,0.18299929797649384,0.027347246184945107,0.02876567281782627,0.0,0.09175162762403488,0.0,0.026110593229532242,0.048503629863262177,0.16464252769947052,0.0,0.0,0.0,0.0,0.20111574232578278,0.25530195236206055,0.0,0.14515960216522217,0.016259904950857162,0.07362816482782364,0.055704694241285324,0.26955389976501465,0.0,0.04042985662817955,0.0,0.006281314883381128,0.04510199651122093,0.0,0.0,0.029178142547607422,0.1237763985991478,0.09986547380685806,0.0002521371643524617,0.12091970443725586,0.32551586627960205,0.0,0.0,0.22372913360595703,0.05508660152554512,0.1676347255706787,0.0,0.0,0.16392312943935394,0.0,0.02314501814544201,0.07144699990749359,0.0,0.11428382992744446,0.0,0.01438187900930643,0.04751647263765335,0.10912704467773438,0.2670091390609741,0.009262476116418839,0.0037018044386059046,0.139445960521698,0.011627181433141232,0.2773013114929199,0.023589083924889565,0.0,0.0,0.002551002660766244,0.018405983224511147,0.0,0.0,0.0,0.08504431694746017,0.11358300596475601,0.016217699274420738,0.09076856821775436,0.0,0.0,0.0,0.0,0.48401907086372375,0.0,0.0,0.0023380310740321875,0.0,0.0,0.008695918135344982,0.007594543043524027,0.0,0.022749854251742363,0.027145804837346077,0.03500255197286606,0.016240466386079788,0.0,0.5716292858123779,0.002176095964387059,0.08420208841562271,0.07017448544502258,0.0,0.0,0.05654827132821083,0.19191080331802368,0.0,0.1275525689125061,0.11963040381669998,0.11768019199371338,0.0,0.019038954749703407,0.0,0.062384121119976044,0.014463196508586407,0.0008846620912663639,0.18584492802619934,0.002169413259252906,0.17702285945415497,0.0,0.0,0.39399969577789307,0.21218609809875488,0.014484514482319355,0.0,0.0,0.23619689047336578,0.307256281375885,0.0,0.27758392691612244,0.3707291781902313,0.04442350193858147,0.0,0.04963860660791397,0.03320677950978279,0.0,0.0,0.0,0.0,0.25402358174324036,0.15884102880954742,0.0024624215438961983,0.07096130400896072,0.1960430145263672,0.08267078548669815,0.0,0.3374868929386139,0.23097221553325653,0.013539828360080719,0.0068498579785227776,0.13478946685791016,0.022372722625732422,0.0,0.014932602643966675,0.12913784384727478,0.0,0.46582356095314026,0.11145847290754318,0.0,0.0,0.5171875953674316,0.007395686581730843,0.016357677057385445,0.0,0.3492238223552704,0.0,0.2317081242799759,0.0,0.024866409599781036,0.0,0.032470718026161194,0.18806158006191254,0.2754979133605957,0.13421286642551422,0.11253364384174347,0.12412786483764648,0.00654804240912199,0.280163437128067,0.0,0.285536527633667,0.0,0.0,0.11128801107406616,0.00035894749453291297,0.00263331294991076,0.6633095741271973,0.0,0.0,0.19002336263656616,0.0024593311827629805,0.6913046836853027,0.08932177722454071,0.0456683449447155,0.0,0.2053769826889038,0.16302360594272614,0.11001502722501755,0.0,0.0,0.0,0.582855761051178,0.20782580971717834,0.13684386014938354,0.0,0.0,0.07904887944459915,0.5398378968238831,0.0,0.15111763775348663,0.20795795321464539,0.004667533561587334,0.0,0.045346155762672424,0.09205304831266403,0.0,0.03057839162647724,0.24796126782894135,0.3200799822807312,0.014765918254852295,0.0,0.2757035195827484,0.5134371519088745,0.13745279610157013,0.017628630623221397,0.3180707097053528,0.015806658193469048,0.015732940286397934,0.02165643684566021,0.08738896250724792,0.3338938355445862,0.0,0.0004866570234298706,0.0969187393784523,0.218134805560112,0.2107744812965393,0.0,0.2618767023086548,0.16162797808647156,0.006950900889933109,0.004742072895169258,0.24082371592521667,0.01772703230381012,0.0,0.25880542397499084,0.01508225779980421,0.0,0.22398298978805542,0.057657208293676376,0.0038917188066989183,0.04429907724261284,0.2215597778558731,0.0,0.008559809997677803,0.25303173065185547,0.12559279799461365,0.0,0.0,0.16884572803974152,0.1458338052034378,0.0,0.0,0.17327751219272614,0.0,0.000681833946146071,0.11208488792181015,0.0,0.010312694124877453,0.00930644478648901,0.11922968178987503,0.01826484315097332,0.0,0.09028543531894684,0.009806015528738499,0.0,0.0,0.0,0.0,0.01566186361014843,0.009315700270235538,0.030260086059570312,0.0,0.006787546444684267,0.0,0.0,0.013865329325199127,0.0,0.0,0.0,0.07328146696090698,0.09797163307666779,0.0,0.008631073869764805,0.0036080838181078434,0.0183250792324543,0.004835403990000486,0.04319445416331291,0.0,0.08130612224340439,0.14350548386573792,0.0005979335983283818,0.0,0.08528368175029755,0.0,0.01960172690451145,0.047720011323690414,0.0,0.0,0.17189548909664154,0.18396711349487305,0.0,0.0,0.20361097157001495,0.0009329249151051044,0.03794846311211586,0.002816862892359495,0.027668947353959084,0.005098351743072271,0.00405166856944561,0.08277729898691177,0.19864147901535034,0.0,0.0,0.0,0.0,0.3259175419807434,0.21479015052318573,0.0,0.14415669441223145,0.07785946130752563,0.008891873061656952,0.061601672321558,0.36029499769210815,0.0,0.08120207488536835,0.0,0.0009618138428777456,0.02203316241502762,0.0,0.0,0.0032538459636271,0.48408979177474976,0.19731415808200836,0.0,0.23473213613033295,0.261248916387558,0.0,0.000671636313199997,0.3009892702102661,0.013976800255477428,0.11419612169265747,0.0,0.0,0.13994000852108002,0.0,0.08687596768140793,0.19870418310165405,0.0,0.07199602574110031,0.0,0.17602264881134033,0.16011841595172882,0.14205887913703918,0.30431923270225525,0.057109687477350235,0.11489208787679672,0.19184352457523346,0.030205894261598587,0.3111802339553833,0.0,0.0,0.0,0.0016306499019265175,0.012350833043456078,0.0,0.0,0.01473507471382618,0.029394665732979774,0.17481495440006256,0.09116074442863464,0.006216160953044891,0.0,0.0,0.0,0.0,0.6186271905899048,0.0,0.0,0.002417433774098754,0.0,0.0,0.0,0.010062092915177345,0.0,0.0,0.07695019990205765,0.07019003480672836,0.006519748363643885,0.0,0.7297142744064331,0.006623403634876013,0.0749036967754364,0.021866314113140106,0.0,0.0,0.0809389054775238,0.27488815784454346,0.0,0.21380676329135895,0.09559756517410278,0.06113063544034958,0.0,0.11961551010608673,0.0,0.1500007063150406,0.003821014892309904,0.0,0.2872915267944336,0.020474256947636604,0.18318571150302887,0.0,0.0,0.37514540553092957,0.17267604172229767,0.015491445548832417,0.0,0.0,0.3163273334503174,0.2977321147918701,0.0,0.1434548944234848,0.5009928941726685,0.10256767272949219,0.012747297994792461,1.3023854494094849
99,0.007284971419721842,0.06616643071174622,0.03459453210234642,0.0,0.0,0.0,0.5203761458396912,0.09009060263633728,0.0,0.00962531752884388,0.048428475856781006,0.010219402611255646,0.0,0.32079964876174927,0.0,0.08275346457958221,0.058243848383426666,0.0,0.0,0.0,0.0,0.06778167933225632,0.0,0.28714609146118164,0.014897527173161507,0.0,0.0,0.44128838181495667,0.005019736010581255,0.083610899746418,0.023818284273147583,0.25879716873168945,0.0,0.29221081733703613,0.026216911152005196,0.07249392569065094,0.0664793848991394,0.17290079593658447,0.00554239097982645,0.22107575833797455,0.013379820622503757,0.17158663272857666,0.09500882029533386,0.10542374104261398,0.26541563868522644,0.05869602784514427,0.32588818669319153,0.031822461634874344,0.0,0.0822635218501091,0.06855230033397675,0.0,0.1332336664199829,0.008244683966040611,0.008440001867711544,0.0,0.07424040138721466,0.641164243221283,0.08390617370605469,0.027647819370031357,0.0,0.19669176638126373,0.08933715522289276,0.0,0.0,0.003834631759673357,0.0,0.00799303874373436,0.08389165997505188,0.11386295408010483,0.0,0.0,0.20571747422218323,0.14843763411045074,0.030802275985479355,0.07130388915538788,0.01464092917740345,0.09287969768047333,0.0,0.21542257070541382,0.025577258318662643,0.053932301700115204,0.0,0.15785986185073853,0.008376071229577065,0.017709944397211075,0.0033766813576221466,0.17433424293994904,0.37746334075927734,0.35212063789367676,0.018912166357040405,0.0,0.06629261374473572,0.08731266856193542,0.0029928809963166714,0.0,0.4515286684036255,0.0,0.0011786477407440543,0.005147651769220829,0.0,0.20492903888225555,0.0,0.25638800859451294,0.38211774826049805,0.057763002812862396,0.03533407673239708,0.013974012807011604,0.0,0.0,0.00046463380567729473,0.07547210156917572,0.056808583438396454,0.16648465394973755,0.011207113973796368,0.0,0.02972336672246456,0.0,0.054474275559186935,0.01101335696876049,0.00030305952532216907,0.00711699016392231,0.0,0.0,0.0,0.39433783292770386,0.0,0.0,0.0,0.0,0.0,0.07760503888130188,0.0,0.03515741974115372,0.02894071862101555,0.0,0.0,0.0,0.16053864359855652,0.019664211198687553,0.0,0.0,0.03586391732096672,0.0,0.0697162076830864,0.011028176173567772,0.009246679954230785,0.012801982462406158,0.14294704794883728,0.0,0.02291359379887581,0.0908048152923584,0.06737667322158813,0.0,0.0,0.07793346047401428,0.005622444674372673,0.0,0.010190203785896301,0.013496574014425278,0.14891384541988373,0.019459739327430725,0.0301881842315197,0.0,0.18945473432540894,0.07989513874053955,0.0,0.08169112354516983,0.0,0.0,0.0,0.0,0.03065486252307892,0.0015255063772201538,0.04877045378088951,0.10915344953536987,0.0,0.06886748224496841,0.023544510826468468,0.054165925830602646,0.0,0.0,0.2174467146396637,0.0,0.004358756355941296,0.06161706894636154,0.2785037159919739,0.0,0.01767593063414097,0.0,0.0011180667206645012,0.00646715983748436,0.18730944395065308,0.0014951449120417237,0.17314031720161438,0.057550858706235886,0.05834529176354408,0.1820397675037384,0.014287828467786312,0.0010294457897543907,0.07067129015922546,0.0,0.020501945167779922,0.0327298641204834,0.0,0.0,0.0,0.0,0.0,0.011024587787687778,0.05684298649430275,0.3096078336238861,0.0,0.23069821298122406,0.0,0.1247008740901947,0.3950786888599396,0.0,0.0,0.2467125505208969,0.0,0.008677740581333637,0.0,0.0,0.016933338716626167,0.0,0.03626465052366257,0.0,0.19893142580986023,0.05073460191488266,0.0,0.0,0.25346389412879944,0.09901508688926697,0.17371121048927307,0.10274258255958557,0.0023458264768123627,0.0007917613256722689,0.0491296760737896,0.01869419775903225,0.0,0.02832416072487831,0.0,0.3619734048843384,0.0,0.0,0.04802706092596054,0.0,0.0,0.0,0.0,0.2646911144256592,0.0,0.0,0.0,0.07404012978076935,0.0,0.061763934791088104,0.03255520015954971,0.007676140870898962,0.12021790444850922,0.0,0.0,0.13953819870948792,0.02781841717660427,0.3219604194164276,0.11817116290330887,0.0,0.19368258118629456,0.0,0.0,0.10886400192975998,0.02703026495873928,0.002155284397304058,0.24040842056274414,0.4739735424518585,0.2936680018901825,0.0,0.0,0.0,0.0,0.0031553630251437426,0.04384185001254082,0.008863493800163269,0.021269766613841057,0.2788349986076355,0.0,0.01814892143011093,0.33995312452316284,0.2384578287601471,0.020679831504821777,0.0,0.0,0.0,0.23930871486663818,0.0,0.49033209681510925,0.059579551219940186,0.010286331176757812,0.002892271615564823,0.21835029125213623,0.09956363588571548,0.0384676419198513,0.0,0.0,0.0,0.33715906739234924,0.059216730296611786,0.017512908205389977,0.10980261117219925,0.16082477569580078,0.01777663640677929,0.0,0.3836466372013092,0.12852606177330017,0.03636793792247772,0.003232085146009922,0.12849530577659607,0.05346963554620743,0.0,0.0,0.069413922727108,0.0,0.35476428270339966,0.1238357201218605,0.0,0.0,0.4117734730243683,0.008149519562721252,0.0788789689540863,0.011916269548237324,0.2901255190372467,0.0,0.11965332925319672,0.06384796649217606,0.0,0.02397857792675495,0.07796783000230789,0.16823506355285645,0.30082112550735474,0.31584417819976807,0.025825588032603264,0.2164282351732254,0.0,0.13068516552448273,0.00971502810716629,0.38206276297569275,0.0,0.0,0.08807948976755142,0.004578184336423874,0.0,0.6208317875862122,0.0,0.0,0.04199458658695221,0.056427001953125,0.831071138381958,0.2238951325416565,0.015422130934894085,0.0,0.014288024976849556,0.2882229685783386,0.02136329375207424,0.0,0.0,0.0,0.43381014466285706,0.25862282514572144,0.23496325314044952,0.0,0.0,0.1886502057313919,0.6162446737289429,0.005101572256535292,0.03335614874958992,0.1996307373046875,0.0,0.0,0.10210008919239044,0.08806134015321732,0.0,0.05096672102808952,0.1850556880235672,0.22314368188381195,0.05548402667045593,0.0,0.28929752111434937,0.5009729862213135,0.1775590479373932,0.050680745393037796,0.2913142740726471,0.04844851791858673,0.0018681545043364167,0.0,0.0997905507683754,0.45754119753837585,0.0,0.005124810617417097,0.0,0.33765891194343567,0.376232773065567,0.0,0.34927040338516235,0.14936096966266632,0.11458471417427063,0.01480936724692583,0.29317182302474976,0.043854571878910065,0.0,0.22141888737678528,0.07179924100637436,0.003668945748358965,0.27881771326065063,0.1159224659204483,0.0,0.14790619909763336,0.1909882128238678,0.0,0.03681175038218498,0.13377045094966888,0.21930237114429474,0.03923065960407257,0.0,0.030716413632035255,0.02998698502779007,0.0,0.0,0.08356926590204239,0.0,0.0,0.019129090011119843,0.03239317238330841,0.04197065532207489,0.030865494161844254,0.20867177844047546,0.02217513881623745,0.0,0.2090674191713333,0.01112489216029644,0.0,0.0,0.0,0.0,0.05412377789616585,0.030864153057336807,0.08997751027345657,0.0,0.09197860956192017,0.0,0.0,0.02017062157392502,0.012506883591413498,0.0,0.0,0.23073549568653107,0.10862500220537186,0.0,0.00206971843726933,0.007474579848349094,0.032855074852705,0.03927597030997276,0.098565973341465,0.007039519492536783,0.02979707159101963,0.1598106175661087,0.0,0.0009322464466094971,0.04337522014975548,0.0,0.020565215498209,0.030141571536660194,0.015149067156016827,0.0,0.42462122440338135,0.11056826263666153,0.0,0.004417091608047485,0.1672649085521698,0.014094929210841656,0.020460372790694237,0.0,0.09520450234413147,0.019090697169303894,0.018131818622350693,0.08537910133600235,0.33934974670410156,0.0,0.007491643074899912,0.0,0.0,0.21473699808120728,0.2838228940963745,0.0,0.17169983685016632,0.10780840367078781,0.06925055384635925,0.11594205349683762,0.2920725643634796,0.0,0.08347893506288528,0.0,0.007006207946687937,0.08526883274316788,0.0,0.0,0.011678793467581272,0.4321897625923157,0.15045049786567688,0.05091669782996178,0.17775842547416687,0.3649847209453583,0.0,0.0,0.17671771347522736,0.05798174440860748,0.1837529093027115,0.0,0.0,0.039646923542022705,0.01092261541634798,0.13594114780426025,0.24311572313308716,0.0,0.12158858776092529,0.0,0.18785491585731506,0.12915457785129547,0.2688094675540924,0.14075809717178345,0.15526142716407776,0.11138749122619629,0.2222631275653839,0.03258925676345825,0.0995333343744278,0.0,0.0,0.0,0.013973714783787727,0.007578507997095585,0.014912145212292671,0.0,0.009360040538012981,0.02927371859550476,0.1400759220123291,0.09455231577157974,0.07158461213111877,0.004744863603264093,0.0,0.004389640409499407,0.0,0.628820538520813,0.0,0.0,0.041817788034677505,0.0,0.0,0.025136031210422516,0.0007106636767275631,0.007327877916395664,0.0007253653602674603,0.02064277045428753,0.054262880235910416,0.04930511489510536,0.014769461937248707,0.5688287615776062,0.01482363510876894,0.10211290419101715,0.05475768819451332,0.0,0.0,0.08510737121105194,0.15327347815036774,0.0,0.14846393465995789,0.20990662276744843,0.14237435162067413,0.0,0.05367618054151535,0.0,0.08919505774974823,0.040981028228998184,0.004135313909500837,0.25530707836151123,0.023365825414657593,0.24330070614814758,0.0,0.0,0.3008722960948944,0.03640312701463699,0.025701338425278664,0.0,0.0,0.3529437780380249,0.19727672636508942,0.0,0.18650159239768982,0.5692127346992493,0.1097656786441803,0.0,0.16633306443691254,0.04579386115074158,0.0051736971363425255,0.0,0.0,0.0,0.41641175746917725,0.07938041538000107,0.0058259726502001286,0.08255656063556671,0.08858466893434525,0.032575711607933044,0.0,0.41934460401535034,0.03712614253163338,0.017569636926054955,0.02042282000184059,0.02129962109029293,0.03650837391614914,0.0,0.0,0.07981894910335541,0.004914327524602413,0.2754499912261963,0.08541220426559448,0.0017301901243627071,0.0,0.5132390856742859,0.008788086473941803,0.030309170484542847,0.01779116503894329,0.37069135904312134,0.0,0.1638050675392151,0.06708869338035583,0.04028652235865593,0.0015765763819217682,0.0459057055413723,0.11915547400712967,0.2613357603549957,0.24363645911216736,0.12946265935897827,0.14203348755836487,0.01887173391878605,0.21219083666801453,0.02688109129667282,0.4493557810783386,0.0,0.0,0.06433974206447601,0.007257991004735231,0.005580978002399206,0.5607348084449768,0.0,0.0,0.03168531507253647,0.0693790391087532,0.8665616512298584,0.23182737827301025,0.08159860968589783,0.0,0.09300601482391357,0.3159025311470032,0.0,0.0,0.0,0.0,0.29931408166885376,0.28199273347854614,0.3077881932258606,0.0,0.0,0.1394595205783844,0.5003979802131653,0.005431043449789286,0.06280193477869034,0.12815159559249878,0.005572267342358828,0.0,0.12418214976787567,0.07514688372612,0.0,0.03901994973421097,0.20454886555671692,0.14214149117469788,0.03159081190824509,0.0,0.38622885942459106,0.4061114192008972,0.2336965650320053,0.0284302718937397,0.12131690979003906,0.03547454625368118,0.020480824634432793,0.020105822011828423,0.06715427339076996,0.5527712106704712,0.0,0.0034521648194640875,0.02570982649922371,0.17069533467292786,0.37116724252700806,0.0,0.21447649598121643,0.2354455292224884,0.10253716260194778,0.01939902827143669,0.14960014820098877,0.02686930075287819,0.0,0.1227312758564949,0.04484907537698746,0.001063221599906683,0.26344653964042664,0.08430017530918121,0.0,0.1315266191959381,0.09088044613599777,0.0,0.025663388893008232,0.08581413328647614,0.13278472423553467,0.028586935251951218,0.0,0.03776085376739502,0.06420175731182098,0.0,0.0005807648994959891,0.03733545541763306,0.0,0.0,0.05268414318561554,0.03018462099134922,0.04037873446941376,0.01766868680715561,0.21515223383903503,0.0065306127071380615,0.0,0.18952056765556335,0.036501213908195496,0.0,0.0,0.0,0.0,0.020304754376411438,0.014030465856194496,0.06771063804626465,0.0,0.0554962120950222,0.0,0.0,0.019937189295887947,0.016950957477092743,0.0,0.0,0.1496819257736206,0.09766519069671631,0.0,0.009319674223661423,0.014285963028669357,0.034315939992666245,0.07236096262931824,0.04669353738427162,0.0,0.10632047057151794,0.15766003727912903,0.0,0.007482881657779217,0.01883831061422825,0.0,0.013507992960512638,0.014303421601653099,0.019558686763048172,0.0,0.4104245901107788,0.0855729877948761,0.0,0.006772463209927082,0.10393913835287094,0.006037629209458828,0.027098633348941803,9.909505024552345e-05,0.0780806615948677,0.014807958155870438,0.011684028431773186,0.18431952595710754,0.38760578632354736,0.0008740024641156197,0.008679292164742947,0.0,0.0,0.13861694931983948,0.265297532081604,0.0016291966894641519,0.2504294812679291,0.03508082404732704,0.054865844547748566,0.0917094498872757,0.14029893279075623,0.0,0.038473278284072876,0.0,0.02783149853348732,0.08107472956180573,0.0,0.0,0.0012747254222631454,0.2488074004650116,0.08939260989427567,0.04518141970038414,0.22565099596977234,0.3877464234828949,0.0,0.009124166332185268,0.10197576135396957,0.040244922041893005,0.28844887018203735,0.0,0.0,0.08783924579620361,0.0007368414662778378,0.11386601626873016,0.07768065482378006,0.0,0.08612870424985886,0.0,0.11951492726802826,0.06422719359397888,0.35014334321022034,0.07199107110500336,0.0745493546128273,0.05665411800146103,0.18844453990459442,0.025493713095784187,0.20916420221328735,0.026979593560099602,0.0,0.0005582999438047409,0.008539797738194466,0.01033887080848217,0.016104189679026604,0.0,0.004990291316062212,0.03960824012756348,0.06476898491382599,0.06697620451450348,0.016557421535253525,0.0005968539044260979,0.0,0.004016962833702564,0.0,0.5744051933288574,0.0,0.0,0.017281323671340942,0.0,0.0,0.017485277727246284,0.03373683989048004,0.00673718610778451,0.015344148501753807,0.006028518546372652,0.0023278966546058655,0.024705056101083755,0.024399498477578163,0.51471346616745,0.021737629547715187,0.03991672769188881,0.06099691987037659,0.0,0.0,0.09889185428619385,0.16735580563545227,0.0,0.18104982376098633,0.31633055210113525,0.12859605252742767,0.0,0.0077988565899431705,0.0,0.03307737037539482,0.026972835883498192,0.007361851632595062,0.13465075194835663,0.105973020195961,0.3038747310638428,0.0,0.0,0.2566825747489929,0.17380791902542114,0.031259097158908844,0.0,0.0,0.19253163039684296,0.180247500538826,0.0,0.22124257683753967,0.40817123651504517,0.0439288429915905,0.0,-0.1066315546631813
100,0.010871869511902332,0.07731997221708298,0.003566709579899907,0.0,0.0,0.0,0.04559313878417015,0.11703434586524963,0.0,0.11888720095157623,0.3507412374019623,0.05653119087219238,0.0,0.17350120842456818,0.505478024482727,0.00857020728290081,0.0,0.46795812249183655,0.2322935312986374,0.0,0.07316320389509201,0.12406948208808899,0.0,0.7825745344161987,0.1916106790304184,0.0,0.0,0.43740853667259216,0.007325485348701477,0.024916749447584152,0.0,0.22016794979572296,0.029709842056035995,0.15841196477413177,0.0029914577025920153,0.0,0.0,0.03199658915400505,0.378593772649765,0.2828337252140045,0.0804596021771431,0.006402889732271433,0.15086038410663605,0.0,0.2261563390493393,0.0,0.17662449181079865,0.006084487773478031,0.0,0.25810757279396057,0.0,0.011152436025440693,0.7868145704269409,0.0005660715396516025,0.0,0.373820036649704,0.0,0.4491714835166931,0.020521901547908783,0.003996139857918024,0.0,0.16990849375724792,0.05170299485325813,0.3407718241214752,0.0,0.0,0.0,0.9618178606033325,0.09241757541894913,0.024016285315155983,0.0,0.0,0.07885036617517471,0.6561362743377686,0.0,0.1077125146985054,0.4123365879058838,0.048879384994506836,0.0,0.0,0.2283109873533249,0.0,0.0810321718454361,0.1760140210390091,0.8165987133979797,0.02723129466176033,0.0,0.10090456157922745,0.6226677298545837,0.051211703568696976,0.036699194461107254,0.6775757074356079,0.009577463380992413,0.09479627758264542,0.002111513167619705,0.07794614881277084,0.08407287299633026,0.0,0.0,0.057358790189027786,0.47546476125717163,0.08803736418485641,0.0,0.7763113379478455,0.013242719694972038,0.0,0.00516851432621479,0.5325803756713867,0.0007167694275267422,0.0,0.43509915471076965,0.015372054651379585,0.0,0.20939652621746063,0.044629354029893875,0.01122763566672802,0.01651938445866108,0.5213087201118469,0.0,0.026259923353791237,0.33882585167884827,0.18468904495239258,0.0034294009674340487,0.0,0.2915039658546448,0.17220360040664673,0.0,0.0,0.4217320680618286,0.0,0.0,0.14112578332424164,0.0,0.01899428851902485,0.006146268919110298,0.10085500031709671,0.07333336770534515,0.0,0.06503919512033463,0.0,0.0,0.005832727067172527,0.0,0.0,0.03514448553323746,0.06012934446334839,0.026763135567307472,0.0003349623875692487,0.012731467373669147,0.0,0.0,0.013106280006468296,0.00867252703756094,0.0,0.003177858889102936,0.07045069336891174,0.07448088377714157,0.0,0.0,0.0,0.024432053789496422,0.0,0.04679444059729576,0.004463404417037964,0.0,0.08203338086605072,0.0,0.0,0.23979292809963226,0.015345552004873753,0.09395954757928848,0.08317802101373672,0.0,0.0,0.07283718883991241,0.4676276743412018,0.0,0.0,0.305989533662796,0.0,0.11758439987897873,0.010457456111907959,0.042501989752054214,0.0030821163672953844,0.02681034430861473,0.0,0.0036640597973018885,0.0,0.0,0.0,0.0,0.5571654438972473,0.15573330223560333,0.0,0.04269517585635185,0.24129420518875122,0.0,0.14727114140987396,0.7018538117408752,0.0,0.15674175322055817,0.0,0.0,0.0,0.0,0.0,0.038185667246580124,0.969298243522644,0.4245877265930176,0.0,0.21162959933280945,0.0971364825963974,0.0,0.0,0.47147804498672485,0.033204350620508194,0.026572788134217262,0.0,0.0,0.1445673257112503,0.0,0.07977751642465591,0.46467071771621704,0.0,0.16922208666801453,0.0016907869139686227,0.3108319342136383,0.48557350039482117,0.012285270728170872,0.5551717877388,0.07063960283994675,0.19996227324008942,0.29451823234558105,0.008445100858807564,0.24594470858573914,0.003985076677054167,0.0,0.0,0.0,0.006948967929929495,0.0,0.0,0.011709816753864288,0.05111215263605118,0.42276373505592346,0.21626794338226318,0.04822269454598427,0.0,0.0,0.0,0.0,0.670013964176178,0.0,0.0,0.0018558526644483209,0.0,0.0,0.0,0.0037636396009474993,0.0,0.0,0.2675582468509674,0.21541042625904083,0.0,0.0,1.0181695222854614,0.0,0.22362855076789856,0.021951530128717422,0.0,0.0,0.09064236283302307,0.3240807056427002,0.0,0.1750108301639557,0.0,0.04259307682514191,0.0,0.37795671820640564,0.0,0.43422287702560425,0.0,0.0,0.6266641616821289,0.0,0.0488186739385128,0.0,0.0,0.43252328038215637,0.034887030720710754,0.04148560389876366,0.0,0.0,0.5253356099128723,0.4231692850589752,0.0,0.01734388805925846,0.7080551385879517,0.2885471284389496,0.047415561974048615,0.0,0.07715131342411041,0.05232983082532883,0.0,0.0,0.0,0.310663104057312,0.15392254292964935,0.0,0.01219667587429285,0.18673762679100037,0.032605379819869995,0.0,0.337782621383667,0.0,0.01334286667406559,0.008154273964464664,0.0032038409262895584,0.021348144859075546,0.0,0.0,0.15904100239276886,0.0,0.46441662311553955,0.02930719032883644,0.003027751110494137,0.0,0.4817729890346527,0.0,0.013680960983037949,0.0,0.21863679587841034,0.0,0.3533931374549866,0.0022717833053320646,0.06205572187900543,0.11029936373233795,0.11406728625297546,0.0,0.24545162916183472,0.0,0.18827638030052185,0.12693683803081512,0.11970527470111847,0.3095019459724426,0.0,0.21057769656181335,0.0024565402418375015,0.0,0.06287043541669846,0.03188205137848854,0.0,0.247951477766037,0.0,0.0,0.12278907001018524,0.006440106313675642,0.5465894937515259,0.020954106003046036,0.0,0.0,0.3211436867713928,0.020438045263290405,0.0,0.0,0.0,0.0,0.21987640857696533,0.011007602326571941,0.013535289093852043,0.0,0.0,0.14861829578876495,0.2389986515045166,0.0,0.18078170716762543,0.059144966304302216,0.09459415078163147,0.0,0.22166655957698822,0.07209870964288712,0.0010217460803687572,0.0,0.26106858253479004,0.10125657916069031,0.033884476870298386,0.0,0.05174585431814194,0.4755078852176666,0.16851824522018433,0.01760760322213173,0.05401819571852684,0.047684796154499054,0.084811732172966,0.02635398879647255,0.0,0.2716040015220642,0.0,0.0,0.04767611622810364,0.0,0.02444402500987053,0.0,0.3277808427810669,0.2992042601108551,0.002136480063199997,0.0344037190079689,0.043878939002752304,0.0,0.0,0.06868065893650055,0.05602439492940903,0.03498957306146622,0.0974908322095871,0.0,0.0,0.011711889877915382,0.03701594099402428,0.011926300823688507,0.0,0.07171474397182465,0.019456567242741585,0.0,0.0027722585946321487,0.015057944692671299,0.3793424963951111,0.0,0.0,0.0,0.0,0.0,0.03432650864124298,0.0,0.029309134930372238,1.6522593796253204e-05,0.0,0.0,0.0,0.16029669344425201,0.016595372930169106,0.0,0.005128323100507259,0.0029658153653144836,0.0,0.046634696424007416,0.0,0.0,0.039433613419532776,0.24594806134700775,0.0,0.01906036213040352,0.005710459314286709,0.03054220788180828,0.0,0.0,0.014565307646989822,0.091872438788414,0.0,0.0069878678768873215,0.0,0.020789818838238716,0.0,0.0456404946744442,0.0,0.1563643366098404,0.07951807975769043,0.012288779951632023,0.018985800445079803,0.01504499837756157,0.0,0.0,0.0,0.027386462315917015,0.0,0.0,0.15413713455200195,0.0,0.0,0.11530216038227081,0.03289139270782471,0.0,0.0,0.15222322940826416,0.0,0.005469050258398056,0.015165169723331928,0.13095541298389435,0.0,0.0,0.0,0.0,0.06668292731046677,0.16969649493694305,0.0,0.0885346531867981,0.06863614916801453,0.07514263689517975,0.14102643728256226,0.19817766547203064,0.0,0.051476139575242996,0.0,0.017494631931185722,0.004756416194140911,0.0,0.0,0.002987462095916271,0.0,0.0,0.0,0.08167773485183716,0.19234919548034668,0.0,0.09764408320188522,0.1373240202665329,0.09468267858028412,0.27345219254493713,0.0,0.0,0.28750672936439514,0.0,0.0029862523078918457,0.0,0.0,0.038355886936187744,0.0,0.020915476605296135,0.0,0.04871159791946411,0.14840592443943024,0.0,0.0,0.20769047737121582,0.11387951672077179,0.3251568675041199,0.08889150619506836,0.0,0.0005190700758248568,0.03109733574092388,0.0,0.0,0.016940981149673462,0.0,0.28948327898979187,0.018049929291009903,0.0046009765937924385,0.046175915747880936,0.0,0.0,0.0,0.0,0.2889400124549866,0.0,0.0,0.0,0.03175976127386093,0.0,0.018369141966104507,0.00909520499408245,0.0,0.07756859809160233,0.0,0.0009705177508294582,0.045897819101810455,0.0,0.4560942053794861,0.043459415435791016,0.026999972760677338,0.13595324754714966,0.0,0.0,0.08842077106237411,0.13452334702014923,0.0,0.35038304328918457,0.2066914588212967,0.26008033752441406,0.0,0.0,0.013458575122058392,0.002414525020867586,0.0322391502559185,0.020351234823465347,0.08766894787549973,0.003427803749218583,0.17532342672348022,0.0,0.0,0.44411665201187134,0.3336230516433716,0.02015344426035881,0.0,0.0,0.012637097388505936,0.34250372648239136,0.0,0.3864288628101349,0.1599828600883484,0.06144672632217407,0.0,0.06868551671504974,0.0381147563457489,0.0034629139117896557,0.0,0.0,0.0,0.22184239327907562,0.1369512379169464,0.009119406342506409,0.05345214530825615,0.2326633632183075,0.07328425347805023,0.0,0.3401177227497101,0.250263512134552,0.0,0.011138255707919598,0.16221892833709717,0.06668781489133835,0.0,0.018543051555752754,0.14242735505104065,0.0,0.487022340297699,0.10358254611492157,0.0005234652198851109,0.0,0.5171042680740356,0.0015854137018322945,0.02291180193424225,0.007830018177628517,0.31679052114486694,0.004160373471677303,0.2067674696445465,0.013258768245577812,0.034084342420101166,0.0005850475281476974,0.03421277552843094,0.20171526074409485,0.3284164369106293,0.12422328442335129,0.07591642439365387,0.16566084325313568,0.006591110955923796,0.27169615030288696,0.0,0.2957495152950287,0.0,0.0014269081875681877,0.07704056799411774,0.0,0.0,0.676237940788269,0.0,0.0,0.2562415599822998,0.00041153706843033433,0.6614525318145752,0.08946042507886887,0.04365335777401924,0.0,0.19906136393547058,0.18718650937080383,0.1214355006814003,0.0,0.0,0.0,0.638446569442749,0.16971927881240845,0.16333922743797302,0.0,0.0,0.059457093477249146,0.5438319444656372,0.0,0.13878250122070312,0.21585090458393097,0.016355959698557854,0.0,0.09087685495615005,0.08933694660663605,0.0,0.047607406973838806,0.22249776124954224,0.36096832156181335,0.03625882789492607,0.0,0.2348444014787674,0.5374661684036255,0.1098218709230423,0.02533363178372383,0.3489062488079071,0.038238976150751114,0.014922762289643288,0.018628161400556564,0.045066822320222855,0.34139981865882874,0.0,0.0,0.08281529694795609,0.2652096152305603,0.25106358528137207,0.0,0.299172043800354,0.12035420536994934,0.006412378046661615,0.007131556048989296,0.25696665048599243,0.0021514594554901123,0.0,0.3125650882720947,0.02839137800037861,0.0,0.1870717853307724,0.010239586234092712,0.0,0.09321996569633484,0.21787136793136597,0.0,0.013113677501678467,0.26792219281196594,0.11468701809644699,0.023229116573929787,0.0,0.18457891047000885,0.15447942912578583,0.0,0.0,0.18682615458965302,0.0,0.0,0.07653118669986725,0.0010525654070079327,0.031234100461006165,0.0027006680611521006,0.10189498215913773,0.021572409197688103,0.0,0.11163318902254105,0.011681859381496906,0.0,0.0,0.0,0.0,0.016956916078925133,0.0249836016446352,0.013475976884365082,0.0,0.09558024257421494,0.0,0.0,0.003104151925072074,0.007922704331576824,0.0,0.0,0.03286951780319214,0.103470079600811,0.0,0.0021802992559969425,0.0047269524075090885,0.008761385455727577,0.012805161997675896,0.03282136470079422,0.000722421333193779,0.05498303100466728,0.13259875774383545,0.003115169471129775,0.0,0.1005227267742157,0.0,0.018094686791300774,0.020619312301278114,0.012333572842180729,0.0,0.17928558588027954,0.1993529349565506,0.0,0.0,0.21334470808506012,0.0,0.03862714394927025,0.0010136151686310768,0.05928107351064682,0.010631408542394638,0.02646249532699585,0.0571226142346859,0.2014925479888916,0.0,0.0,0.0,0.0,0.30088239908218384,0.22906602919101715,0.0007585000130347908,0.14985421299934387,0.06564418226480484,0.052684806287288666,0.06594463437795639,0.3843998908996582,0.0,0.02362111583352089,0.0,0.0010458757169544697,0.03275518864393234,0.0,0.0,0.027656931430101395,0.4800359308719635,0.19540654122829437,0.0012461188016459346,0.2478494495153427,0.22971047461032867,0.0,0.000638210098259151,0.3078170418739319,0.023561954498291016,0.08877548575401306,0.0,0.0,0.13674819469451904,0.0016381568275392056,0.07345675677061081,0.20947784185409546,0.0,0.12036828696727753,0.0,0.13970907032489777,0.1889042854309082,0.16826684772968292,0.2962360978126526,0.06353136152029037,0.09984919428825378,0.1566486954689026,0.014256288297474384,0.34359630942344666,0.019812464714050293,0.0,0.0,0.006386931054294109,0.0030794681515544653,0.0,0.0,0.0025186266284435987,0.023192625492811203,0.21551460027694702,0.14021508395671844,0.02310941368341446,0.0061864727176725864,0.0,0.0,0.0,0.6415449976921082,0.0,0.0,0.01669532060623169,0.0,0.0,0.005468504503369331,0.013928262516856194,0.0,0.002172845881432295,0.06689559668302536,0.03989078849554062,0.00434664124622941,0.0,0.8016723394393921,0.0,0.07868801057338715,0.011199206113815308,0.0,0.0,0.0780348926782608,0.2999202013015747,0.0,0.1773291528224945,0.05877817049622536,0.10030092298984528,0.0,0.13428856432437897,0.0005428169388324022,0.18004155158996582,0.006657647434622049,0.001501778606325388,0.30599403381347656,0.027212530374526978,0.1671895533800125,0.0,0.0,0.381403386592865,0.1763748973608017,0.034382808953523636,0.0,0.0,0.31717100739479065,0.29379093647003174,0.0,0.10597206652164459,0.5282242298126221,0.08264803886413574,0.005198351107537746,1.497646450996399
101,0.0,0.03161059692502022,0.00622536102309823,0.0,0.0,0.0,0.35370221734046936,0.15201398730278015,0.0,0.04674272984266281,0.13705843687057495,0.05526185780763626,0.0,0.28101012110710144,0.11450622230768204,0.046580005437135696,0.031126148998737335,0.07864316552877426,0.02029356174170971,0.0,0.0,0.16359646618366241,0.0,0.47103723883628845,0.04791581630706787,0.0,0.0,0.43054038286209106,0.0,0.10521570593118668,0.0,0.2353605479001999,0.0,0.3083347678184509,0.009710920043289661,0.024553634226322174,0.05855833366513252,0.1599736511707306,0.1311933994293213,0.3689975142478943,0.0,0.027227312326431274,0.14509263634681702,0.05705585703253746,0.2758854925632477,0.0,0.22041413187980652,0.02051747776567936,0.0,0.046926721930503845,0.0,0.0,0.3113836348056793,0.0,0.0,0.15561655163764954,0.018771685659885406,0.6060494780540466,0.03776859492063522,0.0328306183218956,0.0,0.22764237225055695,0.06877189129590988,0.02965904027223587,0.0,0.0,0.0,0.2925293743610382,0.1021830216050148,0.07393296808004379,0.0,0.0,0.12525838613510132,0.3077864646911621,0.0,0.05004667490720749,0.04186837747693062,0.10920896381139755,0.0,0.14550884068012238,0.04674912989139557,0.0283183753490448,0.0,0.18740803003311157,0.27592733502388,0.017506083473563194,0.0,0.15246470272541046,0.5604473948478699,0.3819352984428406,0.028102494776248932,0.07852300256490707,0.03742114081978798,0.08397766947746277,0.00425479793921113,0.00887646246701479,0.3804180324077606,0.0,0.0,0.07738213986158371,0.006151220761239529,0.3194887936115265,0.0,0.39682257175445557,0.31385305523872375,0.015248752199113369,0.018224839121103287,0.10716562718153,0.0,0.0,0.13176913559436798,0.04529505595564842,0.02702391892671585,0.17666073143482208,0.002117709955200553,0.0,0.037974726408720016,0.05608776584267616,0.014166106469929218,0.0,0.14431487023830414,0.00791903492063284,0.0,0.0017754469299688935,0.11185307055711746,0.47884199023246765,0.0,0.0,0.0759754478931427,0.0,0.0,0.1730702817440033,0.0,0.0034784965682774782,0.0,0.0010813426924869418,0.0,0.0,0.05321827158331871,0.0,0.0,0.018352609127759933,0.0071005248464643955,0.0,0.10716076195240021,0.04520498961210251,0.0,0.011481154710054398,0.1774127185344696,0.0,0.0,0.12000587582588196,0.04139327257871628,0.0,0.0,0.07133152335882187,0.01250413991510868,0.0,0.0,0.0,0.28750327229499817,0.0,0.021259751170873642,0.0,0.09077479690313339,0.10870549082756042,0.0,0.017358237877488136,0.014477846212685108,0.0,0.0,0.0,0.024079976603388786,0.0,0.025210708379745483,0.3548561930656433,0.0,0.01372133195400238,0.1511603742837906,0.04073219746351242,0.009104824624955654,0.0,0.16035890579223633,0.0,0.017102153971791267,0.02199629880487919,0.2282022386789322,0.0,0.0,0.0,0.0003752158081624657,0.2343170940876007,0.1549796164035797,0.0,0.21491190791130066,0.2015073448419571,0.0433051735162735,0.22208860516548157,0.23069660365581512,0.0,0.10483404994010925,0.0,0.0,0.031140485778450966,0.0,0.0,0.001711166580207646,0.039862144738435745,0.05425170436501503,0.0011690817773342133,0.08858606964349747,0.2396193891763687,0.0,0.050390034914016724,0.14669643342494965,0.0833149328827858,0.23896969854831696,0.0,0.0,0.35907527804374695,0.0,0.0027861371636390686,0.0,0.0,0.052036382257938385,0.0,0.09230406582355499,0.04710059612989426,0.1340467631816864,0.3164439797401428,0.004678328055888414,0.0,0.3369561433792114,0.037305720150470734,0.2084953486919403,0.042411379516124725,0.0,0.0,0.015036193653941154,0.03847891837358475,0.00014680458116345108,0.013869578950107098,0.0021417737007141113,0.3123501241207123,0.04028411582112312,0.04794623702764511,0.06598750501871109,0.0,0.0,0.0,0.0,0.37562474608421326,0.0,0.0,0.0,0.014637519605457783,0.0,0.03301529213786125,0.029317932203412056,0.0,0.04525386542081833,0.006901920773088932,0.0,0.059391047805547714,0.0,0.6391079425811768,0.04560234025120735,0.0341622456908226,0.11533604562282562,0.0,0.0,0.06244610622525215,0.07921250909566879,0.0,0.0917990431189537,0.21868722140789032,0.21441993117332458,0.0,0.011599224992096424,0.0,0.07770887762308121,0.0,0.0,0.10066727548837662,0.0,0.2914300858974457,0.0,0.0,0.46560001373291016,0.2092493325471878,0.008825263939797878,0.0,0.0,0.07932811975479126,0.3108879625797272,0.0,0.4341419041156769,0.23120613396167755,0.071748286485672,0.0,0.19583147764205933,0.1679881066083908,0.06608352810144424,0.0,0.0,0.0,0.5136561393737793,0.10942292213439941,0.0,0.021956445649266243,0.1356654167175293,0.0,0.0,0.34977492690086365,0.0,0.05381631851196289,0.04458675533533096,0.0,0.0,0.0,0.0,0.08485563099384308,0.0,0.24984969198703766,0.025035832077264786,0.0,0.0,0.4585268795490265,4.8040667024906725e-05,0.11346324533224106,0.08725404739379883,0.3037387728691101,0.0,0.29535943269729614,0.1347828358411789,0.024163836613297462,0.04931982234120369,0.1752166599035263,0.02895415760576725,0.11272820085287094,0.10191122442483902,0.11145810037851334,0.1474645435810089,0.05318759009242058,0.15440025925636292,0.159063458442688,0.19212675094604492,0.014545287005603313,0.0,0.06359324604272842,0.1374610811471939,0.0,0.24977156519889832,0.024121755734086037,0.024002758786082268,0.0006960695027373731,0.316399484872818,0.7342823147773743,0.28684836626052856,0.04996828734874725,0.0,0.062490902841091156,0.17960131168365479,0.0,0.0,0.009247420355677605,6.391243368852884e-05,0.0831761583685875,0.2202446311712265,0.215547114610672,0.054830677807331085,0.0,0.15049989521503448,0.14869330823421478,0.06784181296825409,0.04091694951057434,0.00484122708439827,0.02617727406322956,0.0,0.16192233562469482,0.02745189517736435,0.016390692442655563,0.0,0.15816299617290497,0.11884800344705582,0.010702984407544136,0.06790798157453537,0.3175521492958069,0.3794527053833008,0.3444646894931793,0.0661163330078125,0.0709710419178009,0.046725139021873474,0.04250650852918625,0.0,0.034481413662433624,0.5683425068855286,0.0,0.0004412514972500503,0.0,0.01773158833384514,0.41502395272254944,0.0,0.343743234872818,0.3018072247505188,0.31298893690109253,0.06979164481163025,0.06045413762331009,0.027597537264227867,0.0,0.03560146689414978,0.0811249390244484,0.03132741525769234,0.2503454387187958,0.10090357810258865,0.0,0.08119259029626846,0.043222825974226,0.06492634117603302,0.028231225907802582,0.0,0.07823850959539413,0.0,0.02166161499917507,0.0,0.2391599863767624,0.0,0.014115666970610619,0.031232813373208046,0.056937236338853836,0.0,0.19108431041240692,0.03691112622618675,0.004156370181590319,0.004226158373057842,0.16463477909564972,0.0,0.0,0.10131416469812393,0.0,0.0,0.0,0.01470328401774168,0.0,0.14106485247612,0.0,0.0944879949092865,0.0256611630320549,0.10309308767318726,0.0,0.041750259697437286,0.11108571290969849,0.07220233976840973,0.0,0.0,0.37621021270751953,0.02618911862373352,0.0,0.051864754408597946,0.04612522944808006,0.2239481657743454,0.22461068630218506,0.025309525430202484,0.0,0.053841277956962585,0.116849385201931,0.004338685888797045,0.09722121804952621,0.0,0.0,0.0,0.0,0.020971225574612617,0.03618583828210831,0.3105771541595459,0.08425424247980118,0.04027177765965462,0.08480583131313324,0.017865074798464775,0.056289684027433395,0.0013573847245424986,0.0,0.15599747002124786,0.0,0.0,0.1861094981431961,0.30587735772132874,0.0,0.09886854887008667,0.0,0.0,0.057756587862968445,0.1779099702835083,0.007284694351255894,0.22502455115318298,0.13794508576393127,0.06425800174474716,0.17904889583587646,0.1108141541481018,0.0799105316400528,0.079033263027668,0.0,0.06926246732473373,0.07762641459703445,0.0,0.0,0.0,0.007140768226236105,0.036744147539138794,0.17019625008106232,0.04900335893034935,0.3489031493663788,0.00891771912574768,0.19605019688606262,0.05112652853131294,0.05522565543651581,0.36934489011764526,0.0,0.052040643990039825,0.21677803993225098,0.008752405643463135,0.0748344138264656,0.0005077902460470796,0.0007362460601143539,0.02411177009344101,0.0,0.03060240112245083,0.05951180309057236,0.3536507189273834,0.04964257404208183,0.028809206560254097,0.007713879458606243,0.3315185010433197,0.07232052087783813,0.0215611569583416,0.10092532634735107,0.10192570090293884,0.0,0.029418019577860832,0.09004739671945572,0.09065502882003784,0.0026386675890535116,0.0,0.26015573740005493,0.011717962101101875,0.04651918262243271,0.08905250579118729,0.0,0.0,0.0,0.0,0.3143148124217987,0.0,0.0,0.04445341229438782,0.09756544977426529,0.0,0.07002165913581848,0.09256625175476074,0.008960896171629429,0.0900493860244751,0.0,0.0,0.13215526938438416,0.1987939327955246,0.17459125816822052,0.07664231210947037,0.018919315189123154,0.1413787305355072,0.0,0.0005642016767524183,0.050249405205249786,0.004513292107731104,0.0,0.37195467948913574,0.49701058864593506,0.21290268003940582,0.08423614501953125,0.0,0.0008097352110780776,0.0,0.011516581289470196,0.01512960996478796,0.0767209380865097,0.05649842694401741,0.42081019282341003,0.0,0.06900463998317719,0.2506704330444336,0.13701286911964417,0.024546945467591286,0.0,0.015414522960782051,0.0,0.25544416904449463,0.0013623973354697227,0.46463093161582947,0.11863178759813309,0.04149715229868889,0.031182078644633293,0.10178957879543304,0.08539968729019165,0.0338507741689682,0.0,0.0,0.0,0.46663203835487366,0.1242208480834961,0.0,0.017576348036527634,0.06631921976804733,0.060319993644952774,0.0,0.3516515791416168,0.03552436828613281,0.05455467104911804,0.050442490726709366,0.009034952148795128,0.0,0.0,0.0,0.1233978420495987,0.003776628291234374,0.347347617149353,0.032086700201034546,0.0,0.0,0.574783205986023,0.004650736227631569,0.03191006928682327,0.0839221328496933,0.3360756039619446,0.0,0.29125556349754333,0.03748401626944542,0.07229392975568771,0.0009068705840036273,0.15385735034942627,0.08269535005092621,0.22984208166599274,0.062250129878520966,0.19148701429367065,0.10402834415435791,0.10280177742242813,0.28242218494415283,0.10223474353551865,0.2765921950340271,0.031122790649533272,0.0,0.046316731721162796,0.12238763272762299,0.0,0.3239116072654724,0.0,0.026735251769423485,0.06806455552577972,0.13842952251434326,0.7888644933700562,0.17183642089366913,0.10608251392841339,0.0,0.2138402909040451,0.156358003616333,0.0054639591835439205,0.0,0.0,0.0,0.15260693430900574,0.23323039710521698,0.15948180854320526,0.029659271240234375,0.0,0.1172032579779625,0.2525959610939026,0.0001511908631073311,0.1277862787246704,0.026333170011639595,0.06915432959794998,0.0,0.12296445667743683,0.00994573812931776,0.015367288142442703,0.0,0.2158070057630539,0.053078990429639816,0.008777985349297523,0.0367027223110199,0.3396250605583191,0.3987174928188324,0.3318350911140442,0.03786393254995346,0.02196483314037323,0.032172348350286484,0.08001808077096939,0.03293442726135254,0.059021592140197754,0.5629594922065735,0.0,0.0009210570715367794,0.10820075124502182,0.004574369639158249,0.3423551917076111,0.0,0.22257845103740692,0.3725774586200714,0.10067103058099747,0.04437078535556793,0.016239985823631287,0.01625041291117668,0.0,0.08460237085819244,0.05413580685853958,0.028433624655008316,0.2600019872188568,0.10397986322641373,0.0,0.04752537980675697,0.0009288693545386195,0.053116120398044586,0.013219508342444897,0.11770644038915634,0.08254726976156235,0.022222457453608513,0.008863280527293682,0.06120029464364052,0.27460670471191406,0.0004949979484081268,0.009910092689096928,0.01597277820110321,0.0,0.0,0.14813587069511414,0.011587831191718578,0.004116502124816179,0.010643653571605682,0.14360091090202332,0.0,0.0,0.04014420881867409,0.01423372607678175,0.0,0.0,0.007091555278748274,0.0,0.12435861676931381,0.0,0.044505808502435684,0.00229883985593915,0.0,0.00034398704883642495,0.036806732416152954,0.09236069023609161,0.07306419312953949,0.0,0.0,0.22669872641563416,0.04174526035785675,0.0,0.0009855295065790415,0.04217943921685219,0.25577419996261597,0.12442005425691605,0.015480118803679943,0.0,0.1538032442331314,0.14094166457653046,0.0009891100926324725,0.0958816260099411,0.0,0.0,0.007852673530578613,0.001024656812660396,0.01776939630508423,0.011444656178355217,0.2540225088596344,0.1714131087064743,0.0034826139453798532,0.09152877330780029,0.04815859720110893,0.017282921820878983,0.0,0.002580970525741577,0.1740313321352005,0.0,0.0,0.22822806239128113,0.3112722337245941,0.0,0.04792333394289017,0.0,0.0,0.09148266166448593,0.145743265748024,0.004675311502069235,0.2585148215293884,0.09652911126613617,0.025969652459025383,0.15437206625938416,0.03882899880409241,0.00302378018386662,0.08084248006343842,0.0,0.016303379088640213,0.05089714750647545,0.0,0.0,0.0,0.028486866503953934,0.007960883900523186,0.021890005096793175,0.14329810440540314,0.3453429341316223,0.01976105198264122,0.1107291653752327,0.11381097882986069,0.033623404800891876,0.34287434816360474,0.0007083898526616395,0.02645472250878811,0.31260842084884644,0.0,0.06200391426682472,0.0,0.0008792100707069039,0.020294740796089172,0.008090334944427013,0.09627184271812439,0.010464019142091274,0.34184741973876953,0.05944130942225456,0.032599691301584244,0.022142507135868073,0.3280467689037323,0.07443666458129883,0.28107938170433044,0.09340250492095947,0.0,0.0,0.04120198264718056,0.06603697687387466,0.015517383813858032,0.0,0.0009279933292418718,0.28726625442504883,0.0,0.03981885686516762,0.012972235679626465,0.0,0.0,0.0,0.0,0.36409714818000793,0.0,0.0,0.000403997371904552,0.12238088250160217,0.0,0.053891390562057495,0.03703176975250244,0.026726776733994484,0.10622444748878479,0.0,0.0,0.10529185831546783,0.10456579178571701,0.40621015429496765,0.057150136679410934,0.0,0.09925072640180588,0.0,0.009957739152014256,0.05845772475004196,0.10537028312683105,0.0,0.33651262521743774,0.4035409986972809,0.17693175375461578,0.020910879597067833,0.0,0.006732942070811987,0.007548373658210039,0.008957898244261742,0.004540681838989258,0.02538861706852913,0.06000736728310585,0.39693906903266907,0.0,0.03803309053182602,0.3266865313053131,0.27002793550491333,0.03408751264214516,0.0,0.0,0.01924608275294304,0.26313090324401855,0.0,0.4253706634044647,0.1621979922056198,0.014569481834769249,0.009669001214206219,1.1714030504226685
102,0.13090424239635468,0.06290525943040848,0.0,0.0,0.0,0.0,0.3360709547996521,0.05502065643668175,0.0,0.14314012229442596,0.14613071084022522,0.011486719362437725,0.0,0.2614613473415375,0.15367837250232697,0.04619944095611572,0.01733078807592392,0.1491745412349701,0.020842749625444412,0.0,0.0,0.04608643427491188,0.0,0.46113312244415283,0.1678656041622162,0.0,0.0,0.4114825427532196,0.010271807201206684,0.02935182675719261,0.0,0.3488234877586365,0.0,0.1157279685139656,0.008724864572286606,0.0026327306404709816,0.0,0.09445711225271225,0.19948036968708038,0.23352782428264618,0.1913648545742035,0.0577494315803051,0.1233326718211174,0.002043133834376931,0.19985593855381012,0.0,0.42471933364868164,0.00549682043492794,0.0,0.14866191148757935,0.0,0.0115880835801363,0.6445277333259583,0.012733514420688152,0.0,0.07201095670461655,0.033783573657274246,0.7180418968200684,0.093355692923069,0.05176475644111633,0.0,0.08417519181966782,0.22405488789081573,0.058979663997888565,0.0,0.0,0.0,0.5255448222160339,0.2908177077770233,0.13538537919521332,0.0,0.0013334465911611915,0.16663965582847595,0.6220866441726685,0.0,0.04349501430988312,0.26330432295799255,0.002444607438519597,0.0,0.03094065934419632,0.15347416698932648,0.01833105832338333,0.10049346089363098,0.16534423828125,0.38196125626564026,0.034261371940374374,0.0,0.2805662751197815,0.5365250706672668,0.27338042855262756,0.0466950349509716,0.2337649166584015,0.03130244091153145,0.0741707980632782,0.0,0.11582674086093903,0.3450583517551422,0.0,0.0,0.002574288286268711,0.2530839741230011,0.2101794332265854,0.0,0.42048531770706177,0.11795242875814438,0.03503422811627388,0.026693711057305336,0.36299386620521545,0.06309991329908371,0.0,0.1684967279434204,0.027336368337273598,0.0015673103043809533,0.24616511166095734,0.13854272663593292,0.00977391842752695,0.03834589943289757,0.26797905564308167,0.0,0.026532689109444618,0.10764859616756439,0.1779068559408188,0.000539149041287601,0.0,0.08329785615205765,0.10151415318250656,0.0,0.0,0.12516829371452332,0.0,0.0014046248979866505,0.09785643219947815,0.0,0.0163266584277153,0.02286146581172943,0.2160576581954956,0.020376218482851982,0.0,0.156209334731102,0.0013716729590669274,0.0,0.0,0.0,0.0,0.012249456718564034,0.0329868383705616,0.09029612690210342,0.0,0.0,0.0,0.0,0.042591579258441925,0.034383583813905716,0.0,0.0,0.212079718708992,0.04740935191512108,0.0,0.0,0.010539780370891094,0.03169310465455055,0.01249707955867052,0.05694401264190674,0.0,0.03214824199676514,0.14283053576946259,0.0,0.0,0.08170325309038162,0.0,0.06567350775003433,0.048340216279029846,0.016052911058068275,0.0,0.28185442090034485,0.24902884662151337,0.0,0.0,0.15960071980953217,0.005306706763803959,0.04248868301510811,0.0,0.0829453244805336,0.006120920181274414,0.0228616651147604,0.07615721970796585,0.22903524339199066,0.0,0.0,0.0,0.0,0.31187379360198975,0.25258854031562805,0.0011224668705835938,0.15626439452171326,0.12129683047533035,0.0004602836270350963,0.11323698610067368,0.3582862913608551,0.0,0.1284252107143402,0.0,0.0019692708738148212,0.041548553854227066,0.0,0.0,0.0,0.5079964399337769,0.20799803733825684,0.008130823262035847,0.20506316423416138,0.30630117654800415,0.0,0.010777887888252735,0.14782081544399261,0.05680437758564949,0.16716548800468445,0.0,0.0,0.08425970375537872,0.0,0.1112084686756134,0.17475487291812897,0.0,0.08456259220838547,0.0,0.29887744784355164,0.17958320677280426,0.13222147524356842,0.23789061605930328,0.06789632141590118,0.14225955307483673,0.30995315313339233,0.04652073234319687,0.15912124514579773,0.0,0.0,0.0,0.0023156984243541956,0.009706013835966587,0.007408774457871914,0.00013268164184410125,0.009160556830465794,0.10237863659858704,0.17647375166416168,0.043937258422374725,0.006980674806982279,0.0,0.0,0.0,0.0,0.6214122772216797,0.0,0.0,0.0,0.0,0.0,0.0,0.02572786808013916,0.0,0.017800061032176018,0.039920873939991,0.08186499774456024,0.02249738574028015,0.0,0.7120715379714966,0.026604562997817993,0.05719386786222458,0.07986805588006973,0.0,0.0,0.16965678334236145,0.11847271025180817,0.0,0.12123337388038635,0.1059931144118309,0.14865519106388092,0.0,0.11163098365068436,0.0,0.18044035136699677,0.0,0.0,0.2745570242404938,0.005650751758366823,0.18754233419895172,0.0,0.0075331032276153564,0.3045065104961395,0.08177291601896286,0.033244047313928604,0.0,0.0,0.3488537669181824,0.23551136255264282,0.0,0.1753101646900177,0.5660036206245422,0.12717756628990173,0.03912708908319473,0.0061040217988193035,0.06880408525466919,0.03536578640341759,0.0,0.0,0.0,0.38780492544174194,0.1197165697813034,0.0,0.037508003413677216,0.0989476814866066,0.038345493376255035,0.0,0.3549444079399109,0.0,0.010442896746098995,0.03110593929886818,0.0,0.017921235412359238,0.0,0.0,0.12734220921993256,0.0,0.26567530632019043,0.060257814824581146,0.004238154739141464,0.0,0.43624138832092285,0.0,0.05555219575762749,0.0,0.25408488512039185,0.0,0.3310168981552124,0.014484088867902756,0.04183720052242279,0.11549732089042664,0.08893012255430222,0.0008634947007521987,0.2331138700246811,0.012251738458871841,0.1367436945438385,0.10559754818677902,0.05391998589038849,0.21893440186977386,0.0023542249109596014,0.28774502873420715,0.0,0.0,0.0390886627137661,0.0347495898604393,0.0,0.2516728341579437,0.0,0.0,0.03227931261062622,0.027715671807527542,0.6574223637580872,0.09216894954442978,0.022818010300397873,0.0,0.30619174242019653,0.1149662509560585,0.0,0.0,0.0006019067368470132,0.0,0.13910387456417084,0.0604010745882988,0.13013148307800293,0.0,0.0,0.19044454395771027,0.2438884675502777,0.011499328538775444,0.09304179251194,0.015279917046427727,0.02995450235903263,0.0,0.2654597759246826,0.061622001230716705,0.0,0.0,0.24329522252082825,0.03231249377131462,0.067192941904068,0.0047441525384783745,0.1709526926279068,0.43928128480911255,0.21904276311397552,0.036556318402290344,0.01682674139738083,0.06547475606203079,0.02170504629611969,0.00616228673607111,0.0,0.3912597596645355,0.0,0.0,0.0,0.0,0.155173659324646,0.0,0.19655488431453705,0.29826802015304565,0.03490891680121422,0.020281072705984116,0.06284711509943008,0.0,0.0,0.02441662922501564,0.10121722519397736,0.025487303733825684,0.1208670511841774,0.0,0.0,0.054783064872026443,0.016851600259542465,0.005510414019227028,0.0,0.0019397186115384102,0.02654799446463585,0.0,0.014069408178329468,0.0,0.3297421932220459,0.0,0.0,0.0,0.0,0.0,0.07833869755268097,0.0,0.04074191302061081,0.0015957769937813282,0.005140172317624092,0.0,0.0,0.21260638535022736,0.025064630433917046,0.0,0.0005513011710718274,0.0,0.0,0.011334110051393509,0.0,0.002112343907356262,0.02691890113055706,0.26221030950546265,0.0,0.01916671358048916,0.000654387753456831,0.011511769145727158,0.0,0.0,0.017419010400772095,0.025748280808329582,0.010655480436980724,0.015295667573809624,0.0,0.0,0.021305276080965996,0.07994918525218964,0.0,0.1852964460849762,0.11069299280643463,0.0,0.011153636500239372,0.009267576038837433,0.0,0.0,0.0,0.018165409564971924,0.0,0.05316299945116043,0.0407886765897274,0.0,0.0024412870407104492,0.07059203088283539,0.07790489494800568,0.0,0.0,0.08876419067382812,0.0,0.017266735434532166,0.05404057726264,0.2415611296892166,0.0,0.0016466537490487099,0.0,0.0,0.041088443249464035,0.25360390543937683,0.0,0.12383871525526047,0.011304434388875961,0.1350174844264984,0.07054778933525085,0.1372537910938263,0.0,0.024835286661982536,0.0,0.03753321245312691,0.025175828486680984,0.0,0.0,0.017825089395046234,0.0,0.0,0.014215787872672081,0.08739546686410904,0.2943885326385498,0.0,0.11430039256811142,0.021238163113594055,0.10470309108495712,0.339995801448822,0.0,0.0,0.1982286423444748,0.0,0.01071952749043703,0.0,0.0,0.09740602970123291,0.0,0.011751427315175533,0.0,0.15634271502494812,0.08540341258049011,0.0,0.0,0.14748695492744446,0.09395583719015121,0.25663721561431885,0.07406147569417953,0.0,0.0,0.020387625321745872,0.01538551039993763,0.0,0.00719385826960206,0.0,0.16996608674526215,0.026659458875656128,0.0,0.07360130548477173,0.0,0.0,0.0,0.0,0.32359611988067627,0.0,0.0,0.0,0.010584025643765926,0.0,0.011825509369373322,0.03790057450532913,0.0,0.04889298975467682,0.0,0.013431636616587639,0.039945073425769806,0.0,0.34531912207603455,0.018624737858772278,0.020474392920732498,0.14828287065029144,0.0,0.0,0.0892474427819252,0.09451217949390411,0.0,0.21196463704109192,0.35531309247016907,0.2530839443206787,0.0,0.0,0.0,0.0,0.068316251039505,0.01290583610534668,0.05122509226202965,0.03257610648870468,0.22381067276000977,0.0013890471309423447,0.0,0.3367077112197876,0.2896602153778076,0.0205904059112072,0.0,0.0,0.0071034301072359085,0.2525218725204468,0.0,0.4131990075111389,0.16086408495903015,0.014720653183758259,0.0,0.15051379799842834,0.030932731926441193,0.005804424174129963,0.0,0.0,0.0,0.4082140326499939,0.08464169502258301,0.0015527100767940283,0.07992768287658691,0.10669748485088348,0.04894333332777023,0.0,0.4065322279930115,0.03846093267202377,0.004777917172759771,0.03248753398656845,0.04693286120891571,0.03260766714811325,0.0,0.0,0.07796786725521088,0.0006886154296807945,0.2825047969818115,0.10762980580329895,0.001305336132645607,0.0,0.50053471326828,0.0035771685652434826,0.03129139170050621,0.016366757452487946,0.3919788599014282,0.0,0.15966711938381195,0.05039104074239731,0.03195192664861679,0.0044767241925001144,0.054021961987018585,0.07904276996850967,0.29018455743789673,0.20205625891685486,0.11213458329439163,0.14941200613975525,0.01873185858130455,0.241244375705719,0.0029640360735356808,0.4676472842693329,0.0,0.0,0.04555149003863335,0.0,0.0,0.5805688500404358,0.0,0.0,0.04543232172727585,0.05896180123090744,0.8713194727897644,0.18451106548309326,0.09070554375648499,0.0,0.11200554668903351,0.3257319927215576,0.005320263560861349,0.0,0.0,0.0,0.34088435769081116,0.3105943500995636,0.31003326177597046,0.0,0.0,0.13248759508132935,0.5318411588668823,0.004469259176403284,0.07798027992248535,0.12355934828519821,0.002179549541324377,0.0,0.12766116857528687,0.08320643752813339,0.0,0.05007532611489296,0.20029479265213013,0.13923096656799316,0.043474890291690826,0.0,0.36348915100097656,0.45686522126197815,0.2669921815395355,0.0360310897231102,0.14396202564239502,0.05525032430887222,0.018328052014112473,0.013111450709402561,0.056802116334438324,0.533161461353302,0.0,0.005907165352255106,0.02340444177389145,0.15009236335754395,0.36777210235595703,0.0,0.1925928145647049,0.23038804531097412,0.07672981917858124,0.011915325187146664,0.1637706756591797,0.02001660130918026,0.0,0.14019766449928284,0.032239433377981186,0.0,0.22775007784366608,0.06712611019611359,0.0,0.1348491609096527,0.08838550001382828,0.0,0.008328698575496674,0.10793313384056091,0.10851725935935974,0.006945198401808739,0.0,0.046262022107839584,0.09080348908901215,0.0024496186524629593,0.0,0.02869521453976631,0.0,0.0012164118234068155,0.05360617861151695,0.018979469314217567,0.03906115144491196,0.01687627285718918,0.19012686610221863,0.007295398041605949,0.0,0.19857019186019897,0.04884166270494461,0.0,0.0,0.0,0.0,0.013601388782262802,0.020337123423814774,0.06686197221279144,0.0,0.08287020027637482,0.0,0.0,0.03180694952607155,0.021455641835927963,0.0,0.0,0.13824686408042908,0.09330298006534576,0.0,0.009309101849794388,0.006715640425682068,0.030047670006752014,0.060174304991960526,0.04162086173892021,0.0,0.12273450195789337,0.18373864889144897,0.0,0.0038422555662691593,0.021992454305291176,0.0,0.01832941547036171,0.014954732730984688,0.03933173418045044,0.0,0.37753981351852417,0.09176801145076752,0.0,0.0,0.13099640607833862,0.009990526363253593,0.02429884299635887,0.0,0.07668276131153107,0.010479225777089596,0.025105968117713928,0.15191616117954254,0.3752831816673279,0.0,0.0008530835621058941,0.0,0.0,0.15024465322494507,0.28990834951400757,0.0,0.26057881116867065,0.031039131805300713,0.07796378433704376,0.05837079882621765,0.1776437908411026,0.0,0.019801490008831024,0.0,0.022712308913469315,0.08011215925216675,0.0,0.0,0.011019086465239525,0.18921294808387756,0.09278891235589981,0.0339030846953392,0.2531771659851074,0.39248305559158325,0.0,0.010031788609921932,0.10986820608377457,0.035357989370822906,0.26919811964035034,0.0,0.0,0.08844319730997086,0.0025605829432606697,0.11051197350025177,0.0663304552435875,0.0,0.09966115653514862,0.0,0.129987433552742,0.06610453128814697,0.33268865942955017,0.11653145402669907,0.061794281005859375,0.050337836146354675,0.1680530458688736,0.037666186690330505,0.2513420283794403,0.034313470125198364,0.0,0.0,0.009487002156674862,0.0038994112983345985,0.010710764676332474,0.0,0.006329001858830452,0.0401206910610199,0.10274208337068558,0.06276166439056396,0.01821690984070301,0.0031300196424126625,0.0,0.0,0.0,0.6195629239082336,0.0,0.0,0.013338573276996613,0.0,0.0,0.018005959689617157,0.0316714271903038,0.0,0.013026867993175983,0.006912827957421541,0.009626333601772785,0.029888181015849113,0.011355157010257244,0.5769761800765991,0.007611035369336605,0.03495161980390549,0.045893631875514984,0.0,0.0,0.13366922736167908,0.15709398686885834,0.0,0.14413118362426758,0.2995789349079132,0.15682770311832428,0.0,0.022222314029932022,0.0,0.03427353501319885,0.021372605115175247,0.0029448233544826508,0.12640224397182465,0.07914683222770691,0.26828259229660034,0.0,0.0,0.2866785526275635,0.1863870918750763,0.03656022995710373,0.0,0.0,0.22657406330108643,0.17115214467048645,0.0,0.23642529547214508,0.4385641813278198,0.0378064401447773,0.0,0.3598717451095581
103,0.01221315748989582,0.1357550472021103,0.4715467691421509,0.005204144399613142,0.0,0.0,0.722052812576294,0.0067428830079734325,0.0,0.0161073449999094,0.056956011801958084,0.0,0.0,0.3807604908943176,0.0,0.1894884705543518,0.04966949298977852,0.0,0.0,0.0,0.0,0.11422989517450333,0.03003121167421341,0.48738908767700195,0.0,0.0,0.0,0.8230083584785461,0.06983369588851929,0.10276880860328674,0.3242323696613312,0.3856748938560486,0.0,0.38439810276031494,0.16786430776119232,0.4132038354873657,0.1506097912788391,0.8158422708511353,0.0,0.0009849839843809605,0.03264971077442169,0.4294339120388031,0.04902207851409912,0.2602595388889313,0.5159292817115784,0.9981239438056946,0.20507733523845673,0.004222125746309757,0.0,0.14707863330841064,0.4005437195301056,0.0,0.0,0.0043333000503480434,0.2089623659849167,0.0,0.774730920791626,0.8424369096755981,0.18123899400234222,0.05523766949772835,0.0,0.019543344154953957,0.0783018171787262,0.0,0.0,0.2042563110589981,0.0017844566609710455,0.0,0.21359765529632568,0.061094529926776886,0.6952362656593323,0.0,0.46324265003204346,0.00989921111613512,0.25416329503059387,0.08959785848855972,0.0,0.4968239367008209,0.0,0.15756742656230927,0.022524872794747353,0.2925581932067871,0.008863424882292747,0.16826240718364716,0.0,0.0,0.16980963945388794,0.22223533689975739,0.3909914195537567,0.5954481959342957,0.10511063784360886,0.0,0.003527022199705243,0.46525272727012634,0.0,0.0,0.5398973226547241,0.09673474729061127,0.0002396219497313723,0.0,0.0,0.0722259134054184,0.0,0.3745378851890564,0.8602568507194519,0.5479124188423157,0.2860160171985626,0.0,0.0,0.0,0.0,0.2474638670682907,0.2772728502750397,0.3362671434879303,0.2932511866092682,0.0,0.006107306573539972,0.0,0.3284573256969452,0.14738713204860687,0.0,0.076502725481987,0.12013451009988785,0.01864747889339924,0.0,0.393428236246109,0.006996760610491037,0.3180926740169525,0.0,0.0,0.0,0.007591946516185999,0.23353202641010284,0.0,0.07918473333120346,0.13366617262363434,0.0,0.0,0.06442660838365555,0.07741077244281769,0.0,0.018660515546798706,0.6051014065742493,0.0,0.5672540068626404,0.0,0.004114641807973385,0.02183169685304165,0.0,0.0,0.07361841201782227,0.8100295066833496,0.30893877148628235,0.0,0.0,0.5377698540687561,0.0,0.0,0.015966041013598442,0.0,1.228641152381897,0.3473699390888214,0.0,0.0,0.28189221024513245,0.07169049233198166,0.0,0.8160441517829895,0.0,0.0,0.0,0.0,0.06303995847702026,0.119326151907444,0.19272370636463165,0.13703042268753052,0.03324732556939125,0.8155295848846436,0.0,0.027808116748929024,0.0,0.0,0.8908894658088684,0.017500463873147964,0.0,0.30922383069992065,0.31483516097068787,0.14155623316764832,0.8229881525039673,0.0,0.0,0.0,0.013306081295013428,0.10862506181001663,0.22965426743030548,0.5482779741287231,0.017505429685115814,0.79611736536026,0.0,0.1466521918773651,0.1994740068912506,0.0,0.03273126110434532,0.01987723633646965,0.0,0.0,0.0,0.0,0.0,0.027385907247662544,0.009553524665534496,0.35327473282814026,0.08938919752836227,0.7948195338249207,0.0,0.3132138252258301,0.6803126931190491,0.0,0.0812753215432167,0.5043391585350037,0.013812432996928692,0.04919939488172531,0.0,0.0,0.0,0.024089131504297256,0.023676466196775436,0.0,0.5157833695411682,0.0,0.009308216162025928,0.0,0.8523786664009094,0.4343287944793701,0.016368651762604713,0.28117814660072327,0.29605525732040405,0.0,0.3390420973300934,0.06833813339471817,0.021381715312600136,0.0,0.0,1.1337155103683472,0.0,0.02398727275431156,0.03372001647949219,0.0,0.0,0.0,0.0,0.010390535928308964,0.0,0.028463000431656837,0.0,0.951324462890625,0.10782131552696228,0.0785762295126915,0.010141301900148392,0.07611077278852463,0.548673689365387,0.0,0.0,0.699242889881134,0.37297001481056213,0.0,0.642530620098114,0.0,0.5057271122932434,0.04419147968292236,0.0,0.13836310803890228,0.0,0.01568051241338253,1.4454090595245361,1.089552402496338,0.5523019433021545,0.24647998809814453,0.0,0.0019732515793293715,0.0,0.0,0.45699113607406616,0.0,0.013240457512438297,0.5464478731155396,0.0,0.0,0.5855866074562073,0.33886227011680603,0.02584461309015751,0.00631519453600049,0.006151996087282896,0.0,0.29623398184776306,0.2285275161266327,0.726289689540863,0.0,0.0025059946347028017,0.19716142117977142,0.0,0.07715131342411041,0.05232983082532883,0.0,0.0,0.0,0.310663104057312,0.15392254292964935,0.0,0.01219667587429285,0.18673762679100037,0.032605379819869995,0.0,0.337782621383667,0.0,0.01334286667406559,0.008154273964464664,0.0032038409262895584,0.021348144859075546,0.0,0.0,0.15904100239276886,0.0,0.46441662311553955,0.02930719032883644,0.003027751110494137,0.0,0.4817729890346527,0.0,0.013680960983037949,0.0,0.21863679587841034,0.0,0.3533931374549866,0.0022717833053320646,0.06205572187900543,0.11029936373233795,0.11406728625297546,0.0,0.24545162916183472,0.0,0.18827638030052185,0.12693683803081512,0.11970527470111847,0.3095019459724426,0.0,0.21057769656181335,0.0024565402418375015,0.0,0.06287043541669846,0.03188205137848854,0.0,0.247951477766037,0.0,0.0,0.12278907001018524,0.006440106313675642,0.5465894937515259,0.020954106003046036,0.0,0.0,0.3211436867713928,0.020438045263290405,0.0,0.0,0.0,0.0,0.21987640857696533,0.011007602326571941,0.013535289093852043,0.0,0.0,0.14861829578876495,0.2389986515045166,0.0,0.18078170716762543,0.059144966304302216,0.09459415078163147,0.0,0.22166655957698822,0.07209870964288712,0.0010217460803687572,0.0,0.26106858253479004,0.10125657916069031,0.033884476870298386,0.0,0.05174585431814194,0.4755078852176666,0.16851824522018433,0.01760760322213173,0.05401819571852684,0.047684796154499054,0.084811732172966,0.02635398879647255,0.0,0.2716040015220642,0.0,0.0,0.04767611622810364,0.0,0.02444402500987053,0.0,0.3277808427810669,0.2992042601108551,0.002136480063199997,0.0344037190079689,0.043878939002752304,0.0,0.0,0.06868065893650055,0.05602439492940903,0.03498957306146622,0.0974908322095871,0.0,0.0,0.011711889877915382,0.03701594099402428,0.011926300823688507,0.0,0.07171474397182465,0.019456567242741585,0.0,0.0027722585946321487,0.015057944692671299,0.3793424963951111,0.0,0.0,0.0,0.0,0.0,0.03432650864124298,0.0,0.029309134930372238,1.6522593796253204e-05,0.0,0.0,0.0,0.16029669344425201,0.016595372930169106,0.0,0.005128323100507259,0.0029658153653144836,0.0,0.046634696424007416,0.0,0.0,0.039433613419532776,0.24594806134700775,0.0,0.01906036213040352,0.005710459314286709,0.03054220788180828,0.0,0.0,0.014565307646989822,0.091872438788414,0.0,0.0069878678768873215,0.0,0.020789818838238716,0.0,0.0456404946744442,0.0,0.1563643366098404,0.07951807975769043,0.012288779951632023,0.018985800445079803,0.01504499837756157,0.0,0.0,0.0,0.027386462315917015,0.0,0.0,0.15413713455200195,0.0,0.0,0.11530216038227081,0.03289139270782471,0.0,0.0,0.15222322940826416,0.0,0.005469050258398056,0.015165169723331928,0.13095541298389435,0.0,0.0,0.0,0.0,0.06668292731046677,0.16969649493694305,0.0,0.0885346531867981,0.06863614916801453,0.07514263689517975,0.14102643728256226,0.19817766547203064,0.0,0.051476139575242996,0.0,0.017494631931185722,0.004756416194140911,0.0,0.0,0.002987462095916271,0.0,0.0,0.0,0.08167773485183716,0.19234919548034668,0.0,0.09764408320188522,0.1373240202665329,0.09468267858028412,0.27345219254493713,0.0,0.0,0.28750672936439514,0.0,0.0029862523078918457,0.0,0.0,0.038355886936187744,0.0,0.020915476605296135,0.0,0.04871159791946411,0.14840592443943024,0.0,0.0,0.20769047737121582,0.11387951672077179,0.3251568675041199,0.08889150619506836,0.0,0.0005190700758248568,0.03109733574092388,0.0,0.0,0.016940981149673462,0.0,0.28948327898979187,0.018049929291009903,0.0046009765937924385,0.046175915747880936,0.0,0.0,0.0,0.0,0.2889400124549866,0.0,0.0,0.0,0.03175976127386093,0.0,0.018369141966104507,0.00909520499408245,0.0,0.07756859809160233,0.0,0.0009705177508294582,0.045897819101810455,0.0,0.4560942053794861,0.043459415435791016,0.026999972760677338,0.13595324754714966,0.0,0.0,0.08842077106237411,0.13452334702014923,0.0,0.35038304328918457,0.2066914588212967,0.26008033752441406,0.0,0.0,0.013458575122058392,0.002414525020867586,0.0322391502559185,0.020351234823465347,0.08766894787549973,0.003427803749218583,0.17532342672348022,0.0,0.0,0.44411665201187134,0.3336230516433716,0.02015344426035881,0.0,0.0,0.012637097388505936,0.34250372648239136,0.0,0.3864288628101349,0.1599828600883484,0.06144672632217407,0.0,0.0,0.08707047998905182,0.2580639123916626,0.0025592809543013573,0.0,0.0,0.4964448809623718,0.07087654620409012,0.0,0.013595719821751118,0.0631905123591423,0.000552285579033196,0.0,0.3911970555782318,0.0,0.0577804297208786,0.07444179803133011,0.0,0.0,0.0,0.0,0.1252460479736328,0.0614115372300148,0.5263481140136719,0.0,0.0014885389246046543,0.0,0.7355396151542664,0.02370336279273033,0.05722155421972275,0.11697619408369064,0.3627251386642456,0.0,0.4244365692138672,0.10414525866508484,0.3249050974845886,0.09913729131221771,0.5193290114402771,0.0,0.04218082129955292,0.0002036956138908863,0.37355124950408936,0.09577485918998718,0.2367987334728241,0.5185698866844177,0.6138456463813782,0.14613017439842224,0.0,0.0,0.09522818773984909,0.2238963544368744,0.0,0.0819816142320633,0.016604110598564148,0.08018623292446136,0.0,0.47009241580963135,0.7227951288223267,0.1834706962108612,0.04957754909992218,0.0,0.07301928848028183,0.06762076169252396,0.0,0.0,0.10337687283754349,0.0005187112838029861,0.0,0.16688193380832672,0.08487512171268463,0.34531956911087036,0.0,0.2811393439769745,0.03155728429555893,0.07748319953680038,0.12853218615055084,0.0,0.31323978304862976,0.0,0.1634342074394226,0.04732172191143036,0.16200387477874756,0.010704671032726765,0.20508837699890137,0.1643352061510086,0.011462008580565453,0.07040116935968399,0.20186221599578857,0.37212124466896057,0.410419762134552,0.07231292873620987,0.019388029351830482,0.06425320357084274,0.3388766646385193,0.01623309776186943,0.0011075956281274557,0.4530922472476959,0.009145066142082214,0.0027044531889259815,0.004678539931774139,0.0,0.06997786462306976,0.0,0.35542669892311096,0.58198082447052,0.3091014623641968,0.18547095358371735,0.02478967234492302,0.0018024294404312968,0.0,0.0,0.13536033034324646,0.07948461174964905,0.20213405787944794,0.10334373265504837,0.0,0.007497329264879227,0.02095634676516056,0.10021619498729706,0.14392831921577454,0.0011222620960325003,0.027320027351379395,0.05643061548471451,0.01626364141702652,0.0,0.32938820123672485,0.0,0.20035584270954132,0.004640751052647829,0.0031264459248632193,0.0,0.03256958723068237,0.09788238257169724,0.0,0.06166693940758705,0.040128275752067566,0.0,0.011686023324728012,0.12050820887088776,0.07212015986442566,0.0,0.0023461405653506517,0.4255959987640381,0.0,0.3551616966724396,0.0,0.0,0.02006325125694275,0.07700669020414352,0.0,0.027601826936006546,0.5393548011779785,0.22859376668930054,0.0,0.0,0.3729017376899719,0.011671802960336208,0.0,0.011776136234402657,0.0,0.7747438549995422,0.22816991806030273,0.006878713611513376,0.0,0.2117340862751007,0.06176559627056122,0.005656134337186813,0.3972280025482178,0.0009791483171284199,0.0,0.0,0.0,0.03791014105081558,0.13757465779781342,0.1148853600025177,0.11904232949018478,0.012825323268771172,0.3594449758529663,0.02377987466752529,0.009511473588645458,0.0,0.0,0.5466600060462952,0.006561783142387867,0.009986881166696548,0.2469070702791214,0.22339417040348053,0.03325911611318588,0.4625786542892456,0.0,0.0,0.0027284882962703705,0.01404334045946598,0.08264165371656418,0.19467966258525848,0.3787151277065277,0.04381973668932915,0.5840097665786743,0.04168615862727165,0.04381833225488663,0.08423618227243423,0.0,0.09336254000663757,0.005238108336925507,0.0,0.0,0.0,0.0,0.0,0.08000676333904266,0.02479761838912964,0.2446681708097458,0.03295445814728737,0.5334279537200928,0.035168129950761795,0.1758585423231125,0.4891716539859772,0.0,0.03774638846516609,0.313131183385849,0.02244628220796585,0.033212702721357346,0.0,0.0,0.0,0.0,0.004383775405585766,0.0696258619427681,0.3638535737991333,0.07824871689081192,0.0,0.0,0.5844309329986572,0.3610522747039795,0.10467147082090378,0.21569958329200745,0.12349727749824524,0.0009269820293411613,0.14397133886814117,0.027353042736649513,0.010850838385522366,0.0,0.0,0.7084532976150513,0.0,0.11074844002723694,0.024119803681969643,0.0,0.0,0.0,0.0,0.1419997662305832,0.0,0.0,0.0,0.49764788150787354,0.01547902263700962,0.019599616527557373,0.027970071882009506,0.01797609217464924,0.21265900135040283,0.0,0.0,0.3882257342338562,0.2305379956960678,0.019133172929286957,0.2956005334854126,0.036768838763237,0.2698885202407837,0.000910680741071701,0.0,0.0600954107940197,0.008490695618093014,0.024918783456087112,1.1558797359466553,0.6531469821929932,0.3575616180896759,0.06671270728111267,0.0,0.0062487502582371235,0.0017456263303756714,0.025685306638479233,0.166355699300766,0.004409324377775192,0.058154478669166565,0.41778773069381714,0.0,0.0,0.577715277671814,0.3079398274421692,0.08546534180641174,0.0,0.039176881313323975,0.0,0.23934441804885864,0.08641984313726425,0.44623178243637085,0.01119260024279356,0.047179240733385086,0.11741906404495239,-1.2781856060028076
104,0.007284971419721842,0.06616643071174622,0.03459453210234642,0.0,0.0,0.0,0.5203761458396912,0.09009060263633728,0.0,0.00962531752884388,0.048428475856781006,0.010219402611255646,0.0,0.32079964876174927,0.0,0.08275346457958221,0.058243848383426666,0.0,0.0,0.0,0.0,0.06778167933225632,0.0,0.28714609146118164,0.014897527173161507,0.0,0.0,0.44128838181495667,0.005019736010581255,0.083610899746418,0.023818284273147583,0.25879716873168945,0.0,0.29221081733703613,0.026216911152005196,0.07249392569065094,0.0664793848991394,0.17290079593658447,0.00554239097982645,0.22107575833797455,0.013379820622503757,0.17158663272857666,0.09500882029533386,0.10542374104261398,0.26541563868522644,0.05869602784514427,0.32588818669319153,0.031822461634874344,0.0,0.0822635218501091,0.06855230033397675,0.0,0.1332336664199829,0.008244683966040611,0.008440001867711544,0.0,0.07424040138721466,0.641164243221283,0.08390617370605469,0.027647819370031357,0.0,0.19669176638126373,0.08933715522289276,0.0,0.0,0.003834631759673357,0.0,0.00799303874373436,0.08389165997505188,0.11386295408010483,0.0,0.0,0.20571747422218323,0.14843763411045074,0.030802275985479355,0.07130388915538788,0.01464092917740345,0.09287969768047333,0.0,0.21542257070541382,0.025577258318662643,0.053932301700115204,0.0,0.15785986185073853,0.008376071229577065,0.017709944397211075,0.0033766813576221466,0.17433424293994904,0.37746334075927734,0.35212063789367676,0.018912166357040405,0.0,0.06629261374473572,0.08731266856193542,0.0029928809963166714,0.0,0.4515286684036255,0.0,0.0011786477407440543,0.005147651769220829,0.0,0.20492903888225555,0.0,0.25638800859451294,0.38211774826049805,0.057763002812862396,0.03533407673239708,0.013974012807011604,0.0,0.0,0.00046463380567729473,0.07547210156917572,0.056808583438396454,0.16648465394973755,0.011207113973796368,0.0,0.02972336672246456,0.0,0.054474275559186935,0.01101335696876049,0.00030305952532216907,0.00711699016392231,0.0,0.0,0.0,0.39433783292770386,0.0,0.0,0.0,0.0,0.0,0.07760503888130188,0.0,0.03515741974115372,0.02894071862101555,0.0,0.0,0.0,0.16053864359855652,0.019664211198687553,0.0,0.0,0.03586391732096672,0.0,0.0697162076830864,0.011028176173567772,0.009246679954230785,0.012801982462406158,0.14294704794883728,0.0,0.02291359379887581,0.0908048152923584,0.06737667322158813,0.0,0.0,0.07793346047401428,0.005622444674372673,0.0,0.010190203785896301,0.013496574014425278,0.14891384541988373,0.019459739327430725,0.0301881842315197,0.0,0.18945473432540894,0.07989513874053955,0.0,0.08169112354516983,0.0,0.0,0.0,0.0,0.03065486252307892,0.0015255063772201538,0.04877045378088951,0.10915344953536987,0.0,0.06886748224496841,0.023544510826468468,0.054165925830602646,0.0,0.0,0.2174467146396637,0.0,0.004358756355941296,0.06161706894636154,0.2785037159919739,0.0,0.01767593063414097,0.0,0.0011180667206645012,0.00646715983748436,0.18730944395065308,0.0014951449120417237,0.17314031720161438,0.057550858706235886,0.05834529176354408,0.1820397675037384,0.014287828467786312,0.0010294457897543907,0.07067129015922546,0.0,0.020501945167779922,0.0327298641204834,0.0,0.0,0.0,0.0,0.0,0.011024587787687778,0.05684298649430275,0.3096078336238861,0.0,0.23069821298122406,0.0,0.1247008740901947,0.3950786888599396,0.0,0.0,0.2467125505208969,0.0,0.008677740581333637,0.0,0.0,0.016933338716626167,0.0,0.03626465052366257,0.0,0.19893142580986023,0.05073460191488266,0.0,0.0,0.25346389412879944,0.09901508688926697,0.17371121048927307,0.10274258255958557,0.0023458264768123627,0.0007917613256722689,0.0491296760737896,0.01869419775903225,0.0,0.02832416072487831,0.0,0.3619734048843384,0.0,0.0,0.04802706092596054,0.0,0.0,0.0,0.0,0.2646911144256592,0.0,0.0,0.0,0.07404012978076935,0.0,0.061763934791088104,0.03255520015954971,0.007676140870898962,0.12021790444850922,0.0,0.0,0.13953819870948792,0.02781841717660427,0.3219604194164276,0.11817116290330887,0.0,0.19368258118629456,0.0,0.0,0.10886400192975998,0.02703026495873928,0.002155284397304058,0.24040842056274414,0.4739735424518585,0.2936680018901825,0.0,0.0,0.0,0.0,0.0031553630251437426,0.04384185001254082,0.008863493800163269,0.021269766613841057,0.2788349986076355,0.0,0.01814892143011093,0.33995312452316284,0.2384578287601471,0.020679831504821777,0.0,0.0,0.0,0.23930871486663818,0.0,0.49033209681510925,0.059579551219940186,0.010286331176757812,0.002892271615564823,0.01812492311000824,0.0699828565120697,0.04494862258434296,0.0,0.0,0.0,0.37911638617515564,0.12559083104133606,0.0,0.06858652830123901,0.16302593052387238,0.04851265996694565,0.0,0.396981418132782,0.029483508318662643,0.030603334307670593,0.022075004875659943,0.04380319267511368,0.03581107780337334,0.0,0.0,0.1569690704345703,0.0,0.33514976501464844,0.08185194432735443,0.0,0.0,0.4053928852081299,0.0,0.0944208949804306,0.0029896069318056107,0.23464639484882355,0.0,0.2992634177207947,0.0005638436414301395,0.025012724101543427,0.08259055018424988,0.09544624388217926,0.046466633677482605,0.3457227945327759,0.04211174324154854,0.06576206535100937,0.23682093620300293,0.020191365852952003,0.23595945537090302,0.0,0.3331339657306671,0.0,0.0,0.018235299736261368,0.015292073599994183,0.0,0.4268661141395569,0.0015672564040869474,0.0,0.12055317312479019,0.008475379087030888,0.7029125690460205,0.07936649024486542,0.0,0.0,0.21136975288391113,0.15726417303085327,0.015009000897407532,0.0,0.008802931755781174,0.0,0.33490681648254395,0.08794627338647842,0.1112360805273056,0.0,0.0,0.19041776657104492,0.4217338263988495,0.0,0.11144471913576126,0.08639081567525864,0.0,0.0,0.22430557012557983,0.067357137799263,0.0,0.0,0.268599271774292,0.11781129240989685,0.03768250346183777,0.0,0.14458096027374268,0.5104795098304749,0.20615625381469727,0.04748935252428055,0.13486380875110626,0.043221451342105865,0.011013838462531567,0.01089237816631794,0.01029250118881464,0.3837936520576477,0.0,0.0,0.02156648598611355,0.09240395575761795,0.2208067774772644,0.0,0.3249596357345581,0.2686898708343506,0.03590674698352814,0.012241481803357601,0.11772347241640091,0.003005343722179532,0.0,0.18307410180568695,0.07123461365699768,0.020467951893806458,0.1888274848461151,0.0005422884132713079,0.0,0.05656379461288452,0.08063174784183502,0.0,0.016591746360063553,0.1308113932609558,0.03375484421849251,0.0,0.02633868157863617,0.011354041285812855,0.2883545458316803,0.0,0.0,0.05057908594608307,0.0,0.0,0.08969535678625107,0.0,0.04220272973179817,0.0,0.02322082221508026,0.004690622445195913,0.0,0.1828935146331787,0.012897872366011143,0.0,0.0,0.001946483738720417,0.0,0.045559365302324295,0.01757470890879631,0.020840782672166824,0.006831444799900055,0.2643108069896698,0.0,0.0,0.004709539469331503,0.017555339261889458,0.0,0.0,0.0615762397646904,0.019649198278784752,0.012042775750160217,0.003478231141343713,0.0,0.054245010018348694,0.007360178977251053,0.10976462811231613,0.0,0.09771130979061127,0.1376977264881134,0.0,0.0,0.028411149978637695,0.0,0.0,0.005770346615463495,0.029202809557318687,0.0,0.08498930931091309,0.08883629739284515,0.0,0.00337273720651865,0.15362922847270966,0.06642485409975052,0.012438579462468624,0.0,0.09753621369600296,0.011088736355304718,0.024669066071510315,0.05066557973623276,0.2362457513809204,0.0,0.0,0.0,0.0,0.114860899746418,0.2508484721183777,0.0,0.11656223237514496,0.05772455036640167,0.10344324260950089,0.12013060599565506,0.22376185655593872,0.0,0.0919114276766777,0.0,0.005973306484520435,0.04567375406622887,0.0,0.0,0.0,0.038108304142951965,0.04880527779459953,0.001755984965711832,0.11397983133792877,0.2982063889503479,0.0,0.017330612987279892,0.1684855818748474,0.13169892132282257,0.23979461193084717,0.0,0.0,0.2122766673564911,0.0,0.04209484905004501,0.046899884939193726,0.0,0.09125342220067978,0.0,0.02745308354496956,0.003021322190761566,0.13119561970233917,0.1718340367078781,0.009587209671735764,0.0,0.1604604870080948,0.05131453275680542,0.2651265859603882,0.039344049990177155,0.0,0.0,0.028736108914017677,0.013790452852845192,0.0,0.0018482482992112637,0.015382414683699608,0.14851076900959015,0.08234734833240509,0.010319366119801998,0.10288013517856598,0.0,0.0,0.0,0.0,0.4325646758079529,0.0,0.0,0.008370758034288883,0.013349225744605064,0.0,0.02640468254685402,0.006736833602190018,0.0,0.013966549187898636,0.00390856247395277,0.015307793393731117,0.04962928593158722,0.0,0.5486138463020325,0.01612773723900318,0.09439095109701157,0.15876679122447968,0.0,0.0,0.0652974396944046,0.16095945239067078,0.0,0.14919109642505646,0.2604498267173767,0.22955337166786194,0.0,0.0,0.0,0.044467050582170486,0.09886139631271362,0.008078367449343204,0.13858123123645782,0.0,0.2380041480064392,0.0,0.0,0.39649128913879395,0.28685957193374634,0.021214144304394722,0.0,0.0,0.2035272717475891,0.3154275715351105,0.0,0.4269299805164337,0.34157663583755493,0.06737048923969269,0.0,0.016796065494418144,0.037418387830257416,0.007981155067682266,0.0,0.0,0.0,0.3973800539970398,0.1429363340139389,0.0,0.034475766122341156,0.10101938992738724,0.07178130000829697,0.0,0.4148596525192261,0.008323131129145622,0.02412334457039833,0.044062595814466476,0.0,0.02150804176926613,0.0,0.0,0.11372606456279755,0.0003722791443578899,0.3353591561317444,0.04785337299108505,0.0018558264710009098,0.0,0.510674238204956,0.003806089283898473,0.05125166475772858,0.013755707070231438,0.3201698064804077,0.0,0.2943769693374634,0.01616153120994568,0.06335563957691193,0.01893712766468525,0.07830245047807693,0.037777818739414215,0.3003213107585907,0.06519436836242676,0.1807546764612198,0.14333464205265045,0.0566624291241169,0.3046586811542511,0.004440518096089363,0.378183513879776,0.003160725813359022,0.0,0.03717033192515373,0.027289465069770813,0.0,0.4344125986099243,0.0,0.0019821939058601856,0.0695972889661789,0.01991356909275055,0.7495312094688416,0.10159028321504593,0.04314379394054413,0.0,0.24040696024894714,0.1749206930398941,0.0008206795318983495,0.0,0.0,0.0,0.254616916179657,0.15169164538383484,0.19469477236270905,0.0,0.0,0.13279001414775848,0.3519497215747833,0.0,0.1481385976076126,0.06951870024204254,0.0323186069726944,0.0,0.18330064415931702,0.04946804791688919,0.002904432127252221,0.0,0.23881155252456665,0.07260444015264511,0.019732270389795303,0.0,0.25897252559661865,0.41875943541526794,0.23482590913772583,0.022784290835261345,0.020956410095095634,0.03500360995531082,0.03984073922038078,0.031388621777296066,0.016781140118837357,0.47722870111465454,0.0,0.0016725662862882018,0.056104257702827454,0.03037182241678238,0.2399710714817047,0.0,0.20443688333034515,0.30777907371520996,0.02341717667877674,0.011436419561505318,0.05372609570622444,0.0,0.0,0.12057708948850632,0.05285236984491348,0.017453420907258987,0.19572941958904266,0.006801024544984102,0.0,0.06028425320982933,0.03392433375120163,0.008137775585055351,0.010898871347308159,0.11629021167755127,0.029029829427599907,0.006236349232494831,0.006924556102603674,0.03553326055407524,0.25524473190307617,0.0,0.0,0.02248057723045349,0.0,0.0,0.09241259098052979,0.0,0.030032353475689888,0.006046720780432224,0.03234655410051346,0.0,0.0,0.14921531081199646,0.043648552149534225,0.0,0.0,0.005412586964666843,0.0,0.028870269656181335,0.008384236134588718,0.008620105683803558,0.0,0.12169256061315536,0.0012375504011288285,0.001754649099893868,0.014916126616299152,0.03327356278896332,0.0,0.0,0.046169131994247437,0.061636507511138916,0.0,0.008494921959936619,0.005979609210044146,0.04291602224111557,0.015282654203474522,0.04139471426606178,0.0,0.14157336950302124,0.13044136762619019,0.0,0.011300664395093918,0.0002612665412016213,0.0,0.0,0.0006862462032586336,0.020492354407906532,0.0,0.1360097974538803,0.08205229043960571,0.0,0.006031933706253767,0.10440658032894135,0.019003944471478462,0.013209303840994835,0.0001061921357177198,0.09792781621217728,0.004952012561261654,0.008626795373857021,0.1291513442993164,0.2850567400455475,0.0,0.0,0.0,0.0,0.08631375432014465,0.2218422144651413,0.0,0.18847565352916718,0.03336865454912186,0.05758111551403999,0.11313232034444809,0.09178885817527771,0.0,0.04743516072630882,0.0,0.02374597266316414,0.03221842274069786,0.0,0.0,0.0,0.014820952899754047,0.026018386706709862,0.0014758146135136485,0.16312827169895172,0.29635170102119446,0.0,0.04290939122438431,0.10882473737001419,0.08306878805160522,0.2930699288845062,0.0,0.0,0.19239750504493713,0.0,0.037845171988010406,0.0,0.0,0.05589950457215309,0.0,0.03580551594495773,0.004381153732538223,0.24964044988155365,0.09466385096311569,0.005410709418356419,0.0,0.17787086963653564,0.05095276981592178,0.3309791088104248,0.059913065284490585,0.0,0.001246255007572472,0.01994326524436474,0.013265319168567657,0.0004507227858994156,0.001289232401177287,0.003393488237634301,0.14098241925239563,0.018610743805766106,0.01719779521226883,0.022087829187512398,0.0,0.0,0.0,0.0,0.44148704409599304,0.0,0.0,0.0,0.00864287931472063,0.0,0.018842903897166252,0.016255835071206093,0.0034314095973968506,0.029369061812758446,0.0,0.0,0.04928026348352432,0.0,0.510198712348938,0.039866965264081955,0.02210416831076145,0.0915241613984108,0.0,0.0,0.06310596317052841,0.16488325595855713,0.0,0.22502794861793518,0.3133775293827057,0.1925513744354248,0.0,0.0,0.0,0.009992795065045357,0.03117055632174015,0.013787319883704185,0.0647176206111908,0.059290628880262375,0.27488863468170166,0.0,0.0,0.3714142143726349,0.302746057510376,0.025145389139652252,0.0,0.0,0.06406024843454361,0.25431475043296814,0.0,0.349669873714447,0.24910590052604675,0.02575094997882843,0.0,-0.4918680191040039
105,0.0,0.05932925269007683,0.03235556557774544,0.0,0.0,0.0,0.4257378578186035,0.12299922853708267,0.0,0.008388910442590714,0.09966904670000076,0.011791544035077095,0.0,0.2796831727027893,0.0,0.07691676169633865,0.022831309586763382,0.006025059148669243,0.0,0.0,0.0,0.10844731330871582,0.0,0.41518592834472656,0.029925810173153877,0.0,0.0,0.4514228403568268,0.0,0.0478677898645401,0.020838003605604172,0.23196600377559662,0.0,0.2995498776435852,0.005732339806854725,0.06790250539779663,0.05939936637878418,0.16976574063301086,0.03864775970578194,0.2356370985507965,0.0,0.10571733862161636,0.09973226487636566,0.06740159541368484,0.2783487141132355,0.010238590650260448,0.20389001071453094,0.03689182549715042,0.0,0.09256070852279663,0.054090194404125214,0.0,0.16018980741500854,0.0,0.0074836136773228645,0.020116468891501427,0.04707938805222511,0.5082555413246155,0.056413840502500534,0.01972316950559616,0.0,0.20449398458003998,0.03317580744624138,0.0,0.0,0.0,0.0,0.054270029067993164,0.03645430505275726,0.06392461061477661,0.0,0.0,0.14137892425060272,0.12036502361297607,0.0,0.06896506249904633,0.04189208522439003,0.11077287793159485,0.0,0.13288551568984985,0.042401399463415146,0.052221380174160004,0.0,0.16440095007419586,0.09850500524044037,0.02979953959584236,0.00020233448594808578,0.1325562596321106,0.42232614755630493,0.2994224727153778,0.017817888408899307,0.0,0.05688152834773064,0.10078435391187668,0.009576226584613323,0.002518198685720563,0.3527146577835083,0.0,0.0,0.006228077225387096,0.0,0.15987277030944824,0.0,0.38986116647720337,0.2983805537223816,0.028356505557894707,0.01847221702337265,0.06707514822483063,0.0,0.0,0.0007798081496730447,0.05747596174478531,0.0345136821269989,0.15996187925338745,0.0,0.0,0.030046803876757622,0.009839728474617004,0.035423509776592255,0.016423393040895462,0.00616725068539381,0.008526597172021866,0.0,0.0,0.0,0.3741344213485718,0.0,0.0,0.0,0.0,0.0,0.0627286285161972,0.0,0.034715745598077774,0.007755976635962725,0.0,0.0,0.0,0.0739750936627388,0.014665970578789711,0.0,0.0,0.01847076416015625,0.0,0.10224633663892746,0.02101670578122139,0.0,0.01619229093194008,0.11056739091873169,0.0,0.02128177508711815,0.0774611085653305,0.06893043220043182,0.0,0.0,0.08354371786117554,0.020459916442632675,0.0,0.0030762283131480217,0.00014550425112247467,0.13770577311515808,0.011293429881334305,0.020504171028733253,0.0,0.11047389358282089,0.07048856467008591,0.0,0.03689929470419884,0.0,0.0,0.0,0.0,0.028703683987259865,0.0001472514122724533,0.005170893855392933,0.2030411809682846,0.0,0.014255431480705738,0.0656791478395462,0.04221207648515701,0.0,0.0,0.21820586919784546,0.0,0.013138450682163239,0.04387538507580757,0.18699276447296143,0.0,0.0,0.0,0.0,0.023476066067814827,0.13123877346515656,0.0,0.1273481249809265,0.14131689071655273,0.07225652039051056,0.2146875560283661,0.07822437584400177,0.0,0.07499593496322632,0.0,0.009786216542124748,0.011815031990408897,0.0,0.0,0.004138807766139507,0.0,0.0,5.1342882215976715e-05,0.035829346626996994,0.20922881364822388,0.0,0.17153719067573547,0.014624008908867836,0.06433236598968506,0.3086042106151581,0.00015429779887199402,0.0,0.26426059007644653,0.0,5.7223718613386154e-05,0.0,0.0,0.040289491415023804,0.0,0.07007525861263275,0.0,0.14057625830173492,0.11574726551771164,0.0021488741040229797,0.0,0.26627400517463684,0.08462244272232056,0.13839484751224518,0.05613437294960022,0.0,0.0024886506143957376,0.04421273618936539,0.006888640113174915,0.0,0.02624998614192009,0.0,0.35043856501579285,0.0,0.0012562774354591966,0.05830555409193039,0.0,0.0,0.0,0.0,0.25585922598838806,0.0,0.0,0.0,0.048715632408857346,0.0,0.028681281954050064,0.03992769494652748,0.00938272662460804,0.1051856279373169,0.0,0.0,0.09588617086410522,0.006325313355773687,0.3900904655456543,0.06642946600914001,0.014775997027754784,0.13216336071491241,0.0,0.0,0.06883955001831055,0.019894486293196678,0.0010143090039491653,0.3122558295726776,0.28798726201057434,0.2560153007507324,0.0,0.0,0.0,0.0,0.004075534176081419,0.02595742605626583,0.0512518584728241,0.020625311881303787,0.21556952595710754,0.0,0.007710026111453772,0.346756249666214,0.15731629729270935,0.02281152456998825,0.0,0.0,0.0,0.3107682466506958,0.0,0.41110339760780334,0.08234594762325287,0.03344424068927765,0.005130158271640539,0.2500429153442383,0.0638703852891922,0.013276522979140282,0.0,0.0,0.0,0.335460901260376,0.049788158386945724,0.016848094761371613,0.01959373988211155,0.1192018985748291,0.11472751200199127,0.0,0.22303742170333862,0.275554895401001,0.0,0.011928926222026348,0.1315649449825287,0.08957014977931976,0.0,0.02314114011824131,0.05358079448342323,0.0,0.2887517809867859,0.26961269974708557,0.0,0.0,0.3938469886779785,0.0,0.024858009070158005,0.0,0.31233859062194824,0.0003373372310306877,0.15237268805503845,0.10395126044750214,0.0,0.02825348637998104,0.04021443799138069,0.08813821524381638,0.1840033382177353,0.3005979061126709,0.012325461022555828,0.21747583150863647,0.006009830627590418,0.13705050945281982,0.0,0.30970993638038635,0.0,0.0,0.1713206022977829,0.008313809521496296,0.0,0.7282446026802063,0.0,0.0,0.20541594922542572,0.013050656765699387,0.7356860637664795,0.1978560835123062,0.016076266765594482,0.0,0.05456430837512016,0.27335992455482483,0.11752321571111679,0.0,0.0,0.0,0.6495761871337891,0.28292107582092285,0.23540566861629486,0.0,0.0,0.0951356366276741,0.87591552734375,0.0,0.011612892150878906,0.2339518815279007,0.0,0.0,0.16672880947589874,0.11369683593511581,0.0,0.00036079506389796734,0.1806754320859909,0.3276730477809906,0.05284794420003891,0.0,0.4302669167518616,0.6218665242195129,0.29355674982070923,0.07273878157138824,0.37453848123550415,0.10167412459850311,0.0,0.00668615847826004,0.18335746228694916,0.4867174029350281,0.0,0.0,0.035921595990657806,0.35149332880973816,0.536053478717804,0.0,0.31586953997612,0.1929216831922531,0.0,0.015755467116832733,0.29121696949005127,0.001494853408075869,0.0,0.37530675530433655,0.10510722547769547,0.0,0.20799696445465088,0.1065419390797615,0.007077335380017757,0.1708323061466217,0.3270508050918579,0.0,0.008606871590018272,0.21753911674022675,0.2720661759376526,0.0,0.0,0.1955406665802002,0.08650822192430496,0.0,0.0010077859042212367,0.2563461661338806,0.0,0.0,0.1235080361366272,0.005301470868289471,0.06921247392892838,0.0014578565023839474,0.25411954522132874,0.06033007800579071,0.0,0.19352535903453827,0.00040933964191935956,0.0,0.0,0.0,0.0,0.006377942394465208,0.04870814085006714,0.10578322410583496,0.02078287862241268,0.21005618572235107,0.0,0.0,0.02132727950811386,0.005392902530729771,0.0,0.0,0.13515642285346985,0.03502452000975609,0.0085755018517375,0.0,0.0,0.012197330594062805,0.01801108941435814,0.11926230043172836,0.0,0.010834737680852413,0.190739706158638,0.0,0.0,0.20849807560443878,0.0,0.06149435043334961,0.194657564163208,0.006038543302565813,0.0,0.5568512082099915,0.2211374044418335,0.0,0.011748124845325947,0.15001870691776276,0.032415203750133514,0.02200070209801197,0.0011994927190244198,0.08872040361166,0.004859786480665207,0.04872555658221245,0.10332979261875153,0.25541579723358154,0.0,0.0,0.0,0.0,0.5019413232803345,0.4043756425380707,0.0,0.2039462924003601,0.039559438824653625,0.13154399394989014,0.052669938653707504,0.44153380393981934,0.0,0.0824648067355156,0.0,0.005600187927484512,0.2277863770723343,0.012270423583686352,0.0,0.0857437252998352,0.5047435760498047,0.20843666791915894,0.04430871084332466,0.25779929757118225,0.5319267511367798,0.0,0.0,0.17708635330200195,0.034176524728536606,0.13577845692634583,0.0,0.0,0.1851639300584793,0.0,0.1314733922481537,0.2327018678188324,0.007826641201972961,0.18963861465454102,0.004223279654979706,0.4379979968070984,0.1710011512041092,0.31821128726005554,0.2796030640602112,0.09001155942678452,0.21803900599479675,0.10892681032419205,0.002505057957023382,0.06594624370336533,0.035082537680864334,0.0,0.0,0.0,0.02697053551673889,0.003304495243355632,0.0025778908748179674,0.013915243558585644,0.03129402920603752,0.21776752173900604,0.1900121569633484,0.05986658111214638,0.0031792446970939636,0.0,0.007395695894956589,0.0,0.7434573173522949,0.0,0.0,0.07460236549377441,0.0,0.0,0.016842026263475418,0.0071949041448533535,0.0,0.004167447332292795,0.19811606407165527,0.12371603399515152,0.01365527044981718,0.0,0.9271535277366638,0.0,0.06858193874359131,0.06732801347970963,0.0,0.0,0.17549438774585724,0.22491100430488586,0.0,0.061167020350694656,0.21867959201335907,0.0853915736079216,0.0,0.15760159492492676,0.0,0.256428986787796,0.02494940161705017,0.0,0.41839471459388733,0.012825747020542622,0.2629847228527069,0.0,0.0,0.18316690623760223,0.06727590411901474,0.02873341739177704,0.0,0.0,0.4921342730522156,0.21688398718833923,0.0,0.12653911113739014,0.6669278740882874,0.035688616335392,0.0030347537249326706,0.14206267893314362,0.04707034304738045,0.002179185627028346,0.0,0.0008463760023005307,0.0,0.3344639837741852,0.11950421333312988,0.008487802930176258,0.028845811262726784,0.13928751647472382,0.10021194070577621,0.0,0.295244038105011,0.2252131849527359,0.00034864890039898455,0.02022014744579792,0.10105292499065399,0.05731426551938057,0.0,0.005061584059149027,0.09451762586832047,0.0,0.35376811027526855,0.09944819658994675,0.0,0.0,0.5090650916099548,0.0007200398249551654,0.01545921340584755,0.0032076674979180098,0.33023276925086975,0.0,0.19465874135494232,0.08006665110588074,0.008191310800611973,0.007864397950470448,0.044952142983675,0.1262384057044983,0.24555465579032898,0.18477295339107513,0.0693993866443634,0.14421360194683075,0.00666049076244235,0.22774608433246613,0.0,0.3048638105392456,0.0,0.0,0.12054719030857086,1.0489537999092136e-05,0.0,0.647140622138977,0.0,0.0,0.178968146443367,0.03380438685417175,0.7369001507759094,0.150411918759346,0.04719187691807747,0.0,0.15435893833637238,0.2363773137331009,0.0792665034532547,0.0,0.0,0.0,0.5329552888870239,0.23225249350070953,0.2134162336587906,0.0,0.0,0.06980066746473312,0.6083777546882629,0.0,0.09175606817007065,0.18370451033115387,0.020943107083439827,0.0,0.11299427598714828,0.06852922588586807,0.0,0.005524639971554279,0.1878124624490738,0.27277272939682007,0.028958933427929878,0.0,0.383773535490036,0.5184190273284912,0.2408401221036911,0.0349552184343338,0.24690069258213043,0.04521486163139343,0.011409487575292587,0.016429737210273743,0.09115603566169739,0.4713277220726013,0.0,0.0014950294280424714,0.07456019520759583,0.19907794892787933,0.42788827419281006,0.0,0.2649869918823242,0.19551582634449005,0.010671764612197876,0.012295424938201904,0.18862053751945496,0.0,0.0,0.283393919467926,0.0526304729282856,0.0,0.19769318401813507,0.05325444042682648,0.006806409917771816,0.10953283309936523,0.21304136514663696,0.0,0.005197622813284397,0.22122487425804138,0.14505012333393097,0.0,0.0,0.18790684640407562,0.1265786737203598,0.0,3.504629057715647e-05,0.18204469978809357,0.0,0.0,0.1376245766878128,0.005237238481640816,0.042605143040418625,0.004053173121064901,0.16028329730033875,0.025791946798563004,0.0,0.11985144764184952,0.017028236761689186,0.0,0.0,0.0,0.0,0.007020286284387112,0.015943150967359543,0.04725360497832298,0.0025500634219497442,0.09803000837564468,0.0,0.0,0.027515223249793053,0.010373445227742195,0.0,0.0,0.0760282427072525,0.08019404858350754,0.0,0.0,0.004255237989127636,0.0372612401843071,0.018996620550751686,0.04422057047486305,0.001637761015444994,0.05354130268096924,0.17712050676345825,0.0,0.00015444887685589492,0.1072404682636261,0.0,0.028787847608327866,0.11255834251642227,0.007752938661724329,0.0,0.37813323736190796,0.17990462481975555,0.0,0.00048806186532601714,0.12931331992149353,0.008481618016958237,0.02256413735449314,0.005967160686850548,0.06774648278951645,0.004419988952577114,0.020241519436240196,0.10342428833246231,0.24369218945503235,0.0,0.0,0.0,0.0,0.34699490666389465,0.29891300201416016,0.0,0.19008412957191467,0.05807183310389519,0.06534869968891144,0.07093494385480881,0.3108367621898651,0.0,0.052567701786756516,0.0,0.004778717178851366,0.12091145664453506,0.006137976888567209,0.0,0.03558047488331795,0.3876451551914215,0.1345095932483673,0.04083817079663277,0.24387867748737335,0.40090271830558777,0.0,0.0004956095363013446,0.19742359220981598,0.0231874231249094,0.1663297861814499,0.000895235687494278,0.0,0.18636806309223175,0.0,0.08718694746494293,0.11632135510444641,0.002027553040534258,0.09761226922273636,0.0014494555070996284,0.23808076977729797,0.14572487771511078,0.2923048436641693,0.2236279398202896,0.0412716269493103,0.11189322918653488,0.1375322788953781,0.008465872146189213,0.1848190873861313,0.02570706605911255,0.0,0.0,0.006350860930979252,0.026223281398415565,0.014279678463935852,0.0,0.009645636193454266,0.05848124995827675,0.14488950371742249,0.16781280934810638,0.022188125178217888,0.0019344211323186755,0.0,0.0058735511265695095,0.0,0.6503899693489075,0.0,0.0,0.04328896477818489,0.0,0.0,0.007064588367938995,0.01953572779893875,0.0,0.011197611689567566,0.11080431938171387,0.05069100484251976,0.009388693608343601,0.0,0.8123208284378052,0.0,0.023114429786801338,0.039037395268678665,0.0,0.0,0.10619974136352539,0.23000375926494598,0.0,0.16226013004779816,0.19927750527858734,0.0837005227804184,0.0,0.08108808100223541,0.0,0.15528875589370728,0.011404597200453281,0.0,0.2776433229446411,0.041075415909290314,0.23299522697925568,0.0,0.0,0.2634842097759247,0.12510506808757782,0.020566817373037338,0.0,0.0,0.3012963831424713,0.2544664442539215,0.0,0.15695291757583618,0.5128906965255737,0.043252263218164444,0.0012025270843878388,0.8243897557258606
106,0.22094476222991943,0.14054520428180695,0.09013261646032333,0.0,0.0,0.0,0.6588271260261536,0.03160395100712776,0.0,0.020282255485653877,0.030668985098600388,4.8391182644991204e-05,0.0,0.378491073846817,0.0,0.1291886866092682,0.06406199187040329,0.0,0.0,0.0,0.0,0.04763749614357948,0.0003955448919441551,0.17513398826122284,0.01570470817387104,0.0,0.0,0.5239138603210449,0.009133611805737019,0.11950044333934784,0.1729031205177307,0.3255641460418701,0.0,0.2711847126483917,0.09746825695037842,0.07384435087442398,0.0,0.27858608961105347,0.0014014645712450147,0.04736912250518799,0.10500334948301315,0.19752764701843262,0.0965365543961525,0.14179392158985138,0.16406172513961792,0.3161715269088745,0.368338018655777,0.055773310363292694,0.0,0.057086799293756485,0.2257363200187683,0.0,0.10150031745433807,0.025044431909918785,0.04974522069096565,0.0,0.37102070450782776,0.9085069298744202,0.3089969754219055,0.10204744338989258,0.0,0.03075166791677475,0.1935710459947586,0.0,0.0,0.026142865419387817,0.0,0.0,0.2858754098415375,0.19732236862182617,0.13593867421150208,0.0,0.23975789546966553,0.08821187168359756,0.11395858973264694,0.03317858278751373,0.004298361949622631,0.07485201954841614,0.0,0.17212708294391632,0.0,0.1020430475473404,0.0,0.13918602466583252,0.003818890079855919,0.0,0.0660281553864479,0.35816606879234314,0.27159711718559265,0.47343194484710693,0.06052437797188759,0.0,0.023132864385843277,0.09661015123128891,0.0,0.017151296138763428,0.683111846446991,0.0,0.006811114493757486,0.0,0.0,0.381049245595932,0.0,0.2429874837398529,0.5291200876235962,0.4083310067653656,0.07440757006406784,0.0018404468428343534,0.04264454543590546,0.0,0.0,0.10005410760641098,0.09563950449228287,0.3020831346511841,0.158161923289299,0.0,0.041728902608156204,0.0,0.11698582023382187,0.03499315679073334,0.0,0.09543427079916,0.0,0.015206818468868732,0.0,0.24782127141952515,0.0,0.0501696951687336,0.0,0.04587603360414505,0.0,0.13304241001605988,0.08093365281820297,0.0,0.05981432646512985,0.2590380311012268,0.0,0.0,0.05880764499306679,0.017418095842003822,0.0,0.0,0.04267056658864021,0.0,0.2592597007751465,0.0,0.10746940970420837,0.0004739375435747206,0.0,0.0,0.06556162983179092,0.2338898479938507,0.13459709286689758,0.0,0.0,0.4282986521720886,0.008946042507886887,0.0,0.03916550800204277,0.06340761482715607,0.47576290369033813,0.34863853454589844,0.017108643427491188,0.0,0.17082755267620087,0.16946418583393097,0.0,0.30623140931129456,0.0,0.0,0.000395260751247406,0.004878504201769829,0.036664947867393494,0.04120807722210884,0.37681856751441956,0.11775359511375427,0.030656814575195312,0.2588388919830322,0.0,0.013618293218314648,0.0,0.0,0.2694055438041687,0.00976558867841959,0.0,0.31513792276382446,0.39880311489105225,0.0,0.20581138134002686,0.0,0.0,0.0,0.15206921100616455,0.00962871965020895,0.33797529339790344,0.11150622367858887,0.027154812589287758,0.23265770077705383,0.0,0.062419675290584564,0.16966550052165985,0.0,0.04936261847615242,0.08863583952188492,0.0,0.0,0.0,0.0,0.0,0.10591818392276764,0.05489668250083923,0.44872844219207764,0.07953664660453796,0.3567698001861572,0.0,0.0658046081662178,0.5147473812103271,0.0,0.06095756217837334,0.30114734172821045,0.0,0.09896978735923767,0.0,0.0,0.013136133551597595,0.0,0.05813196673989296,0.0,0.45586490631103516,0.0,0.045702382922172546,0.0,0.39402005076408386,0.10609857738018036,0.037652403116226196,0.19468587636947632,0.08198626339435577,0.0,0.0875866636633873,0.16983669996261597,0.07651930302381516,0.0,0.0,0.43078458309173584,0.0,0.01758643239736557,0.041931867599487305,0.0,0.0,0.0,0.0,0.23852965235710144,0.0,0.0,0.01029555220156908,0.2641388475894928,0.0,0.10598953813314438,0.06739082932472229,0.008337886072695255,0.1966341733932495,0.0,0.0,0.2588692903518677,0.2941206693649292,0.031080832704901695,0.2026253193616867,0.0,0.2693580687046051,0.003598752897232771,0.024133136495947838,0.08557991683483124,0.0,0.0,0.39627817273139954,0.785223662853241,0.2727339267730713,0.13424012064933777,0.0,0.0,0.0,0.011498001404106617,0.030290033668279648,0.006917781196534634,0.06586119532585144,0.5442156195640564,0.0,0.09026734530925751,0.23580262064933777,0.1912364363670349,0.045507654547691345,0.0011794420424848795,0.011645256541669369,0.0,0.20276668667793274,0.018214184790849686,0.6153550148010254,0.03174259141087532,2.8369440769893117e-05,0.048023808747529984,0.01359045971184969,0.06842907518148422,0.012967283837497234,0.0,0.0,0.0,0.27339187264442444,0.13347871601581573,0.0,0.04216497391462326,0.2059255838394165,0.07142982631921768,0.0,0.33623993396759033,0.045446086674928665,0.01442609541118145,0.0028870534151792526,0.06494036316871643,0.023400966078042984,0.0,0.0007160819950513542,0.12235639989376068,0.0,0.3818981945514679,0.08162401616573334,0.0,0.0,0.3998706042766571,0.0029305501375347376,0.042115360498428345,0.003075650194659829,0.26704317331314087,0.0,0.2883268892765045,0.0002589946088846773,0.008165821433067322,0.06492599099874496,0.03526395559310913,0.029881412163376808,0.22347784042358398,0.03393346443772316,0.06279740482568741,0.18208734691143036,0.010179105214774609,0.24151937663555145,0.0,0.24904532730579376,0.0,0.0,0.028346916660666466,0.029407700523734093,0.0,0.5092979669570923,0.0,0.0,0.15015088021755219,0.0002261863846797496,0.575769305229187,0.05552315711975098,0.005887157749384642,0.0,0.23285433650016785,0.09257085621356964,0.04567568749189377,0.0,0.0,0.0,0.41690266132354736,0.11741648614406586,0.10853424668312073,0.0,0.0,0.10275048762559891,0.48404446244239807,0.0,0.11883912980556488,0.07380825281143188,0.006214309483766556,0.0,0.1819303035736084,0.07198487222194672,0.0,0.0,0.27160152792930603,0.16704079508781433,0.040256600826978683,0.0,0.16247114539146423,0.5311940312385559,0.17626839876174927,0.02109970711171627,0.23755131661891937,0.05475069582462311,0.0,0.008783196099102497,0.015023920685052872,0.30743035674095154,0.0,0.0,0.04731198400259018,0.13922865688800812,0.2096046656370163,0.0,0.2855217456817627,0.22231009602546692,0.0011938376119360328,0.009548623114824295,0.13182908296585083,0.0,0.0,0.1789725124835968,0.07690439373254776,0.0,0.16038250923156738,0.00031190449954010546,0.0,0.04568907618522644,0.0739215761423111,0.0,0.011702573858201504,0.14719165861606598,0.04617661237716675,0.006241334602236748,0.008690955117344856,0.08801243454217911,0.25527065992355347,0.0,0.0,0.08684554696083069,0.0,0.0,0.13178184628486633,0.0,0.04007420316338539,0.000641721417196095,0.02492900937795639,0.0,0.0,0.14865925908088684,0.0030413679778575897,0.0,0.0,0.0,0.0,0.019925247877836227,0.015870505943894386,0.002986953593790531,0.009519594721496105,0.23764832317829132,0.005111345089972019,0.0,0.0014322857605293393,0.008897701278328896,0.0,0.0,0.01089381892234087,0.03507944568991661,0.012861368246376514,0.0,0.0,0.0017559909028932452,0.007886558771133423,0.06268095970153809,0.0,0.08598712831735611,0.12352471798658371,0.0,0.0,0.061136987060308456,0.0,0.007282293401658535,0.020492829382419586,0.007796814199537039,0.0,0.08072422444820404,0.09445689618587494,0.0,0.0,0.18299929797649384,0.027347246184945107,0.02876567281782627,0.0,0.09175162762403488,0.0,0.026110593229532242,0.048503629863262177,0.16464252769947052,0.0,0.0,0.0,0.0,0.20111574232578278,0.25530195236206055,0.0,0.14515960216522217,0.016259904950857162,0.07362816482782364,0.055704694241285324,0.26955389976501465,0.0,0.04042985662817955,0.0,0.006281314883381128,0.04510199651122093,0.0,0.0,0.029178142547607422,0.1237763985991478,0.09986547380685806,0.0002521371643524617,0.12091970443725586,0.32551586627960205,0.0,0.0,0.22372913360595703,0.05508660152554512,0.1676347255706787,0.0,0.0,0.16392312943935394,0.0,0.02314501814544201,0.07144699990749359,0.0,0.11428382992744446,0.0,0.01438187900930643,0.04751647263765335,0.10912704467773438,0.2670091390609741,0.009262476116418839,0.0037018044386059046,0.139445960521698,0.011627181433141232,0.2773013114929199,0.023589083924889565,0.0,0.0,0.002551002660766244,0.018405983224511147,0.0,0.0,0.0,0.08504431694746017,0.11358300596475601,0.016217699274420738,0.09076856821775436,0.0,0.0,0.0,0.0,0.48401907086372375,0.0,0.0,0.0023380310740321875,0.0,0.0,0.008695918135344982,0.007594543043524027,0.0,0.022749854251742363,0.027145804837346077,0.03500255197286606,0.016240466386079788,0.0,0.5716292858123779,0.002176095964387059,0.08420208841562271,0.07017448544502258,0.0,0.0,0.05654827132821083,0.19191080331802368,0.0,0.1275525689125061,0.11963040381669998,0.11768019199371338,0.0,0.019038954749703407,0.0,0.062384121119976044,0.014463196508586407,0.0008846620912663639,0.18584492802619934,0.002169413259252906,0.17702285945415497,0.0,0.0,0.39399969577789307,0.21218609809875488,0.014484514482319355,0.0,0.0,0.23619689047336578,0.307256281375885,0.0,0.27758392691612244,0.3707291781902313,0.04442350193858147,0.0,0.14589814841747284,0.10307427495718002,0.03552126884460449,0.0,0.0,0.0,0.49422958493232727,0.11158796399831772,0.0,0.03922624513506889,0.05305240675806999,0.042308345437049866,0.0,0.3818913996219635,0.002530118450522423,0.0983934998512268,0.04611092805862427,0.0,0.0,0.0,0.0,0.10210854560136795,0.0015732606407254934,0.27984294295310974,0.03474477678537369,0.0,0.0,0.5608447194099426,0.020401712507009506,0.030152734369039536,0.09277521818876266,0.3721621334552765,0.0,0.26140233874320984,0.027745729312300682,0.08170654624700546,0.0,0.15554572641849518,0.01561067346483469,0.16183435916900635,0.1024339571595192,0.23108892142772675,0.12679849565029144,0.1068883165717125,0.269421249628067,0.14115385711193085,0.3499915599822998,0.0262304600328207,0.0,0.037801794707775116,0.146163672208786,0.0,0.3245182931423187,2.0217737983330153e-05,0.03523603826761246,0.035401906818151474,0.15287192165851593,0.8137460350990295,0.2040444165468216,0.1016286164522171,0.0,0.18020907044410706,0.16828182339668274,0.001988863106817007,0.0,0.005078927613794804,0.0,0.10589625686407089,0.26019978523254395,0.1748960018157959,0.045354269444942474,0.0,0.14103004336357117,0.28194141387939453,0.004943076986819506,0.15270859003067017,0.027293168008327484,0.0524044893682003,0.0,0.1627569943666458,0.01148753147572279,0.026768377050757408,0.0,0.2366965413093567,0.01791553758084774,0.009436394087970257,0.04162754863500595,0.3365050256252289,0.35317206382751465,0.30476880073547363,0.032856475561857224,0.015668094158172607,0.04182237759232521,0.07284290343523026,0.02840418927371502,0.05168559029698372,0.5560610294342041,0.0,0.005102504510432482,0.08585724234580994,0.011048116721212864,0.27719563245773315,0.0,0.2066378891468048,0.41712984442710876,0.12849389016628265,0.059149179607629776,0.02129465900361538,0.048085324466228485,0.0,0.05577350780367851,0.06638996303081512,0.020738692954182625,0.26784175634384155,0.10856258124113083,0.0,0.031743671745061874,0.001687948708422482,0.05034785717725754,0.028563765808939934,0.08301227539777756,0.114750437438488,0.029545476660132408,0.012167096138000488,0.021561678498983383,0.18187107145786285,0.009819112718105316,0.03887300193309784,0.011877700686454773,0.0,0.0,0.11125686019659042,0.008646039292216301,0.003865472972393036,0.029954954981803894,0.2011275291442871,0.0,0.0,0.10053817927837372,0.0480240061879158,0.0,0.0,0.005321394186466932,0.0,0.11334484815597534,0.0,0.07774831354618073,0.0,0.0,0.0,0.03116132691502571,0.07034885883331299,0.07567594945430756,0.0,0.0,0.25050798058509827,0.05266658961772919,0.0,0.012773615308105946,0.04562179371714592,0.22957727313041687,0.19055072963237762,0.012429497204720974,0.0,0.17888884246349335,0.16300858557224274,6.47573106107302e-05,0.1273270696401596,0.0,0.0,0.01179423090070486,0.015092222020030022,0.027584075927734375,0.00803387351334095,0.2778301239013672,0.08748017251491547,0.0005666385986842215,0.11455653607845306,0.038144178688526154,0.016066156327724457,0.007179527077823877,0.0011756245512515306,0.20123253762722015,0.008683835156261921,0.0,0.27533838152885437,0.3209455907344818,0.0,0.04263129457831383,0.0,0.0,0.04307154566049576,0.18684038519859314,0.010321385227143764,0.2582520842552185,0.053480129688978195,0.026400839909911156,0.14457637071609497,0.01922929845750332,0.004938334226608276,0.09793105721473694,0.0,0.04146411642432213,0.05786122754216194,0.0,0.0010286679025739431,0.0,0.0026656286790966988,0.0012161002960056067,0.007547621615231037,0.12031586468219757,0.38093116879463196,0.04524131864309311,0.1301996409893036,0.07196556031703949,0.0447172112762928,0.33941206336021423,0.002387263346463442,0.039650529623031616,0.24858781695365906,0.0,0.08013037592172623,0.0,0.005422303918749094,0.024416383355855942,0.00295160710811615,0.07403572648763657,0.008373480290174484,0.3391169011592865,0.023100929334759712,0.05979728698730469,0.035265251994132996,0.2873934209346771,0.06561526656150818,0.2608649432659149,0.10092969983816147,0.0,0.0,0.04322080686688423,0.08663920313119888,0.01382260862737894,0.0,0.0,0.2634606659412384,0.004250266123563051,0.00644177058711648,0.006208509206771851,0.0,0.0,0.004206858109682798,0.0,0.41215240955352783,0.0,0.0,0.0,0.12260304391384125,0.0,0.07493449747562408,0.04141411557793617,0.008223327808082104,0.1286851018667221,0.0052720364183187485,0.0,0.12455138564109802,0.08903409540653229,0.2932302951812744,0.0999610647559166,0.0,0.15950550138950348,0.0,0.011685148812830448,0.07756181061267853,0.09751250594854355,0.0,0.3717227876186371,0.47416746616363525,0.18958605825901031,0.0218118354678154,0.0,0.005141025874763727,0.0,0.02614636719226837,0.0064217811450362206,0.02356100082397461,0.08491288125514984,0.3992435336112976,0.0,0.031888239085674286,0.29286086559295654,0.272810161113739,0.05687103793025017,0.0,0.0065107704140245914,0.01742192730307579,0.23975595831871033,0.0003367461613379419,0.41946861147880554,0.1470564603805542,0.011267237365245819,0.008974121883511543,-0.8482698798179626
107,0.0,0.06824825704097748,0.014882892370223999,0.0,0.0,0.0,0.13127805292606354,0.19287800788879395,0.0,0.03886881843209267,0.326225221157074,0.045642971992492676,0.0,0.2339913249015808,0.23528113961219788,0.01603882573544979,0.003488001646474004,0.29349327087402344,0.17274333536624908,0.0,0.000559498555958271,0.22123634815216064,0.0,0.7362873554229736,0.07065153867006302,0.0,0.0,0.45469701290130615,0.0,0.07130879163742065,0.0,0.1619151085615158,0.0,0.33614104986190796,0.008828948251903057,0.01182740367949009,0.05543254315853119,0.11655546724796295,0.16033560037612915,0.36008697748184204,0.0,0.015733204782009125,0.19540013372898102,0.01621987484395504,0.3399679660797119,0.0,0.08929218351840973,0.012424830347299576,0.0,0.05466800183057785,0.0,0.0,0.4219684898853302,0.0,0.0,0.3178839087486267,0.0,0.37715113162994385,0.0,0.0006786733865737915,0.0,0.29335641860961914,0.0,0.19696998596191406,0.0,0.0,0.0,0.5971920490264893,0.006644205655902624,0.003463718108832836,0.0,0.0,0.09131234884262085,0.3853863477706909,0.0,0.1403382122516632,0.1712188869714737,0.1587323248386383,0.0,0.08457507193088531,0.12880438566207886,0.002260303357616067,0.0,0.19184619188308716,0.5672146081924438,0.0172166395932436,0.0019479249604046345,0.0288429856300354,0.6297174096107483,0.15643076598644257,0.015320192091166973,0.4597880244255066,0.04231899976730347,0.08890001475811005,0.007486240938305855,0.008352411910891533,0.11421410739421844,0.0,0.0,0.12453726679086685,0.20769383013248444,0.08268564939498901,0.0,0.706093966960907,0.17413970828056335,0.0,0.00823449157178402,0.24197398126125336,0.0,0.0,0.2537301778793335,0.02137787826359272,0.0,0.12162002176046371,0.0,0.0,0.0048004817217588425,0.2526828944683075,0.0,0.011156284250319004,0.3137394189834595,0.01885492354631424,0.0,0.0,0.20749656856060028,0.45469629764556885,0.0,0.0,0.299348384141922,0.0,0.0,0.1607961803674698,0.0,0.0,0.0,0.0,0.0,0.0,0.029782969504594803,0.0,0.0,0.034843169152736664,0.003337132977321744,0.0,0.12350612878799438,0.09862085431814194,0.0,0.012352284044027328,0.28372663259506226,0.0,0.0,0.03543012589216232,0.028393138200044632,0.0,0.0,0.0,0.03187275305390358,0.019190793856978416,0.0,0.0,0.14464102685451508,0.0,0.020871512591838837,0.0,0.011686667799949646,0.06887874007225037,0.0,0.0,0.1659962683916092,0.0,0.0009803958237171173,0.0,0.002394553739577532,0.0,0.0,0.4027126431465149,0.0,0.0,0.27322888374328613,0.001433543860912323,0.043835241347551346,0.0,0.11880583316087723,0.0,0.0501784011721611,0.0,0.000710667110979557,0.0,0.0,0.0,0.0,0.3359883427619934,0.12587623298168182,0.0,0.060521721839904785,0.2202279269695282,0.009533783420920372,0.25130027532577515,0.4644009470939636,0.0,0.11344622075557709,0.0,0.0,0.0,0.0,0.0,0.052987948060035706,0.32227760553359985,0.19483166933059692,0.0,0.050049517303705215,0.07776015996932983,0.0,0.0,0.34252023696899414,0.06956936419010162,0.03393881395459175,0.0,0.0,0.34964829683303833,0.0,0.0050017135217785835,0.11025737971067429,0.0,0.1221945509314537,0.0,0.11149471253156662,0.2911040186882019,0.019174158573150635,0.5083954334259033,0.004992855712771416,0.0,0.27662432193756104,0.02104881964623928,0.30541613698005676,0.05311852693557739,0.0,0.0,0.0003149844706058502,0.017214816063642502,0.0,0.011198965832591057,0.0,0.2818734347820282,0.19244293868541718,0.14070060849189758,0.09277281910181046,0.0009623263031244278,0.0,0.0,0.0,0.48684361577033997,0.0,0.0,0.0,0.0,0.0,0.022590933367609978,0.010663345456123352,0.0,0.014806222170591354,0.17451994121074677,0.07612249255180359,0.01330342423170805,0.0,0.832625687122345,0.013788971118628979,0.1926182210445404,0.06229934096336365,0.0,0.0,0.04756287485361099,0.20668262243270874,0.0,0.17630994319915771,0.0013630450703203678,0.15047751367092133,0.0,0.19270865619182587,0.0,0.27670764923095703,0.010728323832154274,0.001820916309952736,0.35819992423057556,0.0,0.1279371976852417,0.0,0.0,0.5798078179359436,0.19436880946159363,0.024785444140434265,0.0,0.0,0.20889580249786377,0.4405536651611328,0.0,0.21187978982925415,0.371809184551239,0.16620013117790222,0.001124432310461998,0.6265518665313721,0.10198905318975449,0.05953284353017807,0.0,0.0,0.0,0.7515262365341187,0.0,0.005997200962156057,0.33713990449905396,0.0,0.007094020955264568,0.0,0.5277624726295471,0.0,0.013185760006308556,0.010307291522622108,0.0,0.0,0.016213472932577133,0.0,0.017194047570228577,0.0,0.021701736375689507,0.32104745507240295,0.0031791774090379477,0.0,0.5892305374145508,0.028870930895209312,0.014123651199042797,0.009405359625816345,0.5815383195877075,0.0,0.01249829214066267,0.1261976659297943,0.0,0.0,0.18475332856178284,0.13074997067451477,0.11709906905889511,0.9778827428817749,0.17585408687591553,0.0920524001121521,0.015393058769404888,0.04326937347650528,0.11912864446640015,0.9937963485717773,0.0,0.0,0.09972959011793137,0.0993637889623642,0.00035436637699604034,0.6457789540290833,0.0,0.01580161228775978,0.0,0.2507564127445221,1.673448085784912,0.519743800163269,0.2866400480270386,0.0,0.011296342127025127,0.7964369654655457,0.0,0.0,0.003461772110313177,0.0,0.09446407854557037,0.7570356130599976,0.5365166068077087,0.04918650910258293,0.0,0.5062230825424194,0.9321569204330444,0.058233119547367096,0.0001923159434227273,0.2946719527244568,0.0,0.0,0.13688543438911438,0.04289599508047104,0.0,0.01910005323588848,0.25709962844848633,0.0,0.013673586770892143,0.0001445779053028673,0.8624047040939331,0.43083393573760986,0.346205472946167,0.1830655038356781,0.0012920971494168043,0.043040644377470016,0.041064634919166565,0.0,0.42805346846580505,1.085631251335144,0.0,0.022852744907140732,0.020375927910208702,0.09038594365119934,0.6717265844345093,0.0,0.0,0.32217952609062195,0.2909783124923706,0.07088485360145569,0.1768294870853424,0.24347369372844696,0.0,0.0061462088488042355,0.0725427120923996,0.09245749562978745,0.49896717071533203,0.797393798828125,0.0,0.23473575711250305,0.08355241268873215,0.05042588710784912,0.06101848930120468,0.01242744829505682,0.593374490737915,0.12819118797779083,0.0,0.0,0.0,0.0,0.10762962698936462,0.0,0.0,0.010879806242883205,0.016989052295684814,0.2731631398200989,0.09098386019468307,0.11738048493862152,1.018180012702942,0.001106754643842578,0.0,0.4594056308269501,0.03158276528120041,0.0,0.0,0.0,0.0,0.03252526372671127,0.0,0.6585482358932495,0.0,0.0,0.0,0.0,0.04458177089691162,0.0075468625873327255,0.0,0.0,0.747495174407959,0.06370317190885544,0.0,0.006325714290142059,0.11503159999847412,0.1168094277381897,0.21639925241470337,0.22776249051094055,0.0,0.16542233526706696,0.277255117893219,0.0,0.0437040738761425,0.0,0.0,0.03003772161900997,0.025253204628825188,0.024996569380164146,0.0,1.4825466871261597,0.026580845937132835,0.0,0.08745327591896057,0.003419003216549754,0.0,0.0,0.0,0.002589050680398941,0.021765276789665222,0.0,0.5804710388183594,0.9799450635910034,0.010735206305980682,0.1171012744307518,0.0,0.0,0.022988006472587585,0.4079577624797821,6.914449386385968e-06,0.4785967767238617,0.0535961352288723,0.047114353626966476,0.025469055399298668,0.012049971148371696,0.012593726627528667,0.11432421207427979,0.0,0.04888246953487396,0.42761704325675964,0.0,0.0027317889034748077,0.0,0.3314647078514099,0.006402596831321716,0.09285430610179901,0.4125763177871704,0.9093844294548035,0.03486814349889755,0.03824598714709282,0.0,0.023304428905248642,0.6029248237609863,0.0,0.04393009468913078,0.03362266719341278,0.0,0.5325636863708496,0.079740509390831,0.056746214628219604,0.11148496717214584,0.0,0.720099925994873,0.0,0.9244384765625,0.0,0.32762211561203003,0.2955177426338196,0.28017961978912354,0.04279254004359245,0.09277550876140594,0.10445880889892578,0.009657928720116615,0.0,0.009632796980440617,0.036489374935626984,0.16346269845962524,0.0,0.008961288258433342,0.0,0.0,0.0030241161584854126,0.0,0.0,0.0,0.0,0.0,0.6880106329917908,0.0,0.0,0.02821456454694271,0.273453950881958,0.0,0.05461541935801506,0.12136010825634003,0.12061037868261337,0.03258294612169266,0.0,0.01113986223936081,0.13561563193798065,0.13754749298095703,0.388441264629364,0.00929124467074871,0.0,0.0625646561384201,0.0,0.098090261220932,0.4232443571090698,0.07870655506849289,0.0,0.19479870796203613,0.8332344889640808,0.22934220731258392,0.08278602361679077,0.0,0.0,0.003294867929071188,0.10251322388648987,0.0,0.148237943649292,0.3040401339530945,0.6533412933349609,0.0,0.09418903291225433,0.02251279354095459,0.18070650100708008,0.08483501523733139,0.0,0.017580902203917503,0.4703996181488037,0.004119207616895437,4.840238761971705e-05,0.3504849374294281,0.5619075894355774,0.029748916625976562,0.00442101527005434,0.2919652462005615,0.07430709898471832,0.03675088286399841,0.0,0.0,0.0,0.5913326740264893,0.07364743947982788,0.023217441514134407,0.2356390655040741,0.0007593067130073905,0.022265736013650894,0.0,0.4726676344871521,0.05903151258826256,0.0004940369981341064,0.03955702856183052,0.0005804614047519863,0.0,0.010064813308417797,0.0,0.10271687060594559,0.004957451485097408,0.16333946585655212,0.1947844922542572,0.0,0.0003645778924692422,0.6608506441116333,0.04462563619017601,0.013388381339609623,0.014191561378538609,0.4968222677707672,0.0,0.1110060065984726,0.07951270043849945,0.017395367845892906,0.0,0.14116503298282623,0.1824076920747757,0.22044312953948975,0.5581968426704407,0.21276932954788208,0.1061587706208229,0.08244074136018753,0.2021166980266571,0.08369692414999008,0.7172837853431702,0.003742752131074667,0.0,0.07944648712873459,0.0542452447116375,0.0004182932316325605,0.6301559209823608,0.0,0.007312145549803972,0.02441774681210518,0.16519494354724884,1.3408821821212769,0.349155068397522,0.19375528395175934,0.0,0.15299470722675323,0.5647732615470886,0.021544255316257477,0.0,0.015436509624123573,0.0,0.24789178371429443,0.5491460561752319,0.32808199524879456,0.020343227311968803,0.0,0.3392617702484131,0.7344995737075806,0.01612640731036663,0.07756264507770538,0.23604561388492584,0.005968147423118353,0.0,0.09284240752458572,0.04316026344895363,0.0,0.01352574024349451,0.25719279050827026,0.007740568835288286,0.01491793803870678,0.0,0.6594952344894409,0.4703715443611145,0.28089210391044617,0.1280742585659027,0.013605235144495964,0.033405471593141556,0.023948533460497856,0.004285880830138922,0.23953525722026825,0.8563231229782104,0.0,0.018142037093639374,0.11451496928930283,0.08376085013151169,0.5708242058753967,0.0,0.0030735840555280447,0.28302881121635437,0.15806998312473297,0.056999675929546356,0.134543776512146,0.1419188678264618,0.0,0.09266872704029083,0.043361518532037735,0.034205105155706406,0.41537225246429443,0.4195133447647095,0.0,0.1662183552980423,0.06078113988041878,0.02497069351375103,0.03049284592270851,0.14402653276920319,0.33667853474617004,0.11017085611820221,0.0,0.030410101637244225,0.05664543807506561,0.001432023593224585,0.08494899421930313,0.0072636292316019535,0.0,0.00449356809258461,0.09797289222478867,0.11046471446752548,0.04155592992901802,0.09826105833053589,0.5812700390815735,0.006937721278518438,0.0,0.27131423354148865,0.0284676905721426,0.0009085755445994437,0.0,0.00012407961185090244,0.0,0.02703176625072956,0.0,0.3101438283920288,0.0,0.0,0.0,0.0,0.057987045496702194,0.023611683398485184,0.0,0.0,0.4497924745082855,0.08054433763027191,0.0,0.0,0.07036159187555313,0.15830817818641663,0.0835597813129425,0.12261784821748734,0.022831950336694717,0.1796194463968277,0.2648189961910248,0.0,0.018671229481697083,0.0009728552540764213,0.0,0.014054016210138798,0.039269380271434784,0.017217764630913734,0.002027657814323902,0.9140071868896484,0.07859963923692703,0.0,0.05324405059218407,0.03047575242817402,0.0,0.0,0.01159636490046978,0.0015750785823911428,0.011924835853278637,0.0,0.3892454504966736,0.6744659543037415,0.009023647755384445,0.06286542862653732,0.0,0.0,0.10658618062734604,0.3017158508300781,0.0,0.3425619304180145,0.055626802146434784,0.022192344069480896,0.05465789884328842,0.07012706995010376,0.00027513818349689245,0.07460465282201767,0.0,0.03202904388308525,0.20928038656711578,0.0,0.0023370913695544004,0.0,0.3203105330467224,0.00517218466848135,0.034940700978040695,0.37160536646842957,0.673255443572998,0.01766376383602619,0.02652508020401001,0.061420515179634094,0.03640763461589813,0.4355452358722687,0.004950649105012417,0.01846885308623314,0.1546594202518463,0.0,0.32448726892471313,0.04679421707987785,0.03905332833528519,0.08040913194417953,0.0,0.4298521876335144,0.0015594890573993325,0.666779100894928,0.021175947040319443,0.17273907363414764,0.1875562220811844,0.23436972498893738,0.056254103779792786,0.23517704010009766,0.09390249848365784,0.0,0.0,0.0027498009148985147,0.02644442953169346,0.07391051203012466,0.0,0.003633934771642089,0.03334613889455795,0.007011508569121361,0.052914444357156754,0.0,0.0,0.0,0.0,0.0,0.7011324167251587,0.0,0.0,0.019295156002044678,0.18129083514213562,0.0,0.025107746943831444,0.07450839877128601,0.07860664278268814,0.017415739595890045,0.0035762409679591656,0.027499757707118988,0.09372330456972122,0.08989658951759338,0.6318545341491699,0.03545404598116875,0.0,0.05640869587659836,0.0,0.0508621409535408,0.2637806832790375,0.1349906474351883,0.0031897476874291897,0.2220809906721115,0.5564632415771484,0.21261849999427795,0.002488137921318412,0.014267494902014732,0.0003931894898414612,0.018404850736260414,0.07758822292089462,0.0,0.15298251807689667,0.22873376309871674,0.5023350119590759,0.0,0.050755273550748825,0.1659216582775116,0.23353637754917145,0.06172466278076172,0.0,0.003034732537344098,0.3706149756908417,0.11618408560752869,0.0014150311471894383,0.2964281141757965,0.45267707109451294,0.03866983577609062,0.00807915162295103,2.5658795833587646
108,0.0,0.05932925269007683,0.03235556557774544,0.0,0.0,0.0,0.4257378578186035,0.12299922853708267,0.0,0.008388910442590714,0.09966904670000076,0.011791544035077095,0.0,0.2796831727027893,0.0,0.07691676169633865,0.022831309586763382,0.006025059148669243,0.0,0.0,0.0,0.10844731330871582,0.0,0.41518592834472656,0.029925810173153877,0.0,0.0,0.4514228403568268,0.0,0.0478677898645401,0.020838003605604172,0.23196600377559662,0.0,0.2995498776435852,0.005732339806854725,0.06790250539779663,0.05939936637878418,0.16976574063301086,0.03864775970578194,0.2356370985507965,0.0,0.10571733862161636,0.09973226487636566,0.06740159541368484,0.2783487141132355,0.010238590650260448,0.20389001071453094,0.03689182549715042,0.0,0.09256070852279663,0.054090194404125214,0.0,0.16018980741500854,0.0,0.0074836136773228645,0.020116468891501427,0.04707938805222511,0.5082555413246155,0.056413840502500534,0.01972316950559616,0.0,0.20449398458003998,0.03317580744624138,0.0,0.0,0.0,0.0,0.054270029067993164,0.03645430505275726,0.06392461061477661,0.0,0.0,0.14137892425060272,0.12036502361297607,0.0,0.06896506249904633,0.04189208522439003,0.11077287793159485,0.0,0.13288551568984985,0.042401399463415146,0.052221380174160004,0.0,0.16440095007419586,0.09850500524044037,0.02979953959584236,0.00020233448594808578,0.1325562596321106,0.42232614755630493,0.2994224727153778,0.017817888408899307,0.0,0.05688152834773064,0.10078435391187668,0.009576226584613323,0.002518198685720563,0.3527146577835083,0.0,0.0,0.006228077225387096,0.0,0.15987277030944824,0.0,0.38986116647720337,0.2983805537223816,0.028356505557894707,0.01847221702337265,0.06707514822483063,0.0,0.0,0.0007798081496730447,0.05747596174478531,0.0345136821269989,0.15996187925338745,0.0,0.0,0.030046803876757622,0.009839728474617004,0.035423509776592255,0.016423393040895462,0.00616725068539381,0.008526597172021866,0.0,0.0,0.0,0.3741344213485718,0.0,0.0,0.0,0.0,0.0,0.0627286285161972,0.0,0.034715745598077774,0.007755976635962725,0.0,0.0,0.0,0.0739750936627388,0.014665970578789711,0.0,0.0,0.01847076416015625,0.0,0.10224633663892746,0.02101670578122139,0.0,0.01619229093194008,0.11056739091873169,0.0,0.02128177508711815,0.0774611085653305,0.06893043220043182,0.0,0.0,0.08354371786117554,0.020459916442632675,0.0,0.0030762283131480217,0.00014550425112247467,0.13770577311515808,0.011293429881334305,0.020504171028733253,0.0,0.11047389358282089,0.07048856467008591,0.0,0.03689929470419884,0.0,0.0,0.0,0.0,0.028703683987259865,0.0001472514122724533,0.005170893855392933,0.2030411809682846,0.0,0.014255431480705738,0.0656791478395462,0.04221207648515701,0.0,0.0,0.21820586919784546,0.0,0.013138450682163239,0.04387538507580757,0.18699276447296143,0.0,0.0,0.0,0.0,0.023476066067814827,0.13123877346515656,0.0,0.1273481249809265,0.14131689071655273,0.07225652039051056,0.2146875560283661,0.07822437584400177,0.0,0.07499593496322632,0.0,0.009786216542124748,0.011815031990408897,0.0,0.0,0.004138807766139507,0.0,0.0,5.1342882215976715e-05,0.035829346626996994,0.20922881364822388,0.0,0.17153719067573547,0.014624008908867836,0.06433236598968506,0.3086042106151581,0.00015429779887199402,0.0,0.26426059007644653,0.0,5.7223718613386154e-05,0.0,0.0,0.040289491415023804,0.0,0.07007525861263275,0.0,0.14057625830173492,0.11574726551771164,0.0021488741040229797,0.0,0.26627400517463684,0.08462244272232056,0.13839484751224518,0.05613437294960022,0.0,0.0024886506143957376,0.04421273618936539,0.006888640113174915,0.0,0.02624998614192009,0.0,0.35043856501579285,0.0,0.0012562774354591966,0.05830555409193039,0.0,0.0,0.0,0.0,0.25585922598838806,0.0,0.0,0.0,0.048715632408857346,0.0,0.028681281954050064,0.03992769494652748,0.00938272662460804,0.1051856279373169,0.0,0.0,0.09588617086410522,0.006325313355773687,0.3900904655456543,0.06642946600914001,0.014775997027754784,0.13216336071491241,0.0,0.0,0.06883955001831055,0.019894486293196678,0.0010143090039491653,0.3122558295726776,0.28798726201057434,0.2560153007507324,0.0,0.0,0.0,0.0,0.004075534176081419,0.02595742605626583,0.0512518584728241,0.020625311881303787,0.21556952595710754,0.0,0.007710026111453772,0.346756249666214,0.15731629729270935,0.02281152456998825,0.0,0.0,0.0,0.3107682466506958,0.0,0.41110339760780334,0.08234594762325287,0.03344424068927765,0.005130158271640539,0.04734303802251816,0.14053699374198914,0.06686712056398392,0.0,0.0,0.0,0.3773150146007538,0.08703867346048355,0.0,0.006837430410087109,0.12610624730587006,0.031102430075407028,0.0,0.2633059620857239,0.0,0.06909137964248657,0.005536296404898167,0.0,0.0,0.0,0.0,0.10371536761522293,0.0,0.46107080578804016,0.031925708055496216,0.0011268176604062319,0.0,0.5499475002288818,0.013974805362522602,0.027569115161895752,0.10523058474063873,0.2735280990600586,0.0,0.33667123317718506,0.03935416787862778,0.059441253542900085,0.005434919614344835,0.1749073714017868,0.016674524173140526,0.10154732316732407,0.03450597822666168,0.19220513105392456,0.07092946767807007,0.07805970311164856,0.23226645588874817,0.07256198674440384,0.14784397184848785,0.034064773470163345,0.0,0.10134097188711166,0.17467312514781952,0.0,0.2193375527858734,0.0,0.04567866027355194,0.027055129408836365,0.13351887464523315,0.614870011806488,0.12463681399822235,0.02601551078259945,0.0,0.1567479968070984,0.02616233564913273,0.0,0.0,0.0,0.0,0.05491650104522705,0.07411175966262817,0.025056222453713417,0.04942810535430908,0.0,0.12076102942228317,0.17873133718967438,0.0,0.1485358029603958,0.03659505397081375,0.08324280381202698,0.0,0.09064493328332901,0.04290638864040375,0.005890166386961937,0.0,0.21242789924144745,0.08482726663351059,0.004585076589137316,0.05599775165319443,0.166094109416008,0.4238869547843933,0.25266438722610474,0.039460159838199615,0.0018749128794297576,0.024998925626277924,0.12893016636371613,0.01513449102640152,0.058928996324539185,0.3741070330142975,0.0,0.0,0.047090135514736176,0.012967020273208618,0.10995950549840927,0.0,0.4359759986400604,0.3692011833190918,0.09271249175071716,0.05941716954112053,0.030388638377189636,0.007422605995088816,0.0,0.014757000841200352,0.06506732106208801,0.052835218608379364,0.22867143154144287,0.08892602473497391,0.0,0.007772636134177446,0.04092711582779884,0.07832656055688858,0.01300513930618763,0.027106698602437973,0.11654351651668549,0.043657414615154266,0.00985889881849289,0.003384679090231657,0.30834975838661194,0.0,0.006481914781033993,0.0009326515137217939,0.0,0.0,0.08152469247579575,0.010069857351481915,0.0030089018400758505,0.027274219319224358,0.07850787788629532,0.0,0.0,0.03409323841333389,0.0243197251111269,0.0,0.009267086163163185,0.01032024435698986,0.0,0.17370107769966125,0.0,0.018053757026791573,0.010276982560753822,0.05135377123951912,0.0,0.0664733424782753,0.08494577556848526,0.06763575971126556,0.0,0.0,0.27821001410484314,0.08850797265768051,0.0,0.00982236210256815,0.0378476083278656,0.21284827589988708,0.1276027262210846,0.014001627452671528,0.0,0.10902626067399979,0.06424994021654129,0.005476607941091061,0.11409936845302582,0.0,0.0,0.010881194844841957,0.001247977721504867,0.009159876964986324,0.04399195313453674,0.09230341017246246,0.18930228054523468,0.0,0.08494298905134201,0.022023219615221024,0.012055936269462109,0.0,0.006054259371012449,0.2933667302131653,0.0,0.0,0.14909997582435608,0.1322445422410965,0.0,0.05354779213666916,0.0,0.0,0.021363316103816032,0.06539938598871231,0.0011537624523043633,0.11682767421007156,0.1502152681350708,0.023070061579346657,0.24135780334472656,0.040453072637319565,0.0019733039662241936,0.1382036656141281,0.0,0.03128939867019653,0.029915055260062218,0.0,0.0,0.0,0.06910321116447449,0.0022983234375715256,0.018085794523358345,0.04054157808423042,0.2273787260055542,0.016954731196165085,0.14691027998924255,0.04890106990933418,0.0574750155210495,0.334446519613266,0.0,0.05369727313518524,0.32711300253868103,0.0,0.03989841789007187,0.006080301944166422,0.006294466555118561,0.012736164964735508,0.009901043027639389,0.13115203380584717,0.0022059022448956966,0.2139045149087906,0.008740459568798542,0.0012805002043023705,0.02142937481403351,0.3798803985118866,0.11443927139043808,0.19401824474334717,0.1474367082118988,0.0,0.0,0.042946577072143555,0.061169907450675964,0.019950248301029205,0.0,0.0,0.3815520703792572,0.0,0.03233662247657776,0.02590358629822731,0.0,0.0,0.0,0.0,0.21210387349128723,0.0,0.0,0.0002487360907252878,0.1518525779247284,0.0,0.07238707691431046,0.02334645204246044,0.04039961099624634,0.19570136070251465,0.0,0.0,0.11363842338323593,0.13719385862350464,0.2347230315208435,0.07245313376188278,0.0017183389281854033,0.08726336061954498,0.005661658011376858,0.02445615455508232,0.06490497291088104,0.06064123660326004,0.0,0.5199272632598877,0.30023446679115295,0.2032063752412796,0.009930961765348911,0.0,0.006418130826205015,0.0,0.017301933839917183,0.026750802993774414,0.07729224115610123,0.023375609889626503,0.3493107855319977,0.0,0.04896840453147888,0.3014233410358429,0.22445352375507355,0.034241922199726105,0.0,0.0,0.0,0.327629953622818,0.0,0.443866103887558,0.08081825822591782,0.0539696030318737,0.018516847863793373,0.0449739545583725,0.08830413967370987,0.01622455008327961,0.0,0.0,0.0,0.4305149018764496,0.11570114642381668,0.0,0.022260615602135658,0.06968825310468674,0.04597519710659981,0.0,0.3361915946006775,0.0,0.041364338248968124,0.0463968962430954,0.0,0.0,0.0,0.0,0.09392479062080383,0.0,0.3416869342327118,0.027495581656694412,3.0347042411449365e-05,0.0,0.5788045525550842,0.0026145093142986298,0.024696482345461845,0.06625573337078094,0.3476882874965668,0.0,0.3037605881690979,0.02043941244482994,0.09136281907558441,0.002515198430046439,0.11090405285358429,0.019406277686357498,0.1869238018989563,0.03899632766842842,0.21851955354213715,0.07437753677368164,0.10097205638885498,0.26782315969467163,0.04832109063863754,0.2928452491760254,0.02207718789577484,0.0,0.0502813346683979,0.0959576815366745,0.0,0.3249296247959137,0.0031878810841590166,0.014209340326488018,0.006160764489322901,0.11164356768131256,0.7517655491828918,0.12575753033161163,0.08216693252325058,0.0,0.200409933924675,0.14706039428710938,0.0,0.0,0.005174824967980385,0.0,0.07690463215112686,0.17120428383350372,0.15677189826965332,0.015685787424445152,0.0,0.10181060433387756,0.22174346446990967,0.011150575242936611,0.15651069581508636,0.025019384920597076,0.058853406459093094,0.0,0.10378722101449966,0.027002401649951935,0.004688675049692392,0.0,0.21419569849967957,0.037036266177892685,0.0068970536813139915,0.02737271599471569,0.282623827457428,0.3529297411441803,0.2589603662490845,0.02052921988070011,0.0,0.022451315075159073,0.07671523094177246,0.02269931696355343,0.05016963556408882,0.5050980448722839,0.0,0.0054475050419569016,0.05910346284508705,0.00658040726557374,0.21230243146419525,0.0,0.24078358709812164,0.3347204923629761,0.08743324130773544,0.03512469679117203,0.025005493313074112,0.010170328430831432,0.0,0.0121171148493886,0.032973844558000565,0.024544285610318184,0.22050602734088898,0.0564841628074646,0.0,0.040893394500017166,0.022101426497101784,0.05065538361668587,0.002882229397073388,0.03002852573990822,0.06874711811542511,0.02298831194639206,0.0045323967933654785,0.009591867215931416,0.25231578946113586,0.0,0.002712789922952652,0.0008052678895182908,0.0,0.0,0.10836976021528244,0.00016988844436127692,0.0019122337689623237,0.013095949776470661,0.06369141489267349,0.0,0.0,0.050768155604600906,0.05726998299360275,0.0,0.0025707667227834463,0.0,0.0,0.07581400871276855,0.0,0.019627997651696205,0.0,0.02146022580564022,0.0,0.04107911139726639,0.042992960661649704,0.05721840634942055,0.0,0.0,0.17071692645549774,0.06922894716262817,0.0,0.024498526006937027,0.030468285083770752,0.11170995235443115,0.10188484191894531,0.010866641998291016,0.0,0.15506064891815186,0.12478913366794586,0.0,0.045445699244737625,0.0,0.0,0.00613221013918519,0.004546373151242733,0.0074652135372161865,0.016573069617152214,0.1324157416820526,0.11221064627170563,0.0,0.04350917413830757,0.027740243822336197,0.010542549192905426,0.0,0.002274560509249568,0.16049066185951233,6.072637188481167e-05,0.0006884891190566123,0.17731191217899323,0.2587994635105133,0.0,0.02141628973186016,0.0,0.0,0.01065863762050867,0.12502817809581757,0.0007573167677037418,0.19273121654987335,0.07841554284095764,0.02324787527322769,0.11917643994092941,0.00905593577772379,0.00030611580586992204,0.05984288454055786,0.0,0.04623037576675415,0.02790149115025997,0.0,0.0,0.0,0.030869901180267334,0.0,0.010701486840844154,0.13639728724956512,0.2893788516521454,0.007029650267213583,0.12149376422166824,0.0376732237637043,0.03489728271961212,0.3405638337135315,0.0,0.01925755850970745,0.22173993289470673,0.0,0.04610045254230499,0.0,0.0026671153027564287,0.013801735825836658,0.009938542731106281,0.08639482408761978,0.0,0.32039082050323486,0.009595612995326519,0.0018889051862061024,0.02106456086039543,0.2569746673107147,0.08952067047357559,0.26531288027763367,0.11198902130126953,0.0,0.0,0.03672877699136734,0.03568390756845474,0.01583724282681942,0.0,0.0,0.2210371196269989,0.0,0.030003130435943604,0.008498575538396835,0.0,0.0,0.0,0.0,0.3617284893989563,0.0,0.0,0.0,0.07531259208917618,0.0,0.03487025573849678,0.05209933593869209,0.028418004512786865,0.11112850159406662,0.0,0.0,0.06486193090677261,0.08199045807123184,0.30815109610557556,0.030035939067602158,0.0,0.07429524511098862,0.0,0.01609237864613533,0.05524662509560585,0.08131147921085358,0.0,0.38024288415908813,0.37162846326828003,0.19335290789604187,0.010015764273703098,0.0,0.0025224871933460236,0.0009210283751599491,0.02388267032802105,0.009354788810014725,0.04149864241480827,0.0839032381772995,0.3362877070903778,0.0,0.02948984131217003,0.3016347587108612,0.25080788135528564,0.01990325190126896,0.0,0.0,0.0009243227541446686,0.24311895668506622,0.0,0.39687299728393555,0.1362631618976593,0.016786199063062668,0.0019255061633884907,-0.2603961229324341
109,0.0,0.14580698311328888,0.49901142716407776,0.0025319962296634912,0.0,0.0,0.6165251135826111,0.023064477369189262,0.0,0.0,0.06971359252929688,0.0,0.0,0.2560161054134369,0.0,0.19062575697898865,0.02071727253496647,0.0,0.0,0.0,0.0,0.13131533563137054,0.024541132152080536,0.6915145516395569,0.0,0.0,0.0,0.8383224606513977,0.07546878606081009,0.050354618579149246,0.2950911819934845,0.31335610151290894,0.0,0.40168699622154236,0.18109342455863953,0.38994666934013367,0.16907644271850586,0.7970860004425049,0.0,0.0014210757799446583,0.0,0.4300292432308197,0.0496140718460083,0.23809538781642914,0.5526755452156067,0.9194612503051758,0.09471753984689713,0.0,0.0,0.19541268050670624,0.3753562569618225,0.0,0.0,0.008799625560641289,0.21441571414470673,0.0,0.705437183380127,0.6566708087921143,0.1545850783586502,0.05330171808600426,0.0,0.031216956675052643,0.005395323503762484,0.0,0.0,0.11193660646677017,0.007867962121963501,0.0,0.1341460943222046,0.009054800495505333,0.6139037609100342,0.0,0.3648563325405121,0.0,0.11197283864021301,0.11362392455339432,0.0,0.5950393080711365,0.0,0.1136055514216423,0.018796073272824287,0.28434595465660095,0.002320026746019721,0.15566471219062805,0.0,0.0,0.15287916362285614,0.1682804375886917,0.4216732680797577,0.5398867726325989,0.10819404572248459,0.0,0.0,0.49480000138282776,0.0,0.0,0.4295858144760132,0.1101142019033432,0.0,0.007106830831617117,0.0,0.041176941245794296,0.0,0.523565411567688,0.7770289778709412,0.45221033692359924,0.25072622299194336,0.00425294041633606,0.0,0.0,0.0,0.23023076355457306,0.23016251623630524,0.2444600760936737,0.17344403266906738,0.0,0.0,0.0,0.23436005413532257,0.17837098240852356,0.0,0.055087246000766754,0.1792672872543335,0.01806602254509926,0.0,0.44949594140052795,0.0021692970767617226,0.251851886510849,0.0,0.0,0.0,0.008321575820446014,0.1466808319091797,0.0,0.08851303160190582,0.033986084163188934,0.0,0.0,0.037221238017082214,0.033826835453510284,0.0,0.01818820834159851,0.5972957611083984,0.0,0.5825796127319336,0.0,0.0,0.039336323738098145,0.0,0.0,0.0770333781838417,0.7553068995475769,0.2995852530002594,0.0,0.0,0.5816555023193359,0.004490009043365717,0.0,2.5456563889747486e-05,0.0,1.1863898038864136,0.3187517821788788,0.0,0.0,0.17561393976211548,0.04143685847520828,0.0,0.6736462712287903,0.0,0.0,0.0,0.0,0.053877200931310654,0.1280384510755539,0.0714355856180191,0.2393416315317154,0.022735506296157837,0.7789468765258789,0.0,0.0232236348092556,0.0,0.0,0.9064512252807617,0.006670026574283838,0.0,0.2480948567390442,0.21862371265888214,0.14484235644340515,0.6863566040992737,0.0,0.0,0.0,0.0,0.11936444789171219,0.1768777072429657,0.6465228199958801,0.019819585606455803,0.8549498319625854,0.0,0.07303962856531143,0.20340029895305634,0.0,0.014215032570064068,0.0,0.0,0.0,0.0,0.0,0.0,0.0027101635932922363,0.00014260431635193527,0.18936091661453247,0.08597730100154877,0.7086277008056641,0.0,0.25761011242866516,0.5193008780479431,0.0,0.07981596887111664,0.5699911713600159,0.011427074670791626,0.0072761401534080505,0.0,0.0,0.0,0.05793948844075203,0.023192021995782852,0.0,0.3738971948623657,0.008960005827248096,0.0,0.0,0.8568225502967834,0.4411666691303253,0.032102812081575394,0.20033086836338043,0.12933868169784546,0.00021978218865115196,0.2841806411743164,0.07842656970024109,0.002091595670208335,0.0,0.0,1.1752516031265259,0.0,0.039286598563194275,0.019569972530007362,0.0,0.0,0.0,0.0,0.008554468862712383,0.0,0.02693403698503971,0.0,0.8790748119354248,0.06585793942213058,0.07828748226165771,0.007446978706866503,0.08901925384998322,0.530750572681427,0.0,0.0,0.645555317401886,0.34800291061401367,0.0,0.5859456658363342,0.0,0.38418906927108765,0.045114580541849136,0.0,0.10873053222894669,0.0,0.028012918308377266,1.4983670711517334,0.8328608274459839,0.479095995426178,0.12274959683418274,0.0,0.0022740827407687902,0.0,0.0031924801878631115,0.4800146520137787,0.0,0.0031826640479266644,0.46405166387557983,0.0,0.0,0.6381208300590515,0.273648738861084,0.021513326093554497,0.010216942988336086,0.0,0.0,0.38818955421447754,0.12531189620494843,0.6468139886856079,0.0,0.007982944138348103,0.25170832872390747,0.047326672822237015,0.02483653835952282,0.152633398771286,0.0,0.0,0.0,0.19530390202999115,0.09981242567300797,0.005448769312351942,0.14594855904579163,0.28665807843208313,0.005430081393569708,0.0,0.2163628786802292,0.30270496010780334,0.0,0.0,0.2323768138885498,0.16503091156482697,0.002950377529487014,0.12526004016399384,0.06253933161497116,0.0,0.7223798036575317,0.2397715151309967,0.0015290003502741456,0.0,0.5729753375053406,0.05643611028790474,0.027906695380806923,0.0029408857226371765,0.3006060719490051,0.017926735803484917,0.12677399814128876,0.06636738777160645,0.012686572037637234,0.006395199801772833,0.21177425980567932,0.3399374485015869,0.08745767921209335,0.3078647255897522,0.043946512043476105,0.1550251692533493,0.0,0.24453520774841309,0.021531054750084877,0.2594996988773346,0.02339705266058445,0.0,0.3089161813259125,0.0,0.0,0.6995702981948853,0.0,0.005863581784069538,0.1627286821603775,0.09400811046361923,0.6879208087921143,0.06938095390796661,0.01794620417058468,0.0,0.07751675695180893,0.08547794073820114,0.03360338881611824,0.0,0.0,0.0,0.7257424592971802,0.1655047982931137,0.06047024950385094,0.0029362402856349945,0.0,0.16402532160282135,0.6157307028770447,0.0016857130685821176,0.11287879943847656,0.5234199166297913,0.05427442118525505,0.0,0.0,0.2656552493572235,0.0,0.03149526193737984,0.24071131646633148,0.6688908934593201,0.0,0.0004073187883477658,0.15094886720180511,0.6985570788383484,0.07344676554203033,0.14144355058670044,0.56916743516922,0.03109724260866642,0.2989841401576996,0.0,0.23608461022377014,0.23035183548927307,0.0,0.0,0.009091268293559551,0.36345019936561584,0.10548599809408188,0.0,0.6963908076286316,0.02782072126865387,0.04668102413415909,0.023132437840104103,0.42056211829185486,0.020051700994372368,0.0,0.28887730836868286,0.06597717851400375,0.07351567596197128,0.26484236121177673,0.2754072844982147,0.017064686864614487,0.04052145406603813,0.5577532649040222,0.005339788738638163,0.057659175246953964,0.2636955678462982,0.3516819179058075,0.09225129336118698,0.0029319466557353735,0.15376101434230804,0.030113792046904564,0.0,0.1118498370051384,0.40882784128189087,0.0,0.03443016856908798,0.030270317569375038,0.058648884296417236,0.03217191994190216,0.011756468564271927,0.1545453816652298,0.028854260221123695,0.0,0.062168192118406296,0.0,0.0,0.016216697171330452,0.0,0.0,0.11878400295972824,0.0,0.156867116689682,0.02999013103544712,0.024027366191148758,0.0,0.0,0.07722790539264679,0.002513858489692211,0.0,0.003649842692539096,0.46909379959106445,0.2280854433774948,0.004708565771579742,0.0,0.002145188394933939,0.1874149739742279,0.0207960307598114,0.13626399636268616,0.0,0.0,0.04142006114125252,0.010904956609010696,0.0,0.1993127316236496,0.0,0.11175232380628586,0.02569732628762722,0.0017967865569517016,0.0,0.3602597415447235,0.36195647716522217,0.0169257503002882,0.0,0.0847070962190628,0.0,0.00779850734397769,0.04371193051338196,0.16398079693317413,0.00045574011164717376,0.013107686303555965,0.08144646137952805,0.09534542262554169,0.0,0.050725292414426804,0.0,0.0,0.43245846033096313,0.11577267944812775,0.0,0.007469996809959412,0.4728533923625946,0.0,0.3876672387123108,0.6143349409103394,0.02244325540959835,0.3522230088710785,0.0,0.010573898442089558,0.046909112483263016,0.0,0.0,0.0,0.8950002789497375,0.43643316626548767,0.09493099898099899,0.08735974133014679,0.20038370788097382,0.0032947238069027662,0.030296236276626587,0.2920643389225006,0.0428040511906147,0.1416618376970291,0.0,0.0,0.20634305477142334,0.0,0.13592250645160675,0.5472972989082336,0.0297552403062582,0.10357619822025299,0.0042847562581300735,0.6085211634635925,0.4199145436286926,0.1444806158542633,0.2862287759780884,0.15208859741687775,0.15782049298286438,0.46563220024108887,0.08666675537824631,0.0931292176246643,0.03181371092796326,0.0,0.0,0.0,0.0,0.06737080961465836,0.0,0.04438963904976845,0.2009940892457962,0.3489714562892914,0.29473191499710083,0.0250861793756485,0.0,0.0,0.0,0.0,0.49115023016929626,0.0,0.0,0.039461132138967514,0.14373424649238586,0.0,0.0,0.00914212316274643,0.09822940826416016,0.0,0.008874873630702496,0.2574402987957001,0.03421575948596001,0.03901660442352295,0.7017879486083984,0.004055739846080542,0.18302574753761292,0.0,0.0,0.00020431206212379038,0.06908184289932251,0.10687526315450668,0.0,0.5978986620903015,0.03660645708441734,0.20826350152492523,0.0,0.23674435913562775,2.7008354663848877e-06,0.43981119990348816,0.005491127725690603,0.0,0.5788677334785461,0.026708513498306274,0.20097754895687103,0.0,0.024825280532240868,0.34915152192115784,0.0688042938709259,0.058993108570575714,0.0,0.0,0.4806489050388336,0.37263020873069763,0.0,0.10149367153644562,0.5653463006019592,0.3900281488895416,0.06177482753992081,0.10574029386043549,0.08731015771627426,0.1987611949443817,0.0,0.0,0.0,0.4804631769657135,0.061896827071905136,0.0,0.11676565557718277,0.037638794630765915,3.896612179232761e-05,7.818421727279201e-05,0.29989930987358093,0.0,0.005186210386455059,0.05483837425708771,0.005274387076497078,0.0,0.0,0.0,0.08209191262722015,0.04388469457626343,0.47703367471694946,0.1175958588719368,0.0,0.004182504490017891,0.7910527586936951,0.07473395019769669,0.014150399714708328,0.08109194040298462,0.4444853961467743,0.0,0.275566965341568,0.08118833601474762,0.20588582754135132,0.021569961681962013,0.4153670370578766,0.07901256531476974,0.04031241685152054,0.2362050712108612,0.3296220004558563,0.0834922268986702,0.11988692730665207,0.41590026021003723,0.4208429455757141,0.2742416560649872,0.0,0.0,0.19259993731975555,0.13919632136821747,0.0,0.42274993658065796,0.019467830657958984,0.041218824684619904,0.0006047647912055254,0.3937186300754547,0.9011640548706055,0.30087581276893616,0.08313514292240143,0.0,0.06703539192676544,0.11584271490573883,0.0,0.0,0.052546754479408264,0.0009603674407117069,0.14340521395206451,0.37427642941474915,0.10519180446863174,0.19499501585960388,0.0,0.3289732038974762,0.36422115564346313,0.022566236555576324,0.10675548017024994,0.16721892356872559,0.18326182663440704,0.0023890642914921045,0.032059770077466965,0.036941926926374435,0.07558050006628036,0.02540777064859867,0.22948786616325378,0.23167644441127777,0.0,0.02402958646416664,0.3970705568790436,0.47384950518608093,0.2883078157901764,0.12534984946250916,0.09181944280862808,0.0481569878757,0.27276167273521423,0.007638802286237478,0.19356627762317657,0.49143463373184204,6.239592039491981e-05,0.016009053215384483,0.012960723601281643,0.07329554110765457,0.20116782188415527,0.0,0.280016154050827,0.3665453791618347,0.2411196529865265,0.12336651235818863,0.18043915927410126,0.03962024673819542,0.0,0.011277538724243641,0.10022421926259995,0.08089864253997803,0.31566667556762695,0.3099638819694519,0.009524796158075333,0.05064418539404869,0.19021564722061157,0.027770983055233955,0.08432891964912415,0.01252211257815361,0.24261821806430817,0.1347520649433136,0.0022232101764529943,0.0005099645350128412,0.0736558735370636,0.0015859901905059814,0.27560293674468994,0.08034602552652359,0.008119597099721432,0.0036211791448295116,0.04867499694228172,0.14178763329982758,0.002236920176073909,0.04035726934671402,0.2269458770751953,0.0,0.005400155205279589,0.14639835059642792,0.044805776327848434,0.0,0.0,0.3051071763038635,0.0,0.23774833977222443,0.0,0.10623045265674591,0.0002990381617564708,0.0,0.0,0.0009561193292029202,0.3968847990036011,0.1012478694319725,0.0,0.0,0.5827083587646484,0.03995491936802864,0.0,0.0,0.018735842779278755,0.6043539643287659,0.19118496775627136,0.08453402668237686,0.003880629548802972,0.08885863423347473,0.0691673755645752,0.015201902948319912,0.1623617261648178,0.022621484473347664,0.0,0.02609943598508835,0.04569835215806961,0.03243418037891388,0.10024502873420715,0.4882396161556244,0.1340513974428177,0.006841459311544895,0.19001272320747375,0.010320848785340786,0.0,0.0,0.008255863562226295,0.3629828989505768,0.013295435346662998,0.008123417384922504,0.36526602506637573,0.33703693747520447,0.07682822644710541,0.3404753506183624,0.0016918712062761188,0.0,0.07969975471496582,0.08221562951803207,0.07081390917301178,0.1573067456483841,0.3945510685443878,0.014572643674910069,0.440012663602829,0.13579992949962616,0.017860032618045807,0.13511016964912415,0.0,0.08503343909978867,0.07709202915430069,0.0,0.0004188931779935956,0.0,0.22407589852809906,0.10576201230287552,0.06927243620157242,0.035948246717453,0.3840201497077942,0.03215586021542549,0.2820933163166046,0.04013131186366081,0.1256413757801056,0.3943709433078766,0.008340928703546524,0.044397421181201935,0.19798462092876434,0.01954457350075245,0.1278250515460968,0.11105191707611084,0.02015046216547489,0.014646847732365131,0.01856718584895134,0.3594396412372589,0.1460237056016922,0.45868751406669617,0.03533689305186272,0.08847615867853165,0.06768755614757538,0.5219018459320068,0.23594239354133606,0.09308687597513199,0.17451035976409912,0.049414098262786865,0.0,0.021733710542321205,0.03428131341934204,0.0419723205268383,0.0,0.006403375882655382,0.44971954822540283,0.07538735121488571,0.1339804232120514,0.0,0.0,0.0,0.0,0.0,0.3421905040740967,0.0,0.0,0.011623543687164783,0.4145558774471283,0.008921573869884014,0.0045460243709385395,0.0429186075925827,0.050101373344659805,0.07368647307157516,0.0,0.0810098648071289,0.22126704454421997,0.19786588847637177,0.2510963976383209,0.1897800862789154,0.05054381489753723,0.08114848285913467,0.0,0.022843224927783012,0.0774143636226654,0.005762635730206966,0.0,1.0557224750518799,0.39927560091018677,0.27040567994117737,0.0003073985280934721,0.0,0.006811085157096386,0.1078510731458664,0.015126097947359085,0.06326881796121597,0.19108112156391144,0.13472969830036163,0.43727195262908936,0.0015020461287349463,0.0005174643592908978,0.3681717813014984,0.16537562012672424,0.12049085646867752,0.0,0.0208937656134367,0.12854960560798645,0.2170405089855194,0.0451417975127697,0.24926543235778809,0.15939059853553772,0.12397347390651703,0.09876302629709244,-0.8184875249862671
110,0.08120213449001312,0.1303044557571411,0.05614428594708443,0.0,0.0,0.0,0.4657604694366455,0.08160395920276642,0.0,0.00893077626824379,0.05371366813778877,0.005408296827226877,0.0,0.31616899371147156,0.0,0.0762060359120369,0.023982413113117218,0.0,0.0,0.0,0.0,0.048933543264865875,0.0,0.33606788516044617,0.018604183569550514,0.0,0.0,0.4859839379787445,0.003901021322235465,0.09569519013166428,0.08327259123325348,0.28170046210289,0.0,0.28129372000694275,0.05252150446176529,0.07941029220819473,0.04895946756005287,0.2457580864429474,0.01459022518247366,0.12646321952342987,0.0290630254894495,0.1579252928495407,0.09229430556297302,0.10650097578763962,0.2649237811565399,0.10685159265995026,0.24489863216876984,0.015249825082719326,0.0,0.079450324177742,0.07814570516347885,0.0,0.17641587555408478,0.011969591490924358,0.02249750867486,0.00258762389421463,0.19156889617443085,0.6275901198387146,0.15899594128131866,0.06053537875413895,0.0,0.09595711529254913,0.09278234094381332,0.0,0.0,0.0016510207206010818,0.0,0.02643250860273838,0.14876008033752441,0.1176595464348793,0.021569736301898956,0.0,0.15344731509685516,0.09905482083559036,0.024313820526003838,0.04224366322159767,0.0022109299898147583,0.0960937961935997,0.0,0.12524724006652832,0.009819984436035156,0.0851726084947586,0.0,0.1525096446275711,0.04185156896710396,0.010015621781349182,0.05855005979537964,0.2139759510755539,0.3658679723739624,0.35693150758743286,0.04692491888999939,0.0,0.027036001905798912,0.07493535429239273,0.0017390616703778505,0.011998635716736317,0.4661988317966461,0.0,0.0,0.00020403116650413722,0.0,0.2859749495983124,0.0,0.2993674576282501,0.33247002959251404,0.14678405225276947,0.04184485971927643,0.01421617902815342,0.01534201204776764,0.0,0.0038635660894215107,0.06860636919736862,0.04346666485071182,0.17835476994514465,0.02248631976544857,0.0,0.03580044209957123,0.0,0.06682675331830978,0.005717145744711161,0.0,0.03592634201049805,0.013540834188461304,0.00432470440864563,0.0,0.3360396921634674,0.0,0.0,0.0,0.011448300443589687,0.0,0.12430936098098755,0.009467394091188908,0.005269590299576521,0.017151964828372,0.06783848255872726,0.0,0.0,0.08215072005987167,0.004887905903160572,0.0,0.0,0.017149480059742928,0.0,0.15547490119934082,0.0,0.019313856959342957,0.0,0.03935524821281433,0.00317838485352695,0.041736673563718796,0.19729216396808624,0.10070152580738068,0.0,0.0,0.23633182048797607,0.013459390960633755,0.0,0.02757866680622101,0.02972792647778988,0.2613396942615509,0.1305529922246933,0.02036074735224247,0.0,0.12192290276288986,0.09541302174329758,0.0023180998396128416,0.12332741171121597,0.0,0.0,0.0,0.0,0.03177539259195328,0.014760809950530529,0.12408708781003952,0.12142997235059738,0.003929405938833952,0.11349055916070938,0.03281562402844429,0.02858777716755867,0.0071045816875994205,0.0,0.2538747489452362,0.0,0.0,0.11947806924581528,0.23713140189647675,0.0,0.07387560606002808,0.0,0.0,0.01841636747121811,0.09041149914264679,0.0003650309517979622,0.19290977716445923,0.14959712326526642,0.035637300461530685,0.1977800875902176,0.012557456269860268,0.0073917158879339695,0.0898975282907486,0.0,0.02048194408416748,0.028229687362909317,0.0,0.0,0.0,0.0,0.0,0.040967874228954315,0.03307187184691429,0.31902021169662476,0.015229100361466408,0.21342897415161133,0.014648223295807838,0.04423965886235237,0.337442010641098,0.002534981817007065,0.02206924930214882,0.2408500760793686,0.0,0.02603243850171566,0.0,0.0,0.01418642420321703,0.0,0.03804829344153404,0.0015783228445798159,0.25969117879867554,0.0347227118909359,0.01027507334947586,0.0,0.33571165800094604,0.09664485603570938,0.09475000202655792,0.07593008130788803,0.015383817255496979,0.0,0.04559536650776863,0.051946382969617844,0.017387060448527336,0.0,0.0,0.3693423271179199,0.0,0.023310484364628792,0.06271734088659286,0.0,0.0,0.0,0.0,0.2725619375705719,0.0,0.0,0.004104651510715485,0.09570030868053436,0.0,0.06033584475517273,0.046977318823337555,0.001778542879037559,0.1484697461128235,0.0,0.0,0.17775216698646545,0.10696136951446533,0.19870944321155548,0.08497017621994019,0.0,0.16998045146465302,0.005583915859460831,0.0,0.07512134313583374,0.004493981134146452,0.0,0.35937753319740295,0.4346179962158203,0.21493013203144073,0.01654529944062233,0.0,0.0,0.0,0.0010078269988298416,0.031332727521657944,0.025586146861314774,0.04807702824473381,0.33628615736961365,0.0,0.0192159004509449,0.2949715852737427,0.1516961306333542,0.014058979228138924,0.0,0.0,0.0,0.25324681401252747,0.0,0.45099517703056335,0.06970153003931046,0.0026036840863525867,0.02218029461801052,0.0444430336356163,0.07585025578737259,0.0596744678914547,0.0,0.0,0.0,0.5032318830490112,0.1006401777267456,0.0,0.041910625994205475,0.05049874261021614,0.014015737920999527,0.0,0.4347849488258362,0.0,0.04230000823736191,0.028981806710362434,0.0,0.0026888754218816757,0.0,0.0,0.11833570152521133,0.0,0.18054699897766113,0.03541525453329086,0.0,0.0,0.4430232346057892,0.0,0.11466711014509201,0.0,0.2550187110900879,0.0,0.3017619252204895,0.020598165690898895,0.0604245699942112,0.1044049859046936,0.1542169749736786,0.004517966881394386,0.2475479245185852,0.06699080765247345,0.15954016149044037,0.14535650610923767,0.06855398416519165,0.20427200198173523,0.03400818258523941,0.3524695634841919,0.004712284542620182,0.0,0.042264584451913834,0.06008313596248627,0.0,0.2115153968334198,0.009097959846258163,0.01408938504755497,0.0,0.07226443290710449,0.7879100441932678,0.17311501502990723,0.02455783635377884,0.0,0.21640382707118988,0.18632987141609192,0.0,0.0,0.0045583173632621765,0.0,0.02810702472925186,0.09685593098402023,0.16328950226306915,0.008671414107084274,0.0,0.2536718547344208,0.19696557521820068,0.03294995799660683,0.07402412593364716,0.018536385148763657,0.024990910664200783,0.0,0.2490258514881134,0.026814129203557968,0.002575143240392208,0.0,0.22816096246242523,0.0,0.04670272767543793,0.01205832976847887,0.20468682050704956,0.37521523237228394,0.2634257674217224,0.05484597384929657,0.0,0.045658085495233536,0.022283894941210747,0.0,0.0,0.4911733865737915,0.0,0.007565263658761978,0.0,0.0,0.22011245787143707,0.0,0.15924489498138428,0.3463002145290375,0.11092934012413025,0.02291780337691307,0.02632175385951996,0.016154680401086807,0.0,0.014935711398720741,0.08543577045202255,0.051878422498703,0.19031016528606415,0.006918660365045071,0.0,0.05203720182180405,0.002430466003715992,0.027104774489998817,0.01247197575867176,0.0,0.028797192499041557,0.0,0.018052438274025917,0.0,0.2922423779964447,0.0,0.006531218066811562,0.0,0.007534862961620092,0.0,0.07826769351959229,0.008404596708714962,0.030537547543644905,0.004191500134766102,0.031223855912685394,0.0,0.0,0.2368088960647583,0.036749329417943954,0.0,0.0,0.010744890198111534,0.0,0.04473710060119629,0.0,0.030379576608538628,0.00666317343711853,0.20823118090629578,0.0,0.028696691617369652,0.012015383690595627,0.024520665407180786,0.0,0.0,0.10619356483221054,0.022859835997223854,0.0,0.026955358684062958,0.003726240945979953,0.04587069898843765,0.037090495228767395,0.08535883575677872,0.0,0.19361045956611633,0.12618553638458252,0.0,0.04140438884496689,0.0,0.0,0.0,0.0,0.02619062177836895,0.0,0.1241508424282074,0.0327555313706398,0.0,0.026614796370267868,0.02658422663807869,0.09685712307691574,0.0,0.0,0.0916207879781723,0.004956310614943504,0.006188729777932167,0.08826304972171783,0.32976505160331726,0.0,0.028089238330721855,0.0,0.0,0.008525921031832695,0.2431333363056183,0.0,0.14676183462142944,0.022064795717597008,0.13387852907180786,0.11392822116613388,0.06648281216621399,0.009942286647856236,0.04605909809470177,0.0,0.035323143005371094,0.03272716701030731,0.0,0.0,0.0,0.0,0.0,0.037554167211055756,0.07536044716835022,0.3084615170955658,0.0,0.179529070854187,0.011165432631969452,0.13020770251750946,0.410579115152359,0.0,0.0,0.18275567889213562,0.0,0.05520377680659294,0.0,0.0,0.047062184661626816,0.0,0.005127454176545143,0.0,0.21944841742515564,0.018332278355956078,0.0008703875355422497,0.0,0.19018763303756714,0.10682249069213867,0.18371890485286713,0.09265635907649994,0.016275009140372276,0.0011079779360443354,0.03815322741866112,0.02999594807624817,0.012215547263622284,0.009717436507344246,0.0,0.23036131262779236,0.003274358808994293,0.0,0.07301310449838638,0.0,0.0,0.0,0.0,0.30350252985954285,0.0,0.0,0.0028147022239863873,0.04166276007890701,0.0,0.03598805516958237,0.04286778345704079,0.006839023437350988,0.051818303763866425,0.0,0.0,0.12477481365203857,0.020941542461514473,0.23057445883750916,0.06408359110355377,0.005845719948410988,0.22141486406326294,0.0,0.0,0.08554073423147202,0.050323791801929474,0.0,0.24589897692203522,0.5095770359039307,0.2986169159412384,0.0025203016120940447,0.0,0.0,0.0,0.07623254507780075,0.021172819659113884,0.033401988446712494,0.03302504122257233,0.31032487750053406,0.0007510203868150711,0.0,0.32742953300476074,0.2838101089000702,0.018117755651474,0.0,0.0,0.0,0.20602302253246307,0.0,0.5100954174995422,0.1267443299293518,0.019214611500501633,0.0,0.09379887580871582,0.07704316824674606,0.02335127629339695,0.0,0.0,0.0,0.5233600735664368,0.08054973930120468,0.0,0.028203362599015236,0.020421579480171204,0.02262239344418049,0.0,0.42968428134918213,0.0,0.04811032488942146,0.06712551414966583,0.0,0.0,0.0,0.0,0.0731588751077652,0.019044315442442894,0.20047225058078766,0.02056434564292431,0.0013464234070852399,0.0,0.5675920844078064,0.0028631703462451696,0.04784854128956795,0.038952335715293884,0.34886762499809265,0.0,0.28331953287124634,0.03620120510458946,0.12510524690151215,0.013763181865215302,0.16516408324241638,0.003086095442995429,0.18068736791610718,0.09071166068315506,0.2809162735939026,0.062715545296669,0.13747842609882355,0.27812522649765015,0.13260658085346222,0.4272848069667816,0.00977584719657898,0.0,0.03295329958200455,0.08663979917764664,0.0,0.26757797598838806,0.0002878370869439095,0.008033286780118942,0.008341641165316105,0.17727534472942352,0.8666190505027771,0.20325663685798645,0.11041294783353806,0.0,0.16332490742206573,0.22363528609275818,0.0,0.0,0.0319412536919117,0.0,0.0028087198734283447,0.22411394119262695,0.22878913581371307,0.0274397823959589,0.0,0.1656588912010193,0.20766176283359528,0.05177539959549904,0.12526293098926544,0.003343653166666627,0.04179392382502556,0.0,0.1719585657119751,0.008760415948927402,0.01895035058259964,0.0,0.21766862273216248,0.0,0.010116534307599068,0.03659341484308243,0.35764557123184204,0.2630819082260132,0.3042212128639221,0.030075304210186005,0.0,0.03017457388341427,0.054275717586278915,0.0427432619035244,0.024106772616505623,0.6110469102859497,0.0,0.004510477650910616,0.03799379989504814,0.0,0.2648886442184448,0.0,0.12648290395736694,0.39269569516181946,0.15517787635326385,0.04461921378970146,0.006504606921225786,0.018048981204628944,0.0,0.002121736528351903,0.05803142115473747,0.028538942337036133,0.21580412983894348,0.038724660873413086,0.0,0.05692237243056297,0.0,0.04662466049194336,0.0013244646834209561,0.019867347553372383,0.058691803365945816,0.005014900583773851,0.006378791760653257,0.0,0.212026447057724,0.0009663595701567829,0.00046233218745328486,0.0,0.0010434341384097934,0.0,0.07069789618253708,0.021706948056817055,0.009458056651055813,0.014377485029399395,0.12989015877246857,0.0,0.0,0.1383938193321228,0.08084172755479813,0.0,0.0,0.008541158400475979,0.0,0.0708509087562561,0.0,0.02854057587683201,0.0,0.007429028395563364,0.0,0.03235877677798271,0.09014124423265457,0.06576642394065857,0.0,0.0,0.1724730283021927,0.05662604793906212,0.0,0.027258729562163353,0.03201252594590187,0.14142295718193054,0.16800202429294586,0.022221948951482773,0.0,0.20889891684055328,0.16631364822387695,0.0,0.11185136437416077,0.0,0.0,0.0,0.0,0.03458518907427788,0.008502856828272343,0.2528902292251587,0.058591894805431366,0.0,0.09057755023241043,0.02475256845355034,0.023286907002329826,0.0014018223155289888,0.0,0.1492895931005478,0.0050486354157328606,0.0,0.2429613173007965,0.3664836883544922,0.0,0.08207130432128906,0.0,0.0,0.0,0.1608315408229828,0.0010995181510224938,0.24901962280273438,0.04774283990263939,0.03189683333039284,0.08440715819597244,0.0,0.0022241994738578796,0.046401601284742355,0.0,0.07337719202041626,0.032761961221694946,0.0,0.00041289013461209834,0.0,0.0,0.0,0.028882887214422226,0.14590595662593842,0.3737374246120453,0.008660418912768364,0.19689638912677765,0.02666306309401989,0.05185505375266075,0.42386767268180847,0.0,0.01273128017783165,0.18620626628398895,0.0,0.06565437465906143,0.0,0.0,0.010976877063512802,0.0,0.027278747409582138,0.0,0.3959762454032898,0.0016902019269764423,0.012113666161894798,0.0,0.23404833674430847,0.10212022066116333,0.25951671600341797,0.131648451089859,0.013376005925238132,0.005271836183965206,0.04529372975230217,0.03181225433945656,0.008256272412836552,0.0,0.0,0.23456543684005737,0.0,0.006568774580955505,0.0201848354190588,0.0,0.0,0.0,0.0,0.36052319407463074,0.0,0.0,0.0,0.0752643272280693,0.0,0.03731647506356239,0.052898555994033813,0.007450631354004145,0.10962489992380142,0.0,0.0,0.13224169611930847,0.11175651103258133,0.1869031935930252,0.056745775043964386,0.0,0.1832827478647232,0.0,0.0,0.08155672252178192,0.06412387639284134,0.0,0.3507649004459381,0.5791354775428772,0.24534006416797638,0.02875284105539322,0.0,0.0015852813376113772,0.0,0.04718482121825218,0.02119634859263897,0.005843504332005978,0.13750629127025604,0.3933342695236206,0.0,0.00891523901373148,0.27699413895606995,0.29844582080841064,0.018582923337817192,0.0,0.010311254300177097,0.003736095502972603,0.17967745661735535,0.007342557422816753,0.44367194175720215,0.10190776735544205,0.0,0.002168185543268919,-0.1526423692703247
111,0.0,0.051973167806863785,0.04251860827207565,0.0,0.0,0.0,0.374125599861145,0.14216656982898712,0.0,0.0040811956860125065,0.09431400895118713,0.017819851636886597,0.0,0.29399585723876953,0.0,0.039432745426893234,0.03681717813014984,0.0,0.0,0.0,0.0,0.1578187495470047,0.0,0.41451725363731384,0.01986616477370262,0.0,0.0,0.48449692130088806,0.0,0.08300506323575974,0.0054086958989501,0.19898410141468048,0.0,0.3540365993976593,0.0194373968988657,0.0721130296587944,0.06405611336231232,0.13096949458122253,0.025078976526856422,0.26948991417884827,0.0,0.1324494332075119,0.09867749363183975,0.08083540201187134,0.3007005453109741,0.0016554880421608686,0.1957714557647705,0.023145906627178192,0.0,0.056970443576574326,0.05095796287059784,0.0,0.16955578327178955,0.0004183888668194413,0.0,0.045961473137140274,0.02872515842318535,0.5510819554328918,0.07492052018642426,0.01114168856292963,0.0,0.25655293464660645,0.03855755925178528,0.0,0.0,0.0,0.0,0.11635904014110565,0.029739145189523697,0.0467229038476944,0.0,0.0,0.15046115219593048,0.19532327353954315,0.0063833752647042274,0.10067253559827805,0.018646208569407463,0.14216896891593933,0.0,0.19709330797195435,0.055219605565071106,0.01228279247879982,0.0,0.17042741179466248,0.11007602512836456,0.025109078735113144,0.0036139762960374355,0.09222759306430817,0.4374137222766876,0.26507556438446045,0.03621470555663109,0.0007431092672049999,0.0431426540017128,0.10100138932466507,0.0032201786525547504,0.0,0.35634124279022217,0.0,0.0,0.04209904000163078,0.0,0.15440671145915985,0.0,0.3538205921649933,0.37624940276145935,0.03539677709341049,0.027875801548361778,0.03694229945540428,0.0,0.0,0.023932084441184998,0.06683731079101562,0.03857230395078659,0.1472746878862381,0.0,0.0,0.017448564991354942,0.013682099059224129,0.025355223566293716,0.006073353346437216,0.03446206450462341,0.009634767659008503,0.0,0.0,0.001365523785352707,0.453683078289032,0.0,0.0,0.0,0.0,0.0,0.06829015165567398,0.0,0.01485480647534132,0.02680688351392746,0.0,0.0,0.0,0.08103808015584946,0.0005295251030474901,0.0,0.0022249852772802114,0.049172986298799515,0.0,0.09714701771736145,0.019205620512366295,0.0,0.019666390493512154,0.22130335867404938,0.0,0.016542360186576843,0.08633645623922348,0.06526223570108414,0.0,0.0,0.01124546118080616,0.016609493643045425,0.0,0.002631234936416149,0.0,0.19052299857139587,0.010351099073886871,0.018687792122364044,0.0,0.1437768191099167,0.0823761597275734,0.0,0.05980518087744713,0.0,0.0,0.0,0.0,0.003995286766439676,0.0,0.0035435683093965054,0.17521341145038605,0.0,0.015063242986798286,0.06885284930467606,0.013816693797707558,0.0037424853071570396,0.0,0.20376841723918915,0.0,0.009998228400945663,0.014962038025259972,0.16113132238388062,0.0,0.0,0.0,0.0,0.043708041310310364,0.146917924284935,0.0,0.11688414216041565,0.0921238511800766,0.03623949736356735,0.20228376984596252,0.11532709747552872,0.0,0.057911910116672516,0.0,0.010865967720746994,0.00974353775382042,0.0,0.0,0.004322890192270279,0.0,0.0,0.0,0.03683800995349884,0.21097195148468018,0.0,0.143644779920578,0.05646635591983795,0.11994148790836334,0.2913605570793152,0.0,0.0,0.31385964155197144,0.0,0.0,0.0,0.0,0.059383608400821686,0.0,0.033296652138233185,0.0024948623031377792,0.12513220310211182,0.149562805891037,0.0,0.0,0.24316763877868652,0.0874001681804657,0.2258383333683014,0.14218159019947052,0.0,0.0,0.04263334721326828,0.012110619805753231,0.0,0.020973414182662964,0.0,0.3544909954071045,0.002842002548277378,0.017507443204522133,0.07326656579971313,0.0,0.0,0.0,0.0,0.30254319310188293,0.0,0.0,0.0,0.05001820623874664,0.0,0.0428989976644516,0.022103480994701385,0.0,0.09038493037223816,0.001189625822007656,0.0,0.09171472489833832,0.0028025973588228226,0.4413549304008484,0.06589047610759735,0.019589312374591827,0.14487068355083466,0.0,0.0,0.06787454336881638,0.04462876170873642,0.0,0.22305046021938324,0.31650078296661377,0.24462813138961792,0.0,0.0,0.0,0.002750006504356861,0.012781224213540554,0.022631794214248657,0.06413773447275162,0.0022484525106847286,0.23865260183811188,0.0,0.008802637457847595,0.44734811782836914,0.2614743411540985,0.02725202776491642,0.0,0.0,0.0,0.30494624376296997,0.0,0.42476630210876465,0.09705168753862381,0.025927359238266945,0.0035884156823158264,0.2500429153442383,0.0638703852891922,0.013276522979140282,0.0,0.0,0.0,0.335460901260376,0.049788158386945724,0.016848094761371613,0.01959373988211155,0.1192018985748291,0.11472751200199127,0.0,0.22303742170333862,0.275554895401001,0.0,0.011928926222026348,0.1315649449825287,0.08957014977931976,0.0,0.02314114011824131,0.05358079448342323,0.0,0.2887517809867859,0.26961269974708557,0.0,0.0,0.3938469886779785,0.0,0.024858009070158005,0.0,0.31233859062194824,0.0003373372310306877,0.15237268805503845,0.10395126044750214,0.0,0.02825348637998104,0.04021443799138069,0.08813821524381638,0.1840033382177353,0.3005979061126709,0.012325461022555828,0.21747583150863647,0.006009830627590418,0.13705050945281982,0.0,0.30970993638038635,0.0,0.0,0.1713206022977829,0.008313809521496296,0.0,0.7282446026802063,0.0,0.0,0.20541594922542572,0.013050656765699387,0.7356860637664795,0.1978560835123062,0.016076266765594482,0.0,0.05456430837512016,0.27335992455482483,0.11752321571111679,0.0,0.0,0.0,0.6495761871337891,0.28292107582092285,0.23540566861629486,0.0,0.0,0.0951356366276741,0.87591552734375,0.0,0.011612892150878906,0.2339518815279007,0.0,0.0,0.16672880947589874,0.11369683593511581,0.0,0.00036079506389796734,0.1806754320859909,0.3276730477809906,0.05284794420003891,0.0,0.4302669167518616,0.6218665242195129,0.29355674982070923,0.07273878157138824,0.37453848123550415,0.10167412459850311,0.0,0.00668615847826004,0.18335746228694916,0.4867174029350281,0.0,0.0,0.035921595990657806,0.35149332880973816,0.536053478717804,0.0,0.31586953997612,0.1929216831922531,0.0,0.015755467116832733,0.29121696949005127,0.001494853408075869,0.0,0.37530675530433655,0.10510722547769547,0.0,0.20799696445465088,0.1065419390797615,0.007077335380017757,0.1708323061466217,0.3270508050918579,0.0,0.008606871590018272,0.21753911674022675,0.2720661759376526,0.0,0.0,0.1955406665802002,0.08650822192430496,0.0,0.0010077859042212367,0.2563461661338806,0.0,0.0,0.1235080361366272,0.005301470868289471,0.06921247392892838,0.0014578565023839474,0.25411954522132874,0.06033007800579071,0.0,0.19352535903453827,0.00040933964191935956,0.0,0.0,0.0,0.0,0.006377942394465208,0.04870814085006714,0.10578322410583496,0.02078287862241268,0.21005618572235107,0.0,0.0,0.02132727950811386,0.005392902530729771,0.0,0.0,0.13515642285346985,0.03502452000975609,0.0085755018517375,0.0,0.0,0.012197330594062805,0.01801108941435814,0.11926230043172836,0.0,0.010834737680852413,0.190739706158638,0.0,0.0,0.20849807560443878,0.0,0.06149435043334961,0.194657564163208,0.006038543302565813,0.0,0.5568512082099915,0.2211374044418335,0.0,0.011748124845325947,0.15001870691776276,0.032415203750133514,0.02200070209801197,0.0011994927190244198,0.08872040361166,0.004859786480665207,0.04872555658221245,0.10332979261875153,0.25541579723358154,0.0,0.0,0.0,0.0,0.5019413232803345,0.4043756425380707,0.0,0.2039462924003601,0.039559438824653625,0.13154399394989014,0.052669938653707504,0.44153380393981934,0.0,0.0824648067355156,0.0,0.005600187927484512,0.2277863770723343,0.012270423583686352,0.0,0.0857437252998352,0.5047435760498047,0.20843666791915894,0.04430871084332466,0.25779929757118225,0.5319267511367798,0.0,0.0,0.17708635330200195,0.034176524728536606,0.13577845692634583,0.0,0.0,0.1851639300584793,0.0,0.1314733922481537,0.2327018678188324,0.007826641201972961,0.18963861465454102,0.004223279654979706,0.4379979968070984,0.1710011512041092,0.31821128726005554,0.2796030640602112,0.09001155942678452,0.21803900599479675,0.10892681032419205,0.002505057957023382,0.06594624370336533,0.035082537680864334,0.0,0.0,0.0,0.02697053551673889,0.003304495243355632,0.0025778908748179674,0.013915243558585644,0.03129402920603752,0.21776752173900604,0.1900121569633484,0.05986658111214638,0.0031792446970939636,0.0,0.007395695894956589,0.0,0.7434573173522949,0.0,0.0,0.07460236549377441,0.0,0.0,0.016842026263475418,0.0071949041448533535,0.0,0.004167447332292795,0.19811606407165527,0.12371603399515152,0.01365527044981718,0.0,0.9271535277366638,0.0,0.06858193874359131,0.06732801347970963,0.0,0.0,0.17549438774585724,0.22491100430488586,0.0,0.061167020350694656,0.21867959201335907,0.0853915736079216,0.0,0.15760159492492676,0.0,0.256428986787796,0.02494940161705017,0.0,0.41839471459388733,0.012825747020542622,0.2629847228527069,0.0,0.0,0.18316690623760223,0.06727590411901474,0.02873341739177704,0.0,0.0,0.4921342730522156,0.21688398718833923,0.0,0.12653911113739014,0.6669278740882874,0.035688616335392,0.0030347537249326706,0.13184471428394318,0.041418690234422684,0.01390990149229765,0.0,0.0,0.0,0.2792089879512787,0.13755249977111816,0.009570131078362465,0.02420821227133274,0.19159670174121857,0.11226151883602142,0.0,0.2706216871738434,0.27520450949668884,0.0,0.01385525893419981,0.15957818925380707,0.07963567227125168,0.0,0.020610013976693153,0.1202557235956192,0.0,0.42283180356025696,0.1115611270070076,0.0,0.0,0.4978548586368561,0.0022678349632769823,0.01878790743649006,0.0028216619975864887,0.3068031668663025,0.0,0.2065059244632721,0.08039458096027374,0.005678832530975342,0.013286685571074486,0.03559946268796921,0.14865709841251373,0.2571825087070465,0.14175772666931152,0.05248887464404106,0.17601533234119415,0.014645540155470371,0.2542005479335785,0.0,0.2348383218050003,0.0,0.0,0.13001422584056854,0.0,0.0,0.662144660949707,0.0,0.0,0.24620655179023743,0.026956068351864815,0.6615914106369019,0.12337779998779297,0.03437380865216255,0.0,0.18024300038814545,0.2053094357252121,0.10278940200805664,0.0,0.0,0.0,0.6253131031990051,0.18929195404052734,0.17683210968971252,0.0,0.0,0.045980874449014664,0.6205266714096069,0.0,0.11865641176700592,0.20086915791034698,0.02608611434698105,0.0,0.11513093113899231,0.07988730072975159,0.0,0.0067602177150547504,0.18819783627986908,0.3747885525226593,0.028794731944799423,0.0,0.3346455991268158,0.5734683275222778,0.1979592889547348,0.042992524802684784,0.35098448395729065,0.04279869422316551,0.013254769146442413,0.009353581815958023,0.09354545176029205,0.41605138778686523,0.0,0.000671413610689342,0.08632173389196396,0.2443295121192932,0.40806761384010315,0.0,0.34480562806129456,0.1813434362411499,0.007725839968770742,0.012679072096943855,0.19934535026550293,0.0,0.0,0.34386906027793884,0.051561083644628525,0.0,0.18070398271083832,0.032640714198350906,0.002467163372784853,0.10251869261264801,0.24868986010551453,0.0,0.00825032964348793,0.27581948041915894,0.14466556906700134,0.0,0.0,0.22797830402851105,0.16450925171375275,0.0,0.0,0.2437049299478531,0.0,0.0,0.1373053640127182,0.00351496459916234,0.043794840574264526,0.008669414557516575,0.14918740093708038,0.031722988933324814,0.0,0.11457257717847824,0.009364038705825806,0.0,0.0,0.0,0.0,0.010890140198171139,0.018919242545962334,0.03651044890284538,0.008276176638901234,0.1355426013469696,0.0,0.0,0.0278814397752285,0.00976333487778902,0.0,0.0,0.05408293008804321,0.09103990346193314,0.0,0.0,0.0010749929351732135,0.04204900935292244,0.014312637969851494,0.03562536835670471,0.0023710511159151793,0.04043669253587723,0.1630125790834427,0.0,0.0,0.15228205919265747,0.0,0.035256899893283844,0.114342600107193,0.0029367362149059772,0.0,0.3311990201473236,0.2338273823261261,0.0,0.0012137831654399633,0.14926740527153015,0.008998274803161621,0.02963484264910221,0.005615954753011465,0.07689852267503738,0.0034004796762019396,0.02696358785033226,0.07338812202215195,0.1900450885295868,0.0,0.0,0.0,0.0,0.39114508032798767,0.28560125827789307,0.0,0.15480633080005646,0.07552879303693771,0.06616617739200592,0.09470890462398529,0.3937416672706604,0.0,0.05375346168875694,0.0,0.003574528731405735,0.11073163151741028,0.003765644272789359,0.0,0.04588254168629646,0.4407217800617218,0.1967630386352539,0.037259988486766815,0.22003576159477234,0.35243529081344604,0.0,0.0,0.2541438639163971,0.021976344287395477,0.10444322228431702,0.000473794003482908,0.0,0.20948989689350128,0.0,0.06956962496042252,0.16750521957874298,0.0017385748215019703,0.13013528287410736,0.00203702156431973,0.23769129812717438,0.2111133486032486,0.25254514813423157,0.30281317234039307,0.0322042852640152,0.11359265446662903,0.15917430818080902,0.010746297426521778,0.21363210678100586,0.03463580831885338,0.0,0.0,0.004834318999201059,0.0212103258818388,0.011109797284007072,0.0010179190430790186,0.008370366878807545,0.07370619475841522,0.19829995930194855,0.20620574057102203,0.031039072200655937,0.0031690867617726326,0.0,0.005399665795266628,0.0,0.663657009601593,0.0,0.0,0.04415461793541908,0.0,0.0,0.007228704169392586,0.016395872458815575,0.0,0.006781681440770626,0.12955519556999207,0.07459893077611923,0.021025752648711205,0.0,0.8670440316200256,0.0,0.05924217030405998,0.036990925669670105,0.0,0.0,0.10240790247917175,0.2606527507305145,0.0,0.1786874383687973,0.15954138338565826,0.07793369889259338,0.0,0.13351242244243622,0.0,0.21569497883319855,0.0070975953713059425,0.0,0.3370220363140106,0.025883836671710014,0.20460769534111023,0.0,0.0,0.3084465265274048,0.15238900482654572,0.026871275156736374,0.0,0.0,0.30672404170036316,0.28853702545166016,0.0,0.12436947971582413,0.5239647030830383,0.05580158904194832,0.002610535593703389,-0.17556177079677582
112,0.2938356101512909,0.1227269396185875,0.21596424281597137,0.0,0.0,0.0,0.8851597905158997,0.0,0.014155596494674683,0.29749301075935364,0.0,0.0,0.0,0.5164159536361694,0.0,0.1590624749660492,0.05402419716119766,0.0,0.0,0.0,0.0,0.0,0.02507593110203743,0.013667652383446693,0.12309308350086212,0.013499096035957336,0.0,0.6662677526473999,0.06754399836063385,0.031231900677084923,0.11768078804016113,0.4254717528820038,0.0,0.03803813457489014,0.1541692465543747,0.07068108767271042,0.0,0.4906601011753082,0.024001389741897583,0.003120020730420947,0.6144158244132996,0.2729329466819763,0.1081928163766861,0.0986732766032219,0.14002002775669098,0.582213819026947,0.7020936012268066,0.021339422091841698,0.0,0.10111027956008911,0.21760264039039612,0.0,0.14757880568504333,0.012181910686194897,0.12230134010314941,0.0,0.6754289865493774,1.4218438863754272,0.5517569780349731,0.12864099442958832,0.0,0.0,0.4388497471809387,0.0,0.0,0.09830973297357559,0.0,0.0,0.5003424882888794,0.2847082018852234,0.37648364901542664,0.0,0.5531821250915527,0.4171430766582489,0.34860584139823914,0.005943004973232746,0.10013393312692642,0.01866343431174755,0.0,0.16061554849147797,0.015843508765101433,0.006443396210670471,0.0,0.24304428696632385,0.0,0.01705504208803177,0.0021788552403450012,0.4974845051765442,0.23435811698436737,0.39047518372535706,0.2989770770072937,0.0,0.009717526845633984,0.11683100461959839,0.0,0.2648296356201172,0.7960958480834961,0.0,0.03135275840759277,0.0,0.002349013229832053,0.3745461404323578,0.007155656814575195,0.017414016649127007,0.5647628903388977,0.4909447729587555,0.194431871175766,0.041392844170331955,0.19712769985198975,0.0,0.0,0.097533218562603,0.2763754427433014,0.4713403284549713,0.6726646423339844,0.0,0.08940394967794418,0.01664816588163376,0.20440581440925598,0.0669822096824646,0.0,0.45186424255371094,0.20070810616016388,0.008493750356137753,0.0,0.0,0.0,0.37949487566947937,0.0,0.012012056075036526,0.0,0.0018989489180967212,0.42397117614746094,0.047498323023319244,0.14499206840991974,0.589181125164032,0.0,0.0,0.383912056684494,0.07331107556819916,0.0,0.0,0.12655089795589447,0.0,0.1404617875814438,0.0,0.4588763415813446,0.00011086017184425145,0.0,0.0,0.005170671734958887,0.42232438921928406,0.07572504132986069,0.0,0.0,0.8337776064872742,0.06230107694864273,0.0,0.017378468066453934,0.07304259389638901,0.5681642293930054,0.27872273325920105,0.19383186101913452,0.0,0.1833799183368683,0.24070215225219727,0.0,0.38362130522727966,0.0,0.0,0.010671925731003284,0.0,0.0025681511033326387,0.021292610093951225,0.9132615923881531,0.0,0.03488936647772789,0.45757928490638733,0.0,0.04474512115120888,0.0,0.0,0.17076340317726135,0.1348239928483963,0.0,0.4834468364715576,0.7130151391029358,0.013132288120687008,0.6338921189308167,0.0,0.0,0.0,0.1818908303976059,0.04078112915158272,0.31988975405693054,0.19884398579597473,0.044817663729190826,0.2733651101589203,0.0,0.34894347190856934,0.17884722352027893,0.0,0.07489974796772003,0.41684308648109436,0.0,0.014821243472397327,0.0,0.0,0.0,0.16897475719451904,0.10141202062368393,0.636853814125061,0.031764086335897446,0.528606116771698,0.0,0.23201170563697815,0.806786835193634,0.0,0.19322644174098969,0.1522952765226364,0.0,0.45927801728248596,0.0,0.08787636458873749,0.029848609119653702,0.0017822101945057511,0.43623819947242737,0.0,0.8252312541007996,0.0,0.25155845284461975,0.03476683050394058,0.4145831763744354,0.17981845140457153,0.03060896508395672,0.3296317756175995,0.4372631013393402,0.0,0.06352093815803528,0.030109314247965813,0.21644531190395355,0.0,0.0021792296320199966,0.2672531008720398,0.0,0.01586179807782173,0.01430684793740511,0.0,0.0,0.0,0.0,0.29194536805152893,0.0,0.0,0.01564343273639679,0.7194657921791077,0.014765891246497631,0.11697208136320114,0.04678322374820709,0.13261258602142334,0.13425710797309875,0.0,0.0008579731220379472,0.3556729853153229,0.534029483795166,0.0,0.27212604880332947,0.0,0.3537173271179199,0.0,0.05130459740757942,0.33310362696647644,0.0,0.0,0.7029582858085632,1.0354692935943604,0.36634016036987305,0.38936927914619446,0.0,0.0,0.0,0.0898631289601326,0.07136956602334976,0.02328616939485073,0.3065605163574219,0.668428897857666,0.0,0.0855339989066124,0.05334167554974556,0.18058405816555023,0.08044854551553726,0.0,0.061173804104328156,0.0,0.007732123136520386,0.12285417318344116,0.5892371535301208,0.06804404407739639,0.050128210335969925,0.0847257524728775,0.21135397255420685,0.16368333995342255,0.3006960451602936,0.002022149972617626,0.0,0.0,0.6620597839355469,0.007338314782828093,0.01444399543106556,0.2242066115140915,0.11454814672470093,0.0,0.006280526518821716,0.4398556649684906,0.0,0.009850467555224895,0.01355209480971098,0.0,0.029359210282564163,0.002865022514015436,0.0,0.008065898902714252,0.04125101491808891,0.22342093288898468,0.15631404519081116,0.0,0.0,0.5896819829940796,0.051792412996292114,0.03436441347002983,0.020618952810764313,0.3704442083835602,0.0,0.03597940132021904,0.2675250470638275,0.03427460417151451,0.024952037259936333,0.41178885102272034,0.06738121807575226,0.0063053942285478115,0.45375940203666687,0.1704915314912796,0.24578538537025452,0.06500820815563202,0.14888985455036163,0.37461671233177185,0.365071564912796,0.00728614954277873,0.0,0.08387341350317001,0.049301937222480774,0.024698102846741676,0.33403024077415466,0.0024955717381089926,0.04790530726313591,0.0,0.6341126561164856,1.0662723779678345,0.47533494234085083,0.07243207842111588,0.0,0.0,0.29114994406700134,0.0,0.0,0.030841363593935966,0.003048443468287587,0.11773202568292618,0.39951276779174805,0.3035438358783722,0.2064230740070343,0.0,0.2849150598049164,0.35565266013145447,0.1292908489704132,0.0032504878472536802,0.16454321146011353,0.027914052829146385,0.05700276419520378,0.07382573932409286,0.09183510392904282,0.0,0.004968573804944754,0.16115079820156097,0.15292750298976898,0.036931272596120834,0.006592522840946913,0.4098944365978241,0.4637494683265686,0.23136471211910248,0.1696758270263672,0.17911551892757416,0.13305436074733734,0.19771039485931396,0.0,0.3549935817718506,0.6166591644287109,0.0,0.0038551469333469868,0.0,0.12752480804920197,0.4324106276035309,0.0,0.23713107407093048,0.27916571497917175,0.35417088866233826,0.13047058880329132,0.20352843403816223,0.13989180326461792,0.0,0.011352458968758583,0.10612738132476807,0.127827450633049,0.32633140683174133,0.511719822883606,0.0,0.1708398014307022,0.1291632205247879,0.08304929733276367,0.05834691599011421,0.0,0.5261316299438477,0.21322683990001678,0.0,0.0,0.011463630944490433,0.0,0.28547045588493347,0.019630268216133118,0.0,0.0,0.0010322887683287263,0.3106068968772888,0.07316531985998154,0.054214298725128174,0.3361462354660034,0.0,0.0,0.2943195402622223,0.03190044313669205,0.0,0.0,0.10404369980096817,0.0,0.1476890742778778,0.005969866644591093,0.2932624816894531,0.01536628883332014,0.09134518355131149,0.0,0.0,0.40263253450393677,0.020653344690799713,0.0,0.0,0.8684978485107422,0.075149767100811,0.018069501966238022,0.010028261691331863,0.042474403977394104,0.4163159430027008,0.22669334709644318,0.17270304262638092,0.0,0.07547541707754135,0.1286180317401886,0.0013771954691037536,0.20559315383434296,0.005333349108695984,0.0,0.06609470397233963,0.004401098471134901,0.02549971640110016,0.02965303137898445,0.781672477722168,0.07660334557294846,0.02138376608490944,0.16806825995445251,0.01080312766134739,0.018513699993491173,0.0,0.042925164103507996,0.12901437282562256,0.04174438863992691,0.01700666919350624,0.2911026179790497,0.46161794662475586,0.0,0.521885335445404,0.0,0.0,0.016904396936297417,0.10552322864532471,0.0,0.1781127154827118,0.4355640411376953,0.22152642905712128,0.1534048169851303,0.09620432555675507,0.2731040120124817,0.11747045814990997,0.0,0.09102772921323776,0.3304016590118408,0.0,0.0018539518350735307,0.03087480179965496,0.0,0.0910230204463005,0.21245895326137543,0.09627927094697952,0.4468301832675934,0.000563003879506141,0.39303451776504517,0.05527415871620178,0.0703425481915474,0.5113773345947266,0.018741104751825333,0.09145786613225937,0.12788067758083344,0.005904513876885176,0.3377918004989624,0.1075432226061821,0.1490030288696289,0.05730927735567093,0.0050107515417039394,0.5648149251937866,0.07215465605258942,0.5766286849975586,0.007657333742827177,0.2248346358537674,0.06827103346586227,0.44339719414711,0.17542152106761932,0.024963874369859695,0.1377827674150467,0.23502187430858612,0.0,0.01472224947065115,0.007736827712506056,0.1735798716545105,0.01623666286468506,0.005489659495651722,0.12048237770795822,0.07032069563865662,0.1927460879087448,0.07577567547559738,0.0,0.0,0.0,0.0,0.394935667514801,0.0,0.0,0.07308560609817505,0.49655094742774963,0.0072781117632985115,0.04997655376791954,0.054081499576568604,0.09324093908071518,0.023699847981333733,0.0,0.07982303202152252,0.19840936362743378,0.4267433285713196,0.1031820997595787,0.12373550236225128,0.05542928725481033,0.13857121765613556,0.0,0.0081739891320467,0.17589424550533295,0.0,0.0,0.8221926093101501,0.5827541947364807,0.23567628860473633,0.2619774043560028,0.003103991039097309,0.0,0.04674599692225456,0.08386930078268051,0.060932695865631104,0.17490558326244354,0.23034024238586426,0.47793886065483093,0.006964626256376505,0.06950539350509644,0.08496613800525665,0.092059426009655,0.1277420073747635,0.0,0.005977871362119913,0.05714227631688118,0.0987311527132988,0.03154429420828819,0.3692677915096283,0.1976015567779541,0.12157999724149704,0.06478565186262131,0.23997743427753448,0.17799556255340576,0.21131789684295654,0.0,0.0,0.0,0.8107213377952576,0.008493230678141117,0.007162503432482481,0.2898366153240204,0.0035235348623245955,0.0,0.0035085889976471663,0.5422655344009399,0.0,0.05652429535984993,0.07029280066490173,0.0,0.0,0.011158826760947704,0.0,0.033070337027311325,0.058256324380636215,0.04325023293495178,0.09772944450378418,0.0010156752541661263,0.0,0.6918741464614868,0.06556906551122665,0.011419500224292278,0.03243334963917732,0.476541668176651,0.0,0.07126323133707047,0.2181684821844101,0.11082775890827179,0.0,0.3915049433708191,0.04116673767566681,0.04227844625711441,0.5413204431533813,0.3460647761821747,0.12956446409225464,0.14008264243602753,0.18608658015727997,0.5572922825813293,0.6019906401634216,0.021308215335011482,0.0,0.08330108970403671,0.1653057187795639,0.015379027463495731,0.28737184405326843,0.012006232514977455,0.07483062148094177,0.0,0.7401688098907471,1.3846666812896729,0.5847348570823669,0.16806654632091522,0.0,0.04484941437840462,0.4771115183830261,0.0,0.0,0.12735629081726074,0.004151228815317154,0.0,0.5479699969291687,0.37530189752578735,0.2489682286977768,0.0,0.380606472492218,0.33971256017684937,0.27745816111564636,0.048269324004650116,0.1104295626282692,0.018747245892882347,0.0,0.08379489928483963,0.024820124730467796,0.0,0.00011639826698228717,0.2324240803718567,0.0019807745702564716,0.009457929991185665,0.007679624017328024,0.6089271903038025,0.22885814309120178,0.31277740001678467,0.19261907041072845,0.006083658896386623,0.01659237965941429,0.12781211733818054,0.009164134040474892,0.290983647108078,0.8778184652328491,0.0,0.043275319039821625,0.016284126788377762,0.010061183013021946,0.47493553161621094,0.0,0.0449058897793293,0.45457738637924194,0.46725425124168396,0.17177295684814453,0.050673022866249084,0.17038562893867493,0.0,0.0,0.06323280930519104,0.19348499178886414,0.42901331186294556,0.5889565348625183,0.0,0.1427287757396698,0.03340805694460869,0.1508912295103073,0.05108238384127617,0.0,0.42802420258522034,0.18697844445705414,0.0038174970541149378,0.0,0.0,0.0,0.29069358110427856,0.0,0.007930862717330456,0.0,0.028265254572033882,0.3924420475959778,0.03689177334308624,0.09834086149930954,0.47803714871406555,0.0,0.0,0.3176601827144623,0.07648954540491104,0.0,0.0,0.12507790327072144,0.0,0.09396333247423172,0.0,0.3540351390838623,0.0027970452792942524,0.0,0.0,0.0007261457503773272,0.3796241283416748,0.02971840836107731,0.0,0.0,0.8151540160179138,0.09809296578168869,0.0,0.024023642763495445,0.051359474658966064,0.5157500505447388,0.32262858748435974,0.09099863469600677,0.005560237914323807,0.18827594816684723,0.22034677863121033,0.0,0.30914175510406494,0.0,0.0,0.024255018681287766,0.0026385232340544462,0.0,0.031274739652872086,0.9569953083992004,0.020705988630652428,0.024032840505242348,0.3057843744754791,0.0,0.010831753723323345,0.0,0.0023640491999685764,0.1206892654299736,0.05478769913315773,0.0,0.5111371278762817,0.6898655295372009,0.01924460008740425,0.6316826939582825,0.0,0.0,0.0,0.16178683936595917,0.015494071878492832,0.32427066564559937,0.2994060218334198,0.026346659287810326,0.16332654654979706,0.0,0.3494894802570343,0.14777009189128876,0.0,0.14590397477149963,0.3458261489868164,0.0,0.018042776733636856,0.0,0.0,0.0,0.17990371584892273,0.16111530363559723,0.6432417035102844,0.027786221355199814,0.49259066581726074,0.0,0.11227957904338837,0.7014286518096924,0.012159310281276703,0.14561577141284943,0.11734338849782944,0.00872444361448288,0.4074232280254364,0.007586016319692135,0.13183993101119995,0.011198904365301132,0.02533251978456974,0.4423113465309143,0.0,0.8011587858200073,0.0,0.1963394433259964,0.052489668130874634,0.3720085024833679,0.14589212834835052,0.08119767904281616,0.25937336683273315,0.39361754059791565,0.0,0.040349893271923065,0.01020385604351759,0.21130406856536865,0.0,0.012069439515471458,0.1780036836862564,0.0,0.11699199676513672,0.0035284648183733225,0.0,0.0,0.0020384113304316998,0.0,0.3983973562717438,0.0,0.0,0.03447749838232994,0.5441756844520569,0.011810996569693089,0.07594908028841019,0.09827934205532074,0.08514793962240219,0.0780860111117363,0.0,0.014681973494589329,0.2288770228624344,0.5680659413337708,0.04116936773061752,0.22172021865844727,0.0,0.2775498926639557,0.0,0.038936350494623184,0.22508907318115234,0.0,0.0,0.7823494076728821,0.9087396860122681,0.267665296792984,0.36940914392471313,0.0,0.0,0.009773657657206059,0.08380670845508575,0.05522626265883446,0.030269896611571312,0.3521686792373657,0.617445707321167,0.0019997854251414537,0.08226603269577026,0.05615174025297165,0.21551208198070526,0.04810277745127678,0.0,0.09657349437475204,2.361598853894975e-05,0.02390345372259617,0.11923687160015106,0.4311246871948242,0.11529728025197983,0.06009483337402344,0.06466872245073318,-1.2979474067687988
113,0.007284971419721842,0.06616643071174622,0.03459453210234642,0.0,0.0,0.0,0.5203761458396912,0.09009060263633728,0.0,0.00962531752884388,0.048428475856781006,0.010219402611255646,0.0,0.32079964876174927,0.0,0.08275346457958221,0.058243848383426666,0.0,0.0,0.0,0.0,0.06778167933225632,0.0,0.28714609146118164,0.014897527173161507,0.0,0.0,0.44128838181495667,0.005019736010581255,0.083610899746418,0.023818284273147583,0.25879716873168945,0.0,0.29221081733703613,0.026216911152005196,0.07249392569065094,0.0664793848991394,0.17290079593658447,0.00554239097982645,0.22107575833797455,0.013379820622503757,0.17158663272857666,0.09500882029533386,0.10542374104261398,0.26541563868522644,0.05869602784514427,0.32588818669319153,0.031822461634874344,0.0,0.0822635218501091,0.06855230033397675,0.0,0.1332336664199829,0.008244683966040611,0.008440001867711544,0.0,0.07424040138721466,0.641164243221283,0.08390617370605469,0.027647819370031357,0.0,0.19669176638126373,0.08933715522289276,0.0,0.0,0.003834631759673357,0.0,0.00799303874373436,0.08389165997505188,0.11386295408010483,0.0,0.0,0.20571747422218323,0.14843763411045074,0.030802275985479355,0.07130388915538788,0.01464092917740345,0.09287969768047333,0.0,0.21542257070541382,0.025577258318662643,0.053932301700115204,0.0,0.15785986185073853,0.008376071229577065,0.017709944397211075,0.0033766813576221466,0.17433424293994904,0.37746334075927734,0.35212063789367676,0.018912166357040405,0.0,0.06629261374473572,0.08731266856193542,0.0029928809963166714,0.0,0.4515286684036255,0.0,0.0011786477407440543,0.005147651769220829,0.0,0.20492903888225555,0.0,0.25638800859451294,0.38211774826049805,0.057763002812862396,0.03533407673239708,0.013974012807011604,0.0,0.0,0.00046463380567729473,0.07547210156917572,0.056808583438396454,0.16648465394973755,0.011207113973796368,0.0,0.02972336672246456,0.0,0.054474275559186935,0.01101335696876049,0.00030305952532216907,0.00711699016392231,0.0,0.0,0.0,0.39433783292770386,0.0,0.0,0.0,0.0,0.0,0.07760503888130188,0.0,0.03515741974115372,0.02894071862101555,0.0,0.0,0.0,0.16053864359855652,0.019664211198687553,0.0,0.0,0.03586391732096672,0.0,0.0697162076830864,0.011028176173567772,0.009246679954230785,0.012801982462406158,0.14294704794883728,0.0,0.02291359379887581,0.0908048152923584,0.06737667322158813,0.0,0.0,0.07793346047401428,0.005622444674372673,0.0,0.010190203785896301,0.013496574014425278,0.14891384541988373,0.019459739327430725,0.0301881842315197,0.0,0.18945473432540894,0.07989513874053955,0.0,0.08169112354516983,0.0,0.0,0.0,0.0,0.03065486252307892,0.0015255063772201538,0.04877045378088951,0.10915344953536987,0.0,0.06886748224496841,0.023544510826468468,0.054165925830602646,0.0,0.0,0.2174467146396637,0.0,0.004358756355941296,0.06161706894636154,0.2785037159919739,0.0,0.01767593063414097,0.0,0.0011180667206645012,0.00646715983748436,0.18730944395065308,0.0014951449120417237,0.17314031720161438,0.057550858706235886,0.05834529176354408,0.1820397675037384,0.014287828467786312,0.0010294457897543907,0.07067129015922546,0.0,0.020501945167779922,0.0327298641204834,0.0,0.0,0.0,0.0,0.0,0.011024587787687778,0.05684298649430275,0.3096078336238861,0.0,0.23069821298122406,0.0,0.1247008740901947,0.3950786888599396,0.0,0.0,0.2467125505208969,0.0,0.008677740581333637,0.0,0.0,0.016933338716626167,0.0,0.03626465052366257,0.0,0.19893142580986023,0.05073460191488266,0.0,0.0,0.25346389412879944,0.09901508688926697,0.17371121048927307,0.10274258255958557,0.0023458264768123627,0.0007917613256722689,0.0491296760737896,0.01869419775903225,0.0,0.02832416072487831,0.0,0.3619734048843384,0.0,0.0,0.04802706092596054,0.0,0.0,0.0,0.0,0.2646911144256592,0.0,0.0,0.0,0.07404012978076935,0.0,0.061763934791088104,0.03255520015954971,0.007676140870898962,0.12021790444850922,0.0,0.0,0.13953819870948792,0.02781841717660427,0.3219604194164276,0.11817116290330887,0.0,0.19368258118629456,0.0,0.0,0.10886400192975998,0.02703026495873928,0.002155284397304058,0.24040842056274414,0.4739735424518585,0.2936680018901825,0.0,0.0,0.0,0.0,0.0031553630251437426,0.04384185001254082,0.008863493800163269,0.021269766613841057,0.2788349986076355,0.0,0.01814892143011093,0.33995312452316284,0.2384578287601471,0.020679831504821777,0.0,0.0,0.0,0.23930871486663818,0.0,0.49033209681510925,0.059579551219940186,0.010286331176757812,0.002892271615564823,0.0,0.07715131342411041,0.05232983082532883,0.0,0.0,0.0,0.310663104057312,0.15392254292964935,0.0,0.01219667587429285,0.18673762679100037,0.032605379819869995,0.0,0.337782621383667,0.0,0.01334286667406559,0.008154273964464664,0.0032038409262895584,0.021348144859075546,0.0,0.0,0.15904100239276886,0.0,0.46441662311553955,0.02930719032883644,0.003027751110494137,0.0,0.4817729890346527,0.0,0.013680960983037949,0.0,0.21863679587841034,0.0,0.3533931374549866,0.0022717833053320646,0.06205572187900543,0.11029936373233795,0.11406728625297546,0.0,0.24545162916183472,0.0,0.18827638030052185,0.12693683803081512,0.11970527470111847,0.3095019459724426,0.0,0.21057769656181335,0.0024565402418375015,0.0,0.06287043541669846,0.03188205137848854,0.0,0.247951477766037,0.0,0.0,0.12278907001018524,0.006440106313675642,0.5465894937515259,0.020954106003046036,0.0,0.0,0.3211436867713928,0.020438045263290405,0.0,0.0,0.0,0.0,0.21987640857696533,0.011007602326571941,0.013535289093852043,0.0,0.0,0.14861829578876495,0.2389986515045166,0.0,0.18078170716762543,0.059144966304302216,0.09459415078163147,0.0,0.22166655957698822,0.07209870964288712,0.0010217460803687572,0.0,0.26106858253479004,0.10125657916069031,0.033884476870298386,0.0,0.05174585431814194,0.4755078852176666,0.16851824522018433,0.01760760322213173,0.05401819571852684,0.047684796154499054,0.084811732172966,0.02635398879647255,0.0,0.2716040015220642,0.0,0.0,0.04767611622810364,0.0,0.02444402500987053,0.0,0.3277808427810669,0.2992042601108551,0.002136480063199997,0.0344037190079689,0.043878939002752304,0.0,0.0,0.06868065893650055,0.05602439492940903,0.03498957306146622,0.0974908322095871,0.0,0.0,0.011711889877915382,0.03701594099402428,0.011926300823688507,0.0,0.07171474397182465,0.019456567242741585,0.0,0.0027722585946321487,0.015057944692671299,0.3793424963951111,0.0,0.0,0.0,0.0,0.0,0.03432650864124298,0.0,0.029309134930372238,1.6522593796253204e-05,0.0,0.0,0.0,0.16029669344425201,0.016595372930169106,0.0,0.005128323100507259,0.0029658153653144836,0.0,0.046634696424007416,0.0,0.0,0.039433613419532776,0.24594806134700775,0.0,0.01906036213040352,0.005710459314286709,0.03054220788180828,0.0,0.0,0.014565307646989822,0.091872438788414,0.0,0.0069878678768873215,0.0,0.020789818838238716,0.0,0.0456404946744442,0.0,0.1563643366098404,0.07951807975769043,0.012288779951632023,0.018985800445079803,0.01504499837756157,0.0,0.0,0.0,0.027386462315917015,0.0,0.0,0.15413713455200195,0.0,0.0,0.11530216038227081,0.03289139270782471,0.0,0.0,0.15222322940826416,0.0,0.005469050258398056,0.015165169723331928,0.13095541298389435,0.0,0.0,0.0,0.0,0.06668292731046677,0.16969649493694305,0.0,0.0885346531867981,0.06863614916801453,0.07514263689517975,0.14102643728256226,0.19817766547203064,0.0,0.051476139575242996,0.0,0.017494631931185722,0.004756416194140911,0.0,0.0,0.002987462095916271,0.0,0.0,0.0,0.08167773485183716,0.19234919548034668,0.0,0.09764408320188522,0.1373240202665329,0.09468267858028412,0.27345219254493713,0.0,0.0,0.28750672936439514,0.0,0.0029862523078918457,0.0,0.0,0.038355886936187744,0.0,0.020915476605296135,0.0,0.04871159791946411,0.14840592443943024,0.0,0.0,0.20769047737121582,0.11387951672077179,0.3251568675041199,0.08889150619506836,0.0,0.0005190700758248568,0.03109733574092388,0.0,0.0,0.016940981149673462,0.0,0.28948327898979187,0.018049929291009903,0.0046009765937924385,0.046175915747880936,0.0,0.0,0.0,0.0,0.2889400124549866,0.0,0.0,0.0,0.03175976127386093,0.0,0.018369141966104507,0.00909520499408245,0.0,0.07756859809160233,0.0,0.0009705177508294582,0.045897819101810455,0.0,0.4560942053794861,0.043459415435791016,0.026999972760677338,0.13595324754714966,0.0,0.0,0.08842077106237411,0.13452334702014923,0.0,0.35038304328918457,0.2066914588212967,0.26008033752441406,0.0,0.0,0.013458575122058392,0.002414525020867586,0.0322391502559185,0.020351234823465347,0.08766894787549973,0.003427803749218583,0.17532342672348022,0.0,0.0,0.44411665201187134,0.3336230516433716,0.02015344426035881,0.0,0.0,0.012637097388505936,0.34250372648239136,0.0,0.3864288628101349,0.1599828600883484,0.06144672632217407,0.0,0.0,0.03813912346959114,0.019871626049280167,0.0,0.0,0.0,0.3770032823085785,0.16702279448509216,0.0,0.008831970393657684,0.13943208754062653,0.06787966936826706,0.0,0.37339192628860474,0.0,0.02686101384460926,0.03574356064200401,0.00042959157144650817,0.006371584255248308,0.0,0.0,0.12274482101202011,0.0,0.41534826159477234,0.019153838977217674,0.0019552612211555243,0.0,0.5302599668502808,0.0003345030127093196,0.020395178347826004,0.004296197555959225,0.31081947684288025,0.0,0.3251688778400421,0.004195931367576122,0.10151750594377518,0.03953252360224724,0.08822013437747955,0.019448984414339066,0.2821568250656128,0.004339040722697973,0.2118116021156311,0.11168189346790314,0.11819304525852203,0.3439721465110779,0.0,0.28705039620399475,0.010710373520851135,0.0,0.05242050439119339,0.027898544445633888,0.0,0.32994788885116577,0.0015376959927380085,0.0009196556056849658,0.08115790784358978,0.01903584413230419,0.6588895320892334,0.03641556203365326,0.04020456597208977,0.0,0.28962060809135437,0.09777906537055969,0.0,0.0,0.0,0.0,0.18398453295230865,0.08013513684272766,0.12289363890886307,0.0,0.0,0.09676909446716309,0.2179780751466751,0.00010407878289697692,0.1970096081495285,0.03485570102930069,0.10106028616428375,0.0,0.16572356224060059,0.03846194967627525,0.0071901786141097546,0.0,0.2326320856809616,0.09420134872198105,0.018551815301179886,0.0015686567639932036,0.1696390062570572,0.3974674344062805,0.213364377617836,0.008534716442227364,0.010276611894369125,0.03653606027364731,0.07125560194253922,0.027518440037965775,0.0013094783062115312,0.40099096298217773,0.0,0.004286061506718397,0.05650904402136803,0.0,0.1259355992078781,0.0,0.2274201363325119,0.30443254113197327,0.0175730399787426,0.019098926335573196,0.023571303114295006,0.0,0.0,0.0635952427983284,0.04634454473853111,0.022977877408266068,0.1410151720046997,0.0023583609145134687,0.0,0.025057941675186157,0.02045031264424324,0.015030678361654282,0.003142088418826461,0.07324668765068054,0.013127078302204609,0.0015578503953292966,0.0022739998530596495,0.0237366184592247,0.33297666907310486,0.0,0.0,0.0009234389290213585,0.0,0.0,0.08568912744522095,0.0,0.017687713727355003,0.009796859696507454,0.0025177437346428633,0.0,0.0,0.1285189986228943,0.042519714683294296,0.0,0.0020368127152323723,0.011645391583442688,0.0,0.035683948546648026,0.0038677749689668417,0.005149375181645155,0.018156932666897774,0.1212736964225769,0.0,0.01344547513872385,0.027910815551877022,0.028535280376672745,0.0,0.0,0.025476939976215363,0.08902856707572937,0.0,0.02178380638360977,0.0008770287386141717,0.042448922991752625,0.011020899750292301,0.016531536355614662,0.0,0.17621363699436188,0.09384599328041077,0.0027876885142177343,0.016332898288965225,0.00448229443281889,0.0,0.0,0.0,0.0135382991284132,0.0,0.026272296905517578,0.117864690721035,0.0,0.015008673071861267,0.09600216895341873,0.022682134062051773,0.0,0.0,0.125441774725914,0.0,0.0009708146681077778,0.07698822766542435,0.20356906950473785,0.0,0.00264908978715539,0.0,0.0,0.031897418200969696,0.15969763696193695,0.0,0.1431683897972107,0.057891540229320526,0.049368031322956085,0.13663342595100403,0.07646089047193527,0.0,0.03479669988155365,0.0,0.02660829946398735,0.0057608154602348804,0.0,0.0,0.0,0.0,0.007798720151185989,0.0009993180865421891,0.12245727330446243,0.22141385078430176,0.0,0.08630144596099854,0.11210117489099503,0.0674041360616684,0.29255878925323486,0.0,0.0,0.2145482450723648,0.0,0.005556096788495779,0.0,0.0,0.01450894121080637,0.0,0.03289194032549858,0.0023163126315921545,0.18637007474899292,0.11054021865129471,0.0,0.0,0.20509731769561768,0.10509084165096283,0.35098323225975037,0.07533840090036392,0.0,0.00263442425057292,0.02458748035132885,0.007919847033917904,0.0013155716005712748,0.010596654377877712,0.002037845551967621,0.21630147099494934,0.0,0.013373302295804024,0.015111309476196766,0.0,0.0,0.0,0.0,0.38404953479766846,0.0,0.0,0.0,0.030353045091032982,0.0,0.015855353325605392,0.034084830433130264,0.006566773168742657,0.05168130621314049,0.0,0.0,0.06741896271705627,0.0,0.44687503576278687,0.04871734231710434,0.0042248619720339775,0.08053816109895706,0.0,0.0,0.06357882171869278,0.14307820796966553,0.004194742068648338,0.33254122734069824,0.2860333323478699,0.2253614068031311,0.0,0.0,0.0,0.0,0.020030327141284943,0.02134484425187111,0.047268521040678024,0.0469110831618309,0.2201581448316574,0.0,0.0,0.42509543895721436,0.3246305584907532,0.015402381308376789,0.0,0.0,0.0036287992261350155,0.2808871269226074,0.0,0.3587417006492615,0.17238831520080566,0.019757548347115517,0.0059644561260938644,-0.5670467615127563
114,0.0025873344857245684,0.13585908710956573,0.4188261032104492,0.0,0.013337739743292332,0.0,0.6130809783935547,0.015800639986991882,0.0,0.006505417171865702,0.08898595720529556,0.0,0.00015295048069674522,0.30958256125450134,0.0,0.21095700562000275,0.05286915972828865,0.0,0.0,0.0,0.0,0.14503537118434906,0.06614942103624344,0.6432040333747864,0.0,0.0,0.0,0.8561299443244934,0.09372619539499283,0.10233940184116364,0.25723132491111755,0.34724411368370056,0.0,0.41224727034568787,0.17688502371311188,0.3581065237522125,0.2100290060043335,0.7566576600074768,0.0,0.0006816925597377121,0.013075802475214005,0.41245779395103455,0.03843193128705025,0.26906919479370117,0.5695322751998901,0.9940401911735535,0.17291243374347687,0.0,0.0,0.1745021641254425,0.37659838795661926,0.0,0.0,0.010444670915603638,0.17522010207176208,0.0,0.7042160034179688,0.7724694609642029,0.13528621196746826,0.0627419576048851,0.0,0.02960403822362423,0.03661889582872391,0.0,0.0,0.1707005798816681,0.0,0.0,0.15659789741039276,0.07956720143556595,0.661893904209137,0.0,0.4053252339363098,0.00433012330904603,0.19719982147216797,0.088860884308815,0.0,0.6119802594184875,0.0,0.154743030667305,0.03643806651234627,0.3121055066585541,0.0,0.16333860158920288,0.0,0.0,0.17165769636631012,0.17891784012317657,0.4083419442176819,0.586459219455719,0.1003975197672844,0.0,0.007281877100467682,0.4532729387283325,0.003973290324211121,0.0,0.4737531244754791,0.08482812345027924,0.0,7.079293482092908e-06,0.0,0.11804653704166412,0.0,0.3648677170276642,0.8138812184333801,0.43301859498023987,0.24352224171161652,0.0,0.0,0.0,0.0,0.23855270445346832,0.2959643006324768,0.3037886917591095,0.23611398041248322,0.0,0.0,0.0,0.31595245003700256,0.13520389795303345,0.0,0.08833401650190353,0.1410306990146637,0.017636412754654884,0.0,0.4511290192604065,0.0,0.3015214502811432,0.0,0.0,0.0,0.022263551130890846,0.21841123700141907,0.0,0.08934114873409271,0.020806368440389633,0.0,0.0,0.023486163467168808,0.025607548654079437,0.0,0.04637288302183151,0.6431799530982971,0.0,0.5764697790145874,0.0,0.0,0.02110847271978855,0.0,0.0,0.04865337163209915,0.863132894039154,0.285574346780777,0.0,0.0,0.509784996509552,0.0009865412721410394,0.0,0.0035560044925659895,0.0,1.2009449005126953,0.30265936255455017,0.0,0.0,0.23499737679958344,0.04889153689146042,0.0,0.7649177312850952,0.0,0.0,0.0,0.0,0.024952275678515434,0.1094878539443016,0.08693233132362366,0.1737070232629776,0.030324647203087807,0.8394080400466919,0.0,0.03877520561218262,0.0,0.0,0.8962275385856628,0.013357308693230152,0.0,0.23367884755134583,0.28008121252059937,0.09680304676294327,0.8239158391952515,0.0,0.0,0.0,0.0,0.10398153215646744,0.2060699462890625,0.5573480129241943,0.011149889789521694,0.8204668164253235,0.0,0.12019021064043045,0.2124636322259903,0.0,0.020742515102028847,0.012630989775061607,0.0,0.0,0.0,0.0,0.0,0.0020231653470546007,0.0008421839447692037,0.3281800150871277,0.1096607968211174,0.7776158452033997,0.0,0.31718358397483826,0.6373356580734253,0.0,0.08381611108779907,0.5517266392707825,0.0,0.029018227010965347,0.0,0.0,0.0,0.03063669241964817,0.02573554217815399,0.0,0.4344276189804077,0.0030014992225915194,0.011209092102944851,0.0,0.892559289932251,0.44275838136672974,0.034284669905900955,0.3003927767276764,0.28880107402801514,0.00024700205540284514,0.28658926486968994,0.061447568237781525,0.0,0.0,0.0,1.099347710609436,0.0,0.001245227176696062,0.03902974724769592,0.0,0.0,0.0,0.0,0.013753063976764679,0.0,0.03464912250638008,0.0,0.8918401002883911,0.08138201385736465,0.08713257312774658,0.02270696870982647,0.07310900837182999,0.544219434261322,0.0,0.0,0.6484411954879761,0.3360390365123749,0.0,0.621476948261261,0.0024727615527808666,0.4337714910507202,0.044861968606710434,0.0,0.11540990322828293,0.0,0.020326660946011543,1.4763914346694946,0.9861167073249817,0.5236881971359253,0.20327894389629364,0.0,0.009984523057937622,0.0,0.00389877799898386,0.4789929986000061,0.0,0.027494143694639206,0.5249226689338684,0.0,0.0,0.584367036819458,0.31529656052589417,0.02047247439622879,0.0,0.0,0.0,0.3155219256877899,0.18434230983257294,0.7010661959648132,0.0,0.0021418051328510046,0.25001099705696106,0.047326672822237015,0.02483653835952282,0.152633398771286,0.0,0.0,0.0,0.19530390202999115,0.09981242567300797,0.005448769312351942,0.14594855904579163,0.28665807843208313,0.005430081393569708,0.0,0.2163628786802292,0.30270496010780334,0.0,0.0,0.2323768138885498,0.16503091156482697,0.002950377529487014,0.12526004016399384,0.06253933161497116,0.0,0.7223798036575317,0.2397715151309967,0.0015290003502741456,0.0,0.5729753375053406,0.05643611028790474,0.027906695380806923,0.0029408857226371765,0.3006060719490051,0.017926735803484917,0.12677399814128876,0.06636738777160645,0.012686572037637234,0.006395199801772833,0.21177425980567932,0.3399374485015869,0.08745767921209335,0.3078647255897522,0.043946512043476105,0.1550251692533493,0.0,0.24453520774841309,0.021531054750084877,0.2594996988773346,0.02339705266058445,0.0,0.3089161813259125,0.0,0.0,0.6995702981948853,0.0,0.005863581784069538,0.1627286821603775,0.09400811046361923,0.6879208087921143,0.06938095390796661,0.01794620417058468,0.0,0.07751675695180893,0.08547794073820114,0.03360338881611824,0.0,0.0,0.0,0.7257424592971802,0.1655047982931137,0.06047024950385094,0.0029362402856349945,0.0,0.16402532160282135,0.6157307028770447,0.0016857130685821176,0.11287879943847656,0.5234199166297913,0.05427442118525505,0.0,0.0,0.2656552493572235,0.0,0.03149526193737984,0.24071131646633148,0.6688908934593201,0.0,0.0004073187883477658,0.15094886720180511,0.6985570788383484,0.07344676554203033,0.14144355058670044,0.56916743516922,0.03109724260866642,0.2989841401576996,0.0,0.23608461022377014,0.23035183548927307,0.0,0.0,0.009091268293559551,0.36345019936561584,0.10548599809408188,0.0,0.6963908076286316,0.02782072126865387,0.04668102413415909,0.023132437840104103,0.42056211829185486,0.020051700994372368,0.0,0.28887730836868286,0.06597717851400375,0.07351567596197128,0.26484236121177673,0.2754072844982147,0.017064686864614487,0.04052145406603813,0.5577532649040222,0.005339788738638163,0.057659175246953964,0.2636955678462982,0.3516819179058075,0.09225129336118698,0.0029319466557353735,0.15376101434230804,0.030113792046904564,0.0,0.1118498370051384,0.40882784128189087,0.0,0.03443016856908798,0.030270317569375038,0.058648884296417236,0.03217191994190216,0.011756468564271927,0.1545453816652298,0.028854260221123695,0.0,0.062168192118406296,0.0,0.0,0.016216697171330452,0.0,0.0,0.11878400295972824,0.0,0.156867116689682,0.02999013103544712,0.024027366191148758,0.0,0.0,0.07722790539264679,0.002513858489692211,0.0,0.003649842692539096,0.46909379959106445,0.2280854433774948,0.004708565771579742,0.0,0.002145188394933939,0.1874149739742279,0.0207960307598114,0.13626399636268616,0.0,0.0,0.04142006114125252,0.010904956609010696,0.0,0.1993127316236496,0.0,0.11175232380628586,0.02569732628762722,0.0017967865569517016,0.0,0.3602597415447235,0.36195647716522217,0.0169257503002882,0.0,0.0847070962190628,0.0,0.00779850734397769,0.04371193051338196,0.16398079693317413,0.00045574011164717376,0.013107686303555965,0.08144646137952805,0.09534542262554169,0.0,0.050725292414426804,0.0,0.0,0.43245846033096313,0.11577267944812775,0.0,0.007469996809959412,0.4728533923625946,0.0,0.3876672387123108,0.6143349409103394,0.02244325540959835,0.3522230088710785,0.0,0.010573898442089558,0.046909112483263016,0.0,0.0,0.0,0.8950002789497375,0.43643316626548767,0.09493099898099899,0.08735974133014679,0.20038370788097382,0.0032947238069027662,0.030296236276626587,0.2920643389225006,0.0428040511906147,0.1416618376970291,0.0,0.0,0.20634305477142334,0.0,0.13592250645160675,0.5472972989082336,0.0297552403062582,0.10357619822025299,0.0042847562581300735,0.6085211634635925,0.4199145436286926,0.1444806158542633,0.2862287759780884,0.15208859741687775,0.15782049298286438,0.46563220024108887,0.08666675537824631,0.0931292176246643,0.03181371092796326,0.0,0.0,0.0,0.0,0.06737080961465836,0.0,0.04438963904976845,0.2009940892457962,0.3489714562892914,0.29473191499710083,0.0250861793756485,0.0,0.0,0.0,0.0,0.49115023016929626,0.0,0.0,0.039461132138967514,0.14373424649238586,0.0,0.0,0.00914212316274643,0.09822940826416016,0.0,0.008874873630702496,0.2574402987957001,0.03421575948596001,0.03901660442352295,0.7017879486083984,0.004055739846080542,0.18302574753761292,0.0,0.0,0.00020431206212379038,0.06908184289932251,0.10687526315450668,0.0,0.5978986620903015,0.03660645708441734,0.20826350152492523,0.0,0.23674435913562775,2.7008354663848877e-06,0.43981119990348816,0.005491127725690603,0.0,0.5788677334785461,0.026708513498306274,0.20097754895687103,0.0,0.024825280532240868,0.34915152192115784,0.0688042938709259,0.058993108570575714,0.0,0.0,0.4806489050388336,0.37263020873069763,0.0,0.10149367153644562,0.5653463006019592,0.3900281488895416,0.06177482753992081,0.10324785858392715,0.0977059081196785,0.14623288810253143,0.0,0.0,0.0,0.48042288422584534,0.06083996966481209,0.0,0.12887205183506012,0.04236770421266556,0.0024412269704043865,0.00035769306123256683,0.30608367919921875,0.0,0.005408666096627712,0.051183316856622696,0.0026276344433426857,0.0,0.0,0.0,0.09685848653316498,0.05579042434692383,0.46845361590385437,0.11628631502389908,0.0,0.004629835486412048,0.7944839596748352,0.08163771778345108,0.02479974366724491,0.08951571583747864,0.45663559436798096,0.0,0.26456594467163086,0.08535928279161453,0.1985749900341034,0.0268696341663599,0.3924142122268677,0.06076112762093544,0.043836355209350586,0.24377349019050598,0.32978546619415283,0.06961684674024582,0.1322028636932373,0.4463587999343872,0.41488906741142273,0.2946951985359192,0.0,0.0,0.18675540387630463,0.11238077282905579,0.0,0.4463326632976532,0.01734304614365101,0.04099129140377045,0.001743846107274294,0.39972394704818726,0.915391206741333,0.3030967712402344,0.08352415263652802,0.0,0.06409824639558792,0.10764990001916885,0.0,0.0,0.0827808678150177,0.0,0.15961089730262756,0.39230161905288696,0.12565730512142181,0.19902558624744415,0.0,0.33155977725982666,0.40483665466308594,0.04244678467512131,0.10310385376214981,0.14234912395477295,0.1839635819196701,0.0013581771636381745,0.04557795077562332,0.049694377928972244,0.09726837277412415,0.030303750187158585,0.22345611453056335,0.24619661271572113,0.0,0.019665710628032684,0.3903685212135315,0.48629093170166016,0.3157343864440918,0.13150639832019806,0.08194299787282944,0.05155643820762634,0.23079533874988556,0.006622272077947855,0.19722838699817657,0.5086145401000977,0.0,0.011913707479834557,0.007610672153532505,0.07347026467323303,0.23011480271816254,0.0,0.26445886492729187,0.3590201437473297,0.23308280110359192,0.11421523243188858,0.17506524920463562,0.04546467959880829,0.0,0.011082151904702187,0.10121700912714005,0.08703070133924484,0.3142182528972626,0.29545170068740845,0.011253312230110168,0.04549442231655121,0.18909189105033875,0.0365401916205883,0.07934728264808655,0.01408603135496378,0.24809901416301727,0.13463495671749115,0.001215485273860395,0.011455608531832695,0.07966159284114838,0.0033698678016662598,0.259115606546402,0.08856181055307388,0.006593056954443455,0.0016029482940211892,0.040558356791734695,0.1355224996805191,0.0,0.045907456427812576,0.21517017483711243,0.0,0.012993799522519112,0.1484830379486084,0.034193988889455795,0.0,0.0,0.3082839548587799,0.0,0.24204140901565552,0.0,0.09595192968845367,0.0021489651408046484,0.0,0.0,0.0,0.40814638137817383,0.10813871026039124,0.0006200691568665206,0.0,0.5529254674911499,0.05008387193083763,0.0,0.008876338601112366,0.018122579902410507,0.5848116278648376,0.17889392375946045,0.07871302217245102,0.003608730621635914,0.09699266403913498,0.07616399973630905,0.012877721339464188,0.15665274858474731,0.026383906602859497,0.0,0.02640017494559288,0.04187619686126709,0.036355312913656235,0.10611994564533234,0.47997596859931946,0.1340034306049347,0.005347708705812693,0.18267543613910675,0.01832449436187744,0.0,0.0,0.004876027349382639,0.34828969836235046,0.015441355295479298,0.012295421212911606,0.3496321439743042,0.3465123474597931,0.059966135770082474,0.35386553406715393,0.005014192778617144,0.0,0.08921429514884949,0.0846843495965004,0.07543694972991943,0.17327509820461273,0.3768787980079651,0.011476531624794006,0.4130120277404785,0.12959904968738556,0.020439159125089645,0.13827939331531525,0.0,0.09989557415246964,0.09178255498409271,0.0,0.0,0.0,0.19939374923706055,0.12180797010660172,0.06945453584194183,0.02931228280067444,0.41762515902519226,0.027969446033239365,0.2920690178871155,0.04728183150291443,0.12700232863426208,0.4214780628681183,0.009162080474197865,0.056965041905641556,0.21294231712818146,0.014885555021464825,0.11800576746463776,0.09542661160230637,0.01984298974275589,0.014359605498611927,0.013796825893223286,0.354224294424057,0.13822288811206818,0.4388081431388855,0.03275582566857338,0.10035388916730881,0.07253102958202362,0.5115551352500916,0.23874150216579437,0.10907677561044693,0.18684446811676025,0.055617690086364746,0.0,0.02497372031211853,0.039671238511800766,0.03708801046013832,0.0,0.005139488726854324,0.43081703782081604,0.07916959375143051,0.10911345481872559,0.0,0.0,0.0,0.0,0.0,0.37716081738471985,0.0,0.0,0.011692310683429241,0.3745371699333191,0.0037045131903141737,0.0054901824332773685,0.0368686206638813,0.05843200162053108,0.07211898267269135,0.0,0.07043258100748062,0.20629943907260895,0.2013482302427292,0.2700832784175873,0.19482512772083282,0.06275270134210587,0.08636419475078583,0.0,0.020335694774985313,0.07329870015382767,0.011734438128769398,0.0,1.0195913314819336,0.42250850796699524,0.2829107642173767,0.0064725023694336414,0.004323982633650303,0.005917045753449202,0.09635476022958755,0.016696082428097725,0.06830282509326935,0.18161192536354065,0.14129960536956787,0.4480731785297394,0.001909628976136446,0.0,0.3463301360607147,0.16271239519119263,0.12039472162723541,0.0,0.016677124425768852,0.1361704170703888,0.2244349867105484,0.0595598965883255,0.27357491850852966,0.1779802441596985,0.11167436093091965,0.0933300331234932,-1.0630035400390625
115,0.014787054620683193,0.05027679353952408,0.0,0.0,0.0,0.0,0.0014132842188701034,0.1677975207567215,0.008885676972568035,0.0713910236954689,0.4609341621398926,0.1196858286857605,0.0,0.03700810298323631,0.7841307520866394,0.0,0.0,0.7744059562683105,0.5526137351989746,0.0,0.28707948327064514,0.137808695435524,0.0,0.9679061770439148,0.29392534494400024,0.0,0.0,0.4888606071472168,0.008155476301908493,0.0023255583364516497,0.0,0.12677541375160217,0.1208590492606163,0.15079040825366974,0.0,0.0,0.0,0.004634795244783163,0.5038045048713684,0.2185785323381424,0.11265522241592407,0.0,0.18829771876335144,0.0,0.24229875206947327,0.0,0.09688829630613327,0.01061295997351408,0.0,0.44543537497520447,0.0,0.023905595764517784,0.901021420955658,0.0,0.0,0.7014630436897278,0.0,0.28318172693252563,0.0006404802552424371,0.0,0.0,0.1809568852186203,0.07511215656995773,0.5564777255058289,0.0,0.0,0.0,1.3926869630813599,0.06863885372877121,0.007480463478714228,0.0,0.0,0.02647174708545208,0.8084182143211365,0.0,0.1334744244813919,0.570733368396759,0.12211326509714127,0.0,0.0,0.3629327714443207,0.0,0.029657868668437004,0.17430344223976135,1.2865523099899292,0.028276896104216576,0.0,0.040947865694761276,0.6766427159309387,0.03916173055768013,0.0,1.0636895895004272,0.033361226320266724,0.1680450737476349,0.021429872140288353,0.1692977100610733,0.03174629434943199,0.0,0.0,0.08814438432455063,0.7017534375190735,0.03521110489964485,0.0,1.0596938133239746,0.0,0.0,0.0,0.6335500478744507,0.0,0.0,0.7277067303657532,0.002203448209911585,0.004656982608139515,0.08565493673086166,0.03616661578416824,0.06632345169782639,0.022452032193541527,0.9085556268692017,0.0,0.0,0.5509346127510071,0.2204904854297638,0.0,0.0,0.5871886610984802,0.16562114655971527,0.0,0.0,0.7285634875297546,0.0,0.0,0.23448562622070312,0.0,0.0004234396037645638,0.0,0.07915712893009186,0.18136928975582123,0.0,0.03507634252309799,0.0,0.0,0.11095491796731949,0.0,0.0022997763007879257,0.010567249730229378,0.13669398427009583,0.020163552835583687,0.04905623942613602,0.08716901391744614,0.0,0.0,0.016659162938594818,0.0,0.0,0.0,0.01512387115508318,0.11449827998876572,0.044814325869083405,0.0,0.0,0.013601923361420631,0.0,0.025605762377381325,0.0,0.0,0.0752793475985527,0.029823774471879005,0.0,0.5892157554626465,0.0,0.1820969432592392,0.27163147926330566,0.0,0.0,0.11761742830276489,0.6598884463310242,0.0,0.0,0.3461064100265503,0.0,0.08237478882074356,0.18196113407611847,0.03189510852098465,0.0,0.17795662581920624,0.0,0.0,0.0,0.0,0.00689741550013423,0.0,0.9418544769287109,0.17617307603359222,0.0,0.0018421352142468095,0.44265827536582947,0.0,0.12808382511138916,0.9668642282485962,0.0,0.22362875938415527,0.0,0.0,0.06068989634513855,0.015309944748878479,0.0,0.23742079734802246,1.3257406949996948,0.6063694953918457,0.0,0.2894732356071472,0.12775976955890656,0.0,0.0,0.6434283256530762,0.011309350840747356,0.00022308678308036178,0.0,0.0,0.3452727496623993,0.0,0.07258887588977814,0.654579222202301,0.0,0.1898859590291977,0.16491064429283142,0.5272949934005737,0.7577964663505554,0.0,0.795553982257843,0.07056856900453568,0.3462618887424469,0.23949885368347168,0.005282830912619829,0.22142799198627472,0.003822695231065154,0.0,0.0,0.0,0.005126917734742165,0.0,0.0,0.005353860557079315,0.10302425920963287,0.6323486566543579,0.47388574481010437,0.0,0.0,0.0,0.0,0.0,0.7709600329399109,0.023650722578167915,0.0,0.016019625589251518,0.0,0.0,0.0,0.0015355892246589065,0.0,0.0,0.6325470209121704,0.46709752082824707,0.0,0.0,1.451484203338623,0.0,0.27409645915031433,5.8843197621172294e-05,0.0,0.0,0.06541647017002106,0.42251309752464294,0.0,0.2021440714597702,0.0,0.014916940592229366,0.0,0.6093316674232483,0.0,0.7267975211143494,0.0,0.0,0.9362725615501404,0.0,0.0,0.0,0.0,0.3874030113220215,0.0061736698262393475,0.04882936179637909,0.0,0.0,0.740717351436615,0.4981197416782379,0.0,0.0,0.8140105605125427,0.4411256015300751,0.07760218530893326,0.0,0.0718313679099083,0.018015746027231216,0.0,0.0,0.0,0.27275359630584717,0.1484372317790985,0.0,0.04810498282313347,0.23883986473083496,0.08213353902101517,0.0,0.3438971936702728,0.05982000008225441,0.011388599872589111,0.028157232329249382,0.07750417292118073,0.05924059823155403,0.0,0.002380573423579335,0.1660003364086151,0.0,0.43671858310699463,0.0969560369849205,0.0004222821444272995,0.0,0.4044864773750305,0.0,0.061714231967926025,0.0,0.23739129304885864,0.0,0.3317923843860626,0.0,0.012111199088394642,0.10466913878917694,0.04430151730775833,0.03414890542626381,0.34039628505706787,0.0021153967827558517,0.04705500602722168,0.21547701954841614,0.03313590586185455,0.2593705654144287,0.0,0.2605705261230469,0.0,0.0,0.007680184207856655,0.014085175469517708,0.0,0.4680076837539673,0.0,0.0,0.21748021245002747,0.0,0.60603928565979,0.020715897902846336,0.0,0.0,0.3038233518600464,0.07953238487243652,0.07468600571155548,0.0,0.0,0.0,0.45460745692253113,0.06094856187701225,0.07827237993478775,0.0,0.0,0.1453871876001358,0.5115773677825928,0.0,0.13626709580421448,0.08127165585756302,0.001099820714443922,0.0,0.23603108525276184,0.08673365414142609,0.0,0.0,0.2766192555427551,0.1743638515472412,0.0566718652844429,0.0,0.12071898579597473,0.5774126052856445,0.19518035650253296,0.02300511673092842,0.25596287846565247,0.06499116867780685,0.0,0.01682307943701744,0.005121075548231602,0.31888657808303833,0.0,0.0,0.057738326489925385,0.1272357851266861,0.17527979612350464,0.0,0.3455555737018585,0.23426182568073273,0.0,0.006296487059444189,0.1500864326953888,0.0,0.0,0.2169247418642044,0.075194351375103,0.0008769985288381577,0.12476226687431335,0.0,0.0,0.050379134714603424,0.06835015118122101,0.0,0.0,0.19863377511501312,0.03713062405586243,0.0019576363265514374,0.01824670098721981,0.08958455175161362,0.3599623143672943,0.0,0.0,0.09352298825979233,0.0,0.0,0.12442252039909363,0.0,0.058977313339710236,0.00037275534123182297,0.0,0.003391912905499339,0.0,0.17401908338069916,0.00017512543126940727,0.0,0.0,0.0,0.0,0.012215862981975079,0.03597531467676163,0.0,0.014968039467930794,0.32988476753234863,0.007807489484548569,0.0,0.0,0.010811915621161461,0.0,0.0,0.0,0.026828959584236145,0.028103286400437355,0.0,0.0,0.0,0.0,0.11636733263731003,0.0,0.10042742639780045,0.11306113749742508,0.0,0.0,0.08137521892786026,0.0,0.0031723137944936752,0.0068951016291975975,0.02660832181572914,0.0,0.01646443083882332,0.11741676181554794,0.0,0.0,0.23626336455345154,0.058516088873147964,0.015859682112932205,0.0,0.09229208528995514,0.0,0.0382094569504261,0.016981543973088264,0.1646217405796051,0.0,0.0,0.0,0.0,0.20850582420825958,0.26482605934143066,0.0,0.12287725508213043,0.016954101622104645,0.12109429389238358,0.05967216193675995,0.33016467094421387,0.0,0.05029129981994629,0.0,0.006418854463845491,0.03462160751223564,0.0,0.0,0.025000300258398056,0.06415598839521408,0.09579421579837799,0.00025176769122481346,0.13698385655879974,0.31837087869644165,0.0,0.0017071757465600967,0.22953689098358154,0.10200367867946625,0.16366511583328247,0.0,0.0,0.22016337513923645,0.0,0.010801752097904682,0.05580870434641838,0.0,0.13287918269634247,0.0,0.02135327458381653,0.027810702100396156,0.08158235251903534,0.29202699661254883,0.0,0.0,0.1307883858680725,0.022524086758494377,0.34814223647117615,0.03767762333154678,0.0,0.0,0.015569942072033882,0.010074217803776264,0.0,0.0,0.005402669310569763,0.09957554936408997,0.1258181780576706,0.01557752676308155,0.08796361833810806,0.0,0.0,0.0,0.0,0.4819853901863098,0.0,0.0,0.0,0.0,0.0,0.014751162379980087,0.010422985069453716,0.0,0.019477246329188347,0.07646943628787994,0.03518082946538925,0.0046099768951535225,0.0,0.6674237251281738,9.071826934814453e-05,0.10810166597366333,0.11234479397535324,0.0,0.0,0.0782475620508194,0.22346803545951843,0.0,0.08553983271121979,0.13421198725700378,0.18070892989635468,0.0,0.0296291783452034,0.0,0.08457081764936447,0.0910295620560646,0.0014741243794560432,0.20309726893901825,2.7766101993620396e-05,0.18787220120429993,0.0,0.0,0.449084997177124,0.285952627658844,0.01666386052966118,0.0,0.0,0.25322893261909485,0.3359697461128235,0.0,0.34385913610458374,0.38525599241256714,0.043353121727705,0.0,0.027604393661022186,0.027899567037820816,0.0,0.0,0.0,0.0,0.06648464500904083,0.2409701645374298,0.0030710925348103046,0.03715003281831741,0.4395723342895508,0.1560170203447342,0.0,0.17027540504932404,0.6074786186218262,0.0,0.0,0.5629224181175232,0.37019088864326477,0.0,0.19278687238693237,0.18292950093746185,0.0,0.8385553956031799,0.18148936331272125,0.0,0.0,0.539410412311554,0.0,0.015559482388198376,0.0,0.21714766323566437,0.06830373406410217,0.2496546059846878,0.0,0.010702838189899921,0.0013057203032076359,0.013887342996895313,0.3622514009475708,0.3185468912124634,0.09457746893167496,0.03832447528839111,0.20917749404907227,0.0,0.32247790694236755,0.0,0.061199817806482315,0.0,0.0,0.2917167544364929,0.0,0.013128694146871567,0.8252578377723694,0.0,0.0,0.6091055274009705,0.002942677354440093,0.4035922884941101,0.0009404298034496605,0.0013392572291195393,0.0,0.29384809732437134,0.07391764223575592,0.4062151312828064,0.0,0.0,0.0,1.142107605934143,0.06897743791341782,0.03834852576255798,0.0,0.0,0.015129296109080315,0.6565349698066711,0.0,0.23718442022800446,0.40628910064697266,0.08605480194091797,0.0,0.006763750687241554,0.22109152376651764,0.0,0.009555695578455925,0.23426640033721924,0.9315837025642395,0.029916182160377502,0.0,0.09070927649736404,0.6606210470199585,0.060383040457963943,0.0,0.8630626201629639,0.025774836540222168,0.06294281780719757,0.04127364978194237,0.12353453785181046,0.13351918756961823,0.0,0.0,0.15254104137420654,0.5101242661476135,0.13465717434883118,0.0,0.7370954155921936,0.049294959753751755,0.003321591066196561,0.0,0.374161034822464,0.0,0.0,0.6284925937652588,0.005149815697222948,0.0,0.11103801429271698,0.023201527073979378,0.032955121248960495,0.03023548051714897,0.5916295647621155,0.0,0.0,0.575674295425415,0.13252006471157074,0.007792267948389053,0.0,0.48981037735939026,0.22819338738918304,0.0,0.0006299492088146508,0.5297711491584778,0.0,0.0,0.17289972305297852,0.0,0.008495725691318512,0.0010575426276773214,0.05701185762882233,0.11017398536205292,0.0,0.04021937772631645,0.0,0.0,0.04152953624725342,0.0,0.0,0.0033648470416665077,0.08386311680078506,0.02546374313533306,0.05164029821753502,0.10587745159864426,0.0,0.0,0.017340661957859993,0.0,0.0,0.0,0.019672943279147148,0.1441940814256668,0.03744545951485634,0.0,0.0,0.014898961409926414,0.0,0.02632240578532219,0.0011721934424713254,0.019724376499652863,0.10581619292497635,0.034162379801273346,0.0,0.43646764755249023,0.0,0.07388674467802048,0.18575292825698853,0.0,0.0,0.10027967393398285,0.4688597023487091,0.0,0.0,0.30489471554756165,0.0,0.06151296943426132,0.10793016850948334,0.013623793609440327,0.007344044279307127,0.09822111576795578,0.0010609256569296122,0.005012643989175558,0.0,0.0,0.006107643712311983,0.0,0.6973578333854675,0.1815880984067917,0.0,0.027526114135980606,0.27743959426879883,0.01368466392159462,0.1165253296494484,0.7638949155807495,0.0,0.1282077580690384,0.0,0.0,0.05017165467143059,0.01931539736688137,0.0,0.10949411988258362,0.9432994723320007,0.48762157559394836,0.0,0.26498761773109436,0.1443256288766861,0.0,0.0,0.599530816078186,0.0,0.003907135222107172,0.0,0.0,0.30531877279281616,0.0,0.06329517811536789,0.45609021186828613,0.0,0.1540513038635254,0.10878004878759384,0.30979040265083313,0.5387153625488281,0.02043815143406391,0.6722540855407715,0.05072727054357529,0.22092346847057343,0.17173811793327332,0.021198546513915062,0.374238520860672,0.0,0.0,0.0,0.0,0.0017399946227669716,0.0,0.0,0.007220532279461622,0.06819241493940353,0.4793347120285034,0.34783560037612915,0.0,0.0,0.0,0.0,0.0,0.7252474427223206,0.0233958438038826,0.0,0.00738461222499609,0.0,0.0,0.0,0.0041576894000172615,0.0,0.0,0.45822688937187195,0.2867913246154785,0.0,0.0,1.2212834358215332,0.0,0.21041513979434967,0.0025626886636018753,0.0,0.0,0.05984184518456459,0.4502767026424408,0.0,0.26733216643333435,0.009261769242584705,0.022650646045804024,0.0,0.440070778131485,0.0,0.5003103017807007,0.004074967931956053,0.0,0.6870861649513245,0.012681098654866219,0.02461720071732998,0.0,0.0,0.46750718355178833,0.1138458251953125,0.02701055072247982,0.0,0.0,0.5301830768585205,0.4533546566963196,0.0,0.05984847620129585,0.6472642421722412,0.2823490798473358,0.029833944514393806,2.998274087905884
116,0.0,0.051973167806863785,0.04251860827207565,0.0,0.0,0.0,0.374125599861145,0.14216656982898712,0.0,0.0040811956860125065,0.09431400895118713,0.017819851636886597,0.0,0.29399585723876953,0.0,0.039432745426893234,0.03681717813014984,0.0,0.0,0.0,0.0,0.1578187495470047,0.0,0.41451725363731384,0.01986616477370262,0.0,0.0,0.48449692130088806,0.0,0.08300506323575974,0.0054086958989501,0.19898410141468048,0.0,0.3540365993976593,0.0194373968988657,0.0721130296587944,0.06405611336231232,0.13096949458122253,0.025078976526856422,0.26948991417884827,0.0,0.1324494332075119,0.09867749363183975,0.08083540201187134,0.3007005453109741,0.0016554880421608686,0.1957714557647705,0.023145906627178192,0.0,0.056970443576574326,0.05095796287059784,0.0,0.16955578327178955,0.0004183888668194413,0.0,0.045961473137140274,0.02872515842318535,0.5510819554328918,0.07492052018642426,0.01114168856292963,0.0,0.25655293464660645,0.03855755925178528,0.0,0.0,0.0,0.0,0.11635904014110565,0.029739145189523697,0.0467229038476944,0.0,0.0,0.15046115219593048,0.19532327353954315,0.0063833752647042274,0.10067253559827805,0.018646208569407463,0.14216896891593933,0.0,0.19709330797195435,0.055219605565071106,0.01228279247879982,0.0,0.17042741179466248,0.11007602512836456,0.025109078735113144,0.0036139762960374355,0.09222759306430817,0.4374137222766876,0.26507556438446045,0.03621470555663109,0.0007431092672049999,0.0431426540017128,0.10100138932466507,0.0032201786525547504,0.0,0.35634124279022217,0.0,0.0,0.04209904000163078,0.0,0.15440671145915985,0.0,0.3538205921649933,0.37624940276145935,0.03539677709341049,0.027875801548361778,0.03694229945540428,0.0,0.0,0.023932084441184998,0.06683731079101562,0.03857230395078659,0.1472746878862381,0.0,0.0,0.017448564991354942,0.013682099059224129,0.025355223566293716,0.006073353346437216,0.03446206450462341,0.009634767659008503,0.0,0.0,0.001365523785352707,0.453683078289032,0.0,0.0,0.0,0.0,0.0,0.06829015165567398,0.0,0.01485480647534132,0.02680688351392746,0.0,0.0,0.0,0.08103808015584946,0.0005295251030474901,0.0,0.0022249852772802114,0.049172986298799515,0.0,0.09714701771736145,0.019205620512366295,0.0,0.019666390493512154,0.22130335867404938,0.0,0.016542360186576843,0.08633645623922348,0.06526223570108414,0.0,0.0,0.01124546118080616,0.016609493643045425,0.0,0.002631234936416149,0.0,0.19052299857139587,0.010351099073886871,0.018687792122364044,0.0,0.1437768191099167,0.0823761597275734,0.0,0.05980518087744713,0.0,0.0,0.0,0.0,0.003995286766439676,0.0,0.0035435683093965054,0.17521341145038605,0.0,0.015063242986798286,0.06885284930467606,0.013816693797707558,0.0037424853071570396,0.0,0.20376841723918915,0.0,0.009998228400945663,0.014962038025259972,0.16113132238388062,0.0,0.0,0.0,0.0,0.043708041310310364,0.146917924284935,0.0,0.11688414216041565,0.0921238511800766,0.03623949736356735,0.20228376984596252,0.11532709747552872,0.0,0.057911910116672516,0.0,0.010865967720746994,0.00974353775382042,0.0,0.0,0.004322890192270279,0.0,0.0,0.0,0.03683800995349884,0.21097195148468018,0.0,0.143644779920578,0.05646635591983795,0.11994148790836334,0.2913605570793152,0.0,0.0,0.31385964155197144,0.0,0.0,0.0,0.0,0.059383608400821686,0.0,0.033296652138233185,0.0024948623031377792,0.12513220310211182,0.149562805891037,0.0,0.0,0.24316763877868652,0.0874001681804657,0.2258383333683014,0.14218159019947052,0.0,0.0,0.04263334721326828,0.012110619805753231,0.0,0.020973414182662964,0.0,0.3544909954071045,0.002842002548277378,0.017507443204522133,0.07326656579971313,0.0,0.0,0.0,0.0,0.30254319310188293,0.0,0.0,0.0,0.05001820623874664,0.0,0.0428989976644516,0.022103480994701385,0.0,0.09038493037223816,0.001189625822007656,0.0,0.09171472489833832,0.0028025973588228226,0.4413549304008484,0.06589047610759735,0.019589312374591827,0.14487068355083466,0.0,0.0,0.06787454336881638,0.04462876170873642,0.0,0.22305046021938324,0.31650078296661377,0.24462813138961792,0.0,0.0,0.0,0.002750006504356861,0.012781224213540554,0.022631794214248657,0.06413773447275162,0.0022484525106847286,0.23865260183811188,0.0,0.008802637457847595,0.44734811782836914,0.2614743411540985,0.02725202776491642,0.0,0.0,0.0,0.30494624376296997,0.0,0.42476630210876465,0.09705168753862381,0.025927359238266945,0.0035884156823158264,0.0,0.0718313679099083,0.018015746027231216,0.0,0.0,0.0,0.27275359630584717,0.1484372317790985,0.0,0.04810498282313347,0.23883986473083496,0.08213353902101517,0.0,0.3438971936702728,0.05982000008225441,0.011388599872589111,0.028157232329249382,0.07750417292118073,0.05924059823155403,0.0,0.002380573423579335,0.1660003364086151,0.0,0.43671858310699463,0.0969560369849205,0.0004222821444272995,0.0,0.4044864773750305,0.0,0.061714231967926025,0.0,0.23739129304885864,0.0,0.3317923843860626,0.0,0.012111199088394642,0.10466913878917694,0.04430151730775833,0.03414890542626381,0.34039628505706787,0.0021153967827558517,0.04705500602722168,0.21547701954841614,0.03313590586185455,0.2593705654144287,0.0,0.2605705261230469,0.0,0.0,0.007680184207856655,0.014085175469517708,0.0,0.4680076837539673,0.0,0.0,0.21748021245002747,0.0,0.60603928565979,0.020715897902846336,0.0,0.0,0.3038233518600464,0.07953238487243652,0.07468600571155548,0.0,0.0,0.0,0.45460745692253113,0.06094856187701225,0.07827237993478775,0.0,0.0,0.1453871876001358,0.5115773677825928,0.0,0.13626709580421448,0.08127165585756302,0.001099820714443922,0.0,0.23603108525276184,0.08673365414142609,0.0,0.0,0.2766192555427551,0.1743638515472412,0.0566718652844429,0.0,0.12071898579597473,0.5774126052856445,0.19518035650253296,0.02300511673092842,0.25596287846565247,0.06499116867780685,0.0,0.01682307943701744,0.005121075548231602,0.31888657808303833,0.0,0.0,0.057738326489925385,0.1272357851266861,0.17527979612350464,0.0,0.3455555737018585,0.23426182568073273,0.0,0.006296487059444189,0.1500864326953888,0.0,0.0,0.2169247418642044,0.075194351375103,0.0008769985288381577,0.12476226687431335,0.0,0.0,0.050379134714603424,0.06835015118122101,0.0,0.0,0.19863377511501312,0.03713062405586243,0.0019576363265514374,0.01824670098721981,0.08958455175161362,0.3599623143672943,0.0,0.0,0.09352298825979233,0.0,0.0,0.12442252039909363,0.0,0.058977313339710236,0.00037275534123182297,0.0,0.003391912905499339,0.0,0.17401908338069916,0.00017512543126940727,0.0,0.0,0.0,0.0,0.012215862981975079,0.03597531467676163,0.0,0.014968039467930794,0.32988476753234863,0.007807489484548569,0.0,0.0,0.010811915621161461,0.0,0.0,0.0,0.026828959584236145,0.028103286400437355,0.0,0.0,0.0,0.0,0.11636733263731003,0.0,0.10042742639780045,0.11306113749742508,0.0,0.0,0.08137521892786026,0.0,0.0031723137944936752,0.0068951016291975975,0.02660832181572914,0.0,0.01646443083882332,0.11741676181554794,0.0,0.0,0.23626336455345154,0.058516088873147964,0.015859682112932205,0.0,0.09229208528995514,0.0,0.0382094569504261,0.016981543973088264,0.1646217405796051,0.0,0.0,0.0,0.0,0.20850582420825958,0.26482605934143066,0.0,0.12287725508213043,0.016954101622104645,0.12109429389238358,0.05967216193675995,0.33016467094421387,0.0,0.05029129981994629,0.0,0.006418854463845491,0.03462160751223564,0.0,0.0,0.025000300258398056,0.06415598839521408,0.09579421579837799,0.00025176769122481346,0.13698385655879974,0.31837087869644165,0.0,0.0017071757465600967,0.22953689098358154,0.10200367867946625,0.16366511583328247,0.0,0.0,0.22016337513923645,0.0,0.010801752097904682,0.05580870434641838,0.0,0.13287918269634247,0.0,0.02135327458381653,0.027810702100396156,0.08158235251903534,0.29202699661254883,0.0,0.0,0.1307883858680725,0.022524086758494377,0.34814223647117615,0.03767762333154678,0.0,0.0,0.015569942072033882,0.010074217803776264,0.0,0.0,0.005402669310569763,0.09957554936408997,0.1258181780576706,0.01557752676308155,0.08796361833810806,0.0,0.0,0.0,0.0,0.4819853901863098,0.0,0.0,0.0,0.0,0.0,0.014751162379980087,0.010422985069453716,0.0,0.019477246329188347,0.07646943628787994,0.03518082946538925,0.0046099768951535225,0.0,0.6674237251281738,9.071826934814453e-05,0.10810166597366333,0.11234479397535324,0.0,0.0,0.0782475620508194,0.22346803545951843,0.0,0.08553983271121979,0.13421198725700378,0.18070892989635468,0.0,0.0296291783452034,0.0,0.08457081764936447,0.0910295620560646,0.0014741243794560432,0.20309726893901825,2.7766101993620396e-05,0.18787220120429993,0.0,0.0,0.449084997177124,0.285952627658844,0.01666386052966118,0.0,0.0,0.25322893261909485,0.3359697461128235,0.0,0.34385913610458374,0.38525599241256714,0.043353121727705,0.0,0.0,0.03365642949938774,0.012794479727745056,0.0,0.0,0.0,0.2440679967403412,0.21354590356349945,0.0,0.02135479636490345,0.2563331127166748,0.10827041417360306,0.0,0.3427807092666626,0.12126021087169647,0.004895830526947975,0.019899746403098106,0.11250019073486328,0.03250839561223984,0.0,0.0029512913897633553,0.18203961849212646,0.0,0.5306580662727356,0.05523860827088356,0.00013000518083572388,0.0,0.5274264216423035,0.0,0.030667228624224663,0.003466343507170677,0.2732371687889099,0.0,0.34706464409828186,0.003193751210346818,0.05744175985455513,0.03316045552492142,0.04676775261759758,0.08806691318750381,0.34036269783973694,0.0,0.12987646460533142,0.1718193143606186,0.03128562495112419,0.3676043748855591,0.0,0.20379264652729034,0.0,0.0,0.027976172044873238,0.0039171879179775715,0.0,0.487409770488739,0.0,0.0,0.2480173110961914,0.0010290200589224696,0.5790984630584717,0.008363151922821999,0.0123587129637599,0.0,0.3391433358192444,0.06750098615884781,0.06162088364362717,0.0,0.0,0.0,0.49104514718055725,0.061207059770822525,0.0693044364452362,0.0,0.0,0.061572521924972534,0.38997384905815125,0.0,0.23049373924732208,0.11209733784198761,0.06495221704244614,0.0,0.15344803035259247,0.06862592697143555,0.0,0.0,0.24404647946357727,0.2744896113872528,0.02514517866075039,0.0,0.1382412612438202,0.5324882864952087,0.13955599069595337,0.01940108649432659,0.25339269638061523,0.031037889420986176,0.03305932506918907,0.026400821283459663,0.007608726155012846,0.29991278052330017,0.0,0.0,0.11813488602638245,0.08469018340110779,0.14195547997951508,0.0,0.3138140141963959,0.24802035093307495,0.002929654438048601,0.009644769132137299,0.09291383624076843,0.0,0.0,0.23491479456424713,0.03836486488580704,0.004150077700614929,0.12337899208068848,0.0,0.0,0.02924233116209507,0.10851981490850449,0.0,0.0012473807437345386,0.25191736221313477,0.03131856769323349,0.005388472694903612,0.0012542109470814466,0.1485067754983902,0.355726420879364,0.0,0.0,0.14901651442050934,0.0,0.0,0.11264991015195847,0.0,0.0233538169413805,0.00010231104533886537,0.0,0.0013656021328642964,0.0,0.08909828215837479,0.009503443725407124,0.0,0.0032539363019168377,0.00245213252492249,0.0,0.0238810945302248,0.016327761113643646,0.0,0.011725988239049911,0.18401740491390228,0.0,0.0,0.006481820717453957,0.019982386380434036,0.0,0.0,0.0019655199721455574,0.09034723788499832,0.0008169224020093679,0.004598947707563639,0.0,0.020253334194421768,0.001133873127400875,0.02653895691037178,0.0,0.10484083741903305,0.11043419688940048,0.0006233832682482898,0.0,0.06504148244857788,0.0,0.001781836268492043,0.002828555880114436,0.0074006360955536366,0.0,0.004667687229812145,0.18524512648582458,0.0,0.0,0.1992895007133484,0.012224668636918068,0.02312353253364563,0.0,0.0875626802444458,0.0,0.017423849552869797,0.02352980524301529,0.11407192796468735,0.0,0.0,0.0,0.0,0.2103653997182846,0.1775386780500412,0.0,0.10224641859531403,0.05900801345705986,0.04530737176537514,0.11192172765731812,0.29654446244239807,0.0,0.03852040320634842,0.0,0.0052823531441390514,0.006557227112352848,0.0,0.0,0.010943399742245674,0.1384069323539734,0.12212112545967102,0.0008800015202723444,0.13629840314388275,0.16889771819114685,0.0,0.004898178391158581,0.2967762351036072,0.056262269616127014,0.13094043731689453,0.0,0.0,0.23884199559688568,0.0,0.009485777467489243,0.04189012944698334,0.0,0.07921312749385834,0.0,0.04665496572852135,0.09415309876203537,0.10460277646780014,0.30800285935401917,0.0032052621245384216,0.0,0.18574170768260956,0.04880504682660103,0.42421653866767883,0.05048911273479462,0.0,0.0,0.014042968861758709,0.0018578668823465705,0.0,0.0001053407831932418,0.0003825813764706254,0.13233248889446259,0.12224499881267548,0.07532624155282974,0.03771321848034859,0.0,0.0,0.0,0.0,0.4932667016983032,0.0,0.0,0.0,0.001921185408718884,0.0,0.009401203133165836,0.018965186551213264,0.0,0.019053423777222633,0.04854128509759903,0.015357069671154022,0.021543309092521667,0.0,0.6863466501235962,0.013141890056431293,0.07447069883346558,0.04906141757965088,0.0,0.0,0.0440942756831646,0.25939884781837463,0.0,0.2408619225025177,0.08402730524539948,0.15662722289562225,0.0,0.027741827070713043,0.0,0.10096600651741028,0.017910445109009743,0.006190218031406403,0.18350514769554138,0.003654459724202752,0.1735517382621765,0.0,0.0,0.5052270889282227,0.3220781087875366,0.02257000282406807,0.0,0.0,0.1244838684797287,0.3524724841117859,0.0,0.26733291149139404,0.3291522264480591,0.06855262815952301,0.0,-0.23983393609523773
117,0.06082551181316376,0.1308518648147583,0.0278447438031435,0.0,0.0,0.0,0.4306882619857788,0.09225840121507645,0.0,0.009537520818412304,0.0771225094795227,0.006499812938272953,0.0,0.2563668191432953,0.0,0.08856651186943054,0.01899569481611252,0.005777932237833738,0.0,0.0,0.0,0.05432683974504471,0.0,0.4092021882534027,0.027059273794293404,0.0,0.0,0.47542867064476013,0.0026083060074597597,0.04668053984642029,0.0939190536737442,0.28113824129104614,0.0,0.27138417959213257,0.06875140964984894,0.03562169149518013,0.005385398864746094,0.17791712284088135,0.07117041945457458,0.09201987832784653,0.029485762119293213,0.09342250972986221,0.07525946199893951,0.05234663188457489,0.20897869765758514,0.08774768561124802,0.14736419916152954,0.030157502740621567,0.0,0.06699616461992264,0.10360207408666611,0.0,0.2339373528957367,0.0029582870192825794,0.03664713352918625,0.0,0.1901702880859375,0.5895224809646606,0.1447526514530182,0.03223007917404175,0.0,0.08724629878997803,0.0749724879860878,0.0,0.0,0.0019473874708637595,0.0,0.051872823387384415,0.11539485305547714,0.09773007780313492,0.015226508490741253,0.0,0.11235757917165756,0.12036027759313583,0.025422686710953712,0.04555847495794296,0.046272944658994675,0.09239701926708221,0.0,0.062182433903217316,0.031256455928087234,0.03887183219194412,0.0,0.14302249252796173,0.1256788671016693,0.0,0.04145298898220062,0.23229879140853882,0.4087119698524475,0.3445962369441986,0.03508120775222778,0.0,0.032315392047166824,0.08955342322587967,0.0025178424548357725,0.031725797802209854,0.4543115198612213,0.0,0.002052810275927186,0.001868265331722796,0.0039892904460430145,0.3038921058177948,0.0,0.42912396788597107,0.2709784507751465,0.14546893537044525,0.030701259151101112,0.0630008652806282,0.006613817065954208,0.0,0.0,0.039203714579343796,0.04068760946393013,0.23148177564144135,0.05917742848396301,0.0,0.0351959653198719,0.054920148104429245,0.07017724215984344,0.013459201902151108,0.0,0.06282036751508713,0.0013856816804036498,7.076832844177261e-05,0.0,0.30921047925949097,0.0,0.0,0.005227559246122837,0.026872044429183006,0.0,0.19608493149280548,0.0163350198417902,0.009538648650050163,0.0028195702470839024,0.06001489982008934,0.0,0.0,0.01754022017121315,6.956539436941966e-05,0.0,0.004476848058402538,0.0136537691578269,0.0,0.1728779822587967,2.50651082751574e-05,0.02867925725877285,0.0025897969026118517,0.03313300386071205,6.947598740225658e-05,0.040674787014722824,0.1552494764328003,0.07808460295200348,0.0,0.0,0.3040332496166229,0.03575501590967178,0.0,0.027436653152108192,0.028215846046805382,0.25390222668647766,0.09967430680990219,0.01412387378513813,0.0,0.014764287509024143,0.08839516341686249,0.0,0.07135935127735138,0.0,0.0,0.0,0.0,0.0063782925717532635,0.022452494129538536,0.13348641991615295,0.21371805667877197,0.021919284015893936,0.058620236814022064,0.005385638680309057,0.014757472090423107,0.00039129095966927707,0.004145471379160881,0.21196413040161133,0.0,0.0034512660931795835,0.11813545227050781,0.19384726881980896,0.0,0.038752175867557526,0.0,0.0,0.027115903794765472,0.0829756036400795,0.003553964663296938,0.17254602909088135,0.21017660200595856,0.022508079186081886,0.23875783383846283,0.040648575872182846,0.03331770375370979,0.11624476313591003,0.0,0.024599140509963036,0.04928724095225334,0.0,0.0,0.0,0.025443432852625847,0.01134742796421051,0.07346375286579132,0.03909764066338539,0.2746853828430176,0.0160532109439373,0.1590433120727539,0.002651978749781847,0.03716990351676941,0.3014051020145416,0.0,0.011116962879896164,0.2576583921909332,0.0,0.046479325741529465,0.0,0.0007771335076540709,0.009897897019982338,0.0019283152651041746,0.12332411855459213,0.005470143165439367,0.26795023679733276,0.03536948561668396,0.0039205532521009445,0.0,0.36142659187316895,0.060759980231523514,0.05136416479945183,0.07662983238697052,0.030665216967463493,0.0,0.030888423323631287,0.06866513937711716,0.0505264475941658,0.0,0.0,0.33362284302711487,0.0,0.06179492175579071,0.05002208426594734,0.0,0.0,0.0,0.0,0.2602007985115051,0.0,0.0,0.018851077184081078,0.10929762572050095,0.0,0.04688243567943573,0.05777110531926155,0.013247519731521606,0.13041895627975464,0.0,0.0,0.09419292956590652,0.12953051924705505,0.2679122984409332,0.05230896919965744,0.010518847964704037,0.08353870362043381,0.00923728384077549,0.006383512634783983,0.05621667578816414,0.0002845065318979323,0.0,0.3794073164463043,0.31433725357055664,0.1703210175037384,0.020697694271802902,0.0,0.0,0.0,0.0005331588326953351,0.019801760092377663,0.07746429741382599,0.03451462835073471,0.3375169634819031,0.00017051737813744694,0.05469174310564995,0.2561626434326172,0.08890366554260254,0.017309509217739105,0.0,0.0,0.0,0.2828369140625,0.0,0.41652727127075195,0.09194625914096832,0.039144907146692276,0.020381590351462364,0.0015333059709519148,0.07412204146385193,0.27905699610710144,0.0,0.0,0.0,0.40618911385536194,0.1166187971830368,0.0,0.009540501050651073,0.16900619864463806,0.02227598801255226,0.0,0.37211230397224426,0.0,0.06462941318750381,0.0,0.04747031256556511,0.0002452647313475609,0.0,0.0,0.22644618153572083,0.0,0.6705146431922913,0.0,0.0022778338752686977,0.0,0.6071139574050903,0.017823245376348495,0.04320729523897171,0.0,0.23555831611156464,0.0,0.3798120319843292,0.0005539730191230774,0.08262738585472107,0.1418425440788269,0.44616490602493286,0.013369115069508553,0.20502175390720367,0.0,0.13328084349632263,0.10828607529401779,0.13705110549926758,0.40116775035858154,0.12647560238838196,0.08952126652002335,0.07790116965770721,0.0,0.22696882486343384,0.04177285358309746,0.0,0.0807790756225586,0.0,0.02319304458796978,0.1043955385684967,0.03487100824713707,0.6021322011947632,0.03799330070614815,0.0,0.0,0.15843020379543304,0.0008932568598538637,0.002462303265929222,0.0,0.008534116670489311,0.0,0.14326158165931702,0.019782844930887222,0.013233610428869724,0.060423098504543304,0.0,0.26378124952316284,0.05893510580062866,0.0,0.1558152139186859,0.1574622541666031,0.30417901277542114,0.0,0.08721727877855301,0.06861366331577301,0.0,0.0,0.20905911922454834,0.36685389280319214,0.001748865470290184,0.011078707873821259,0.04381909966468811,0.5267518758773804,0.16665714979171753,0.07317805290222168,0.08111265301704407,0.0557793565094471,0.2821044921875,0.0,0.0,0.24248670041561127,0.0,0.0,0.02283083274960518,0.0,0.011908061802387238,0.0,0.6442995071411133,0.4448903203010559,0.04199814051389694,0.0436016321182251,0.0707433670759201,0.0,0.0,0.03994451463222504,0.08287230879068375,0.07961761951446533,0.22998490929603577,0.0,0.0,0.03241986036300659,0.12774665653705597,0.016521690413355827,0.0757225975394249,0.03246769309043884,0.03733668476343155,0.0,0.0,0.0,0.3566187024116516,0.0,0.12116623669862747,0.01868497021496296,0.0,0.0,0.011217642575502396,0.013342524878680706,0.020623857155442238,0.034270621836185455,0.0,0.0,0.0,0.048063889145851135,0.00284460186958313,0.0,0.008519517257809639,0.22035512328147888,0.0,0.27567392587661743,0.0,0.0,0.0628659799695015,0.11856038868427277,0.0,0.009988205507397652,0.22718022763729095,0.023492515087127686,0.0,0.0,0.27792802453041077,0.0516757071018219,0.0,0.0008875657804310322,0.0,0.43237027525901794,0.010048814117908478,0.03652571141719818,0.0,0.14188580214977264,0.02396261878311634,0.00519147701561451,0.0914551392197609,0.020558327436447144,0.0,0.00441662035882473,0.0,0.023737439885735512,0.0,0.008912373334169388,0.2549242675304413,0.0,0.08026019483804703,0.0737517699599266,0.046385399997234344,0.0,0.0,0.39481180906295776,0.005442418158054352,0.0,0.028358206152915955,0.08542392402887344,0.0,0.09803614020347595,0.0,0.0,0.02399413473904133,0.016141463071107864,0.0,0.0732026919722557,0.39235395193099976,0.03113919124007225,0.45844945311546326,0.252105712890625,0.0,0.21674683690071106,0.0,0.010203955695033073,0.0,0.0,0.0,0.0,0.0,0.040329255163669586,0.011387811973690987,0.003761499421671033,0.0715225487947464,0.0,0.26397860050201416,0.1354535073041916,0.08756223320960999,0.27803242206573486,0.0,0.0,0.3750374913215637,0.0,0.006509719416499138,0.0,0.0,0.0,0.0,0.01843170076608658,0.06916841119527817,0.07165192067623138,0.1282307505607605,0.002258485183119774,0.0,0.5465118288993835,0.26115649938583374,0.1106068417429924,0.07692078500986099,0.024335011839866638,0.0,0.08567105233669281,0.0,0.010992685332894325,0.016340743750333786,0.0,0.6626299023628235,0.0,0.07265819609165192,0.042848922312259674,0.0,0.0,0.0,0.0,0.22294950485229492,0.0,0.0,0.0,0.26644769310951233,0.0,0.012125258333981037,0.0014513718197122216,0.01971283182501793,0.10126063972711563,0.0,0.050886668264865875,0.21649916470050812,0.03807608783245087,0.28184014558792114,0.11592303961515427,0.11386504024267197,0.15608519315719604,0.0,0.0,0.0552029013633728,0.05366603285074234,0.0,0.7768397927284241,0.3051470220088959,0.32457998394966125,0.015361946076154709,0.0,0.004055348690599203,0.05521731078624725,0.006323968525975943,0.11932700127363205,0.11757781356573105,0.0,0.18928122520446777,0.0,0.0,0.5917254686355591,0.3218349814414978,0.014432823285460472,0.010512406937777996,0.0,0.0,0.46822887659072876,0.0,0.4946802258491516,0.08209977298974991,0.219846710562706,0.04188121482729912,0.09959003329277039,0.10061612725257874,0.030359573662281036,0.0,0.0,0.0,0.4509572386741638,0.08637049794197083,0.0,0.018014295026659966,0.04275264963507652,0.018641386181116104,0.0,0.3712782859802246,0.0,0.0510069914162159,0.03878757357597351,0.0,0.0,0.0,0.0,0.09967515617609024,0.010609760880470276,0.36333683133125305,0.020633377134799957,0.0010417707962915301,0.0,0.631585419178009,0.00857312511652708,0.020067445933818817,0.06454187631607056,0.37454476952552795,0.0,0.294179230928421,0.03452121466398239,0.10641629248857498,0.0001756151468725875,0.19287505745887756,0.042490117251873016,0.18097369372844696,0.06284185498952866,0.22950583696365356,0.06668432056903839,0.10733062028884888,0.28660765290260315,0.14857514202594757,0.28720682859420776,0.027037378400564194,0.0,0.07288745790719986,0.09056645631790161,0.0,0.2911132872104645,0.0,0.01903413236141205,0.0030149330850690603,0.17887865006923676,0.8100695013999939,0.18047037720680237,0.06398795545101166,0.0,0.13789565861225128,0.14896680414676666,0.0,0.0,0.011055558919906616,0.0,0.04229399934411049,0.18904145061969757,0.1848478615283966,0.0331486351788044,0.0,0.15282577276229858,0.20001402497291565,0.008729953318834305,0.12260404229164124,0.03024972788989544,0.07482536882162094,0.0,0.0880439281463623,0.032499976456165314,0.0022550157736986876,0.0,0.18271830677986145,0.06073547154664993,0.004384759347885847,0.03489195927977562,0.30872899293899536,0.3402130901813507,0.28182148933410645,0.03343087434768677,0.0006093689007684588,0.03293699398636818,0.0854225605726242,0.03443433344364166,0.03609011322259903,0.5496225953102112,0.0,0.0043224310502409935,0.04903416708111763,0.0062049138359725475,0.24390369653701782,0.0,0.26131585240364075,0.3689190447330475,0.15106482803821564,0.04832136258482933,0.03229616582393646,0.008394470438361168,0.0,0.0,0.03992529585957527,0.024053728207945824,0.255458265542984,0.07200255244970322,0.0,0.058093588799238205,0.018205229192972183,0.05681455880403519,0.010018767789006233,0.02760426141321659,0.08520839363336563,0.024455146864056587,0.0006801146664656699,0.0014360886998474598,0.22440631687641144,0.0,0.016269363462924957,0.0,0.0,0.0,0.07781011611223221,0.010597055777907372,0.00244245957583189,0.010461228899657726,0.08447372168302536,0.0,0.0,0.046220775693655014,0.044630758464336395,0.0,0.0006299565429799259,0.018905967473983765,0.0,0.12030605226755142,0.0,0.012167428620159626,0.0006581528577953577,0.0021126808132976294,0.0,0.0335511714220047,0.12353382259607315,0.060671284794807434,0.0,0.0,0.26652711629867554,0.054416339844465256,0.0,0.017492840066552162,0.03235352411866188,0.24195949733257294,0.13008280098438263,0.01467585563659668,0.0,0.1358998417854309,0.12047336250543594,3.40615697496105e-05,0.0840378850698471,0.0,0.0,0.00424242252483964,0.0,0.00859491340816021,0.0037139062769711018,0.20976758003234863,0.13767115771770477,0.0019274958176538348,0.0710253044962883,0.02313595451414585,0.013993198983371258,0.0,0.0,0.20955534279346466,0.0,0.0,0.20486706495285034,0.2859784662723541,0.0,0.08476310968399048,0.0,0.0,0.0024098705034703016,0.0962134301662445,0.01024298369884491,0.21019607782363892,0.15030866861343384,0.021127860993146896,0.1737419068813324,0.006182449404150248,9.397997200721875e-05,0.07691683620214462,0.0,0.04311664029955864,0.01312873512506485,0.0,0.0021105229388922453,0.0,0.02649509906768799,0.0,0.028264330700039864,0.09704944491386414,0.30117419362068176,0.009123382158577442,0.16666284203529358,0.027167413383722305,0.016251957044005394,0.36143165826797485,0.0,0.013132555410265923,0.23415708541870117,0.0,0.03877697139978409,0.0,0.0019842523615807295,0.008667130954563618,0.001006416161544621,0.08182866126298904,0.0,0.3737218976020813,0.0,0.011973191983997822,0.018533384427428246,0.3334016799926758,0.13327544927597046,0.2105521708726883,0.10597959160804749,0.004900915548205376,8.574831736041233e-05,0.04178433492779732,0.033204566687345505,0.018591145053505898,0.0,0.0006735194474458694,0.30089834332466125,0.0,0.061295416206121445,0.005722665227949619,0.0,0.0,0.0,0.0,0.36140352487564087,0.0,0.0,4.769368388224393e-05,0.10942506790161133,0.0,0.038987427949905396,0.03204260393977165,0.032573401927948,0.12375540286302567,0.0,0.0,0.09730984270572662,0.1491246074438095,0.24444378912448883,0.04409020021557808,0.0017862605163827538,0.0991082489490509,0.010811461135745049,0.008864312432706356,0.043340086936950684,0.0589325949549675,0.0,0.4949939548969269,0.4426880180835724,0.19503934681415558,0.023529531434178352,0.0,0.003008320229128003,0.004726538900285959,0.024185538291931152,0.03033611550927162,0.051076777279376984,0.08371493965387344,0.3699978291988373,0.0,0.035496488213539124,0.3229503035545349,0.23813454806804657,0.030001064762473106,0.0,8.484742284053937e-05,0.0008095757220871747,0.22318312525749207,0.0,0.399812251329422,0.11657966673374176,0.03344294801354408,0.010655589401721954,-0.24161896109580994
118,0.08555958420038223,0.12197568267583847,0.2657015025615692,0.0,0.0,0.0,0.554180920124054,0.021581020206212997,0.017007816582918167,0.21662405133247375,0.038197752088308334,0.0,0.0,0.3360939621925354,0.0,0.06665964424610138,0.0,0.0,0.0,0.002113375812768936,0.0,0.007220244500786066,0.015379172749817371,0.3887833058834076,0.102030910551548,0.0010325330076739192,0.0,0.6312861442565918,0.045153792947530746,0.010146803222596645,0.059204887598752975,0.33228492736816406,0.0,0.07084959000349045,0.12692604959011078,0.045857563614845276,0.0,0.407912015914917,0.1568085253238678,0.0225753765553236,0.3744402229785919,0.14112697541713715,0.14026446640491486,0.022651849314570427,0.22281070053577423,0.27632641792297363,0.29302582144737244,0.016876500099897385,0.0,0.21918454766273499,0.09299203008413315,0.0036158524453639984,0.27891597151756287,0.005374039988964796,0.07116185128688812,0.0,0.41538572311401367,0.9314582943916321,0.2796251177787781,0.05751028284430504,0.0,0.0019695856608450413,0.12170346081256866,0.0,0.0,0.0,0.0,0.0763348862528801,0.2722720503807068,0.11276166886091232,0.14645832777023315,0.0,0.2893589437007904,0.3741455078125,0.04340989515185356,0.021139616146683693,0.2529618740081787,0.1186448335647583,0.0,0.0010672964854165912,0.07905300706624985,0.020018666982650757,0.0,0.17820706963539124,0.20426733791828156,0.012238740921020508,0.0,0.27588608860969543,0.4460205137729645,0.22320733964443207,0.14955686032772064,0.013567081652581692,0.003707310650497675,0.2024647742509842,0.0,0.2945483326911926,0.4101978838443756,0.0,0.0,0.0,0.04244392737746239,0.2840019762516022,0.00411278335377574,0.31425219774246216,0.2280573844909668,0.12307335436344147,0.09157802164554596,0.2031387835741043,0.026713285595178604,0.0,0.0,0.07896634191274643,0.14438621699810028,0.3046388328075409,0.4688125550746918,0.0,0.07591549307107925,0.18129348754882812,0.10110453516244888,0.06893303245306015,0.0,0.4285569190979004,0.2511771321296692,0.0026447863783687353,0.0,0.0020820030476897955,0.0,0.30782973766326904,0.0,0.005357574671506882,0.0,0.03129344806075096,0.21093177795410156,0.07609601318836212,0.07444217056035995,0.24039311707019806,0.0,0.0,0.1519589126110077,0.0,0.0,0.0,0.10135243088006973,0.0,0.1860274374485016,0.0,0.19337835907936096,0.0028471872210502625,0.0,0.0,0.0,0.3886139392852783,0.016819126904010773,0.0,0.0,0.774865448474884,0.08855872601270676,0.0,0.0017891466850414872,0.018777329474687576,0.4813806712627411,0.06210532411932945,0.1007334366440773,0.0,0.0007535979384556413,0.09028535336256027,0.0,0.08702776581048965,0.0,0.0,0.036823149770498276,0.0,0.0,0.00760143855586648,0.5416900515556335,0.18172045052051544,0.017451245337724686,0.20712952315807343,0.0,0.007264137268066406,0.0,0.019961338490247726,0.19897539913654327,0.05118269473314285,0.0,0.2572493553161621,0.35811975598335266,0.016123278066515923,0.4241897761821747,0.0,0.0,0.0,0.012896138243377209,0.030953455716371536,0.12596027553081512,0.512128472328186,0.04305853322148323,0.3555532693862915,0.05528116971254349,0.09849698841571808,0.20765426754951477,0.0,0.021168846637010574,0.2402060478925705,0.0,0.0,0.0,0.07784321159124374,0.05353492125868797,0.10897692292928696,0.04056359454989433,0.3583240211009979,0.02623583748936653,0.32427823543548584,0.004896427039057016,0.07091834396123886,0.4582730233669281,0.0,0.06341103464365005,0.22205977141857147,0.005846045445650816,0.2567245662212372,0.034743890166282654,0.0548991933465004,0.013052741065621376,0.038681820034980774,0.570581316947937,0.0036336169578135014,0.4904848039150238,0.0,0.15490292012691498,0.1085275411605835,0.5043468475341797,0.19228427112102509,0.02460399642586708,0.13433824479579926,0.04553646966814995,0.0,0.02135668694972992,0.0024436318781226873,0.1435951292514801,0.005415624938905239,0.0007463902584277093,0.26009079813957214,0.0,0.13062314689159393,0.021742774173617363,0.0,0.0,0.0,0.0,0.28524693846702576,0.0,0.0,0.02518092468380928,0.49875590205192566,0.0,0.0016351882368326187,0.017628444358706474,0.17282985150814056,0.08895856887102127,0.0,0.05073035880923271,0.20874564349651337,0.34945476055145264,0.2417229264974594,0.09288235008716583,0.0,0.08240842074155807,0.0,0.0,0.17382189631462097,0.0,0.0,0.9008073806762695,0.376160591840744,0.21095295250415802,0.09500398486852646,0.0,0.0,0.035066377371549606,0.01199956052005291,0.06941776722669601,0.1840866655111313,0.1734108179807663,0.3803858757019043,0.0,0.055089958012104034,0.1297026127576828,0.058198411017656326,0.06397438794374466,0.0,0.0018858835101127625,0.04392554238438606,0.1822126805782318,0.0,0.34922048449516296,0.1641208529472351,0.1791517436504364,0.1352359652519226,0.6265518665313721,0.10198905318975449,0.05953284353017807,0.0,0.0,0.0,0.7515262365341187,0.0,0.005997200962156057,0.33713990449905396,0.0,0.007094020955264568,0.0,0.5277624726295471,0.0,0.013185760006308556,0.010307291522622108,0.0,0.0,0.016213472932577133,0.0,0.017194047570228577,0.0,0.021701736375689507,0.32104745507240295,0.0031791774090379477,0.0,0.5892305374145508,0.028870930895209312,0.014123651199042797,0.009405359625816345,0.5815383195877075,0.0,0.01249829214066267,0.1261976659297943,0.0,0.0,0.18475332856178284,0.13074997067451477,0.11709906905889511,0.9778827428817749,0.17585408687591553,0.0920524001121521,0.015393058769404888,0.04326937347650528,0.11912864446640015,0.9937963485717773,0.0,0.0,0.09972959011793137,0.0993637889623642,0.00035436637699604034,0.6457789540290833,0.0,0.01580161228775978,0.0,0.2507564127445221,1.673448085784912,0.519743800163269,0.2866400480270386,0.0,0.011296342127025127,0.7964369654655457,0.0,0.0,0.003461772110313177,0.0,0.09446407854557037,0.7570356130599976,0.5365166068077087,0.04918650910258293,0.0,0.5062230825424194,0.9321569204330444,0.058233119547367096,0.0001923159434227273,0.2946719527244568,0.0,0.0,0.13688543438911438,0.04289599508047104,0.0,0.01910005323588848,0.25709962844848633,0.0,0.013673586770892143,0.0001445779053028673,0.8624047040939331,0.43083393573760986,0.346205472946167,0.1830655038356781,0.0012920971494168043,0.043040644377470016,0.041064634919166565,0.0,0.42805346846580505,1.085631251335144,0.0,0.022852744907140732,0.020375927910208702,0.09038594365119934,0.6717265844345093,0.0,0.0,0.32217952609062195,0.2909783124923706,0.07088485360145569,0.1768294870853424,0.24347369372844696,0.0,0.0061462088488042355,0.0725427120923996,0.09245749562978745,0.49896717071533203,0.797393798828125,0.0,0.23473575711250305,0.08355241268873215,0.05042588710784912,0.06101848930120468,0.01242744829505682,0.593374490737915,0.12819118797779083,0.0,0.0,0.0,0.0,0.10762962698936462,0.0,0.0,0.010879806242883205,0.016989052295684814,0.2731631398200989,0.09098386019468307,0.11738048493862152,1.018180012702942,0.001106754643842578,0.0,0.4594056308269501,0.03158276528120041,0.0,0.0,0.0,0.0,0.03252526372671127,0.0,0.6585482358932495,0.0,0.0,0.0,0.0,0.04458177089691162,0.0075468625873327255,0.0,0.0,0.747495174407959,0.06370317190885544,0.0,0.006325714290142059,0.11503159999847412,0.1168094277381897,0.21639925241470337,0.22776249051094055,0.0,0.16542233526706696,0.277255117893219,0.0,0.0437040738761425,0.0,0.0,0.03003772161900997,0.025253204628825188,0.024996569380164146,0.0,1.4825466871261597,0.026580845937132835,0.0,0.08745327591896057,0.003419003216549754,0.0,0.0,0.0,0.002589050680398941,0.021765276789665222,0.0,0.5804710388183594,0.9799450635910034,0.010735206305980682,0.1171012744307518,0.0,0.0,0.022988006472587585,0.4079577624797821,6.914449386385968e-06,0.4785967767238617,0.0535961352288723,0.047114353626966476,0.025469055399298668,0.012049971148371696,0.012593726627528667,0.11432421207427979,0.0,0.04888246953487396,0.42761704325675964,0.0,0.0027317889034748077,0.0,0.3314647078514099,0.006402596831321716,0.09285430610179901,0.4125763177871704,0.9093844294548035,0.03486814349889755,0.03824598714709282,0.0,0.023304428905248642,0.6029248237609863,0.0,0.04393009468913078,0.03362266719341278,0.0,0.5325636863708496,0.079740509390831,0.056746214628219604,0.11148496717214584,0.0,0.720099925994873,0.0,0.9244384765625,0.0,0.32762211561203003,0.2955177426338196,0.28017961978912354,0.04279254004359245,0.09277550876140594,0.10445880889892578,0.009657928720116615,0.0,0.009632796980440617,0.036489374935626984,0.16346269845962524,0.0,0.008961288258433342,0.0,0.0,0.0030241161584854126,0.0,0.0,0.0,0.0,0.0,0.6880106329917908,0.0,0.0,0.02821456454694271,0.273453950881958,0.0,0.05461541935801506,0.12136010825634003,0.12061037868261337,0.03258294612169266,0.0,0.01113986223936081,0.13561563193798065,0.13754749298095703,0.388441264629364,0.00929124467074871,0.0,0.0625646561384201,0.0,0.098090261220932,0.4232443571090698,0.07870655506849289,0.0,0.19479870796203613,0.8332344889640808,0.22934220731258392,0.08278602361679077,0.0,0.0,0.003294867929071188,0.10251322388648987,0.0,0.148237943649292,0.3040401339530945,0.6533412933349609,0.0,0.09418903291225433,0.02251279354095459,0.18070650100708008,0.08483501523733139,0.0,0.017580902203917503,0.4703996181488037,0.004119207616895437,4.840238761971705e-05,0.3504849374294281,0.5619075894355774,0.029748916625976562,0.00442101527005434,0.5755623579025269,0.18097776174545288,0.1132621243596077,0.0034436180721968412,0.0,0.0,0.8125872015953064,0.002500718692317605,0.03147927299141884,0.3061789870262146,0.00895515363663435,0.0,0.025503873825073242,0.5583855509757996,0.0,0.07165786623954773,0.07926879078149796,0.0,0.0,0.03847237676382065,0.0,0.055662307888269424,0.0383213609457016,0.014590198174118996,0.15784449875354767,0.0,0.0,0.678737223148346,0.11682576686143875,0.009785879403352737,0.06611903756856918,0.5506865978240967,0.0,0.023044759407639503,0.25646722316741943,0.016063859686255455,0.0,0.2561505138874054,0.12036962062120438,0.10459715127944946,0.7831512093544006,0.2983945310115814,0.1412263810634613,0.08975450694561005,0.11675073951482773,0.4706537127494812,0.767138659954071,0.0007056455942802131,0.0,0.0722777247428894,0.1326708346605301,0.016810065135359764,0.5352708697319031,0.003604138270020485,0.022260047495365143,0.0,0.6601239442825317,1.5620394945144653,0.6829878091812134,0.2760660946369171,0.0,0.05552193149924278,0.7457258105278015,0.0,0.00869086105376482,0.11133134365081787,0.00011249099770793691,0.03514362871646881,0.7716530561447144,0.5746253132820129,0.13306990265846252,0.0,0.36828821897506714,0.5880670547485352,0.18970412015914917,0.02165449783205986,0.1286696195602417,0.0013788305222988129,0.004966057371348143,0.09791838377714157,0.04479673504829407,0.0,0.02464626543223858,0.16412119567394257,0.01495397835969925,0.014194450341165066,0.0,0.8999021053314209,0.3415912389755249,0.42990922927856445,0.1683228313922882,0.014396991580724716,0.009293051436543465,0.0598054975271225,0.008817944675683975,0.332696795463562,1.1703224182128906,0.00029922809335403144,0.08880831301212311,0.02096335031092167,0.06815452873706818,0.9614479541778564,0.0,0.030401749536395073,0.31904855370521545,0.5023500919342041,0.13894757628440857,0.15392328798770905,0.22119474411010742,0.0,0.005666626617312431,0.06555482745170593,0.08866453170776367,0.5201295018196106,0.6595456004142761,0.0,0.2628076374530792,0.06348056346178055,0.07316457480192184,0.04524927958846092,0.028581075370311737,0.4999101758003235,0.1473453938961029,0.0,0.0,0.0,0.001584236160852015,0.2384345978498459,0.0,0.0017999602714553475,0.005785697605460882,0.05788290500640869,0.37606456875801086,0.06248638406395912,0.15335501730442047,0.8361411690711975,0.0,0.0,0.3534521758556366,0.06388123333454132,0.0,0.0,0.017859552055597305,0.0,0.022934751585125923,0.0,0.47510361671447754,0.0,0.0,0.0,0.0,0.2194184809923172,0.09141334891319275,0.0,0.0,0.8126806616783142,0.07504517585039139,0.0,0.0017691194079816341,0.06954296678304672,0.3750417232513428,0.289791464805603,0.10731549561023712,0.024405984207987785,0.17996284365653992,0.2977796196937561,0.0,0.19738048315048218,0.0,0.0,0.022737517952919006,0.02539856918156147,0.007969925180077553,0.008929221890866756,1.4254192113876343,0.02416272461414337,0.011647166684269905,0.1623947024345398,0.0,0.009033088572323322,0.0,0.01359410211443901,0.057393383234739304,0.053017232567071915,0.0,0.5610530376434326,0.9713330864906311,0.027903826907277107,0.38906434178352356,0.0,0.0031115952879190445,0.0004901165957562625,0.3227316439151764,0.031135709956288338,0.44398826360702515,0.2004166841506958,0.03431269899010658,0.11204122751951218,0.0024187674280256033,0.10286488384008408,0.08888892829418182,0.0,0.13700293004512787,0.3395664691925049,0.0022433153353631496,0.03344050422310829,0.0,0.08974280208349228,0.026738207787275314,0.2523886263370514,0.2720634341239929,0.9178470373153687,0.02424955926835537,0.25905051827430725,0.0029181442223489285,0.06879179924726486,0.629490852355957,0.028656817972660065,0.14491501450538635,0.05430504307150841,0.002919374732300639,0.48230889439582825,0.027458345517516136,0.10231984406709671,0.05035024508833885,0.0,0.5503102540969849,0.0007316186674870551,0.962418258190155,0.0,0.26366403698921204,0.16971349716186523,0.2878912687301636,0.08721014112234116,0.01264106947928667,0.14840537309646606,0.11433791369199753,0.0,0.009829975664615631,0.020025741308927536,0.22844383120536804,0.0,0.0034848249051719904,0.05727905035018921,0.0,0.1197597086429596,0.003644883632659912,0.0,0.0,0.003892267122864723,0.0,0.68817538022995,0.0,0.0,0.036934979259967804,0.29484477639198303,0.0015620490303263068,0.1155741885304451,0.10533276200294495,0.12596949934959412,0.05944274738430977,0.0,0.010721083730459213,0.20356814563274384,0.42145413160324097,0.27971455454826355,0.16753891110420227,0.0,0.18114766478538513,0.0,0.049052510410547256,0.27309295535087585,0.006836092099547386,0.007465978618711233,0.43469715118408203,0.9230445623397827,0.2284679412841797,0.22832322120666504,0.0015962811885401607,0.0,0.021115414798259735,0.07728883624076843,0.009464554488658905,0.06488772481679916,0.3785566985607147,0.6921303272247314,0.018242260441184044,0.06591839343309402,0.011752051301300526,0.12671154737472534,0.06649628281593323,0.0,0.07459337264299393,0.15119405090808868,0.016889406368136406,0.06255673617124557,0.2950986623764038,0.3310357630252838,0.05688376724720001,0.03698473796248436,0.5439615845680237
119,0.08120213449001312,0.1303044557571411,0.05614428594708443,0.0,0.0,0.0,0.4657604694366455,0.08160395920276642,0.0,0.00893077626824379,0.05371366813778877,0.005408296827226877,0.0,0.31616899371147156,0.0,0.0762060359120369,0.023982413113117218,0.0,0.0,0.0,0.0,0.048933543264865875,0.0,0.33606788516044617,0.018604183569550514,0.0,0.0,0.4859839379787445,0.003901021322235465,0.09569519013166428,0.08327259123325348,0.28170046210289,0.0,0.28129372000694275,0.05252150446176529,0.07941029220819473,0.04895946756005287,0.2457580864429474,0.01459022518247366,0.12646321952342987,0.0290630254894495,0.1579252928495407,0.09229430556297302,0.10650097578763962,0.2649237811565399,0.10685159265995026,0.24489863216876984,0.015249825082719326,0.0,0.079450324177742,0.07814570516347885,0.0,0.17641587555408478,0.011969591490924358,0.02249750867486,0.00258762389421463,0.19156889617443085,0.6275901198387146,0.15899594128131866,0.06053537875413895,0.0,0.09595711529254913,0.09278234094381332,0.0,0.0,0.0016510207206010818,0.0,0.02643250860273838,0.14876008033752441,0.1176595464348793,0.021569736301898956,0.0,0.15344731509685516,0.09905482083559036,0.024313820526003838,0.04224366322159767,0.0022109299898147583,0.0960937961935997,0.0,0.12524724006652832,0.009819984436035156,0.0851726084947586,0.0,0.1525096446275711,0.04185156896710396,0.010015621781349182,0.05855005979537964,0.2139759510755539,0.3658679723739624,0.35693150758743286,0.04692491888999939,0.0,0.027036001905798912,0.07493535429239273,0.0017390616703778505,0.011998635716736317,0.4661988317966461,0.0,0.0,0.00020403116650413722,0.0,0.2859749495983124,0.0,0.2993674576282501,0.33247002959251404,0.14678405225276947,0.04184485971927643,0.01421617902815342,0.01534201204776764,0.0,0.0038635660894215107,0.06860636919736862,0.04346666485071182,0.17835476994514465,0.02248631976544857,0.0,0.03580044209957123,0.0,0.06682675331830978,0.005717145744711161,0.0,0.03592634201049805,0.013540834188461304,0.00432470440864563,0.0,0.3360396921634674,0.0,0.0,0.0,0.011448300443589687,0.0,0.12430936098098755,0.009467394091188908,0.005269590299576521,0.017151964828372,0.06783848255872726,0.0,0.0,0.08215072005987167,0.004887905903160572,0.0,0.0,0.017149480059742928,0.0,0.15547490119934082,0.0,0.019313856959342957,0.0,0.03935524821281433,0.00317838485352695,0.041736673563718796,0.19729216396808624,0.10070152580738068,0.0,0.0,0.23633182048797607,0.013459390960633755,0.0,0.02757866680622101,0.02972792647778988,0.2613396942615509,0.1305529922246933,0.02036074735224247,0.0,0.12192290276288986,0.09541302174329758,0.0023180998396128416,0.12332741171121597,0.0,0.0,0.0,0.0,0.03177539259195328,0.014760809950530529,0.12408708781003952,0.12142997235059738,0.003929405938833952,0.11349055916070938,0.03281562402844429,0.02858777716755867,0.0071045816875994205,0.0,0.2538747489452362,0.0,0.0,0.11947806924581528,0.23713140189647675,0.0,0.07387560606002808,0.0,0.0,0.01841636747121811,0.09041149914264679,0.0003650309517979622,0.19290977716445923,0.14959712326526642,0.035637300461530685,0.1977800875902176,0.012557456269860268,0.0073917158879339695,0.0898975282907486,0.0,0.02048194408416748,0.028229687362909317,0.0,0.0,0.0,0.0,0.0,0.040967874228954315,0.03307187184691429,0.31902021169662476,0.015229100361466408,0.21342897415161133,0.014648223295807838,0.04423965886235237,0.337442010641098,0.002534981817007065,0.02206924930214882,0.2408500760793686,0.0,0.02603243850171566,0.0,0.0,0.01418642420321703,0.0,0.03804829344153404,0.0015783228445798159,0.25969117879867554,0.0347227118909359,0.01027507334947586,0.0,0.33571165800094604,0.09664485603570938,0.09475000202655792,0.07593008130788803,0.015383817255496979,0.0,0.04559536650776863,0.051946382969617844,0.017387060448527336,0.0,0.0,0.3693423271179199,0.0,0.023310484364628792,0.06271734088659286,0.0,0.0,0.0,0.0,0.2725619375705719,0.0,0.0,0.004104651510715485,0.09570030868053436,0.0,0.06033584475517273,0.046977318823337555,0.001778542879037559,0.1484697461128235,0.0,0.0,0.17775216698646545,0.10696136951446533,0.19870944321155548,0.08497017621994019,0.0,0.16998045146465302,0.005583915859460831,0.0,0.07512134313583374,0.004493981134146452,0.0,0.35937753319740295,0.4346179962158203,0.21493013203144073,0.01654529944062233,0.0,0.0,0.0,0.0010078269988298416,0.031332727521657944,0.025586146861314774,0.04807702824473381,0.33628615736961365,0.0,0.0192159004509449,0.2949715852737427,0.1516961306333542,0.014058979228138924,0.0,0.0,0.0,0.25324681401252747,0.0,0.45099517703056335,0.06970153003931046,0.0026036840863525867,0.02218029461801052,0.0015333059709519148,0.07412204146385193,0.27905699610710144,0.0,0.0,0.0,0.40618911385536194,0.1166187971830368,0.0,0.009540501050651073,0.16900619864463806,0.02227598801255226,0.0,0.37211230397224426,0.0,0.06462941318750381,0.0,0.04747031256556511,0.0002452647313475609,0.0,0.0,0.22644618153572083,0.0,0.6705146431922913,0.0,0.0022778338752686977,0.0,0.6071139574050903,0.017823245376348495,0.04320729523897171,0.0,0.23555831611156464,0.0,0.3798120319843292,0.0005539730191230774,0.08262738585472107,0.1418425440788269,0.44616490602493286,0.013369115069508553,0.20502175390720367,0.0,0.13328084349632263,0.10828607529401779,0.13705110549926758,0.40116775035858154,0.12647560238838196,0.08952126652002335,0.07790116965770721,0.0,0.22696882486343384,0.04177285358309746,0.0,0.0807790756225586,0.0,0.02319304458796978,0.1043955385684967,0.03487100824713707,0.6021322011947632,0.03799330070614815,0.0,0.0,0.15843020379543304,0.0008932568598538637,0.002462303265929222,0.0,0.008534116670489311,0.0,0.14326158165931702,0.019782844930887222,0.013233610428869724,0.060423098504543304,0.0,0.26378124952316284,0.05893510580062866,0.0,0.1558152139186859,0.1574622541666031,0.30417901277542114,0.0,0.08721727877855301,0.06861366331577301,0.0,0.0,0.20905911922454834,0.36685389280319214,0.001748865470290184,0.011078707873821259,0.04381909966468811,0.5267518758773804,0.16665714979171753,0.07317805290222168,0.08111265301704407,0.0557793565094471,0.2821044921875,0.0,0.0,0.24248670041561127,0.0,0.0,0.02283083274960518,0.0,0.011908061802387238,0.0,0.6442995071411133,0.4448903203010559,0.04199814051389694,0.0436016321182251,0.0707433670759201,0.0,0.0,0.03994451463222504,0.08287230879068375,0.07961761951446533,0.22998490929603577,0.0,0.0,0.03241986036300659,0.12774665653705597,0.016521690413355827,0.0757225975394249,0.03246769309043884,0.03733668476343155,0.0,0.0,0.0,0.3566187024116516,0.0,0.12116623669862747,0.01868497021496296,0.0,0.0,0.011217642575502396,0.013342524878680706,0.020623857155442238,0.034270621836185455,0.0,0.0,0.0,0.048063889145851135,0.00284460186958313,0.0,0.008519517257809639,0.22035512328147888,0.0,0.27567392587661743,0.0,0.0,0.0628659799695015,0.11856038868427277,0.0,0.009988205507397652,0.22718022763729095,0.023492515087127686,0.0,0.0,0.27792802453041077,0.0516757071018219,0.0,0.0008875657804310322,0.0,0.43237027525901794,0.010048814117908478,0.03652571141719818,0.0,0.14188580214977264,0.02396261878311634,0.00519147701561451,0.0914551392197609,0.020558327436447144,0.0,0.00441662035882473,0.0,0.023737439885735512,0.0,0.008912373334169388,0.2549242675304413,0.0,0.08026019483804703,0.0737517699599266,0.046385399997234344,0.0,0.0,0.39481180906295776,0.005442418158054352,0.0,0.028358206152915955,0.08542392402887344,0.0,0.09803614020347595,0.0,0.0,0.02399413473904133,0.016141463071107864,0.0,0.0732026919722557,0.39235395193099976,0.03113919124007225,0.45844945311546326,0.252105712890625,0.0,0.21674683690071106,0.0,0.010203955695033073,0.0,0.0,0.0,0.0,0.0,0.040329255163669586,0.011387811973690987,0.003761499421671033,0.0715225487947464,0.0,0.26397860050201416,0.1354535073041916,0.08756223320960999,0.27803242206573486,0.0,0.0,0.3750374913215637,0.0,0.006509719416499138,0.0,0.0,0.0,0.0,0.01843170076608658,0.06916841119527817,0.07165192067623138,0.1282307505607605,0.002258485183119774,0.0,0.5465118288993835,0.26115649938583374,0.1106068417429924,0.07692078500986099,0.024335011839866638,0.0,0.08567105233669281,0.0,0.010992685332894325,0.016340743750333786,0.0,0.6626299023628235,0.0,0.07265819609165192,0.042848922312259674,0.0,0.0,0.0,0.0,0.22294950485229492,0.0,0.0,0.0,0.26644769310951233,0.0,0.012125258333981037,0.0014513718197122216,0.01971283182501793,0.10126063972711563,0.0,0.050886668264865875,0.21649916470050812,0.03807608783245087,0.28184014558792114,0.11592303961515427,0.11386504024267197,0.15608519315719604,0.0,0.0,0.0552029013633728,0.05366603285074234,0.0,0.7768397927284241,0.3051470220088959,0.32457998394966125,0.015361946076154709,0.0,0.004055348690599203,0.05521731078624725,0.006323968525975943,0.11932700127363205,0.11757781356573105,0.0,0.18928122520446777,0.0,0.0,0.5917254686355591,0.3218349814414978,0.014432823285460472,0.010512406937777996,0.0,0.0,0.46822887659072876,0.0,0.4946802258491516,0.08209977298974991,0.219846710562706,0.04188121482729912,0.10726825147867203,0.08579173684120178,0.043384164571762085,0.0,0.0,0.0,0.4901738464832306,0.07752738147974014,0.0,0.019843533635139465,0.027812378481030464,0.012932837940752506,0.0,0.4359409213066101,0.0,0.056871552020311356,0.05396219342947006,0.0,0.0,0.0,0.0,0.08980555087327957,0.025055760517716408,0.2961858808994293,0.019780173897743225,0.0010255934903398156,0.0,0.6133196353912354,0.008110092021524906,0.03297800570726395,0.05005369335412979,0.36806875467300415,0.0,0.2900477349758148,0.03132254630327225,0.12873995304107666,0.014575667679309845,0.2354799211025238,0.011156340129673481,0.1958467662334442,0.08094839006662369,0.27607205510139465,0.06124141812324524,0.14196045696735382,0.32379505038261414,0.17410434782505035,0.38260382413864136,0.011970190331339836,0.0,0.06185222417116165,0.08242737501859665,0.0,0.2546781599521637,0.0,0.009763182140886784,0.012893684208393097,0.19415801763534546,0.8602392673492432,0.19891341030597687,0.08143667131662369,0.0,0.13556626439094543,0.17668823897838593,0.0,0.0,0.019415343180298805,0.0,0.006051613017916679,0.20857371389865875,0.20972779393196106,0.048837751150131226,0.0,0.18888095021247864,0.19406628608703613,0.027612563222646713,0.12362906336784363,0.010467513464391232,0.07341623306274414,0.0,0.1534261703491211,0.014371771365404129,0.01308829989284277,0.0,0.18785111606121063,0.01610020361840725,0.009879630990326405,0.04934421181678772,0.3166230320930481,0.29510819911956787,0.2988164722919464,0.03961743414402008,0.0,0.03483537212014198,0.08212219923734665,0.046050578355789185,0.018251022323966026,0.5821942687034607,0.0,0.0025592693127691746,0.044392477720975876,0.0,0.22841277718544006,0.0,0.1801101118326187,0.41331762075424194,0.15392275154590607,0.05335533991456032,0.006766422186046839,0.014378228224813938,0.0,0.0023773605935275555,0.06302526593208313,0.027673423290252686,0.2313704490661621,0.04999515414237976,0.0,0.05912964418530464,0.0,0.04881472513079643,0.010965432971715927,0.0273393876850605,0.05951401963829994,0.009316060692071915,0.00109908077865839,0.0,0.22548919916152954,0.0,0.0052353511564433575,0.0,0.0,0.0,0.05096112936735153,0.019876552745699883,0.003735999809578061,0.020052023231983185,0.12140494585037231,0.0,0.0,0.10916202515363693,0.06122342869639397,0.0,0.00040623985114507377,0.03312394395470619,0.0,0.1122308149933815,0.0,0.012422802858054638,0.0,0.0012859947746619582,0.0,0.029583163559436798,0.158802330493927,0.07215677201747894,0.0,0.0,0.2224406898021698,0.04973223805427551,0.0,0.015151526778936386,0.029142159968614578,0.23708312213420868,0.15224434435367584,0.022830629721283913,0.0,0.19958555698394775,0.14036060869693756,0.0,0.13363666832447052,0.0,0.0,0.0,0.0,0.03183460235595703,0.002693780232220888,0.23999060690402985,0.09324553608894348,0.0,0.09544506669044495,0.03522518649697304,0.026259716600179672,0.0,0.0,0.21361123025417328,0.0013151081511750817,0.0,0.22792203724384308,0.3355053663253784,0.0,0.12172118574380875,0.0,0.0,0.0027648608665913343,0.1167973130941391,0.013147784397006035,0.23311859369277954,0.10368163138628006,0.025159135460853577,0.1586254984140396,0.0017313869902864099,0.0011582024162635207,0.06354369223117828,0.0,0.054808396846055984,0.0113088833168149,0.0,0.00020105567818973213,0.0,0.0,0.0,0.019001690670847893,0.11054801195859909,0.3407406210899353,0.014238408766686916,0.22364766895771027,0.04061738774180412,0.039861373603343964,0.4055822789669037,0.0,0.012616117484867573,0.20975127816200256,0.0,0.039950642734766006,0.0,0.0,0.008248724974691868,0.0,0.01925811916589737,0.0,0.38846707344055176,0.0005644207121804357,0.01418302021920681,0.0,0.3105977773666382,0.1543506532907486,0.240058034658432,0.10333419591188431,0.010797420516610146,0.004743520636111498,0.04995814338326454,0.016696134582161903,0.010116496123373508,0.0,0.0,0.31995469331741333,0.0,0.026802655309438705,0.013646717183291912,0.0,0.0,0.0,0.0,0.3616013526916504,0.0,0.0,0.0,0.11312028020620346,0.0,0.03679940104484558,0.02994133159518242,0.013009374029934406,0.1138392835855484,0.0,0.0,0.16558167338371277,0.14249806106090546,0.20091937482357025,0.06040892377495766,0.0,0.17262019217014313,0.002954723546281457,0.0,0.06473802775144577,0.06460479646921158,0.0,0.4752861559391022,0.5563472509384155,0.23636150360107422,0.032904479652643204,0.0,0.0017960930708795786,0.0,0.034285712987184525,0.04462383687496185,0.00930899940431118,0.10905396193265915,0.37967097759246826,0.0,0.010054589249193668,0.3386329114437103,0.28880825638771057,0.02479138784110546,0.0,0.0038038045167922974,0.003716517938300967,0.2058897614479065,0.005243145860731602,0.42568135261535645,0.10926516354084015,0.006641611456871033,0.017497675493359566,-0.3934987485408783
120,0.0,0.14580698311328888,0.49901142716407776,0.0025319962296634912,0.0,0.0,0.6165251135826111,0.023064477369189262,0.0,0.0,0.06971359252929688,0.0,0.0,0.2560161054134369,0.0,0.19062575697898865,0.02071727253496647,0.0,0.0,0.0,0.0,0.13131533563137054,0.024541132152080536,0.6915145516395569,0.0,0.0,0.0,0.8383224606513977,0.07546878606081009,0.050354618579149246,0.2950911819934845,0.31335610151290894,0.0,0.40168699622154236,0.18109342455863953,0.38994666934013367,0.16907644271850586,0.7970860004425049,0.0,0.0014210757799446583,0.0,0.4300292432308197,0.0496140718460083,0.23809538781642914,0.5526755452156067,0.9194612503051758,0.09471753984689713,0.0,0.0,0.19541268050670624,0.3753562569618225,0.0,0.0,0.008799625560641289,0.21441571414470673,0.0,0.705437183380127,0.6566708087921143,0.1545850783586502,0.05330171808600426,0.0,0.031216956675052643,0.005395323503762484,0.0,0.0,0.11193660646677017,0.007867962121963501,0.0,0.1341460943222046,0.009054800495505333,0.6139037609100342,0.0,0.3648563325405121,0.0,0.11197283864021301,0.11362392455339432,0.0,0.5950393080711365,0.0,0.1136055514216423,0.018796073272824287,0.28434595465660095,0.002320026746019721,0.15566471219062805,0.0,0.0,0.15287916362285614,0.1682804375886917,0.4216732680797577,0.5398867726325989,0.10819404572248459,0.0,0.0,0.49480000138282776,0.0,0.0,0.4295858144760132,0.1101142019033432,0.0,0.007106830831617117,0.0,0.041176941245794296,0.0,0.523565411567688,0.7770289778709412,0.45221033692359924,0.25072622299194336,0.00425294041633606,0.0,0.0,0.0,0.23023076355457306,0.23016251623630524,0.2444600760936737,0.17344403266906738,0.0,0.0,0.0,0.23436005413532257,0.17837098240852356,0.0,0.055087246000766754,0.1792672872543335,0.01806602254509926,0.0,0.44949594140052795,0.0021692970767617226,0.251851886510849,0.0,0.0,0.0,0.008321575820446014,0.1466808319091797,0.0,0.08851303160190582,0.033986084163188934,0.0,0.0,0.037221238017082214,0.033826835453510284,0.0,0.01818820834159851,0.5972957611083984,0.0,0.5825796127319336,0.0,0.0,0.039336323738098145,0.0,0.0,0.0770333781838417,0.7553068995475769,0.2995852530002594,0.0,0.0,0.5816555023193359,0.004490009043365717,0.0,2.5456563889747486e-05,0.0,1.1863898038864136,0.3187517821788788,0.0,0.0,0.17561393976211548,0.04143685847520828,0.0,0.6736462712287903,0.0,0.0,0.0,0.0,0.053877200931310654,0.1280384510755539,0.0714355856180191,0.2393416315317154,0.022735506296157837,0.7789468765258789,0.0,0.0232236348092556,0.0,0.0,0.9064512252807617,0.006670026574283838,0.0,0.2480948567390442,0.21862371265888214,0.14484235644340515,0.6863566040992737,0.0,0.0,0.0,0.0,0.11936444789171219,0.1768777072429657,0.6465228199958801,0.019819585606455803,0.8549498319625854,0.0,0.07303962856531143,0.20340029895305634,0.0,0.014215032570064068,0.0,0.0,0.0,0.0,0.0,0.0,0.0027101635932922363,0.00014260431635193527,0.18936091661453247,0.08597730100154877,0.7086277008056641,0.0,0.25761011242866516,0.5193008780479431,0.0,0.07981596887111664,0.5699911713600159,0.011427074670791626,0.0072761401534080505,0.0,0.0,0.0,0.05793948844075203,0.023192021995782852,0.0,0.3738971948623657,0.008960005827248096,0.0,0.0,0.8568225502967834,0.4411666691303253,0.032102812081575394,0.20033086836338043,0.12933868169784546,0.00021978218865115196,0.2841806411743164,0.07842656970024109,0.002091595670208335,0.0,0.0,1.1752516031265259,0.0,0.039286598563194275,0.019569972530007362,0.0,0.0,0.0,0.0,0.008554468862712383,0.0,0.02693403698503971,0.0,0.8790748119354248,0.06585793942213058,0.07828748226165771,0.007446978706866503,0.08901925384998322,0.530750572681427,0.0,0.0,0.645555317401886,0.34800291061401367,0.0,0.5859456658363342,0.0,0.38418906927108765,0.045114580541849136,0.0,0.10873053222894669,0.0,0.028012918308377266,1.4983670711517334,0.8328608274459839,0.479095995426178,0.12274959683418274,0.0,0.0022740827407687902,0.0,0.0031924801878631115,0.4800146520137787,0.0,0.0031826640479266644,0.46405166387557983,0.0,0.0,0.6381208300590515,0.273648738861084,0.021513326093554497,0.010216942988336086,0.0,0.0,0.38818955421447754,0.12531189620494843,0.6468139886856079,0.0,0.007982944138348103,0.25170832872390747,0.21835029125213623,0.09956363588571548,0.0384676419198513,0.0,0.0,0.0,0.33715906739234924,0.059216730296611786,0.017512908205389977,0.10980261117219925,0.16082477569580078,0.01777663640677929,0.0,0.3836466372013092,0.12852606177330017,0.03636793792247772,0.003232085146009922,0.12849530577659607,0.05346963554620743,0.0,0.0,0.069413922727108,0.0,0.35476428270339966,0.1238357201218605,0.0,0.0,0.4117734730243683,0.008149519562721252,0.0788789689540863,0.011916269548237324,0.2901255190372467,0.0,0.11965332925319672,0.06384796649217606,0.0,0.02397857792675495,0.07796783000230789,0.16823506355285645,0.30082112550735474,0.31584417819976807,0.025825588032603264,0.2164282351732254,0.0,0.13068516552448273,0.00971502810716629,0.38206276297569275,0.0,0.0,0.08807948976755142,0.004578184336423874,0.0,0.6208317875862122,0.0,0.0,0.04199458658695221,0.056427001953125,0.831071138381958,0.2238951325416565,0.015422130934894085,0.0,0.014288024976849556,0.2882229685783386,0.02136329375207424,0.0,0.0,0.0,0.43381014466285706,0.25862282514572144,0.23496325314044952,0.0,0.0,0.1886502057313919,0.6162446737289429,0.005101572256535292,0.03335614874958992,0.1996307373046875,0.0,0.0,0.10210008919239044,0.08806134015321732,0.0,0.05096672102808952,0.1850556880235672,0.22314368188381195,0.05548402667045593,0.0,0.28929752111434937,0.5009729862213135,0.1775590479373932,0.050680745393037796,0.2913142740726471,0.04844851791858673,0.0018681545043364167,0.0,0.0997905507683754,0.45754119753837585,0.0,0.005124810617417097,0.0,0.33765891194343567,0.376232773065567,0.0,0.34927040338516235,0.14936096966266632,0.11458471417427063,0.01480936724692583,0.29317182302474976,0.043854571878910065,0.0,0.22141888737678528,0.07179924100637436,0.003668945748358965,0.27881771326065063,0.1159224659204483,0.0,0.14790619909763336,0.1909882128238678,0.0,0.03681175038218498,0.13377045094966888,0.21930237114429474,0.03923065960407257,0.0,0.030716413632035255,0.02998698502779007,0.0,0.0,0.08356926590204239,0.0,0.0,0.019129090011119843,0.03239317238330841,0.04197065532207489,0.030865494161844254,0.20867177844047546,0.02217513881623745,0.0,0.2090674191713333,0.01112489216029644,0.0,0.0,0.0,0.0,0.05412377789616585,0.030864153057336807,0.08997751027345657,0.0,0.09197860956192017,0.0,0.0,0.02017062157392502,0.012506883591413498,0.0,0.0,0.23073549568653107,0.10862500220537186,0.0,0.00206971843726933,0.007474579848349094,0.032855074852705,0.03927597030997276,0.098565973341465,0.007039519492536783,0.02979707159101963,0.1598106175661087,0.0,0.0009322464466094971,0.04337522014975548,0.0,0.020565215498209,0.030141571536660194,0.015149067156016827,0.0,0.42462122440338135,0.11056826263666153,0.0,0.004417091608047485,0.1672649085521698,0.014094929210841656,0.020460372790694237,0.0,0.09520450234413147,0.019090697169303894,0.018131818622350693,0.08537910133600235,0.33934974670410156,0.0,0.007491643074899912,0.0,0.0,0.21473699808120728,0.2838228940963745,0.0,0.17169983685016632,0.10780840367078781,0.06925055384635925,0.11594205349683762,0.2920725643634796,0.0,0.08347893506288528,0.0,0.007006207946687937,0.08526883274316788,0.0,0.0,0.011678793467581272,0.4321897625923157,0.15045049786567688,0.05091669782996178,0.17775842547416687,0.3649847209453583,0.0,0.0,0.17671771347522736,0.05798174440860748,0.1837529093027115,0.0,0.0,0.039646923542022705,0.01092261541634798,0.13594114780426025,0.24311572313308716,0.0,0.12158858776092529,0.0,0.18785491585731506,0.12915457785129547,0.2688094675540924,0.14075809717178345,0.15526142716407776,0.11138749122619629,0.2222631275653839,0.03258925676345825,0.0995333343744278,0.0,0.0,0.0,0.013973714783787727,0.007578507997095585,0.014912145212292671,0.0,0.009360040538012981,0.02927371859550476,0.1400759220123291,0.09455231577157974,0.07158461213111877,0.004744863603264093,0.0,0.004389640409499407,0.0,0.628820538520813,0.0,0.0,0.041817788034677505,0.0,0.0,0.025136031210422516,0.0007106636767275631,0.007327877916395664,0.0007253653602674603,0.02064277045428753,0.054262880235910416,0.04930511489510536,0.014769461937248707,0.5688287615776062,0.01482363510876894,0.10211290419101715,0.05475768819451332,0.0,0.0,0.08510737121105194,0.15327347815036774,0.0,0.14846393465995789,0.20990662276744843,0.14237435162067413,0.0,0.05367618054151535,0.0,0.08919505774974823,0.040981028228998184,0.004135313909500837,0.25530707836151123,0.023365825414657593,0.24330070614814758,0.0,0.0,0.3008722960948944,0.03640312701463699,0.025701338425278664,0.0,0.0,0.3529437780380249,0.19727672636508942,0.0,0.18650159239768982,0.5692127346992493,0.1097656786441803,0.0,0.08452288806438446,0.12506571412086487,0.214788019657135,0.0,0.0,0.0,0.40327176451683044,0.04997951164841652,0.0,0.043683189898729324,0.05675337091088295,0.0,0.0,0.32081764936447144,0.0,0.0866883248090744,0.055024925619363785,0.03836055472493172,0.0,0.0,0.0,0.10112941265106201,0.04091867059469223,0.6052249670028687,0.028806157410144806,2.4291523004649207e-05,0.0,0.7276028990745544,0.0528142973780632,0.02554898150265217,0.07480436563491821,0.3644745349884033,0.0,0.28911978006362915,0.06902829557657242,0.22191323339939117,0.03660835698246956,0.40982335805892944,0.06937886774539948,0.06425303965806961,0.08018387854099274,0.3233179748058319,0.087310291826725,0.09004004299640656,0.46559664607048035,0.4862517714500427,0.14992539584636688,0.0,0.003466285765171051,0.1387973427772522,0.14616651833057404,0.004099818877875805,0.32128143310546875,0.017766684293746948,0.059024158865213394,0.0,0.37001508474349976,0.6955789923667908,0.24402007460594177,0.041875243186950684,0.0,0.07932337373495102,0.07235698401927948,0.0,0.0,0.026435283944010735,0.0,0.13459685444831848,0.25294220447540283,0.07725932449102402,0.2526318430900574,0.0,0.2556462287902832,0.25671857595443726,0.00399458734318614,0.10766121745109558,0.06663593649864197,0.2601979970932007,0.0,0.044946953654289246,0.07749494165182114,0.08594740182161331,0.04917367175221443,0.19213047623634338,0.24271294474601746,0.0012676803162321448,0.031919073313474655,0.2539865970611572,0.4514903426170349,0.3318198025226593,0.06446460634469986,0.13900263607501984,0.030491160228848457,0.3018002510070801,0.01716306060552597,0.08005359023809433,0.3886156678199768,0.013769332319498062,0.006220315117388964,0.011247745715081692,0.1171049103140831,0.11136634647846222,0.0,0.40412387251853943,0.4020967185497284,0.24564790725708008,0.122646763920784,0.20331712067127228,0.0070212725549936295,0.0,0.004336646292358637,0.09379132091999054,0.039736341685056686,0.2637709677219391,0.15886104106903076,0.007838059216737747,0.01950375735759735,0.1261930912733078,0.021982355043292046,0.16496248543262482,0.013141835108399391,0.15676267445087433,0.10941416770219803,0.0,0.0,0.12242833524942398,0.0,0.2064523994922638,0.08120056986808777,0.0023938678205013275,0.0,0.03790033981204033,0.06455795466899872,0.0,0.06493724137544632,0.1251734048128128,0.0,0.0026582758873701096,0.11618688702583313,0.05319908261299133,0.0,0.0,0.3302825689315796,0.0,0.29566726088523865,0.0,0.0005177110433578491,0.0006835140520706773,0.0,0.0,0.0018057626439258456,0.4512544274330139,0.1426001936197281,0.0,0.0,0.4774513244628906,0.01859447732567787,0.0,0.006976188160479069,0.005797903053462505,0.6465049386024475,0.17986662685871124,0.028094476088881493,0.0,0.09036392718553543,0.0527716800570488,0.02325662225484848,0.19924025237560272,0.03251997008919716,0.0,0.017328543588519096,0.03194667026400566,0.013616788201034069,0.11291904002428055,0.26284509897232056,0.17288674414157867,0.0042905788868665695,0.2181931436061859,0.05526147782802582,0.0,0.0,0.004288993775844574,0.4676503539085388,0.007978013716638088,0.013096767477691174,0.2591933608055115,0.20549233257770538,0.019376296550035477,0.3019256293773651,0.001727052964270115,0.0,0.08309066295623779,0.04589956998825073,0.07390036433935165,0.166966050863266,0.4136534333229065,0.0,0.5703384876251221,0.15746580064296722,0.009030846878886223,0.1364593356847763,0.0,0.04200388491153717,0.0015587495872750878,0.0,0.0,0.0,0.171952024102211,0.09267767518758774,0.05773027986288071,0.02743000164628029,0.2315153330564499,0.024947121739387512,0.32220974564552307,0.0641980841755867,0.1347692459821701,0.3160637617111206,0.0,0.03994647413492203,0.2044844627380371,0.013917759992182255,0.04032464697957039,0.07495728135108948,0.0,0.0,0.012981980107724667,0.15731960535049438,0.1807812601327896,0.3103591799736023,0.11755775660276413,0.009442576207220554,0.025011248886585236,0.5842442512512207,0.27169662714004517,0.10067097842693329,0.09663458168506622,0.03723718971014023,0.0,0.040209949016571045,0.019687766209244728,0.0022972479928284883,0.0,0.002212826395407319,0.5351191163063049,0.026285724714398384,0.13002634048461914,0.0,0.0,0.0,0.0,0.0,0.3071296513080597,0.0,0.0,0.0,0.3436949551105499,0.00840968731790781,0.013195905834436417,0.022197319194674492,0.041540734469890594,0.1089935228228569,0.0,0.05292085185647011,0.2817249596118927,0.16039946675300598,0.17601078748703003,0.25491440296173096,0.08477819710969925,0.10349824279546738,0.006952416151762009,0.006869014352560043,0.05083540827035904,0.016940144822001457,0.0,1.0571383237838745,0.3792526125907898,0.20942629873752594,0.0029712505638599396,0.0,0.0025451744440943003,0.062073372304439545,0.010665902867913246,0.10294065624475479,0.15450729429721832,0.05437217652797699,0.35339444875717163,0.00041070141014643013,0.0,0.4858451187610626,0.1523502916097641,0.08844668418169022,0.0,0.01826053485274315,0.030840624123811722,0.2611331045627594,0.02959883213043213,0.23340746760368347,0.09878380596637726,0.151711568236351,0.15536527335643768,-0.37261584401130676
121,0.22094476222991943,0.14054520428180695,0.09013261646032333,0.0,0.0,0.0,0.6588271260261536,0.03160395100712776,0.0,0.020282255485653877,0.030668985098600388,4.8391182644991204e-05,0.0,0.378491073846817,0.0,0.1291886866092682,0.06406199187040329,0.0,0.0,0.0,0.0,0.04763749614357948,0.0003955448919441551,0.17513398826122284,0.01570470817387104,0.0,0.0,0.5239138603210449,0.009133611805737019,0.11950044333934784,0.1729031205177307,0.3255641460418701,0.0,0.2711847126483917,0.09746825695037842,0.07384435087442398,0.0,0.27858608961105347,0.0014014645712450147,0.04736912250518799,0.10500334948301315,0.19752764701843262,0.0965365543961525,0.14179392158985138,0.16406172513961792,0.3161715269088745,0.368338018655777,0.055773310363292694,0.0,0.057086799293756485,0.2257363200187683,0.0,0.10150031745433807,0.025044431909918785,0.04974522069096565,0.0,0.37102070450782776,0.9085069298744202,0.3089969754219055,0.10204744338989258,0.0,0.03075166791677475,0.1935710459947586,0.0,0.0,0.026142865419387817,0.0,0.0,0.2858754098415375,0.19732236862182617,0.13593867421150208,0.0,0.23975789546966553,0.08821187168359756,0.11395858973264694,0.03317858278751373,0.004298361949622631,0.07485201954841614,0.0,0.17212708294391632,0.0,0.1020430475473404,0.0,0.13918602466583252,0.003818890079855919,0.0,0.0660281553864479,0.35816606879234314,0.27159711718559265,0.47343194484710693,0.06052437797188759,0.0,0.023132864385843277,0.09661015123128891,0.0,0.017151296138763428,0.683111846446991,0.0,0.006811114493757486,0.0,0.0,0.381049245595932,0.0,0.2429874837398529,0.5291200876235962,0.4083310067653656,0.07440757006406784,0.0018404468428343534,0.04264454543590546,0.0,0.0,0.10005410760641098,0.09563950449228287,0.3020831346511841,0.158161923289299,0.0,0.041728902608156204,0.0,0.11698582023382187,0.03499315679073334,0.0,0.09543427079916,0.0,0.015206818468868732,0.0,0.24782127141952515,0.0,0.0501696951687336,0.0,0.04587603360414505,0.0,0.13304241001605988,0.08093365281820297,0.0,0.05981432646512985,0.2590380311012268,0.0,0.0,0.05880764499306679,0.017418095842003822,0.0,0.0,0.04267056658864021,0.0,0.2592597007751465,0.0,0.10746940970420837,0.0004739375435747206,0.0,0.0,0.06556162983179092,0.2338898479938507,0.13459709286689758,0.0,0.0,0.4282986521720886,0.008946042507886887,0.0,0.03916550800204277,0.06340761482715607,0.47576290369033813,0.34863853454589844,0.017108643427491188,0.0,0.17082755267620087,0.16946418583393097,0.0,0.30623140931129456,0.0,0.0,0.000395260751247406,0.004878504201769829,0.036664947867393494,0.04120807722210884,0.37681856751441956,0.11775359511375427,0.030656814575195312,0.2588388919830322,0.0,0.013618293218314648,0.0,0.0,0.2694055438041687,0.00976558867841959,0.0,0.31513792276382446,0.39880311489105225,0.0,0.20581138134002686,0.0,0.0,0.0,0.15206921100616455,0.00962871965020895,0.33797529339790344,0.11150622367858887,0.027154812589287758,0.23265770077705383,0.0,0.062419675290584564,0.16966550052165985,0.0,0.04936261847615242,0.08863583952188492,0.0,0.0,0.0,0.0,0.0,0.10591818392276764,0.05489668250083923,0.44872844219207764,0.07953664660453796,0.3567698001861572,0.0,0.0658046081662178,0.5147473812103271,0.0,0.06095756217837334,0.30114734172821045,0.0,0.09896978735923767,0.0,0.0,0.013136133551597595,0.0,0.05813196673989296,0.0,0.45586490631103516,0.0,0.045702382922172546,0.0,0.39402005076408386,0.10609857738018036,0.037652403116226196,0.19468587636947632,0.08198626339435577,0.0,0.0875866636633873,0.16983669996261597,0.07651930302381516,0.0,0.0,0.43078458309173584,0.0,0.01758643239736557,0.041931867599487305,0.0,0.0,0.0,0.0,0.23852965235710144,0.0,0.0,0.01029555220156908,0.2641388475894928,0.0,0.10598953813314438,0.06739082932472229,0.008337886072695255,0.1966341733932495,0.0,0.0,0.2588692903518677,0.2941206693649292,0.031080832704901695,0.2026253193616867,0.0,0.2693580687046051,0.003598752897232771,0.024133136495947838,0.08557991683483124,0.0,0.0,0.39627817273139954,0.785223662853241,0.2727339267730713,0.13424012064933777,0.0,0.0,0.0,0.011498001404106617,0.030290033668279648,0.006917781196534634,0.06586119532585144,0.5442156195640564,0.0,0.09026734530925751,0.23580262064933777,0.1912364363670349,0.045507654547691345,0.0011794420424848795,0.011645256541669369,0.0,0.20276668667793274,0.018214184790849686,0.6153550148010254,0.03174259141087532,2.8369440769893117e-05,0.048023808747529984,0.38118964433670044,0.07837416976690292,0.03823133558034897,0.0,0.0,0.0,0.5790640115737915,0.003326982958242297,0.029432812705636024,0.19286756217479706,0.10758259147405624,0.0028474414721131325,0.0,0.38536858558654785,0.02461482211947441,0.0,0.016789009794592857,0.027123963460326195,0.12072154134511948,0.0,0.004897499922662973,0.016896653920412064,0.004638529848307371,0.10546398162841797,0.440922349691391,0.0071641537360847,0.0,0.49047955870628357,0.041276633739471436,0.060943473130464554,0.006886598654091358,0.4720984399318695,0.0,0.04138636216521263,0.13531269133090973,0.00812607817351818,0.008196800947189331,0.06356117874383926,0.13485543429851532,0.07997775822877884,0.6761992573738098,0.13334351778030396,0.286941796541214,0.008988945744931698,0.07992159575223923,0.013205662369728088,0.6434640288352966,0.0,0.003358559450134635,0.08802392333745956,0.004214971326291561,0.0,0.7938790321350098,0.0,0.0,0.0,0.16107480227947235,1.1484535932540894,0.39758989214897156,0.11801084131002426,0.0,0.03487510606646538,0.46147051453590393,0.0,0.0,0.0,0.0,0.33486512303352356,0.5289795398712158,0.3874220848083496,0.0,0.0,0.26268020272254944,0.836611270904541,0.02296517603099346,0.017429949715733528,0.313886433839798,0.0,0.0,0.15288354456424713,0.0807470753788948,0.0,0.05784270167350769,0.18741218745708466,0.11146467924118042,0.05129338428378105,0.0,0.6170791983604431,0.6062928438186646,0.2366178333759308,0.10740449279546738,0.25658950209617615,0.17657367885112762,0.04514965042471886,0.007383226882666349,0.4415247142314911,0.7590649127960205,0.0,0.014602812007069588,0.0,0.3105282485485077,0.616969645023346,0.0,0.1618640273809433,0.1525653451681137,0.1388927698135376,0.04274468868970871,0.29769495129585266,0.13501852750778198,0.0,0.14265969395637512,0.14832644164562225,0.02738412655889988,0.3553997576236725,0.4821789264678955,0.0,0.21609614789485931,0.2432112693786621,0.0,0.010478896088898182,0.08656995743513107,0.49531289935112,0.043554823845624924,0.009201970882713795,0.005443796515464783,0.0,0.004852664656937122,0.020202260464429855,0.05740494653582573,0.0,0.013387629762291908,0.02447332628071308,0.1529630422592163,0.06225475296378136,0.000930824491661042,0.5190996527671814,0.04269310459494591,0.0,0.3537687063217163,0.021509366109967232,0.0,0.0,0.0,0.004847466945648193,0.04023757949471474,0.03877078369259834,0.4172421395778656,0.0029835663735866547,0.11043335497379303,0.0,0.0,0.03351666405797005,0.007603663485497236,0.0,0.0,0.4872070252895355,0.029344890266656876,0.008398914709687233,0.00223281211219728,0.07636895775794983,0.035632576793432236,0.12454960495233536,0.2254081815481186,0.0,0.0661156103014946,0.22887594997882843,0.0,0.0,0.007385425269603729,0.0,0.03396102413535118,0.06675418466329575,0.08392243832349777,0.01112435944378376,1.0505043268203735,0.06310298293828964,0.0,0.0038680359721183777,0.04260384663939476,4.584491398418322e-05,0.0,0.009002028964459896,0.05529293417930603,0.03649861365556717,0.021921105682849884,0.31978049874305725,0.6329163908958435,0.006315536797046661,0.03913787379860878,0.0,0.0,0.09365842491388321,0.43041273951530457,0.0,0.2337115854024887,0.1397315263748169,0.2435908168554306,0.017021536827087402,0.1666475385427475,0.01529174204915762,0.07694153487682343,0.0,0.05545322969555855,0.3656834065914154,0.0064361183904111385,0.0,0.031544029712677,0.3903891444206238,0.12578415870666504,0.1351502686738968,0.27651891112327576,0.6945382952690125,0.0,0.005843734834343195,0.08637471497058868,0.05190419778227806,0.33252817392349243,0.0,0.018382230773568153,0.04998285695910454,0.0002707477833610028,0.3616614043712616,0.2906755208969116,0.08870458602905273,0.20405292510986328,0.007553280796855688,0.670069694519043,0.0774533748626709,0.5318949818611145,0.029290083795785904,0.3924879729747772,0.26276424527168274,0.16984285414218903,0.021704886108636856,0.10519524663686752,0.06302261352539062,0.0,0.0,0.0,0.0158331748098135,0.09362750500440598,0.0,0.020597103983163834,0.004197483416646719,0.15238988399505615,0.1342049390077591,0.043799061328172684,0.0,0.0,0.003813305636867881,0.0,0.6936378479003906,0.0,0.0,0.07870399951934814,0.10361583530902863,0.0,0.002555561251938343,0.07382847368717194,0.04533527418971062,0.0,0.004108475521206856,0.08453526347875595,0.025111252442002296,0.08085054904222488,0.5831391215324402,0.003238282399252057,0.07238040119409561,0.04503963142633438,0.0,0.0030268339905887842,0.22606630623340607,0.08037219196557999,0.0,0.14306053519248962,0.3526217043399811,0.2220289260149002,0.0,0.12796151638031006,0.0,0.13903988897800446,0.1252993792295456,0.0,0.25602683424949646,0.25677892565727234,0.4652930796146393,0.0,0.030141634866595268,0.029896480962634087,0.10088828951120377,0.1251419335603714,0.0,0.0,0.5430286526679993,0.06583156436681747,0.0,0.22673232853412628,0.6634736061096191,0.0666990801692009,0.0,0.3718988001346588,0.10389411449432373,0.019526708871126175,0.0011081754928454757,0.0,0.0,0.6422107219696045,0.04157741740345955,0.015656083822250366,0.14012593030929565,0.04205840453505516,0.009552746079862118,0.0006413224036805332,0.41350099444389343,0.004600211512297392,0.01747671142220497,0.06867190450429916,0.0,0.014798276126384735,0.0013860829640179873,0.0,0.05828608199954033,0.03400956466794014,0.119181327521801,0.1075710579752922,0.0,0.0005296364543028176,0.5951212644577026,0.06060563400387764,0.03142048791050911,0.09108054637908936,0.45305490493774414,0.0,0.11100208014249802,0.13108061254024506,0.052073072642087936,0.0,0.13057464361190796,0.06807632744312286,0.13677309453487396,0.4356808364391327,0.22514891624450684,0.15754194557666779,0.09840081632137299,0.16546615958213806,0.15687476098537445,0.5537747740745544,0.0015181500930339098,0.005616751499474049,0.05539264902472496,0.10664563626050949,0.0,0.5057613253593445,0.013582657091319561,0.01813720539212227,0.0,0.294877827167511,1.1246511936187744,0.4166264235973358,0.2080731838941574,0.0,0.10565837472677231,0.4205172061920166,0.0,0.002579227089881897,0.06390844285488129,0.0,0.03818327188491821,0.5151349306106567,0.37087514996528625,0.015436166897416115,0.0,0.19139449298381805,0.46338048577308655,0.08142820745706558,0.06142203137278557,0.12351798266172409,0.0007930510910227895,0.0,0.12582366168498993,0.025071803480386734,0.006142505910247564,0.019211089238524437,0.2001771777868271,0.01771618239581585,0.010353720746934414,0.02149341255426407,0.6201290488243103,0.35518544912338257,0.3398202359676361,0.07631296664476395,0.056449294090270996,0.07502483576536179,0.0656343623995781,0.03599926456809044,0.2224811166524887,0.8293531537055969,0.0,0.037646953016519547,0.03561147302389145,0.06392725557088852,0.6264094710350037,0.0,0.17548315227031708,0.3190852999687195,0.22697396576404572,0.05310402065515518,0.08322449773550034,0.11118564754724503,0.0,0.01620146818459034,0.08806204795837402,0.04480253905057907,0.3834736943244934,0.3384340703487396,0.0,0.1438867449760437,0.06246498227119446,0.03979114443063736,0.026046186685562134,0.0819028839468956,0.30903857946395874,0.08123855292797089,0.010045765899121761,0.0,0.00259926775470376,0.040607333183288574,0.11507566273212433,0.016971981152892113,0.0,0.019481750205159187,0.06810804456472397,0.1621439903974533,0.02856341004371643,0.03742605075240135,0.45866963267326355,0.009827008470892906,0.0,0.1887218952178955,0.047423627227544785,0.0,0.0,0.0035615828819572926,0.009696485474705696,0.07028963416814804,0.0,0.28150126338005066,0.0,0.0,0.0,0.0,0.09133928269147873,0.07273152470588684,0.0,0.0,0.4476868212223053,0.06624694168567657,0.0,0.0,0.07765168696641922,0.19104471802711487,0.23188678920269012,0.05424560233950615,0.011127383448183537,0.1446639746427536,0.23026815056800842,0.0,0.08175625652074814,0.0,0.0,0.033682867884635925,0.04515396058559418,0.04265352711081505,0.008873333223164082,0.8151230812072754,0.07141591608524323,0.0,0.051692068576812744,0.02437109313905239,0.0,0.002344972686842084,0.013655069284141064,0.11869781464338303,0.03662591800093651,3.758669117814861e-05,0.42872586846351624,0.6372542977333069,0.015678560361266136,0.10792703926563263,0.0,0.0008145620231516659,0.021560445427894592,0.29018208384513855,0.02907959185540676,0.276409387588501,0.07315557450056076,0.060600560158491135,0.08720511943101883,0.004550199955701828,0.033113863319158554,0.09712424129247665,0.0,0.09796649217605591,0.2221284657716751,0.003361749229952693,0.009119312278926373,0.0,0.11720042675733566,0.02565615437924862,0.1598559468984604,0.206817626953125,0.6530674695968628,0.019577281549572945,0.08111827820539474,0.03350207209587097,0.04714177921414375,0.44243937730789185,0.025957394391298294,0.04724865406751633,0.12861162424087524,0.0016550772124901414,0.28593334555625916,0.04075701907277107,0.04676266759634018,0.07235772162675858,0.005359029863029718,0.32529690861701965,0.020461617037653923,0.6234966516494751,0.0,0.21118958294391632,0.1270783245563507,0.23369693756103516,0.02593948505818844,0.12596292793750763,0.1240178570151329,0.014588670805096626,0.0,0.010261232033371925,0.08074527233839035,0.09834852069616318,0.0,0.023538457229733467,0.11253245174884796,0.01702175848186016,0.11239607632160187,0.014968750067055225,0.0,0.0,0.02643316425383091,0.0,0.5592313408851624,0.0,0.0,0.03403543308377266,0.1616131067276001,0.0,0.05701136589050293,0.0970044657588005,0.04889325052499771,0.05573001503944397,0.0,0.0,0.07288306951522827,0.20200423896312714,0.3359682857990265,0.05477758124470711,0.004393203649669886,0.1395721584558487,0.0,0.037780195474624634,0.13334845006465912,0.05096624419093132,0.0017179057467728853,0.31620606780052185,0.5988190174102783,0.2169005125761032,0.05158748850226402,0.0029066798742860556,0.0010840388713404536,0.009684368968009949,0.07864689081907272,0.0,0.0650562196969986,0.2697025537490845,0.5235065817832947,0.006880928762257099,0.03732181712985039,0.07721228152513504,0.1726393848657608,0.10238678753376007,0.0,0.02427947148680687,0.11407560110092163,0.14161072671413422,0.023059939965605736,0.34126028418540955,0.3175639808177948,0.036763884127140045,0.013822480104863644,-0.14858388900756836
122,0.5218181610107422,0.10854700207710266,0.0843203067779541,0.0,0.01948009431362152,0.0,1.0335781574249268,0.0028588229324668646,0.0024872063659131527,0.4150758683681488,0.0,0.0,0.0,0.5581870675086975,0.0,0.04238157719373703,0.09819485992193222,0.0,0.0,0.012536458671092987,0.0,0.012063764035701752,0.0012882982846349478,0.0012570272665470839,0.25675487518310547,0.003031735308468342,0.0,0.6106125116348267,0.044862568378448486,0.028660312294960022,0.03346763551235199,0.5883699655532837,0.0,0.04375184699892998,0.14164124429225922,0.03898422047495842,0.0,0.31412383913993835,0.02974797412753105,0.06696407496929169,0.928087592124939,0.2925550937652588,0.06280502676963806,0.10766774415969849,0.11170405149459839,0.35537290573120117,1.0770611763000488,0.026657238602638245,0.0,0.0953579694032669,0.2667575478553772,0.0,0.3665994107723236,0.011683079414069653,0.08325893431901932,0.0,0.5154503583908081,1.787717580795288,0.5439740419387817,0.3887016177177429,0.0,0.05262205749750137,0.789828896522522,0.0,0.0,0.08313988149166107,0.0,0.0,0.7833526134490967,0.4336569905281067,0.28686636686325073,0.0,0.6310205459594727,0.6370735168457031,0.3611825704574585,0.02543552778661251,0.12803970277309418,0.0,0.0,0.22538143396377563,0.0,0.0009983527706936002,0.011432806961238384,0.30448830127716064,0.0,0.016850730404257774,0.0021801856346428394,0.8413224220275879,0.34402355551719666,0.49486732482910156,0.2971669137477875,0.0,0.04026126116514206,0.08551588654518127,0.0026836097240448,0.3452537953853607,1.1323235034942627,0.0,0.03717426210641861,0.021374888718128204,0.0,0.5825828313827515,0.0,0.0,0.5394165515899658,0.5181896686553955,0.14235363900661469,0.04922883212566376,0.2973010540008545,0.0,0.0,0.11807235330343246,0.21266484260559082,0.481564998626709,0.8767046928405762,0.0,0.1537867784500122,0.0,0.18096449971199036,0.04306177422404289,0.0,0.5121796131134033,0.04767985641956329,0.02171884849667549,0.0,0.008236735127866268,0.02623365819454193,0.20305275917053223,0.0,0.0,4.929746501147747e-05,0.053792744874954224,0.3555842638015747,0.031326163560152054,0.1563134491443634,0.9993530511856079,0.0,0.0,0.4916548430919647,0.06668246537446976,0.0,0.0,0.00026785366935655475,0.0,0.04401105269789696,0.0,0.7100607752799988,0.0020349768456071615,0.0,0.0,0.0,0.18283484876155853,0.06546564400196075,0.0,0.0,0.7544540166854858,0.03185833990573883,0.0,0.022866908460855484,0.11829813569784164,0.3706275224685669,0.3689671456813812,0.23445932567119598,0.0,0.32917889952659607,0.3777376115322113,0.0,0.3181076943874359,0.0,0.0,0.010073712095618248,0.0,0.033430807292461395,0.04640868306159973,1.4205422401428223,0.0,0.021192995831370354,0.4576473832130432,0.0,0.008183194324374199,0.0,0.0,0.0033498217817395926,0.06634056568145752,0.0,0.7117199897766113,1.0598915815353394,0.0388578437268734,0.3379833698272705,0.0,0.00017129133630078286,0.0,0.37464767694473267,0.0026072559412568808,0.5747095942497253,0.07297907024621964,0.03882298618555069,0.032454293221235275,0.0,0.21190068125724792,0.0816836953163147,0.0,0.08975710719823837,0.4700436592102051,0.0,0.0034273292403668165,0.0,0.0014939358225092292,0.0,0.0999627336859703,0.2812945246696472,0.978667676448822,0.08666383475065231,0.311387836933136,0.0,0.14979737997055054,0.8246768712997437,0.0,0.1459096223115921,0.13941915333271027,0.0,0.5486977100372314,0.0,0.09803447127342224,0.02594349905848503,0.0,0.590458333492279,0.0,0.9780185222625732,0.0,0.27621573209762573,0.18268726766109467,0.31769049167633057,0.1486513614654541,0.15438753366470337,0.2842593491077423,0.1927979290485382,0.0,0.01898839697241783,0.06711431592702866,0.15511387586593628,0.0,0.0023889632429927588,0.10340636223554611,0.0,0.0,0.0,0.0,0.0,0.0,0.0,0.49497050046920776,0.0,0.0,0.003823421895503998,0.5052489042282104,0.04277487099170685,0.15884482860565186,0.14680850505828857,0.09487740695476532,0.1470494568347931,0.0,0.0,0.31107866764068604,0.40236520767211914,0.10566718876361847,0.12737685441970825,0.0,0.3136450946331024,0.0,0.10950011014938354,0.5478149652481079,0.0036236527375876904,0.0,0.23894082009792328,1.2348639965057373,0.44728970527648926,0.3609759211540222,0.0,0.0,0.0,0.09842549264431,0.0,0.020179923623800278,0.3410267233848572,0.8082782626152039,0.0,0.16360150277614594,0.038134314119815826,0.2996883988380432,0.13153289258480072,0.0,0.14843527972698212,0.2088249921798706,0.0,0.18650773167610168,0.662779688835144,0.25382232666015625,0.0036709781270474195,0.007337189745157957,0.047326672822237015,0.02483653835952282,0.152633398771286,0.0,0.0,0.0,0.19530390202999115,0.09981242567300797,0.005448769312351942,0.14594855904579163,0.28665807843208313,0.005430081393569708,0.0,0.2163628786802292,0.30270496010780334,0.0,0.0,0.2323768138885498,0.16503091156482697,0.002950377529487014,0.12526004016399384,0.06253933161497116,0.0,0.7223798036575317,0.2397715151309967,0.0015290003502741456,0.0,0.5729753375053406,0.05643611028790474,0.027906695380806923,0.0029408857226371765,0.3006060719490051,0.017926735803484917,0.12677399814128876,0.06636738777160645,0.012686572037637234,0.006395199801772833,0.21177425980567932,0.3399374485015869,0.08745767921209335,0.3078647255897522,0.043946512043476105,0.1550251692533493,0.0,0.24453520774841309,0.021531054750084877,0.2594996988773346,0.02339705266058445,0.0,0.3089161813259125,0.0,0.0,0.6995702981948853,0.0,0.005863581784069538,0.1627286821603775,0.09400811046361923,0.6879208087921143,0.06938095390796661,0.01794620417058468,0.0,0.07751675695180893,0.08547794073820114,0.03360338881611824,0.0,0.0,0.0,0.7257424592971802,0.1655047982931137,0.06047024950385094,0.0029362402856349945,0.0,0.16402532160282135,0.6157307028770447,0.0016857130685821176,0.11287879943847656,0.5234199166297913,0.05427442118525505,0.0,0.0,0.2656552493572235,0.0,0.03149526193737984,0.24071131646633148,0.6688908934593201,0.0,0.0004073187883477658,0.15094886720180511,0.6985570788383484,0.07344676554203033,0.14144355058670044,0.56916743516922,0.03109724260866642,0.2989841401576996,0.0,0.23608461022377014,0.23035183548927307,0.0,0.0,0.009091268293559551,0.36345019936561584,0.10548599809408188,0.0,0.6963908076286316,0.02782072126865387,0.04668102413415909,0.023132437840104103,0.42056211829185486,0.020051700994372368,0.0,0.28887730836868286,0.06597717851400375,0.07351567596197128,0.26484236121177673,0.2754072844982147,0.017064686864614487,0.04052145406603813,0.5577532649040222,0.005339788738638163,0.057659175246953964,0.2636955678462982,0.3516819179058075,0.09225129336118698,0.0029319466557353735,0.15376101434230804,0.030113792046904564,0.0,0.1118498370051384,0.40882784128189087,0.0,0.03443016856908798,0.030270317569375038,0.058648884296417236,0.03217191994190216,0.011756468564271927,0.1545453816652298,0.028854260221123695,0.0,0.062168192118406296,0.0,0.0,0.016216697171330452,0.0,0.0,0.11878400295972824,0.0,0.156867116689682,0.02999013103544712,0.024027366191148758,0.0,0.0,0.07722790539264679,0.002513858489692211,0.0,0.003649842692539096,0.46909379959106445,0.2280854433774948,0.004708565771579742,0.0,0.002145188394933939,0.1874149739742279,0.0207960307598114,0.13626399636268616,0.0,0.0,0.04142006114125252,0.010904956609010696,0.0,0.1993127316236496,0.0,0.11175232380628586,0.02569732628762722,0.0017967865569517016,0.0,0.3602597415447235,0.36195647716522217,0.0169257503002882,0.0,0.0847070962190628,0.0,0.00779850734397769,0.04371193051338196,0.16398079693317413,0.00045574011164717376,0.013107686303555965,0.08144646137952805,0.09534542262554169,0.0,0.050725292414426804,0.0,0.0,0.43245846033096313,0.11577267944812775,0.0,0.007469996809959412,0.4728533923625946,0.0,0.3876672387123108,0.6143349409103394,0.02244325540959835,0.3522230088710785,0.0,0.010573898442089558,0.046909112483263016,0.0,0.0,0.0,0.8950002789497375,0.43643316626548767,0.09493099898099899,0.08735974133014679,0.20038370788097382,0.0032947238069027662,0.030296236276626587,0.2920643389225006,0.0428040511906147,0.1416618376970291,0.0,0.0,0.20634305477142334,0.0,0.13592250645160675,0.5472972989082336,0.0297552403062582,0.10357619822025299,0.0042847562581300735,0.6085211634635925,0.4199145436286926,0.1444806158542633,0.2862287759780884,0.15208859741687775,0.15782049298286438,0.46563220024108887,0.08666675537824631,0.0931292176246643,0.03181371092796326,0.0,0.0,0.0,0.0,0.06737080961465836,0.0,0.04438963904976845,0.2009940892457962,0.3489714562892914,0.29473191499710083,0.0250861793756485,0.0,0.0,0.0,0.0,0.49115023016929626,0.0,0.0,0.039461132138967514,0.14373424649238586,0.0,0.0,0.00914212316274643,0.09822940826416016,0.0,0.008874873630702496,0.2574402987957001,0.03421575948596001,0.03901660442352295,0.7017879486083984,0.004055739846080542,0.18302574753761292,0.0,0.0,0.00020431206212379038,0.06908184289932251,0.10687526315450668,0.0,0.5978986620903015,0.03660645708441734,0.20826350152492523,0.0,0.23674435913562775,2.7008354663848877e-06,0.43981119990348816,0.005491127725690603,0.0,0.5788677334785461,0.026708513498306274,0.20097754895687103,0.0,0.024825280532240868,0.34915152192115784,0.0688042938709259,0.058993108570575714,0.0,0.0,0.4806489050388336,0.37263020873069763,0.0,0.10149367153644562,0.5653463006019592,0.3900281488895416,0.06177482753992081,0.46968623995780945,0.11994458734989166,0.01755828969180584,0.0,0.0,0.0,0.838094174861908,0.04241017997264862,0.03860795125365257,0.36401575803756714,0.002860236680135131,0.007009164430201054,0.02140980400145054,0.5035851001739502,0.013255774974822998,0.0061540002934634686,0.0826561450958252,0.0,0.0,0.01550552248954773,0.0,0.0599985234439373,0.024274861440062523,0.025949634611606598,0.2244303673505783,0.0,0.007844881154596806,0.6690186858177185,0.10152336955070496,0.013924330472946167,0.04754849150776863,0.5911021828651428,0.0,0.07502574473619461,0.1608322560787201,0.03880077973008156,0.0,0.1773180514574051,0.11301760375499725,0.12803533673286438,0.76971834897995,0.32811403274536133,0.11793899536132812,0.1421917825937271,0.1493290811777115,0.270545095205307,0.8603734970092773,0.0036508506163954735,0.0,0.07485412806272507,0.13836310803890228,0.0,0.5958437323570251,0.012666886672377586,0.02685651183128357,0.0,0.4774409234523773,1.556340217590332,0.5498185753822327,0.35068708658218384,0.0,0.10042647272348404,0.7341088652610779,0.0,0.016651732847094536,0.08917698264122009,0.0,0.009684327058494091,0.7706426978111267,0.4964700937271118,0.087028369307518,0.0,0.38966742157936096,0.605122983455658,0.19361712038516998,0.06590816378593445,0.19829151034355164,0.0005430213641375303,0.0026902048848569393,0.12941764295101166,0.01988629437983036,0.0,0.036405619233846664,0.22637510299682617,0.0,0.012890133075416088,0.0,0.8765187859535217,0.3951341211795807,0.40606680512428284,0.16277724504470825,0.003929090220481157,0.04382653161883354,0.0527675487101078,0.014857933856546879,0.31420886516571045,1.121501088142395,0.0024916657712310553,0.07971379160881042,0.03604639321565628,0.04088634252548218,0.852186381816864,0.0,0.0,0.34025028347969055,0.36368489265441895,0.11836805939674377,0.09507915377616882,0.256813645362854,0.0,0.00910372007638216,0.07425770163536072,0.11402060091495514,0.5060349702835083,0.5818415284156799,0.0,0.2069736272096634,0.031010763719677925,0.053971342742443085,0.026908835396170616,0.07608222961425781,0.41234615445137024,0.06876056641340256,0.011632555164396763,0.0,0.0,0.035797495394945145,0.18275167047977448,0.0,0.0012109066592529416,0.009778862819075584,0.057659756392240524,0.29390743374824524,0.03655826672911644,0.14817914366722107,0.7396552562713623,0.009874772280454636,0.0,0.37711018323898315,0.06143872067332268,0.0,0.0,0.0,0.0,0.030617540702223778,0.0,0.49557986855506897,0.0,0.0,0.0,0.0,0.1480715125799179,0.07617168873548508,0.0,0.0,0.6566325426101685,0.09203173965215683,0.0,0.004736767150461674,0.07622140645980835,0.27501294016838074,0.23014110326766968,0.1447133868932724,0.04587749019265175,0.20961235463619232,0.36427879333496094,0.0,0.08759552985429764,0.0,0.0,0.023235516622662544,0.05909893661737442,0.02603922039270401,0.009110908955335617,1.314749002456665,0.006687224842607975,0.004771161824464798,0.15938779711723328,0.0016013788990676403,0.0,0.0,0.031033851206302643,0.0031979531049728394,0.0613376721739769,0.0,0.5781301259994507,0.9622756838798523,0.03677259385585785,0.2325727641582489,0.0,0.009343629702925682,0.008949119597673416,0.41274240612983704,0.0,0.3982246518135071,0.0616166926920414,0.0328693650662899,0.010031122714281082,0.004375791177153587,0.04861908406019211,0.05573298782110214,0.0,0.14962568879127502,0.314310222864151,0.006234325934201479,0.01963622123003006,0.0,0.14546212553977966,0.0008696658187545836,0.16437099874019623,0.3158528208732605,0.9144964814186096,0.044370487332344055,0.13625243306159973,0.017712904140353203,0.07034053653478622,0.6143602132797241,0.03614719957113266,0.13779978454113007,0.0639791414141655,0.0,0.49297016859054565,0.030818866565823555,0.10148852318525314,0.06628496199846268,0.01145251002162695,0.4884786307811737,0.0,0.8665663599967957,0.0,0.24204109609127045,0.19637340307235718,0.20080214738845825,0.05886348709464073,0.1154652088880539,0.14539843797683716,0.03068985790014267,0.0,0.008410998620092869,0.03066704235970974,0.14302653074264526,0.0,0.014796031638979912,0.034322500228881836,0.0,0.06889516860246658,0.0,0.0,0.0,0.0,0.0,0.7030301690101624,0.0,0.0,0.025077223777770996,0.2690531611442566,0.011821351014077663,0.0928945317864418,0.12581680715084076,0.08930958062410355,0.021027661859989166,0.0,0.010771529749035835,0.142099991440773,0.3062780499458313,0.4188735783100128,0.13108070194721222,0.0,0.17230132222175598,0.0,0.05683234706521034,0.31235814094543457,0.01673862151801586,0.018573597073554993,0.23826059699058533,0.8716775178909302,0.28180885314941406,0.13791386783123016,0.007927744649350643,0.0,0.013516318053007126,0.13335014879703522,0.0,0.06872477382421494,0.3904881179332733,0.6594215035438538,0.014176796190440655,0.06000545620918274,0.06694839894771576,0.21640396118164062,0.08141560852527618,0.0,0.09959914535284042,0.2835507392883301,0.05548401176929474,0.05765962600708008,0.37351059913635254,0.3886730670928955,0.018781308084726334,0.00860980898141861,-1.344545841217041
123,0.0,0.06824825704097748,0.014882892370223999,0.0,0.0,0.0,0.13127805292606354,0.19287800788879395,0.0,0.03886881843209267,0.326225221157074,0.045642971992492676,0.0,0.2339913249015808,0.23528113961219788,0.01603882573544979,0.003488001646474004,0.29349327087402344,0.17274333536624908,0.0,0.000559498555958271,0.22123634815216064,0.0,0.7362873554229736,0.07065153867006302,0.0,0.0,0.45469701290130615,0.0,0.07130879163742065,0.0,0.1619151085615158,0.0,0.33614104986190796,0.008828948251903057,0.01182740367949009,0.05543254315853119,0.11655546724796295,0.16033560037612915,0.36008697748184204,0.0,0.015733204782009125,0.19540013372898102,0.01621987484395504,0.3399679660797119,0.0,0.08929218351840973,0.012424830347299576,0.0,0.05466800183057785,0.0,0.0,0.4219684898853302,0.0,0.0,0.3178839087486267,0.0,0.37715113162994385,0.0,0.0006786733865737915,0.0,0.29335641860961914,0.0,0.19696998596191406,0.0,0.0,0.0,0.5971920490264893,0.006644205655902624,0.003463718108832836,0.0,0.0,0.09131234884262085,0.3853863477706909,0.0,0.1403382122516632,0.1712188869714737,0.1587323248386383,0.0,0.08457507193088531,0.12880438566207886,0.002260303357616067,0.0,0.19184619188308716,0.5672146081924438,0.0172166395932436,0.0019479249604046345,0.0288429856300354,0.6297174096107483,0.15643076598644257,0.015320192091166973,0.4597880244255066,0.04231899976730347,0.08890001475811005,0.007486240938305855,0.008352411910891533,0.11421410739421844,0.0,0.0,0.12453726679086685,0.20769383013248444,0.08268564939498901,0.0,0.706093966960907,0.17413970828056335,0.0,0.00823449157178402,0.24197398126125336,0.0,0.0,0.2537301778793335,0.02137787826359272,0.0,0.12162002176046371,0.0,0.0,0.0048004817217588425,0.2526828944683075,0.0,0.011156284250319004,0.3137394189834595,0.01885492354631424,0.0,0.0,0.20749656856060028,0.45469629764556885,0.0,0.0,0.299348384141922,0.0,0.0,0.1607961803674698,0.0,0.0,0.0,0.0,0.0,0.0,0.029782969504594803,0.0,0.0,0.034843169152736664,0.003337132977321744,0.0,0.12350612878799438,0.09862085431814194,0.0,0.012352284044027328,0.28372663259506226,0.0,0.0,0.03543012589216232,0.028393138200044632,0.0,0.0,0.0,0.03187275305390358,0.019190793856978416,0.0,0.0,0.14464102685451508,0.0,0.020871512591838837,0.0,0.011686667799949646,0.06887874007225037,0.0,0.0,0.1659962683916092,0.0,0.0009803958237171173,0.0,0.002394553739577532,0.0,0.0,0.4027126431465149,0.0,0.0,0.27322888374328613,0.001433543860912323,0.043835241347551346,0.0,0.11880583316087723,0.0,0.0501784011721611,0.0,0.000710667110979557,0.0,0.0,0.0,0.0,0.3359883427619934,0.12587623298168182,0.0,0.060521721839904785,0.2202279269695282,0.009533783420920372,0.25130027532577515,0.4644009470939636,0.0,0.11344622075557709,0.0,0.0,0.0,0.0,0.0,0.052987948060035706,0.32227760553359985,0.19483166933059692,0.0,0.050049517303705215,0.07776015996932983,0.0,0.0,0.34252023696899414,0.06956936419010162,0.03393881395459175,0.0,0.0,0.34964829683303833,0.0,0.0050017135217785835,0.11025737971067429,0.0,0.1221945509314537,0.0,0.11149471253156662,0.2911040186882019,0.019174158573150635,0.5083954334259033,0.004992855712771416,0.0,0.27662432193756104,0.02104881964623928,0.30541613698005676,0.05311852693557739,0.0,0.0,0.0003149844706058502,0.017214816063642502,0.0,0.011198965832591057,0.0,0.2818734347820282,0.19244293868541718,0.14070060849189758,0.09277281910181046,0.0009623263031244278,0.0,0.0,0.0,0.48684361577033997,0.0,0.0,0.0,0.0,0.0,0.022590933367609978,0.010663345456123352,0.0,0.014806222170591354,0.17451994121074677,0.07612249255180359,0.01330342423170805,0.0,0.832625687122345,0.013788971118628979,0.1926182210445404,0.06229934096336365,0.0,0.0,0.04756287485361099,0.20668262243270874,0.0,0.17630994319915771,0.0013630450703203678,0.15047751367092133,0.0,0.19270865619182587,0.0,0.27670764923095703,0.010728323832154274,0.001820916309952736,0.35819992423057556,0.0,0.1279371976852417,0.0,0.0,0.5798078179359436,0.19436880946159363,0.024785444140434265,0.0,0.0,0.20889580249786377,0.4405536651611328,0.0,0.21187978982925415,0.371809184551239,0.16620013117790222,0.001124432310461998,0.38118964433670044,0.07837416976690292,0.03823133558034897,0.0,0.0,0.0,0.5790640115737915,0.003326982958242297,0.029432812705636024,0.19286756217479706,0.10758259147405624,0.0028474414721131325,0.0,0.38536858558654785,0.02461482211947441,0.0,0.016789009794592857,0.027123963460326195,0.12072154134511948,0.0,0.004897499922662973,0.016896653920412064,0.004638529848307371,0.10546398162841797,0.440922349691391,0.0071641537360847,0.0,0.49047955870628357,0.041276633739471436,0.060943473130464554,0.006886598654091358,0.4720984399318695,0.0,0.04138636216521263,0.13531269133090973,0.00812607817351818,0.008196800947189331,0.06356117874383926,0.13485543429851532,0.07997775822877884,0.6761992573738098,0.13334351778030396,0.286941796541214,0.008988945744931698,0.07992159575223923,0.013205662369728088,0.6434640288352966,0.0,0.003358559450134635,0.08802392333745956,0.004214971326291561,0.0,0.7938790321350098,0.0,0.0,0.0,0.16107480227947235,1.1484535932540894,0.39758989214897156,0.11801084131002426,0.0,0.03487510606646538,0.46147051453590393,0.0,0.0,0.0,0.0,0.33486512303352356,0.5289795398712158,0.3874220848083496,0.0,0.0,0.26268020272254944,0.836611270904541,0.02296517603099346,0.017429949715733528,0.313886433839798,0.0,0.0,0.15288354456424713,0.0807470753788948,0.0,0.05784270167350769,0.18741218745708466,0.11146467924118042,0.05129338428378105,0.0,0.6170791983604431,0.6062928438186646,0.2366178333759308,0.10740449279546738,0.25658950209617615,0.17657367885112762,0.04514965042471886,0.007383226882666349,0.4415247142314911,0.7590649127960205,0.0,0.014602812007069588,0.0,0.3105282485485077,0.616969645023346,0.0,0.1618640273809433,0.1525653451681137,0.1388927698135376,0.04274468868970871,0.29769495129585266,0.13501852750778198,0.0,0.14265969395637512,0.14832644164562225,0.02738412655889988,0.3553997576236725,0.4821789264678955,0.0,0.21609614789485931,0.2432112693786621,0.0,0.010478896088898182,0.08656995743513107,0.49531289935112,0.043554823845624924,0.009201970882713795,0.005443796515464783,0.0,0.004852664656937122,0.020202260464429855,0.05740494653582573,0.0,0.013387629762291908,0.02447332628071308,0.1529630422592163,0.06225475296378136,0.000930824491661042,0.5190996527671814,0.04269310459494591,0.0,0.3537687063217163,0.021509366109967232,0.0,0.0,0.0,0.004847466945648193,0.04023757949471474,0.03877078369259834,0.4172421395778656,0.0029835663735866547,0.11043335497379303,0.0,0.0,0.03351666405797005,0.007603663485497236,0.0,0.0,0.4872070252895355,0.029344890266656876,0.008398914709687233,0.00223281211219728,0.07636895775794983,0.035632576793432236,0.12454960495233536,0.2254081815481186,0.0,0.0661156103014946,0.22887594997882843,0.0,0.0,0.007385425269603729,0.0,0.03396102413535118,0.06675418466329575,0.08392243832349777,0.01112435944378376,1.0505043268203735,0.06310298293828964,0.0,0.0038680359721183777,0.04260384663939476,4.584491398418322e-05,0.0,0.009002028964459896,0.05529293417930603,0.03649861365556717,0.021921105682849884,0.31978049874305725,0.6329163908958435,0.006315536797046661,0.03913787379860878,0.0,0.0,0.09365842491388321,0.43041273951530457,0.0,0.2337115854024887,0.1397315263748169,0.2435908168554306,0.017021536827087402,0.1666475385427475,0.01529174204915762,0.07694153487682343,0.0,0.05545322969555855,0.3656834065914154,0.0064361183904111385,0.0,0.031544029712677,0.3903891444206238,0.12578415870666504,0.1351502686738968,0.27651891112327576,0.6945382952690125,0.0,0.005843734834343195,0.08637471497058868,0.05190419778227806,0.33252817392349243,0.0,0.018382230773568153,0.04998285695910454,0.0002707477833610028,0.3616614043712616,0.2906755208969116,0.08870458602905273,0.20405292510986328,0.007553280796855688,0.670069694519043,0.0774533748626709,0.5318949818611145,0.029290083795785904,0.3924879729747772,0.26276424527168274,0.16984285414218903,0.021704886108636856,0.10519524663686752,0.06302261352539062,0.0,0.0,0.0,0.0158331748098135,0.09362750500440598,0.0,0.020597103983163834,0.004197483416646719,0.15238988399505615,0.1342049390077591,0.043799061328172684,0.0,0.0,0.003813305636867881,0.0,0.6936378479003906,0.0,0.0,0.07870399951934814,0.10361583530902863,0.0,0.002555561251938343,0.07382847368717194,0.04533527418971062,0.0,0.004108475521206856,0.08453526347875595,0.025111252442002296,0.08085054904222488,0.5831391215324402,0.003238282399252057,0.07238040119409561,0.04503963142633438,0.0,0.0030268339905887842,0.22606630623340607,0.08037219196557999,0.0,0.14306053519248962,0.3526217043399811,0.2220289260149002,0.0,0.12796151638031006,0.0,0.13903988897800446,0.1252993792295456,0.0,0.25602683424949646,0.25677892565727234,0.4652930796146393,0.0,0.030141634866595268,0.029896480962634087,0.10088828951120377,0.1251419335603714,0.0,0.0,0.5430286526679993,0.06583156436681747,0.0,0.22673232853412628,0.6634736061096191,0.0666990801692009,0.0,0.10802718997001648,0.025564631447196007,0.022182216867804527,0.0,0.0,0.0,0.301083505153656,0.17193587124347687,0.007421761751174927,0.13765601813793182,0.2109403908252716,0.06158720701932907,0.0,0.31194502115249634,0.22777913510799408,0.0,0.004682140424847603,0.14114312827587128,0.0288412943482399,0.002371046459302306,0.01751820184290409,0.1553584486246109,0.0,0.520318329334259,0.22401772439479828,0.0,0.0,0.621911346912384,0.02213430032134056,0.011719945818185806,0.0002555356186348945,0.37887272238731384,0.0,0.2109210044145584,0.00769403763115406,0.04137134924530983,0.0,0.08067414164543152,0.25713685154914856,0.25532373785972595,0.3288009464740753,0.16035096347332,0.15187987685203552,0.03142499551177025,0.3314421772956848,0.0,0.3761729896068573,0.0022902116179466248,0.0,0.14094048738479614,0.0,0.0,0.7307553291320801,0.0,0.0,0.22288036346435547,0.007180588319897652,0.8397800326347351,0.1284259706735611,0.07150530815124512,0.0,0.2938852310180664,0.16500648856163025,0.09859856218099594,0.0,0.0,0.0,0.6757493615150452,0.24225908517837524,0.054769136011600494,0.0,0.0,0.16580843925476074,0.6753661036491394,0.0,0.21517151594161987,0.35564664006233215,0.05069981887936592,0.0,0.03367104381322861,0.06893739849328995,0.0,0.014357823878526688,0.27573028206825256,0.38984939455986023,0.01012161560356617,0.0,0.32935377955436707,0.6050426363945007,0.0916476920247078,0.07299740612506866,0.36506569385528564,0.04703633859753609,0.05040634423494339,0.03355960547924042,0.2185559868812561,0.3635670840740204,0.0,0.0,0.1568823903799057,0.17790333926677704,0.20938155055046082,0.0,0.2832891047000885,0.14797437191009521,0.0015078855212777853,0.005323625635355711,0.19559158384799957,0.05196985974907875,0.0,0.28894275426864624,0.039810094982385635,0.03792675957083702,0.27277082204818726,0.2489105612039566,0.0,0.057282425463199615,0.3205317556858063,0.007560893893241882,0.011158325709402561,0.36733487248420715,0.27381157875061035,0.07579446583986282,0.001052133273333311,0.20476393401622772,0.16084201633930206,0.0,0.023163825273513794,0.2457672506570816,0.0,0.0212139580398798,0.10203011333942413,0.05047508701682091,0.03657092526555061,0.015514844097197056,0.2351810485124588,0.01712726056575775,0.0,0.14554373919963837,0.007505935151129961,0.0,0.0,0.0,0.0,0.04085635393857956,0.0,0.1741848886013031,0.0014442662941291928,0.011011180467903614,0.0,0.0,0.019162993878126144,0.0016952385194599628,0.0,0.0,0.23314441740512848,0.11473629623651505,0.002035544253885746,0.0,0.03667059913277626,0.06243361532688141,0.00019425066420808434,0.10157930105924606,0.0025958397891372442,0.0699625164270401,0.17002685368061066,0.005005877930670977,0.0,0.11905938386917114,0.0,0.01682061143219471,0.06244026869535446,0.022832674905657768,0.0007090367143973708,0.397661954164505,0.26872867345809937,0.0,0.0,0.12371139228343964,0.0,0.009087448939681053,0.007808329537510872,0.016786761581897736,0.0018587778322398663,0.0,0.17286132276058197,0.24648113548755646,0.012240167707204819,0.0019217242952436209,0.0,0.0,0.33081597089767456,0.2007519006729126,0.0,0.07917722314596176,0.12565304338932037,0.02679397538304329,0.09932442754507065,0.3971954882144928,0.0,0.1251240223646164,0.0,0.002510894788429141,0.11870624125003815,0.0,0.0,0.0,0.5859025120735168,0.23307013511657715,0.00872314814478159,0.27872586250305176,0.31777119636535645,0.006252991035580635,0.0015506652416661382,0.3372369110584259,0.025290269404649734,0.1612783968448639,0.0013624618295580149,0.0,0.22643648087978363,0.0,0.18523083627223969,0.23830951750278473,0.03229038044810295,0.1066213995218277,0.012134539894759655,0.43268394470214844,0.2209157645702362,0.24182939529418945,0.26648464798927307,0.1632528305053711,0.17484843730926514,0.22117459774017334,0.03716409578919411,0.38692548871040344,0.05672349035739899,0.0,0.0,0.003132434794679284,0.010642181150615215,0.028223801404237747,0.0,0.018262427300214767,0.061883121728897095,0.25580891966819763,0.13423913717269897,0.0,0.0,0.0,0.0,0.0,0.6061906218528748,0.0,0.0,0.01671731472015381,0.11018861830234528,0.0,0.0,0.030422572046518326,0.04934002459049225,2.7588952434598468e-05,0.045276615768671036,0.10479980707168579,0.013110045343637466,0.0,0.8589809536933899,0.0,0.05483807623386383,0.0009690443403087556,0.0,0.00747356191277504,0.13922660052776337,0.2729201912879944,0.0,0.31885281205177307,0.08297015726566315,0.14559584856033325,0.0,0.11161269247531891,0.0069808270782232285,0.2194156050682068,0.0318768173456192,0.0,0.4011569917201996,0.09769587218761444,0.25214722752571106,0.0,0.016564644873142242,0.37172195315361023,0.23621349036693573,0.04798197001218796,0.0,0.0,0.44917818903923035,0.3196457326412201,0.0,0.18520669639110565,0.5380085706710815,0.1471722275018692,0.0063660405576229095,2.644376754760742
124,0.06082551181316376,0.1308518648147583,0.0278447438031435,0.0,0.0,0.0,0.4306882619857788,0.09225840121507645,0.0,0.009537520818412304,0.0771225094795227,0.006499812938272953,0.0,0.2563668191432953,0.0,0.08856651186943054,0.01899569481611252,0.005777932237833738,0.0,0.0,0.0,0.05432683974504471,0.0,0.4092021882534027,0.027059273794293404,0.0,0.0,0.47542867064476013,0.0026083060074597597,0.04668053984642029,0.0939190536737442,0.28113824129104614,0.0,0.27138417959213257,0.06875140964984894,0.03562169149518013,0.005385398864746094,0.17791712284088135,0.07117041945457458,0.09201987832784653,0.029485762119293213,0.09342250972986221,0.07525946199893951,0.05234663188457489,0.20897869765758514,0.08774768561124802,0.14736419916152954,0.030157502740621567,0.0,0.06699616461992264,0.10360207408666611,0.0,0.2339373528957367,0.0029582870192825794,0.03664713352918625,0.0,0.1901702880859375,0.5895224809646606,0.1447526514530182,0.03223007917404175,0.0,0.08724629878997803,0.0749724879860878,0.0,0.0,0.0019473874708637595,0.0,0.051872823387384415,0.11539485305547714,0.09773007780313492,0.015226508490741253,0.0,0.11235757917165756,0.12036027759313583,0.025422686710953712,0.04555847495794296,0.046272944658994675,0.09239701926708221,0.0,0.062182433903217316,0.031256455928087234,0.03887183219194412,0.0,0.14302249252796173,0.1256788671016693,0.0,0.04145298898220062,0.23229879140853882,0.4087119698524475,0.3445962369441986,0.03508120775222778,0.0,0.032315392047166824,0.08955342322587967,0.0025178424548357725,0.031725797802209854,0.4543115198612213,0.0,0.002052810275927186,0.001868265331722796,0.0039892904460430145,0.3038921058177948,0.0,0.42912396788597107,0.2709784507751465,0.14546893537044525,0.030701259151101112,0.0630008652806282,0.006613817065954208,0.0,0.0,0.039203714579343796,0.04068760946393013,0.23148177564144135,0.05917742848396301,0.0,0.0351959653198719,0.054920148104429245,0.07017724215984344,0.013459201902151108,0.0,0.06282036751508713,0.0013856816804036498,7.076832844177261e-05,0.0,0.30921047925949097,0.0,0.0,0.005227559246122837,0.026872044429183006,0.0,0.19608493149280548,0.0163350198417902,0.009538648650050163,0.0028195702470839024,0.06001489982008934,0.0,0.0,0.01754022017121315,6.956539436941966e-05,0.0,0.004476848058402538,0.0136537691578269,0.0,0.1728779822587967,2.50651082751574e-05,0.02867925725877285,0.0025897969026118517,0.03313300386071205,6.947598740225658e-05,0.040674787014722824,0.1552494764328003,0.07808460295200348,0.0,0.0,0.3040332496166229,0.03575501590967178,0.0,0.027436653152108192,0.028215846046805382,0.25390222668647766,0.09967430680990219,0.01412387378513813,0.0,0.014764287509024143,0.08839516341686249,0.0,0.07135935127735138,0.0,0.0,0.0,0.0,0.0063782925717532635,0.022452494129538536,0.13348641991615295,0.21371805667877197,0.021919284015893936,0.058620236814022064,0.005385638680309057,0.014757472090423107,0.00039129095966927707,0.004145471379160881,0.21196413040161133,0.0,0.0034512660931795835,0.11813545227050781,0.19384726881980896,0.0,0.038752175867557526,0.0,0.0,0.027115903794765472,0.0829756036400795,0.003553964663296938,0.17254602909088135,0.21017660200595856,0.022508079186081886,0.23875783383846283,0.040648575872182846,0.03331770375370979,0.11624476313591003,0.0,0.024599140509963036,0.04928724095225334,0.0,0.0,0.0,0.025443432852625847,0.01134742796421051,0.07346375286579132,0.03909764066338539,0.2746853828430176,0.0160532109439373,0.1590433120727539,0.002651978749781847,0.03716990351676941,0.3014051020145416,0.0,0.011116962879896164,0.2576583921909332,0.0,0.046479325741529465,0.0,0.0007771335076540709,0.009897897019982338,0.0019283152651041746,0.12332411855459213,0.005470143165439367,0.26795023679733276,0.03536948561668396,0.0039205532521009445,0.0,0.36142659187316895,0.060759980231523514,0.05136416479945183,0.07662983238697052,0.030665216967463493,0.0,0.030888423323631287,0.06866513937711716,0.0505264475941658,0.0,0.0,0.33362284302711487,0.0,0.06179492175579071,0.05002208426594734,0.0,0.0,0.0,0.0,0.2602007985115051,0.0,0.0,0.018851077184081078,0.10929762572050095,0.0,0.04688243567943573,0.05777110531926155,0.013247519731521606,0.13041895627975464,0.0,0.0,0.09419292956590652,0.12953051924705505,0.2679122984409332,0.05230896919965744,0.010518847964704037,0.08353870362043381,0.00923728384077549,0.006383512634783983,0.05621667578816414,0.0002845065318979323,0.0,0.3794073164463043,0.31433725357055664,0.1703210175037384,0.020697694271802902,0.0,0.0,0.0,0.0005331588326953351,0.019801760092377663,0.07746429741382599,0.03451462835073471,0.3375169634819031,0.00017051737813744694,0.05469174310564995,0.2561626434326172,0.08890366554260254,0.017309509217739105,0.0,0.0,0.0,0.2828369140625,0.0,0.41652727127075195,0.09194625914096832,0.039144907146692276,0.020381590351462364,0.21135397255420685,0.16368333995342255,0.3006960451602936,0.002022149972617626,0.0,0.0,0.6620597839355469,0.007338314782828093,0.01444399543106556,0.2242066115140915,0.11454814672470093,0.0,0.006280526518821716,0.4398556649684906,0.0,0.009850467555224895,0.01355209480971098,0.0,0.029359210282564163,0.002865022514015436,0.0,0.008065898902714252,0.04125101491808891,0.22342093288898468,0.15631404519081116,0.0,0.0,0.5896819829940796,0.051792412996292114,0.03436441347002983,0.020618952810764313,0.3704442083835602,0.0,0.03597940132021904,0.2675250470638275,0.03427460417151451,0.024952037259936333,0.41178885102272034,0.06738121807575226,0.0063053942285478115,0.45375940203666687,0.1704915314912796,0.24578538537025452,0.06500820815563202,0.14888985455036163,0.37461671233177185,0.365071564912796,0.00728614954277873,0.0,0.08387341350317001,0.049301937222480774,0.024698102846741676,0.33403024077415466,0.0024955717381089926,0.04790530726313591,0.0,0.6341126561164856,1.0662723779678345,0.47533494234085083,0.07243207842111588,0.0,0.0,0.29114994406700134,0.0,0.0,0.030841363593935966,0.003048443468287587,0.11773202568292618,0.39951276779174805,0.3035438358783722,0.2064230740070343,0.0,0.2849150598049164,0.35565266013145447,0.1292908489704132,0.0032504878472536802,0.16454321146011353,0.027914052829146385,0.05700276419520378,0.07382573932409286,0.09183510392904282,0.0,0.004968573804944754,0.16115079820156097,0.15292750298976898,0.036931272596120834,0.006592522840946913,0.4098944365978241,0.4637494683265686,0.23136471211910248,0.1696758270263672,0.17911551892757416,0.13305436074733734,0.19771039485931396,0.0,0.3549935817718506,0.6166591644287109,0.0,0.0038551469333469868,0.0,0.12752480804920197,0.4324106276035309,0.0,0.23713107407093048,0.27916571497917175,0.35417088866233826,0.13047058880329132,0.20352843403816223,0.13989180326461792,0.0,0.011352458968758583,0.10612738132476807,0.127827450633049,0.32633140683174133,0.511719822883606,0.0,0.1708398014307022,0.1291632205247879,0.08304929733276367,0.05834691599011421,0.0,0.5261316299438477,0.21322683990001678,0.0,0.0,0.011463630944490433,0.0,0.28547045588493347,0.019630268216133118,0.0,0.0,0.0010322887683287263,0.3106068968772888,0.07316531985998154,0.054214298725128174,0.3361462354660034,0.0,0.0,0.2943195402622223,0.03190044313669205,0.0,0.0,0.10404369980096817,0.0,0.1476890742778778,0.005969866644591093,0.2932624816894531,0.01536628883332014,0.09134518355131149,0.0,0.0,0.40263253450393677,0.020653344690799713,0.0,0.0,0.8684978485107422,0.075149767100811,0.018069501966238022,0.010028261691331863,0.042474403977394104,0.4163159430027008,0.22669334709644318,0.17270304262638092,0.0,0.07547541707754135,0.1286180317401886,0.0013771954691037536,0.20559315383434296,0.005333349108695984,0.0,0.06609470397233963,0.004401098471134901,0.02549971640110016,0.02965303137898445,0.781672477722168,0.07660334557294846,0.02138376608490944,0.16806825995445251,0.01080312766134739,0.018513699993491173,0.0,0.042925164103507996,0.12901437282562256,0.04174438863992691,0.01700666919350624,0.2911026179790497,0.46161794662475586,0.0,0.521885335445404,0.0,0.0,0.016904396936297417,0.10552322864532471,0.0,0.1781127154827118,0.4355640411376953,0.22152642905712128,0.1534048169851303,0.09620432555675507,0.2731040120124817,0.11747045814990997,0.0,0.09102772921323776,0.3304016590118408,0.0,0.0018539518350735307,0.03087480179965496,0.0,0.0910230204463005,0.21245895326137543,0.09627927094697952,0.4468301832675934,0.000563003879506141,0.39303451776504517,0.05527415871620178,0.0703425481915474,0.5113773345947266,0.018741104751825333,0.09145786613225937,0.12788067758083344,0.005904513876885176,0.3377918004989624,0.1075432226061821,0.1490030288696289,0.05730927735567093,0.0050107515417039394,0.5648149251937866,0.07215465605258942,0.5766286849975586,0.007657333742827177,0.2248346358537674,0.06827103346586227,0.44339719414711,0.17542152106761932,0.024963874369859695,0.1377827674150467,0.23502187430858612,0.0,0.01472224947065115,0.007736827712506056,0.1735798716545105,0.01623666286468506,0.005489659495651722,0.12048237770795822,0.07032069563865662,0.1927460879087448,0.07577567547559738,0.0,0.0,0.0,0.0,0.394935667514801,0.0,0.0,0.07308560609817505,0.49655094742774963,0.0072781117632985115,0.04997655376791954,0.054081499576568604,0.09324093908071518,0.023699847981333733,0.0,0.07982303202152252,0.19840936362743378,0.4267433285713196,0.1031820997595787,0.12373550236225128,0.05542928725481033,0.13857121765613556,0.0,0.0081739891320467,0.17589424550533295,0.0,0.0,0.8221926093101501,0.5827541947364807,0.23567628860473633,0.2619774043560028,0.003103991039097309,0.0,0.04674599692225456,0.08386930078268051,0.060932695865631104,0.17490558326244354,0.23034024238586426,0.47793886065483093,0.006964626256376505,0.06950539350509644,0.08496613800525665,0.092059426009655,0.1277420073747635,0.0,0.005977871362119913,0.05714227631688118,0.0987311527132988,0.03154429420828819,0.3692677915096283,0.1976015567779541,0.12157999724149704,0.06478565186262131,0.17328575253486633,0.13932083547115326,0.07558640092611313,0.006765148136764765,0.0,0.0,0.5830666422843933,0.05612236261367798,0.010478036478161812,0.1411423534154892,0.03723926097154617,0.006218089256435633,0.004958068020641804,0.4002285599708557,0.0,0.033943187445402145,0.05646118149161339,0.0,0.0024307926651090384,0.0166779812425375,0.0,0.04947473481297493,0.039705272763967514,0.200265035033226,0.04613153263926506,0.0,0.0,0.6303192973136902,0.04256332665681839,0.02471168525516987,0.09080503135919571,0.4044693112373352,0.0,0.13914786279201508,0.16310523450374603,0.08261521905660629,0.0,0.2486220896244049,0.07107802480459213,0.0958392545580864,0.26669713854789734,0.26540499925613403,0.13938742876052856,0.1272744983434677,0.20611439645290375,0.30010899901390076,0.348238468170166,0.0050295377150177956,0.0,0.07195532321929932,0.11885414272546768,0.015600626356899738,0.33132344484329224,0.0070583573542535305,0.027589241042733192,0.0023269883822649717,0.47682055830955505,0.9852744340896606,0.391329824924469,0.10646519809961319,0.0,0.0707506462931633,0.2970450818538666,0.0,0.002471715910360217,0.07349502295255661,0.0015108016086742282,0.03874034807085991,0.40038037300109863,0.2774655818939209,0.08951953798532486,0.0,0.17635022103786469,0.2527056336402893,0.13351288437843323,0.07138019800186157,0.08604349941015244,0.05422855168581009,0.03170197829604149,0.06054157763719559,0.047296762466430664,0.0022876032162457705,0.0,0.1793718934059143,0.08517395704984665,0.00776642793789506,0.014979273080825806,0.4546828269958496,0.31534329056739807,0.309251993894577,0.07971850782632828,0.025822866708040237,0.044946592301130295,0.08774123340845108,0.01649678684771061,0.19532246887683868,0.6556797027587891,0.0,0.030057508498430252,0.01925426907837391,0.0316254198551178,0.4556236267089844,0.0,0.20110340416431427,0.2941928207874298,0.2720079720020294,0.10503976792097092,0.08007802069187164,0.07353240251541138,0.0,0.008376877754926682,0.042534831911325455,0.0765688344836235,0.3224497139453888,0.30193325877189636,0.0,0.11006166785955429,0.07937022298574448,0.0627896711230278,0.027348343282938004,0.008741228841245174,0.27562999725341797,0.11080445349216461,0.0,0.0008755665621720254,0.03843265399336815,0.005931519437581301,0.15732163190841675,0.008369309827685356,0.005650539882481098,0.0,0.03986996039748192,0.16124965250492096,0.02249184064567089,0.062184203416109085,0.26499029994010925,0.0,0.0,0.1734786480665207,0.049758341163396835,0.0,0.0,0.018010566011071205,0.0,0.11900839954614639,0.0,0.15476928651332855,0.0,0.000645189022179693,0.0,0.006927477661520243,0.2407737821340561,0.06885313987731934,0.0,0.0,0.5457183718681335,0.10190238803625107,0.0,0.013825547881424427,0.04296701401472092,0.3519115447998047,0.2155541181564331,0.046223338693380356,0.004631595220416784,0.1359054446220398,0.1386684626340866,0.0,0.14786775410175323,0.0,0.0,0.040062353014945984,0.012715461663901806,0.014522530138492584,0.02814992144703865,0.5762970447540283,0.10334531217813492,0.018070295453071594,0.14148767292499542,0.0009690910810604692,0.0030560330487787724,0.0,0.015632962808012962,0.16820529103279114,0.0164028387516737,0.002366670174524188,0.33860477805137634,0.4514625072479248,0.0,0.31481847167015076,0.0,0.0,0.0002955734671559185,0.1001596674323082,0.006256602704524994,0.22913289070129395,0.23419427871704102,0.05397074297070503,0.13051669299602509,0.022216234356164932,0.1509007215499878,0.0825774073600769,0.0,0.1125681921839714,0.1837584525346756,0.0003319568932056427,0.018339505419135094,0.0,0.034910429269075394,0.034955233335494995,0.1378951370716095,0.11803698539733887,0.47497519850730896,0.011897853575646877,0.2921745479106903,0.0037696473300457,0.03985040634870529,0.4602296054363251,0.020544642582535744,0.05807995796203613,0.1739502102136612,0.0050539313815534115,0.21614186465740204,0.009278378449380398,0.054256290197372437,0.027668356895446777,0.01656782068312168,0.26721426844596863,0.021230829879641533,0.5758777260780334,0.0,0.08468063920736313,0.05941202864050865,0.3213326632976532,0.12222389131784439,0.08913209289312363,0.16774483025074005,0.13953445851802826,0.0,0.01784716732800007,0.01869194023311138,0.12612514197826385,0.001445994945243001,0.004355722572654486,0.18942797183990479,0.004991393070667982,0.15471963584423065,0.016706382855772972,0.0,0.0,0.011897323653101921,0.0,0.4018191397190094,0.0,0.0,0.03175931051373482,0.2562834918498993,0.0,0.07315780967473984,0.09556036442518234,0.05449285730719566,0.1023605614900589,0.0,0.00025865211500786245,0.1456470489501953,0.34474441409111023,0.17552880942821503,0.11160416901111603,0.0,0.15882737934589386,0.00018987116345670074,0.010704871267080307,0.14246465265750885,0.002817029831930995,0.0003737986262422055,0.6531679630279541,0.5429220199584961,0.19593854248523712,0.1500236988067627,0.0,0.0034883120097219944,0.007655376102775335,0.05850409343838692,0.028688667342066765,0.09458760917186737,0.20519553124904633,0.47559499740600586,0.005414300598204136,0.06583674997091293,0.11406856030225754,0.1617824137210846,0.06900263577699661,0.0,0.03759382665157318,0.006454640068113804,0.1359718292951584,0.060624875128269196,0.33266115188598633,0.1381680816411972,0.07044877111911774,0.04459616541862488,-0.05997374281287193
125,0.0,0.03161059692502022,0.00622536102309823,0.0,0.0,0.0,0.35370221734046936,0.15201398730278015,0.0,0.04674272984266281,0.13705843687057495,0.05526185780763626,0.0,0.28101012110710144,0.11450622230768204,0.046580005437135696,0.031126148998737335,0.07864316552877426,0.02029356174170971,0.0,0.0,0.16359646618366241,0.0,0.47103723883628845,0.04791581630706787,0.0,0.0,0.43054038286209106,0.0,0.10521570593118668,0.0,0.2353605479001999,0.0,0.3083347678184509,0.009710920043289661,0.024553634226322174,0.05855833366513252,0.1599736511707306,0.1311933994293213,0.3689975142478943,0.0,0.027227312326431274,0.14509263634681702,0.05705585703253746,0.2758854925632477,0.0,0.22041413187980652,0.02051747776567936,0.0,0.046926721930503845,0.0,0.0,0.3113836348056793,0.0,0.0,0.15561655163764954,0.018771685659885406,0.6060494780540466,0.03776859492063522,0.0328306183218956,0.0,0.22764237225055695,0.06877189129590988,0.02965904027223587,0.0,0.0,0.0,0.2925293743610382,0.1021830216050148,0.07393296808004379,0.0,0.0,0.12525838613510132,0.3077864646911621,0.0,0.05004667490720749,0.04186837747693062,0.10920896381139755,0.0,0.14550884068012238,0.04674912989139557,0.0283183753490448,0.0,0.18740803003311157,0.27592733502388,0.017506083473563194,0.0,0.15246470272541046,0.5604473948478699,0.3819352984428406,0.028102494776248932,0.07852300256490707,0.03742114081978798,0.08397766947746277,0.00425479793921113,0.00887646246701479,0.3804180324077606,0.0,0.0,0.07738213986158371,0.006151220761239529,0.3194887936115265,0.0,0.39682257175445557,0.31385305523872375,0.015248752199113369,0.018224839121103287,0.10716562718153,0.0,0.0,0.13176913559436798,0.04529505595564842,0.02702391892671585,0.17666073143482208,0.002117709955200553,0.0,0.037974726408720016,0.05608776584267616,0.014166106469929218,0.0,0.14431487023830414,0.00791903492063284,0.0,0.0017754469299688935,0.11185307055711746,0.47884199023246765,0.0,0.0,0.0759754478931427,0.0,0.0,0.1730702817440033,0.0,0.0034784965682774782,0.0,0.0010813426924869418,0.0,0.0,0.05321827158331871,0.0,0.0,0.018352609127759933,0.0071005248464643955,0.0,0.10716076195240021,0.04520498961210251,0.0,0.011481154710054398,0.1774127185344696,0.0,0.0,0.12000587582588196,0.04139327257871628,0.0,0.0,0.07133152335882187,0.01250413991510868,0.0,0.0,0.0,0.28750327229499817,0.0,0.021259751170873642,0.0,0.09077479690313339,0.10870549082756042,0.0,0.017358237877488136,0.014477846212685108,0.0,0.0,0.0,0.024079976603388786,0.0,0.025210708379745483,0.3548561930656433,0.0,0.01372133195400238,0.1511603742837906,0.04073219746351242,0.009104824624955654,0.0,0.16035890579223633,0.0,0.017102153971791267,0.02199629880487919,0.2282022386789322,0.0,0.0,0.0,0.0003752158081624657,0.2343170940876007,0.1549796164035797,0.0,0.21491190791130066,0.2015073448419571,0.0433051735162735,0.22208860516548157,0.23069660365581512,0.0,0.10483404994010925,0.0,0.0,0.031140485778450966,0.0,0.0,0.001711166580207646,0.039862144738435745,0.05425170436501503,0.0011690817773342133,0.08858606964349747,0.2396193891763687,0.0,0.050390034914016724,0.14669643342494965,0.0833149328827858,0.23896969854831696,0.0,0.0,0.35907527804374695,0.0,0.0027861371636390686,0.0,0.0,0.052036382257938385,0.0,0.09230406582355499,0.04710059612989426,0.1340467631816864,0.3164439797401428,0.004678328055888414,0.0,0.3369561433792114,0.037305720150470734,0.2084953486919403,0.042411379516124725,0.0,0.0,0.015036193653941154,0.03847891837358475,0.00014680458116345108,0.013869578950107098,0.0021417737007141113,0.3123501241207123,0.04028411582112312,0.04794623702764511,0.06598750501871109,0.0,0.0,0.0,0.0,0.37562474608421326,0.0,0.0,0.0,0.014637519605457783,0.0,0.03301529213786125,0.029317932203412056,0.0,0.04525386542081833,0.006901920773088932,0.0,0.059391047805547714,0.0,0.6391079425811768,0.04560234025120735,0.0341622456908226,0.11533604562282562,0.0,0.0,0.06244610622525215,0.07921250909566879,0.0,0.0917990431189537,0.21868722140789032,0.21441993117332458,0.0,0.011599224992096424,0.0,0.07770887762308121,0.0,0.0,0.10066727548837662,0.0,0.2914300858974457,0.0,0.0,0.46560001373291016,0.2092493325471878,0.008825263939797878,0.0,0.0,0.07932811975479126,0.3108879625797272,0.0,0.4341419041156769,0.23120613396167755,0.071748286485672,0.0,0.0,0.07715131342411041,0.05232983082532883,0.0,0.0,0.0,0.310663104057312,0.15392254292964935,0.0,0.01219667587429285,0.18673762679100037,0.032605379819869995,0.0,0.337782621383667,0.0,0.01334286667406559,0.008154273964464664,0.0032038409262895584,0.021348144859075546,0.0,0.0,0.15904100239276886,0.0,0.46441662311553955,0.02930719032883644,0.003027751110494137,0.0,0.4817729890346527,0.0,0.013680960983037949,0.0,0.21863679587841034,0.0,0.3533931374549866,0.0022717833053320646,0.06205572187900543,0.11029936373233795,0.11406728625297546,0.0,0.24545162916183472,0.0,0.18827638030052185,0.12693683803081512,0.11970527470111847,0.3095019459724426,0.0,0.21057769656181335,0.0024565402418375015,0.0,0.06287043541669846,0.03188205137848854,0.0,0.247951477766037,0.0,0.0,0.12278907001018524,0.006440106313675642,0.5465894937515259,0.020954106003046036,0.0,0.0,0.3211436867713928,0.020438045263290405,0.0,0.0,0.0,0.0,0.21987640857696533,0.011007602326571941,0.013535289093852043,0.0,0.0,0.14861829578876495,0.2389986515045166,0.0,0.18078170716762543,0.059144966304302216,0.09459415078163147,0.0,0.22166655957698822,0.07209870964288712,0.0010217460803687572,0.0,0.26106858253479004,0.10125657916069031,0.033884476870298386,0.0,0.05174585431814194,0.4755078852176666,0.16851824522018433,0.01760760322213173,0.05401819571852684,0.047684796154499054,0.084811732172966,0.02635398879647255,0.0,0.2716040015220642,0.0,0.0,0.04767611622810364,0.0,0.02444402500987053,0.0,0.3277808427810669,0.2992042601108551,0.002136480063199997,0.0344037190079689,0.043878939002752304,0.0,0.0,0.06868065893650055,0.05602439492940903,0.03498957306146622,0.0974908322095871,0.0,0.0,0.011711889877915382,0.03701594099402428,0.011926300823688507,0.0,0.07171474397182465,0.019456567242741585,0.0,0.0027722585946321487,0.015057944692671299,0.3793424963951111,0.0,0.0,0.0,0.0,0.0,0.03432650864124298,0.0,0.029309134930372238,1.6522593796253204e-05,0.0,0.0,0.0,0.16029669344425201,0.016595372930169106,0.0,0.005128323100507259,0.0029658153653144836,0.0,0.046634696424007416,0.0,0.0,0.039433613419532776,0.24594806134700775,0.0,0.01906036213040352,0.005710459314286709,0.03054220788180828,0.0,0.0,0.014565307646989822,0.091872438788414,0.0,0.0069878678768873215,0.0,0.020789818838238716,0.0,0.0456404946744442,0.0,0.1563643366098404,0.07951807975769043,0.012288779951632023,0.018985800445079803,0.01504499837756157,0.0,0.0,0.0,0.027386462315917015,0.0,0.0,0.15413713455200195,0.0,0.0,0.11530216038227081,0.03289139270782471,0.0,0.0,0.15222322940826416,0.0,0.005469050258398056,0.015165169723331928,0.13095541298389435,0.0,0.0,0.0,0.0,0.06668292731046677,0.16969649493694305,0.0,0.0885346531867981,0.06863614916801453,0.07514263689517975,0.14102643728256226,0.19817766547203064,0.0,0.051476139575242996,0.0,0.017494631931185722,0.004756416194140911,0.0,0.0,0.002987462095916271,0.0,0.0,0.0,0.08167773485183716,0.19234919548034668,0.0,0.09764408320188522,0.1373240202665329,0.09468267858028412,0.27345219254493713,0.0,0.0,0.28750672936439514,0.0,0.0029862523078918457,0.0,0.0,0.038355886936187744,0.0,0.020915476605296135,0.0,0.04871159791946411,0.14840592443943024,0.0,0.0,0.20769047737121582,0.11387951672077179,0.3251568675041199,0.08889150619506836,0.0,0.0005190700758248568,0.03109733574092388,0.0,0.0,0.016940981149673462,0.0,0.28948327898979187,0.018049929291009903,0.0046009765937924385,0.046175915747880936,0.0,0.0,0.0,0.0,0.2889400124549866,0.0,0.0,0.0,0.03175976127386093,0.0,0.018369141966104507,0.00909520499408245,0.0,0.07756859809160233,0.0,0.0009705177508294582,0.045897819101810455,0.0,0.4560942053794861,0.043459415435791016,0.026999972760677338,0.13595324754714966,0.0,0.0,0.08842077106237411,0.13452334702014923,0.0,0.35038304328918457,0.2066914588212967,0.26008033752441406,0.0,0.0,0.013458575122058392,0.002414525020867586,0.0322391502559185,0.020351234823465347,0.08766894787549973,0.003427803749218583,0.17532342672348022,0.0,0.0,0.44411665201187134,0.3336230516433716,0.02015344426035881,0.0,0.0,0.012637097388505936,0.34250372648239136,0.0,0.3864288628101349,0.1599828600883484,0.06144672632217407,0.0,0.0,0.019911929965019226,0.01585051417350769,0.0,0.0,0.0,0.32696837186813354,0.19382864236831665,0.0,0.016806751489639282,0.1873098462820053,0.09907134622335434,0.0,0.35753288865089417,0.09110166132450104,0.012034310027956963,0.03646377474069595,0.0482344850897789,0.020128294825553894,0.0,0.0,0.15982502698898315,0.0,0.46046894788742065,0.0431392677128315,0.0,0.0,0.5211843252182007,0.0,0.03573860228061676,0.005539113190025091,0.28941819071769714,0.0,0.32308220863342285,0.0016001896001398563,0.051252372562885284,0.03720281273126602,0.08958129584789276,0.11282077431678772,0.3641231954097748,0.001407830510288477,0.1216115653514862,0.14241908490657806,0.07406793534755707,0.3487963080406189,0.0,0.2530561089515686,0.0021858923137187958,0.0,0.0376758947968483,0.004072681535035372,0.0,0.4168834090232849,0.0,0.0,0.20473483204841614,0.005540878511965275,0.6671514511108398,0.04700370877981186,0.054186105728149414,0.0,0.30209702253341675,0.11274898052215576,0.03830923140048981,0.0,0.0,0.0,0.3679262697696686,0.11059105396270752,0.1168447807431221,0.0,0.0,0.08694776892662048,0.3165615499019623,0.0,0.1635981798171997,0.05575864762067795,0.08119697123765945,0.0,0.15292474627494812,0.03974250704050064,0.0003697262145578861,0.0,0.23781147599220276,0.2221071571111679,0.03069791942834854,0.0,0.2050146907567978,0.50551438331604,0.2540816366672516,0.027158217504620552,0.11597490310668945,0.04228502884507179,0.05215536057949066,0.020699404180049896,0.0057767229154706,0.38616740703582764,0.0,0.0,0.11850859224796295,0.025162721052765846,0.24305573105812073,0.0,0.23155423998832703,0.28177791833877563,0.0,0.010262222029268742,0.05589523911476135,0.0,0.0,0.182922825217247,0.03863971680402756,0.015030940994620323,0.14756730198860168,0.003570074215531349,0.0,0.050782181322574615,0.04660944640636444,0.007066013291478157,0.0,0.20243561267852783,0.016933821141719818,0.004448274150490761,0.0,0.13672813773155212,0.37309032678604126,0.0,0.0,0.07235059142112732,0.0,0.0,0.13932517170906067,0.0,0.014332622289657593,0.0002901081461459398,0.014910927042365074,0.0,0.0,0.10111918300390244,0.0019406741484999657,0.0,0.008716806769371033,0.0028557898476719856,0.0,0.04617208242416382,0.010518612340092659,0.0,0.016399377956986427,0.1336439549922943,0.0,0.0013776086270809174,0.036576371639966965,0.02671343833208084,0.0,0.0,0.021058974787592888,0.05897577106952667,0.0,0.0013214964419603348,0.0,0.11023999750614166,0.0025408342480659485,0.027011021971702576,0.0,0.13777221739292145,0.1258026659488678,0.0039628432132303715,0.0024708006531000137,0.025958247482776642,0.0,0.0,0.0005822093226015568,0.024327605962753296,0.0,0.06166590005159378,0.22380788624286652,0.0,0.007063886150717735,0.15372857451438904,0.025151081383228302,0.008317973464727402,0.00010509556159377098,0.09302617609500885,0.0,0.007886073552072048,0.07087864726781845,0.2090878188610077,0.0,0.0,0.0,0.0,0.19697102904319763,0.17594538629055023,0.0,0.19013117253780365,0.08408194780349731,0.06627164781093597,0.1105002835392952,0.21550026535987854,0.0,0.03333611413836479,0.0,0.0,0.017809048295021057,0.0,0.0,0.005553921684622765,0.055973369628190994,0.06454478204250336,0.0,0.16387221217155457,0.2330639809370041,0.0,0.023824401199817657,0.2323165386915207,0.05691124498844147,0.22987188398838043,0.0,0.0,0.27988046407699585,0.0,0.009035204537212849,0.0,0.0,0.05875517427921295,0.0,0.042880430817604065,0.04925057291984558,0.16266806423664093,0.2563769817352295,0.0054493132047355175,0.0,0.2351338118314743,0.06570964306592941,0.37702569365501404,0.053313735872507095,0.0,0.0,0.018553094938397408,0.019465627148747444,0.0018067064229398966,0.005743997171521187,0.005171589553356171,0.17139795422554016,0.045274768024683,0.06615623831748962,0.026261527091264725,0.0,0.0,0.0,0.0,0.4412170648574829,0.0,0.0,0.0,0.014059334993362427,0.0,0.011751762591302395,0.023657839745283127,0.00044339708983898163,0.027090344578027725,0.0003692731261253357,0.0,0.043962299823760986,0.0,0.6641793847084045,0.011711567640304565,0.022258726879954338,0.06523928046226501,0.0,0.0,0.05368009954690933,0.17955468595027924,0.0,0.20883426070213318,0.1871013045310974,0.1670006513595581,0.0,9.579397737979889e-05,0.0003449071664363146,0.06366724520921707,0.0032477048225700855,0.0049025737680494785,0.09039945155382156,0.009117037057876587,0.23949190974235535,0.0,0.0,0.45903849601745605,0.3133791387081146,0.01692510023713112,0.0,0.0,0.06776385009288788,0.31696540117263794,0.0,0.32689979672431946,0.2638178765773773,0.043513499200344086,0.0,-0.4652360677719116
126,0.13153815269470215,0.12858760356903076,0.03004780039191246,0.0,0.0,0.0,0.5562533140182495,0.05380178242921829,0.0,0.010689820162951946,0.03480154275894165,0.00260109337978065,0.0,0.3128419816493988,0.0,0.10133884102106094,0.05611870810389519,0.0,0.0,0.0,0.0,0.05313727259635925,0.0,0.23703445494174957,0.02067524753510952,0.0,0.0,0.4913625419139862,0.011280184611678123,0.09143953025341034,0.11721061915159225,0.31382495164871216,0.0,0.282706618309021,0.09305407851934433,0.054687339812517166,0.008726174011826515,0.21744012832641602,0.001476589939557016,0.07102115452289581,0.06225984916090965,0.16409090161323547,0.08353523164987564,0.11004164069890976,0.1733936071395874,0.16816218197345734,0.2776561677455902,0.026863113045692444,0.0,0.046216439455747604,0.16113682091236115,0.0,0.15428856015205383,0.019062049686908722,0.04703988507390022,0.0,0.30243420600891113,0.7333893775939941,0.2095789760351181,0.06671468168497086,0.0,0.08180157095193863,0.14018121361732483,0.0,0.0,0.009148037992417812,0.0,0.0,0.2182289958000183,0.15299701690673828,0.0365862138569355,0.0,0.17397506535053253,0.1411513388156891,0.0771331712603569,0.04741378873586655,0.009152904152870178,0.0588875412940979,0.0,0.1588183045387268,0.00938901025801897,0.06765460968017578,0.0,0.13808095455169678,0.0011169823119416833,0.0,0.058433063328266144,0.28909072279930115,0.33238694071769714,0.41317516565322876,0.03734861686825752,0.0,0.02431419864296913,0.07341345399618149,0.0,0.016532711684703827,0.5905753374099731,0.0,0.005387780722230673,0.0,0.0,0.3674263060092926,0.0,0.26546066999435425,0.41535863280296326,0.2449435591697693,0.05567939952015877,0.008707800880074501,0.005539460573345423,0.0,0.0,0.06696517765522003,0.04628325626254082,0.2565564215183258,0.0803874060511589,0.0,0.03540181741118431,0.0,0.09012733399868011,0.021488627418875694,0.0,0.056905072182416916,0.0,0.008996901102364063,0.0,0.32387545704841614,0.0,0.027254806831479073,0.0,0.033114347606897354,0.0,0.16968075931072235,0.03239649161696434,0.0028584820684045553,0.0330452062189579,0.13951373100280762,0.0,0.0,0.05075351893901825,0.010137014091014862,0.0,0.0,0.013710932806134224,0.0,0.14939726889133453,0.0,0.04916941747069359,0.0,0.007824589498341084,0.0,0.05180671811103821,0.15970702469348907,0.09217426925897598,0.0,0.0,0.31081023812294006,0.01859320141375065,0.0,0.03400709107518196,0.03834942728281021,0.30184850096702576,0.2095961570739746,0.013509219512343407,0.0,0.13388940691947937,0.11398546397686005,0.0,0.1704460084438324,0.0,0.0,0.0,0.002265953691676259,0.022037873044610023,0.02868298813700676,0.2555587887763977,0.11340128630399704,0.026940813288092613,0.1474878191947937,0.0,0.02282305806875229,0.0,0.0,0.22601720690727234,0.0,0.0,0.2037024348974228,0.33564332127571106,0.0,0.08683321624994278,0.0,0.0,0.0,0.14073991775512695,0.008201501332223415,0.28719282150268555,0.09654376655817032,0.02784579247236252,0.21012119948863983,0.0,0.04135638475418091,0.12204794585704803,0.0,0.03324095532298088,0.09259480237960815,0.0,0.0,0.0,0.0,0.0,0.09389567375183105,0.05115225166082382,0.37553492188453674,0.04071866348385811,0.2569482922554016,0.0,0.07176444679498672,0.40695667266845703,0.0007231479394249618,0.028414223343133926,0.2533780038356781,0.0,0.07320413738489151,0.0,0.0003991533594671637,0.013262348249554634,0.0,0.058382511138916016,0.0,0.36639687418937683,0.0,0.010631314478814602,0.0,0.33714237809181213,0.07933700084686279,0.07300762087106705,0.13905219733715057,0.05063137784600258,0.0,0.03970684856176376,0.08612551540136337,0.0627865344285965,0.0,0.0,0.34194737672805786,0.0,0.019089147448539734,0.05012441426515579,0.0,0.0,0.0,0.0,0.2785615026950836,0.0,0.0,0.01285085640847683,0.15001901984214783,0.0,0.07677320390939713,0.05956804007291794,0.005413317121565342,0.15919899940490723,0.0,0.0,0.16626282036304474,0.21273648738861084,0.10866978019475937,0.11625723540782928,0.0,0.18332929909229279,0.0,0.006549063138663769,0.08812972158193588,0.0012092192191630602,0.0,0.3314476013183594,0.5888422727584839,0.21927380561828613,0.06503534317016602,0.0,0.0,0.0,0.002769127953797579,0.013730060309171677,0.007652553729712963,0.046891529113054276,0.4589390456676483,0.0,0.06468583643436432,0.23182375729084015,0.16791141033172607,0.021466994658112526,0.0,0.003176826983690262,0.0,0.23012106120586395,0.0,0.5445550084114075,0.04758678004145622,0.002124018734320998,0.024829111993312836,0.19570933282375336,0.059403784573078156,0.09875468164682388,0.0,0.0,0.0,0.4435644745826721,0.050585757941007614,0.0032992407213896513,0.1808840036392212,0.08500783890485764,0.0,0.0,0.347015917301178,0.06048382446169853,0.0,0.003797736717388034,0.0062376707792282104,0.002774342894554138,0.0,0.030930092558264732,0.019509414210915565,0.0,0.38151785731315613,0.24807392060756683,0.012383028864860535,0.0,0.5586555600166321,0.05675426870584488,0.02692594565451145,0.02472066693007946,0.3740661144256592,0.0,0.08103764802217484,0.07609110325574875,0.013236462138593197,0.0,0.23645912110805511,0.20060446858406067,0.08601973205804825,0.47328421473503113,0.1018160730600357,0.1468380242586136,0.0,0.19662600755691528,0.05014047026634216,0.5234405994415283,0.023186488077044487,0.0,0.19995461404323578,0.02736460044980049,0.0,0.6069731116294861,0.0021091524977236986,0.010848542675375938,0.019559351727366447,0.14209310710430145,0.9548977017402649,0.2453586906194687,0.08599663525819778,0.0,0.0283262487500906,0.20349879562854767,0.0,0.0,0.0,0.0,0.4257054328918457,0.32887861132621765,0.10966923087835312,0.019703075289726257,0.0,0.30702003836631775,0.6298726201057434,0.017232343554496765,0.04655542969703674,0.4315590560436249,0.007648703642189503,0.0,0.0026165032759308815,0.143973708152771,0.0,0.023836523294448853,0.2596000134944916,0.3299811780452728,0.0,0.0035698898136615753,0.3405637741088867,0.5522429347038269,0.16262970864772797,0.17295248806476593,0.2722654342651367,0.03800831735134125,0.1856795996427536,0.0,0.29572588205337524,0.45572859048843384,0.0,0.0,0.0,0.1777729094028473,0.16005586087703705,0.0,0.37142425775527954,0.18085609376430511,0.0859690010547638,0.027004122734069824,0.2791104316711426,0.08355280011892319,0.0,0.12663118541240692,0.04444574937224388,0.0974520668387413,0.3585330843925476,0.387796550989151,0.0,0.05805058404803276,0.3745283782482147,0.013318374752998352,0.041135288774967194,0.11730611324310303,0.35401037335395813,0.11104805767536163,0.005135142710059881,0.029456814751029015,0.0015542760957032442,0.0,0.14456142485141754,0.1874821037054062,0.0,0.026700450107455254,0.01603025570511818,0.09728803485631943,0.013664654456079006,0.03205837681889534,0.30323490500450134,0.018390847370028496,0.0,0.1887078732252121,0.009692761115729809,0.0,7.253848161781207e-05,0.0,0.0,0.09178090840578079,0.0,0.2978983223438263,0.0007001787307672203,0.00020889044390060008,0.0,0.0,0.0660746842622757,0.005695007275789976,0.0,0.0030260279309004545,0.5653396248817444,0.18174438178539276,0.0,0.0,0.028660276904702187,0.1852758377790451,0.04150558263063431,0.17430531978607178,0.0,0.001050350139848888,0.11131300032138824,0.0,0.005815564189106226,0.023391231894493103,0.0,0.04073554649949074,0.016630031168460846,0.017903132364153862,0.0,0.6281755566596985,0.20632866024971008,0.01639345847070217,0.0,0.021922362968325615,0.0,0.004108688328415155,0.008390444330871105,0.09619550406932831,0.012040520086884499,0.0,0.26310044527053833,0.38592591881752014,0.005492758937180042,0.07412372529506683,0.0,0.0,0.24511151015758514,0.21083298325538635,0.0,0.07431165874004364,0.28683724999427795,0.0,0.2891610562801361,0.32681891322135925,0.03845591098070145,0.32481834292411804,0.0,0.019802803173661232,0.1670953780412674,0.0,0.0,0.0,0.5526261329650879,0.23687021434307098,0.1236967071890831,0.11519359797239304,0.4091181755065918,0.002393718808889389,0.06446398049592972,0.13278882205486298,0.05861510708928108,0.32868799567222595,0.0,0.013744289986789227,0.13523589074611664,0.0,0.2723377048969269,0.30558881163597107,0.030643869191408157,0.08049304038286209,0.0,0.5931611657142639,0.2046259641647339,0.30586203932762146,0.0629817396402359,0.23170824348926544,0.14727042615413666,0.39975520968437195,0.0701056495308876,0.07156992703676224,0.04417196288704872,0.019525278359651566,0.0,0.0,0.003074370324611664,0.08448197692632675,0.0,0.04069434851408005,0.1745278388261795,0.1720898151397705,0.11481466144323349,0.01402890682220459,0.0,0.0,0.0,0.0,0.4950112998485565,0.0,0.0,0.04139556363224983,0.1994820535182953,0.0,0.0,0.011654219590127468,0.07247153669595718,0.0,0.0,0.10194722563028336,0.08081400394439697,0.07322097569704056,0.4968244135379791,0.014967245049774647,0.07690443098545074,0.021376488730311394,0.0,0.007790619973093271,0.13743191957473755,0.04276145622134209,0.0,0.46058961749076843,0.21981501579284668,0.2776482105255127,0.007997588254511356,0.05537254735827446,0.0,0.19990423321723938,0.0314214862883091,0.0,0.32770809531211853,0.1109253540635109,0.3658609390258789,0.0,0.028518198058009148,0.2284862995147705,0.11514153331518173,0.06275138258934021,0.0,0.0,0.3989213705062866,0.2342393696308136,0.0,0.23919346928596497,0.5035282969474792,0.25828543305397034,0.03611297905445099,0.36625954508781433,0.09283803403377533,0.011534101329743862,0.0030901231802999973,0.0,0.0,0.689217746257782,0.0429709292948246,0.014577656984329224,0.15054522454738617,0.032273247838020325,0.008507016114890575,0.0010217176750302315,0.4381900429725647,0.0015231177676469088,0.016158392652869225,0.09419047832489014,0.0,0.015390518121421337,0.004571343306452036,0.0,0.03749925643205643,0.03512110933661461,0.05905258283019066,0.10432727634906769,0.0,0.001247461186721921,0.5737977027893066,0.04694060981273651,0.038487423211336136,0.10179592669010162,0.47391316294670105,0.0,0.11214859783649445,0.161625936627388,0.041196998208761215,0.0,0.15168651938438416,0.050282400101423264,0.13641832768917084,0.46503597497940063,0.23916934430599213,0.14813761413097382,0.0926351547241211,0.1492215245962143,0.19500288367271423,0.5967394709587097,0.002096619224175811,0.005507215857505798,0.04831940680742264,0.09328404814004898,0.0,0.46342238783836365,0.0159013494849205,0.00944263394922018,0.0,0.36042746901512146,1.1599476337432861,0.4447740614414215,0.20383141934871674,0.0,0.07749761641025543,0.48112401366233826,0.0,0.0015954658156260848,0.07379890978336334,0.0,0.023926042020320892,0.5403613448143005,0.428199827671051,0.03326011821627617,0.0,0.23692893981933594,0.4228444993495941,0.12615883350372314,0.03936270624399185,0.11195240169763565,0.000911067530978471,0.0002937406243290752,0.13578231632709503,0.028339644894003868,0.004782593343406916,0.02549842558801174,0.19589827954769135,0.0179277416318655,0.008480523712933064,0.012055858038365841,0.6560393571853638,0.3307925760746002,0.37610721588134766,0.09145533293485641,0.04129883274435997,0.07006049156188965,0.061993129551410675,0.02469220571219921,0.20189324021339417,0.8964062929153442,0.0,0.04527026414871216,0.019913917407393456,0.03814278170466423,0.6690795421600342,0.0,0.1547602266073227,0.3428693115711212,0.29613587260246277,0.07080605626106262,0.06097592040896416,0.1209205910563469,0.0,0.012293985113501549,0.07061200588941574,0.057397402822971344,0.3818639814853668,0.3280297517776489,0.0,0.15805727243423462,0.055956728756427765,0.047345250844955444,0.01693715713918209,0.04597892984747887,0.26500874757766724,0.06506156176328659,0.00617590406909585,0.0,0.010975317098200321,0.03520046919584274,0.1251857727766037,0.014780411496758461,0.0012244567042216659,0.02123221941292286,0.06020214036107063,0.1710740178823471,0.02865106426179409,0.05692501738667488,0.47899436950683594,0.00612456863746047,0.0013434592401608825,0.22790251672267914,0.06264214962720871,0.0,0.0,0.0,0.007311705034226179,0.04927588626742363,0.0,0.2707926630973816,0.0,0.0026915320195257664,0.0,0.0,0.09251705557107925,0.07349618524312973,0.0,0.000821859750431031,0.43988505005836487,0.07121288031339645,0.0,0.010761657729744911,0.07395616918802261,0.16622613370418549,0.22373293340206146,0.06439711153507233,0.011292013339698315,0.15587417781352997,0.23299327492713928,0.0,0.0983763262629509,0.0,0.0,0.017267325893044472,0.023788144811987877,0.04940503090620041,0.009144439361989498,0.8836124539375305,0.06132401153445244,0.002782035619020462,0.06674619764089584,0.014119279570877552,0.002751012099906802,0.0,0.014246088452637196,0.1086178570985794,0.02947254478931427,0.001454354845918715,0.43586966395378113,0.7035472393035889,0.022838756442070007,0.14501598477363586,0.0,0.0039475830271840096,0.006221247371286154,0.3131173253059387,0.021296780556440353,0.3086561858654022,0.042016517370939255,0.06784617900848389,0.09707816690206528,0.006932074669748545,0.055141378194093704,0.08119099587202072,0.0,0.11231040209531784,0.23801009356975555,0.0023456388153135777,0.015446553006768227,0.0,0.08171498775482178,0.03717013821005821,0.19020642340183258,0.21293973922729492,0.6969901919364929,0.008717461489140987,0.1267087608575821,0.007122550159692764,0.06462590396404266,0.4952971637248993,0.018007976934313774,0.04878544062376022,0.1011253148317337,0.0018225640524178743,0.3114716112613678,0.02041562832891941,0.04683390259742737,0.07671370357275009,0.0,0.29081785678863525,0.01643458381295204,0.6800511479377747,0.0,0.18522301316261292,0.0973021611571312,0.22300009429454803,0.03448334336280823,0.08970221132040024,0.13867321610450745,0.062303781509399414,0.0,0.009152046404778957,0.0516367144882679,0.12428958714008331,0.0,0.022017089650034904,0.11630924791097641,0.016583047807216644,0.1066782996058464,0.02143680490553379,0.0,0.0,0.024753961712121964,0.0,0.5473145842552185,0.0,0.0,0.036307089030742645,0.14434190094470978,0.0006860222783870995,0.0901084765791893,0.1056671142578125,0.04281304404139519,0.058869313448667526,0.0,0.0,0.09872256964445114,0.2512049376964569,0.2602402865886688,0.05793498829007149,0.0014603034360334277,0.1600128412246704,0.0,0.03437390923500061,0.153402641415596,0.017802167683839798,0.0010090612340718508,0.2583349645137787,0.6878528594970703,0.23723416030406952,0.09435954689979553,0.0022248884197324514,0.0,0.016505660489201546,0.07289313524961472,0.0057551623322069645,0.04356411099433899,0.29546698927879333,0.5504629015922546,0.0025462761987000704,0.03785107657313347,0.06767182052135468,0.17151068150997162,0.08494506031274796,0.0,0.04359714686870575,0.09673859924077988,0.11114329099655151,0.03900941088795662,0.34493544697761536,0.2833179533481598,0.027767807245254517,0.0003446275368332863,-0.5535889863967896
127,0.0,0.05932925269007683,0.03235556557774544,0.0,0.0,0.0,0.4257378578186035,0.12299922853708267,0.0,0.008388910442590714,0.09966904670000076,0.011791544035077095,0.0,0.2796831727027893,0.0,0.07691676169633865,0.022831309586763382,0.006025059148669243,0.0,0.0,0.0,0.10844731330871582,0.0,0.41518592834472656,0.029925810173153877,0.0,0.0,0.4514228403568268,0.0,0.0478677898645401,0.020838003605604172,0.23196600377559662,0.0,0.2995498776435852,0.005732339806854725,0.06790250539779663,0.05939936637878418,0.16976574063301086,0.03864775970578194,0.2356370985507965,0.0,0.10571733862161636,0.09973226487636566,0.06740159541368484,0.2783487141132355,0.010238590650260448,0.20389001071453094,0.03689182549715042,0.0,0.09256070852279663,0.054090194404125214,0.0,0.16018980741500854,0.0,0.0074836136773228645,0.020116468891501427,0.04707938805222511,0.5082555413246155,0.056413840502500534,0.01972316950559616,0.0,0.20449398458003998,0.03317580744624138,0.0,0.0,0.0,0.0,0.054270029067993164,0.03645430505275726,0.06392461061477661,0.0,0.0,0.14137892425060272,0.12036502361297607,0.0,0.06896506249904633,0.04189208522439003,0.11077287793159485,0.0,0.13288551568984985,0.042401399463415146,0.052221380174160004,0.0,0.16440095007419586,0.09850500524044037,0.02979953959584236,0.00020233448594808578,0.1325562596321106,0.42232614755630493,0.2994224727153778,0.017817888408899307,0.0,0.05688152834773064,0.10078435391187668,0.009576226584613323,0.002518198685720563,0.3527146577835083,0.0,0.0,0.006228077225387096,0.0,0.15987277030944824,0.0,0.38986116647720337,0.2983805537223816,0.028356505557894707,0.01847221702337265,0.06707514822483063,0.0,0.0,0.0007798081496730447,0.05747596174478531,0.0345136821269989,0.15996187925338745,0.0,0.0,0.030046803876757622,0.009839728474617004,0.035423509776592255,0.016423393040895462,0.00616725068539381,0.008526597172021866,0.0,0.0,0.0,0.3741344213485718,0.0,0.0,0.0,0.0,0.0,0.0627286285161972,0.0,0.034715745598077774,0.007755976635962725,0.0,0.0,0.0,0.0739750936627388,0.014665970578789711,0.0,0.0,0.01847076416015625,0.0,0.10224633663892746,0.02101670578122139,0.0,0.01619229093194008,0.11056739091873169,0.0,0.02128177508711815,0.0774611085653305,0.06893043220043182,0.0,0.0,0.08354371786117554,0.020459916442632675,0.0,0.0030762283131480217,0.00014550425112247467,0.13770577311515808,0.011293429881334305,0.020504171028733253,0.0,0.11047389358282089,0.07048856467008591,0.0,0.03689929470419884,0.0,0.0,0.0,0.0,0.028703683987259865,0.0001472514122724533,0.005170893855392933,0.2030411809682846,0.0,0.014255431480705738,0.0656791478395462,0.04221207648515701,0.0,0.0,0.21820586919784546,0.0,0.013138450682163239,0.04387538507580757,0.18699276447296143,0.0,0.0,0.0,0.0,0.023476066067814827,0.13123877346515656,0.0,0.1273481249809265,0.14131689071655273,0.07225652039051056,0.2146875560283661,0.07822437584400177,0.0,0.07499593496322632,0.0,0.009786216542124748,0.011815031990408897,0.0,0.0,0.004138807766139507,0.0,0.0,5.1342882215976715e-05,0.035829346626996994,0.20922881364822388,0.0,0.17153719067573547,0.014624008908867836,0.06433236598968506,0.3086042106151581,0.00015429779887199402,0.0,0.26426059007644653,0.0,5.7223718613386154e-05,0.0,0.0,0.040289491415023804,0.0,0.07007525861263275,0.0,0.14057625830173492,0.11574726551771164,0.0021488741040229797,0.0,0.26627400517463684,0.08462244272232056,0.13839484751224518,0.05613437294960022,0.0,0.0024886506143957376,0.04421273618936539,0.006888640113174915,0.0,0.02624998614192009,0.0,0.35043856501579285,0.0,0.0012562774354591966,0.05830555409193039,0.0,0.0,0.0,0.0,0.25585922598838806,0.0,0.0,0.0,0.048715632408857346,0.0,0.028681281954050064,0.03992769494652748,0.00938272662460804,0.1051856279373169,0.0,0.0,0.09588617086410522,0.006325313355773687,0.3900904655456543,0.06642946600914001,0.014775997027754784,0.13216336071491241,0.0,0.0,0.06883955001831055,0.019894486293196678,0.0010143090039491653,0.3122558295726776,0.28798726201057434,0.2560153007507324,0.0,0.0,0.0,0.0,0.004075534176081419,0.02595742605626583,0.0512518584728241,0.020625311881303787,0.21556952595710754,0.0,0.007710026111453772,0.346756249666214,0.15731629729270935,0.02281152456998825,0.0,0.0,0.0,0.3107682466506958,0.0,0.41110339760780334,0.08234594762325287,0.03344424068927765,0.005130158271640539,0.0061040217988193035,0.06880408525466919,0.03536578640341759,0.0,0.0,0.0,0.38780492544174194,0.1197165697813034,0.0,0.037508003413677216,0.0989476814866066,0.038345493376255035,0.0,0.3549444079399109,0.0,0.010442896746098995,0.03110593929886818,0.0,0.017921235412359238,0.0,0.0,0.12734220921993256,0.0,0.26567530632019043,0.060257814824581146,0.004238154739141464,0.0,0.43624138832092285,0.0,0.05555219575762749,0.0,0.25408488512039185,0.0,0.3310168981552124,0.014484088867902756,0.04183720052242279,0.11549732089042664,0.08893012255430222,0.0008634947007521987,0.2331138700246811,0.012251738458871841,0.1367436945438385,0.10559754818677902,0.05391998589038849,0.21893440186977386,0.0023542249109596014,0.28774502873420715,0.0,0.0,0.0390886627137661,0.0347495898604393,0.0,0.2516728341579437,0.0,0.0,0.03227931261062622,0.027715671807527542,0.6574223637580872,0.09216894954442978,0.022818010300397873,0.0,0.30619174242019653,0.1149662509560585,0.0,0.0,0.0006019067368470132,0.0,0.13910387456417084,0.0604010745882988,0.13013148307800293,0.0,0.0,0.19044454395771027,0.2438884675502777,0.011499328538775444,0.09304179251194,0.015279917046427727,0.02995450235903263,0.0,0.2654597759246826,0.061622001230716705,0.0,0.0,0.24329522252082825,0.03231249377131462,0.067192941904068,0.0047441525384783745,0.1709526926279068,0.43928128480911255,0.21904276311397552,0.036556318402290344,0.01682674139738083,0.06547475606203079,0.02170504629611969,0.00616228673607111,0.0,0.3912597596645355,0.0,0.0,0.0,0.0,0.155173659324646,0.0,0.19655488431453705,0.29826802015304565,0.03490891680121422,0.020281072705984116,0.06284711509943008,0.0,0.0,0.02441662922501564,0.10121722519397736,0.025487303733825684,0.1208670511841774,0.0,0.0,0.054783064872026443,0.016851600259542465,0.005510414019227028,0.0,0.0019397186115384102,0.02654799446463585,0.0,0.014069408178329468,0.0,0.3297421932220459,0.0,0.0,0.0,0.0,0.0,0.07833869755268097,0.0,0.04074191302061081,0.0015957769937813282,0.005140172317624092,0.0,0.0,0.21260638535022736,0.025064630433917046,0.0,0.0005513011710718274,0.0,0.0,0.011334110051393509,0.0,0.002112343907356262,0.02691890113055706,0.26221030950546265,0.0,0.01916671358048916,0.000654387753456831,0.011511769145727158,0.0,0.0,0.017419010400772095,0.025748280808329582,0.010655480436980724,0.015295667573809624,0.0,0.0,0.021305276080965996,0.07994918525218964,0.0,0.1852964460849762,0.11069299280643463,0.0,0.011153636500239372,0.009267576038837433,0.0,0.0,0.0,0.018165409564971924,0.0,0.05316299945116043,0.0407886765897274,0.0,0.0024412870407104492,0.07059203088283539,0.07790489494800568,0.0,0.0,0.08876419067382812,0.0,0.017266735434532166,0.05404057726264,0.2415611296892166,0.0,0.0016466537490487099,0.0,0.0,0.041088443249464035,0.25360390543937683,0.0,0.12383871525526047,0.011304434388875961,0.1350174844264984,0.07054778933525085,0.1372537910938263,0.0,0.024835286661982536,0.0,0.03753321245312691,0.025175828486680984,0.0,0.0,0.017825089395046234,0.0,0.0,0.014215787872672081,0.08739546686410904,0.2943885326385498,0.0,0.11430039256811142,0.021238163113594055,0.10470309108495712,0.339995801448822,0.0,0.0,0.1982286423444748,0.0,0.01071952749043703,0.0,0.0,0.09740602970123291,0.0,0.011751427315175533,0.0,0.15634271502494812,0.08540341258049011,0.0,0.0,0.14748695492744446,0.09395583719015121,0.25663721561431885,0.07406147569417953,0.0,0.0,0.020387625321745872,0.01538551039993763,0.0,0.00719385826960206,0.0,0.16996608674526215,0.026659458875656128,0.0,0.07360130548477173,0.0,0.0,0.0,0.0,0.32359611988067627,0.0,0.0,0.0,0.010584025643765926,0.0,0.011825509369373322,0.03790057450532913,0.0,0.04889298975467682,0.0,0.013431636616587639,0.039945073425769806,0.0,0.34531912207603455,0.018624737858772278,0.020474392920732498,0.14828287065029144,0.0,0.0,0.0892474427819252,0.09451217949390411,0.0,0.21196463704109192,0.35531309247016907,0.2530839443206787,0.0,0.0,0.0,0.0,0.068316251039505,0.01290583610534668,0.05122509226202965,0.03257610648870468,0.22381067276000977,0.0013890471309423447,0.0,0.3367077112197876,0.2896602153778076,0.0205904059112072,0.0,0.0,0.0071034301072359085,0.2525218725204468,0.0,0.4131990075111389,0.16086408495903015,0.014720653183758259,0.0,0.001573441899381578,0.032075006514787674,0.013872174546122551,0.0,0.0,0.0,0.4116112291812897,0.16032995283603668,0.0,0.028233813121914864,0.08911163359880447,0.05649456009268761,0.0,0.39428845047950745,0.0,0.0167833361774683,0.04382971301674843,0.0023102741688489914,0.004455034155398607,0.0,0.0,0.10481113195419312,0.0,0.33123520016670227,0.02754441648721695,0.0017813434824347496,0.0,0.5508949756622314,0.0,0.026400180533528328,0.0010465731611475348,0.3270033001899719,0.0,0.3227185010910034,0.0005262357299216092,0.09590281546115875,0.039696842432022095,0.09445687383413315,0.011598187498748302,0.2828945517539978,0.008088196627795696,0.19971445202827454,0.0923984944820404,0.08872684836387634,0.3097774088382721,0.003521742532029748,0.3231508433818817,0.005067990627139807,0.0,0.044592663645744324,0.012656120583415031,0.0,0.3328617215156555,0.002352996962144971,0.0,0.03833044320344925,0.02962047979235649,0.7218819260597229,0.06211334094405174,0.055381786078214645,0.0,0.28417983651161194,0.1413918137550354,0.0021345478016883135,0.0,0.003389542456716299,0.0,0.15899574756622314,0.10515540838241577,0.14686134457588196,0.0,0.0,0.11982733756303787,0.24374035000801086,0.007433468475937843,0.17801488935947418,0.04364505410194397,0.07717881351709366,0.0,0.15311816334724426,0.029998568817973137,0.0065301102586090565,0.0,0.22302350401878357,0.06406205147504807,0.02409089170396328,0.0015659824712201953,0.22038035094738007,0.36904361844062805,0.22102616727352142,0.012613574974238873,0.007416347973048687,0.03550165519118309,0.039957597851753235,0.02124605141580105,5.517130557564087e-05,0.44989213347435,0.0,0.002355120610445738,0.04981943219900131,0.0,0.1405610740184784,0.0,0.1786850392818451,0.306993693113327,0.03080647625029087,0.026068080216646194,0.03485177457332611,0.0,0.0,0.029837273061275482,0.03705761581659317,0.01974637061357498,0.15943731367588043,0.0,0.0,0.04681475833058357,0.030705489218235016,0.009518615901470184,0.0,0.042470164597034454,0.013983750715851784,0.0,0.0,0.017485378310084343,0.2968352437019348,0.0,0.0,0.0,0.0,0.0,0.08747229725122452,0.00042031609336845577,0.015533626079559326,0.0015505232149735093,0.0027551581151783466,0.0,0.0,0.11888418346643448,0.059146132320165634,0.0,0.0015491459053009748,0.0025057520251721144,0.0,0.0158520694822073,0.0012345786672085524,0.0019646408036351204,0.003629554994404316,0.09368707239627838,0.0,0.012000765651464462,0.008979572914540768,0.02610941044986248,0.0,0.0,0.022506829351186752,0.08473268151283264,0.0,0.030143627896904945,0.0,0.01781768910586834,0.024700675159692764,0.02252878062427044,0.0,0.18115295469760895,0.13097988069057465,0.0,0.007696107495576143,0.003536814358085394,0.0,0.0,0.0,0.017972160130739212,0.0,0.048162054270505905,0.09575677663087845,0.0,0.0005276342271827161,0.08869604021310806,0.024012191221117973,0.0,0.0,0.09628736972808838,0.0,0.003850319655612111,0.10005403310060501,0.24741822481155396,0.0,0.0,0.0,0.0,0.031179115176200867,0.17390185594558716,0.0,0.17028678953647614,0.054555438458919525,0.05647195503115654,0.08509858697652817,0.07792657613754272,0.0008872998878359795,0.024419626221060753,0.0,0.040252603590488434,0.008776333183050156,0.0,0.0,0.0004498611087910831,0.0,0.0,0.004843664355576038,0.14698149263858795,0.2437252551317215,0.0,0.10554268956184387,0.07375137507915497,0.06136423349380493,0.33245980739593506,0.0,0.0,0.1992500126361847,0.0,0.008359873667359352,0.0,0.0,0.022543516010046005,0.0,0.03690720722079277,0.0,0.2238481640815735,0.07926233112812042,0.0014929575845599174,0.0,0.17288988828659058,0.0976267158985138,0.33510902523994446,0.06493309885263443,0.0,0.002576741622760892,0.025808967649936676,0.006122121587395668,0.002677476964890957,0.010542631149291992,0.001463543507270515,0.178924098610878,0.005273586604744196,0.006102055311203003,0.021153545007109642,0.0,0.0,0.0,0.0,0.39708247780799866,0.0,0.0,0.0,0.01297479122877121,0.0,0.008162401616573334,0.04805001616477966,0.0035644916351884604,0.043032027781009674,0.0,0.0,0.047520071268081665,0.00041225951281376183,0.40602052211761475,0.01923510991036892,0.005360624752938747,0.07585378736257553,0.0,0.0,0.0596967414021492,0.11691932380199432,0.0,0.3100198805332184,0.33702632784843445,0.2228538990020752,0.0,0.0,0.0,0.0,0.0256175696849823,0.012470011599361897,0.04041370004415512,0.05831170454621315,0.23606102168560028,0.0,0.0,0.388208270072937,0.30214208364486694,0.011514225974678993,0.0,0.0,0.0005709804827347398,0.2526758313179016,0.0,0.369718998670578,0.18770428001880646,0.023709679022431374,0.0,0.5838677883148193
128,0.47120118141174316,0.07365681231021881,0.08961840718984604,0.0,0.0,0.0,0.831439733505249,0.008989649824798107,0.0,0.3964564800262451,0.0,0.0,0.0,0.4491686224937439,0.0,0.035337917506694794,0.04135981202125549,0.0,0.0,0.030930783599615097,0.0,0.010850334540009499,0.00281246704980731,0.048748284578323364,0.3225034177303314,0.0,0.0,0.5782067775726318,0.030639294534921646,0.012696266174316406,0.04378615692257881,0.5698590874671936,0.0,0.04029327630996704,0.11112887412309647,0.019081149250268936,0.0,0.22143319249153137,0.15412075817584991,0.06412317603826523,0.8953627347946167,0.22429847717285156,0.07351426035165787,0.0558491088449955,0.12124142050743103,0.11431688070297241,0.9510701298713684,0.0073657771572470665,0.0,0.14447513222694397,0.20022685825824738,0.0,0.5380289554595947,0.0,0.05348934605717659,0.0,0.3303150236606598,1.5779811143875122,0.42006242275238037,0.3389747738838196,0.0,0.0354682132601738,0.687696099281311,0.0,0.0,0.012775138020515442,0.0,0.03599477559328079,0.6962698698043823,0.3429916501045227,0.1331912726163864,0.0,0.5181646347045898,0.7858050465583801,0.0997137650847435,0.015420721843838692,0.2720581591129303,0.005516425706446171,0.0,0.08015940338373184,0.029736122116446495,0.0070083229802548885,0.02618277631700039,0.2742452025413513,0.0,0.015338887460529804,0.0,0.855745255947113,0.46281611919403076,0.3507367670536041,0.23611758649349213,0.0,0.03639582544565201,0.05847577750682831,0.011816181242465973,0.45876699686050415,0.9551774859428406,0.0,0.017864685505628586,0.00942707248032093,0.05246752128005028,0.5647271871566772,0.0,0.0,0.29727745056152344,0.29384541511535645,0.0754421129822731,0.1383531391620636,0.2500268518924713,0.0,0.0,0.09312436729669571,0.12506461143493652,0.4154202938079834,0.8557095527648926,0.0,0.15065021812915802,0.09240666776895523,0.1043626070022583,0.06516764312982559,0.0049246856942772865,0.5821627974510193,0.1594606190919876,0.00954743567854166,0.0,0.0019887578673660755,0.0,0.14643283188343048,0.0,0.0,0.011659961193799973,0.05352454632520676,0.25589683651924133,0.07275116443634033,0.1661113053560257,0.9795106053352356,0.0,0.0,0.4439154267311096,0.019385740160942078,0.0,0.0,0.0,0.0,0.035615019500255585,0.0,0.6650882959365845,0.0,0.0,0.0,0.0,0.07029123604297638,0.03461203724145889,0.0,0.0,0.8074477910995483,0.05531316623091698,0.0,0.004171664826571941,0.11453033983707428,0.22237679362297058,0.21927522122859955,0.20362801849842072,0.0,0.17180611193180084,0.2816776633262634,0.0,0.07285532355308533,0.0,0.0,0.027748726308345795,0.04435982555150986,0.031317878514528275,0.0400439016520977,1.3046811819076538,0.06390640884637833,0.0032191453501582146,0.22113937139511108,0.0,0.0,0.0,0.0,0.000924614374525845,0.03437243402004242,0.0,0.6312083601951599,0.9205843806266785,0.03839324414730072,0.16492651402950287,0.0,0.0,0.020845243707299232,0.30038172006607056,0.0010525385150685906,0.4309075176715851,0.09667374193668365,0.04156895726919174,0.040495652705430984,0.003465913934633136,0.05730389058589935,0.11298055201768875,0.0,0.04232950881123543,0.4458417296409607,0.0,0.0004476701724343002,0.0,0.2847159504890442,0.012307008728384972,0.024130472913384438,0.30788326263427734,0.8429533839225769,0.034904416650533676,0.11292809993028641,0.0,0.04054613038897514,0.6424926519393921,0.0,0.09689566493034363,0.11684473603963852,0.0,0.5013769865036011,0.06535843014717102,0.09035176038742065,0.06923404335975647,0.0,0.7744443416595459,0.0,0.8765925765037537,0.0,0.2490541636943817,0.3002563416957855,0.36030951142311096,0.11810871213674545,0.12204162776470184,0.1400010734796524,0.01887228526175022,0.0,0.012851299718022346,0.034340161830186844,0.12124844640493393,0.0,0.00038849361590109766,0.00527151208370924,0.0,0.0,0.0,0.0,0.0,0.0,0.0,0.572746992111206,0.0,0.0,0.020577093586325645,0.3704500198364258,0.017336905002593994,0.07829698920249939,0.18085885047912598,0.1754123717546463,0.08140101283788681,0.0,0.017251519486308098,0.2519451081752777,0.21423423290252686,0.32654333114624023,0.03583073616027832,0.0,0.11825892329216003,0.0,0.0873618796467781,0.505525529384613,0.01123120915144682,0.0,0.2748259902000427,0.8034087419509888,0.35167384147644043,0.13681234419345856,0.0,0.0,0.0017627410124987364,0.09196058660745621,0.0,0.13757538795471191,0.31278204917907715,0.6665862798690796,0.0,0.1625789999961853,0.04116997495293617,0.20434951782226562,0.10882603377103806,0.0,0.028392797335982323,0.38127994537353516,0.0210882481187582,0.00020723071065731347,0.4534177780151367,0.4482746720314026,0.014791440218687057,0.013002105988562107,0.0,0.16214905679225922,0.5330719351768494,0.0,0.0,0.0,0.31358081102371216,0.10509566217660904,0.0,0.0,0.3186233639717102,0.02226499654352665,0.0,0.20145507156848907,0.0,0.07259836792945862,0.0,0.08865614980459213,0.0,0.0,0.0,0.25417980551719666,0.0994223803281784,1.191296100616455,0.0,0.0,0.0,0.8721672296524048,0.07042256742715836,0.05661662295460701,0.18560203909873962,0.2585592567920685,0.0,0.5462996959686279,0.03738097473978996,0.3461686372756958,0.35208138823509216,0.8040738701820374,0.0,0.030076639726758003,0.0,0.32140734791755676,0.06604255735874176,0.2554272711277008,0.7953928112983704,0.7308225631713867,0.0014955608639866114,0.0,0.0,0.26392048597335815,0.2035049945116043,0.0,0.010464704595506191,0.0033947958145290613,0.16689713299274445,0.07047966867685318,0.4425944685935974,0.2880314290523529,0.029134733602404594,0.0,0.0,0.11906199902296066,0.0,0.0,0.0,0.06350622326135635,0.0,0.028439411893486977,0.017688343301415443,0.005326041951775551,0.5362184643745422,0.0,0.21918922662734985,0.00537406699731946,0.036062292754650116,0.3191298544406891,0.0010341281304135919,0.7660940289497375,0.013479543849825859,0.029995514079928398,0.0958518236875534,0.22321780025959015,0.0,0.21961170434951782,0.4324352443218231,0.0007764829788357019,0.16604645550251007,0.016383817419409752,0.5891011357307434,0.35992228984832764,0.07817855477333069,0.030573023483157158,0.005652646999806166,0.6424549221992493,0.0,0.0,0.14148467779159546,0.14857815206050873,0.0,0.04551137983798981,0.0,0.002112792572006583,0.0,0.9003251194953918,0.6780465841293335,0.07879741489887238,0.18865720927715302,0.013078545220196247,0.0,0.0,0.0,0.16962838172912598,0.15342938899993896,0.1802610158920288,0.005033979658037424,0.0,0.0,0.05807514861226082,0.15573425590991974,0.20989401638507843,0.0023752988781780005,0.0006821851129643619,0.24479730427265167,0.0007927550468593836,0.0020891064777970314,0.5965977311134338,0.0,0.24952594935894012,0.06942643970251083,0.0,0.0,0.0037977092433720827,0.0607009083032608,0.0,0.024962052702903748,0.0,0.0,0.0,0.0,0.0074360859580338,0.0,0.10025390237569809,0.6635034680366516,0.0,0.6403995156288147,0.0,0.0,0.1532972902059555,0.08301395922899246,0.0,0.02938174642622471,0.7948206663131714,0.23930570483207703,0.0,0.0,0.4160849153995514,0.038473788648843765,0.0,0.0,0.0,1.1210771799087524,0.09964151680469513,0.0,0.0,0.12575450539588928,0.005041774827986956,0.07557030767202377,0.45175546407699585,0.009242394007742405,0.0,0.03377756103873253,0.0,0.022498521953821182,0.08699049055576324,0.007693715393543243,0.40508726239204407,0.0,0.5195655226707458,0.04189614579081535,0.003975010477006435,0.0,0.0,1.0153435468673706,0.0,0.0007678009569644928,0.05863228067755699,0.02158953808248043,0.14279671013355255,0.5183115005493164,0.0,0.0,0.0,0.0,0.08830049633979797,0.04277775064110756,0.812528669834137,0.0,1.0112040042877197,0.1334242820739746,0.0,0.22948357462882996,0.0,0.0027231797575950623,0.0,0.0,0.0,0.0,0.0,0.06667784601449966,0.0,0.0,0.011863243766129017,0.05227559804916382,0.5909634232521057,0.1384352296590805,0.17177732288837433,0.27102041244506836,0.0,0.049171462655067444,0.6376717686653137,0.0,0.0,0.0,0.0,0.0,0.07383076101541519,0.0,0.2693559527397156,0.05463137850165367,0.16552315652370453,0.0,0.0,0.9299265742301941,0.4908600449562073,0.05941116809844971,0.15298539400100708,0.003194616176187992,0.0,0.25436320900917053,0.01962142623960972,0.0,0.0,0.0,1.2242276668548584,0.0,0.09344367682933807,0.021903565153479576,0.0,0.0,0.0,0.0,0.04599309340119362,0.0,0.043691881000995636,0.0,0.7253287434577942,0.02289697341620922,0.01222948171198368,0.0027926750481128693,0.05159781873226166,0.4422927796840668,0.0,0.010746123269200325,0.4534866511821747,0.13592667877674103,0.04867821931838989,0.424836665391922,0.1732911616563797,0.1662491112947464,0.024125095456838608,0.0,0.03821765258908272,0.000841346278320998,0.02212604321539402,1.696088433265686,0.3476841449737549,0.4229219853878021,0.017409151419997215,0.0,0.0015657693147659302,0.06350893527269363,0.0,0.5287981033325195,0.0,0.0,0.21676912903785706,0.0,0.0,0.872157871723175,0.3349108397960663,0.003909425809979439,0.01390617061406374,0.0,0.0,0.6346315741539001,0.03558976203203201,0.4705301821231842,0.0,0.17284242808818817,0.31560102105140686,0.23572000861167908,0.1603069007396698,0.16845101118087769,0.0,0.0,0.0,0.6009275317192078,0.04907115548849106,0.0,0.20900540053844452,0.006895672529935837,0.00023929956660140306,0.006102458573877811,0.4142250120639801,0.0,0.06286191940307617,0.07699580490589142,0.0,0.0,7.912045839475468e-05,0.0,0.0837574452161789,0.08693951368331909,0.3994164764881134,0.0975877046585083,0.0,0.002718881471082568,0.8137475252151489,0.07999836653470993,0.01586315594613552,0.12552905082702637,0.4919804036617279,0.0,0.2456361949443817,0.10024788975715637,0.20503464341163635,0.04049074277281761,0.4793032705783844,0.05536302179098129,0.041798099875450134,0.3890075087547302,0.42681238055229187,0.03623190149664879,0.22272591292858124,0.4500795304775238,0.5461357235908508,0.45237967371940613,0.0,0.0,0.13115030527114868,0.19310317933559418,0.0,0.35185620188713074,0.011656565591692924,0.06502895802259445,0.0,0.557940661907196,1.1441198587417603,0.35273420810699463,0.15184327960014343,0.0,0.07866401225328445,0.2946889400482178,0.0,0.005411969963461161,0.13614483177661896,0.0,0.00604418246075511,0.5131280422210693,0.1498980075120926,0.33412179350852966,0.0,0.4453634023666382,0.4021762013435364,0.10614195466041565,0.11209869384765625,0.0777084231376648,0.1967158019542694,0.0,0.09924251586198807,0.025575891137123108,0.09277690201997757,0.04123751074075699,0.267112672328949,0.0318029560148716,0.003250035922974348,0.010107443667948246,0.5280437469482422,0.46056005358695984,0.368498831987381,0.19765953719615936,0.0042733787558972836,0.03389153257012367,0.1658545434474945,0.022315630689263344,0.26172155141830444,0.7027291655540466,0.005629389546811581,0.030435649678111076,0.040598489344120026,0.003051318693906069,0.30992138385772705,0.0,0.05226333439350128,0.40335023403167725,0.349246621131897,0.19439949095249176,0.10107747465372086,0.09921642392873764,0.0,0.0,0.08633362501859665,0.07798145711421967,0.32541385293006897,0.46668919920921326,0.0,0.06332247704267502,0.04893442988395691,0.07726317644119263,0.09635932743549347,0.041779469698667526,0.3167327344417572,0.173270121216774,0.0028723322320729494,0.0,0.1133575290441513,0.001697904197499156,0.2947351932525635,0.0,0.005092696752399206,0.0,0.054544780403375626,0.1836826354265213,0.0,0.12516891956329346,0.5004366040229797,0.0,0.015257992781698704,0.2702011466026306,0.0564141646027565,0.0013527062255889177,0.0,0.296442449092865,0.0,0.2340705543756485,0.0,0.2698521018028259,0.0006010383367538452,0.0,0.0,0.0,0.4258687496185303,0.17048276960849762,0.0019687036983668804,0.0,0.6965991854667664,0.0421893335878849,0.0,0.003820139681920409,0.04223022982478142,0.6772646307945251,0.242517352104187,0.09821443259716034,0.007519569247961044,0.17612628638744354,0.1710931956768036,0.016948675736784935,0.24582485854625702,0.0,0.0,0.01923692785203457,0.010003033094108105,0.03502758592367172,0.12393710762262344,0.7284274101257324,0.08989856392145157,0.0019185590790584683,0.40328747034072876,0.008712569251656532,0.0,0.0,0.017779918387532234,0.30855029821395874,0.0029069092124700546,0.0,0.5001930594444275,0.5298109650611877,0.08021697402000427,0.44647017121315,0.003980194218456745,0.0,0.00750086409971118,0.07502526789903641,0.0861755907535553,0.2962150573730469,0.3119457960128784,0.00881681963801384,0.37681111693382263,0.0044510881416499615,0.010736314579844475,0.0689278244972229,0.0,0.13558638095855713,0.1817542314529419,0.00019499874906614423,0.003079466987401247,0.0,0.06495831161737442,0.025923877954483032,0.055836234241724014,0.07210510969161987,0.5456767678260803,0.03478430211544037,0.3693678677082062,0.02414563111960888,0.1023639366030693,0.5098149180412292,0.023736776784062386,0.12033581733703613,0.22499197721481323,0.004715135786682367,0.23829515278339386,0.015557307749986649,0.03492758050560951,0.004788531456142664,0.0032077901996672153,0.4152878224849701,0.011143136769533157,0.6606951951980591,0.0,0.10030274838209152,0.08922545611858368,0.518212080001831,0.309909462928772,0.14757034182548523,0.19338133931159973,0.0309420358389616,0.0,0.02526646852493286,0.029543554410338402,0.06572253257036209,0.0,0.0,0.47234800457954407,0.0,0.027751261368393898,0.0,0.0,0.0,0.0,0.0,0.4127839505672455,0.0,0.0,0.0,0.4699070155620575,0.03926437720656395,0.056209396570920944,0.05892787501215935,0.12160365283489227,0.1387452334165573,0.0,0.0036656190641224384,0.36797645688056946,0.29716670513153076,0.1589595526456833,0.25631794333457947,0.0,0.1359044909477234,0.0,0.07033319771289825,0.23512223362922668,0.0015437731053680182,0.0013836316065862775,1.0167075395584106,0.6831956505775452,0.34523287415504456,0.08378072828054428,0.0,0.012042520567774773,0.014276253990828991,0.03880438208580017,0.07553096860647202,0.0845395028591156,0.1941850781440735,0.5571688413619995,0.01201746053993702,0.048207469284534454,0.30874955654144287,0.23566140234470367,0.14097832143306732,0.0,0.03924865648150444,0.0687437504529953,0.12819166481494904,0.07293786853551865,0.3306224048137665,0.11121618002653122,0.05313928425312042,0.10795219242572784,-1.3393900394439697
129,0.06082551181316376,0.1308518648147583,0.0278447438031435,0.0,0.0,0.0,0.4306882619857788,0.09225840121507645,0.0,0.009537520818412304,0.0771225094795227,0.006499812938272953,0.0,0.2563668191432953,0.0,0.08856651186943054,0.01899569481611252,0.005777932237833738,0.0,0.0,0.0,0.05432683974504471,0.0,0.4092021882534027,0.027059273794293404,0.0,0.0,0.47542867064476013,0.0026083060074597597,0.04668053984642029,0.0939190536737442,0.28113824129104614,0.0,0.27138417959213257,0.06875140964984894,0.03562169149518013,0.005385398864746094,0.17791712284088135,0.07117041945457458,0.09201987832784653,0.029485762119293213,0.09342250972986221,0.07525946199893951,0.05234663188457489,0.20897869765758514,0.08774768561124802,0.14736419916152954,0.030157502740621567,0.0,0.06699616461992264,0.10360207408666611,0.0,0.2339373528957367,0.0029582870192825794,0.03664713352918625,0.0,0.1901702880859375,0.5895224809646606,0.1447526514530182,0.03223007917404175,0.0,0.08724629878997803,0.0749724879860878,0.0,0.0,0.0019473874708637595,0.0,0.051872823387384415,0.11539485305547714,0.09773007780313492,0.015226508490741253,0.0,0.11235757917165756,0.12036027759313583,0.025422686710953712,0.04555847495794296,0.046272944658994675,0.09239701926708221,0.0,0.062182433903217316,0.031256455928087234,0.03887183219194412,0.0,0.14302249252796173,0.1256788671016693,0.0,0.04145298898220062,0.23229879140853882,0.4087119698524475,0.3445962369441986,0.03508120775222778,0.0,0.032315392047166824,0.08955342322587967,0.0025178424548357725,0.031725797802209854,0.4543115198612213,0.0,0.002052810275927186,0.001868265331722796,0.0039892904460430145,0.3038921058177948,0.0,0.42912396788597107,0.2709784507751465,0.14546893537044525,0.030701259151101112,0.0630008652806282,0.006613817065954208,0.0,0.0,0.039203714579343796,0.04068760946393013,0.23148177564144135,0.05917742848396301,0.0,0.0351959653198719,0.054920148104429245,0.07017724215984344,0.013459201902151108,0.0,0.06282036751508713,0.0013856816804036498,7.076832844177261e-05,0.0,0.30921047925949097,0.0,0.0,0.005227559246122837,0.026872044429183006,0.0,0.19608493149280548,0.0163350198417902,0.009538648650050163,0.0028195702470839024,0.06001489982008934,0.0,0.0,0.01754022017121315,6.956539436941966e-05,0.0,0.004476848058402538,0.0136537691578269,0.0,0.1728779822587967,2.50651082751574e-05,0.02867925725877285,0.0025897969026118517,0.03313300386071205,6.947598740225658e-05,0.040674787014722824,0.1552494764328003,0.07808460295200348,0.0,0.0,0.3040332496166229,0.03575501590967178,0.0,0.027436653152108192,0.028215846046805382,0.25390222668647766,0.09967430680990219,0.01412387378513813,0.0,0.014764287509024143,0.08839516341686249,0.0,0.07135935127735138,0.0,0.0,0.0,0.0,0.0063782925717532635,0.022452494129538536,0.13348641991615295,0.21371805667877197,0.021919284015893936,0.058620236814022064,0.005385638680309057,0.014757472090423107,0.00039129095966927707,0.004145471379160881,0.21196413040161133,0.0,0.0034512660931795835,0.11813545227050781,0.19384726881980896,0.0,0.038752175867557526,0.0,0.0,0.027115903794765472,0.0829756036400795,0.003553964663296938,0.17254602909088135,0.21017660200595856,0.022508079186081886,0.23875783383846283,0.040648575872182846,0.03331770375370979,0.11624476313591003,0.0,0.024599140509963036,0.04928724095225334,0.0,0.0,0.0,0.025443432852625847,0.01134742796421051,0.07346375286579132,0.03909764066338539,0.2746853828430176,0.0160532109439373,0.1590433120727539,0.002651978749781847,0.03716990351676941,0.3014051020145416,0.0,0.011116962879896164,0.2576583921909332,0.0,0.046479325741529465,0.0,0.0007771335076540709,0.009897897019982338,0.0019283152651041746,0.12332411855459213,0.005470143165439367,0.26795023679733276,0.03536948561668396,0.0039205532521009445,0.0,0.36142659187316895,0.060759980231523514,0.05136416479945183,0.07662983238697052,0.030665216967463493,0.0,0.030888423323631287,0.06866513937711716,0.0505264475941658,0.0,0.0,0.33362284302711487,0.0,0.06179492175579071,0.05002208426594734,0.0,0.0,0.0,0.0,0.2602007985115051,0.0,0.0,0.018851077184081078,0.10929762572050095,0.0,0.04688243567943573,0.05777110531926155,0.013247519731521606,0.13041895627975464,0.0,0.0,0.09419292956590652,0.12953051924705505,0.2679122984409332,0.05230896919965744,0.010518847964704037,0.08353870362043381,0.00923728384077549,0.006383512634783983,0.05621667578816414,0.0002845065318979323,0.0,0.3794073164463043,0.31433725357055664,0.1703210175037384,0.020697694271802902,0.0,0.0,0.0,0.0005331588326953351,0.019801760092377663,0.07746429741382599,0.03451462835073471,0.3375169634819031,0.00017051737813744694,0.05469174310564995,0.2561626434326172,0.08890366554260254,0.017309509217739105,0.0,0.0,0.0,0.2828369140625,0.0,0.41652727127075195,0.09194625914096832,0.039144907146692276,0.020381590351462364,0.38118964433670044,0.07837416976690292,0.03823133558034897,0.0,0.0,0.0,0.5790640115737915,0.003326982958242297,0.029432812705636024,0.19286756217479706,0.10758259147405624,0.0028474414721131325,0.0,0.38536858558654785,0.02461482211947441,0.0,0.016789009794592857,0.027123963460326195,0.12072154134511948,0.0,0.004897499922662973,0.016896653920412064,0.004638529848307371,0.10546398162841797,0.440922349691391,0.0071641537360847,0.0,0.49047955870628357,0.041276633739471436,0.060943473130464554,0.006886598654091358,0.4720984399318695,0.0,0.04138636216521263,0.13531269133090973,0.00812607817351818,0.008196800947189331,0.06356117874383926,0.13485543429851532,0.07997775822877884,0.6761992573738098,0.13334351778030396,0.286941796541214,0.008988945744931698,0.07992159575223923,0.013205662369728088,0.6434640288352966,0.0,0.003358559450134635,0.08802392333745956,0.004214971326291561,0.0,0.7938790321350098,0.0,0.0,0.0,0.16107480227947235,1.1484535932540894,0.39758989214897156,0.11801084131002426,0.0,0.03487510606646538,0.46147051453590393,0.0,0.0,0.0,0.0,0.33486512303352356,0.5289795398712158,0.3874220848083496,0.0,0.0,0.26268020272254944,0.836611270904541,0.02296517603099346,0.017429949715733528,0.313886433839798,0.0,0.0,0.15288354456424713,0.0807470753788948,0.0,0.05784270167350769,0.18741218745708466,0.11146467924118042,0.05129338428378105,0.0,0.6170791983604431,0.6062928438186646,0.2366178333759308,0.10740449279546738,0.25658950209617615,0.17657367885112762,0.04514965042471886,0.007383226882666349,0.4415247142314911,0.7590649127960205,0.0,0.014602812007069588,0.0,0.3105282485485077,0.616969645023346,0.0,0.1618640273809433,0.1525653451681137,0.1388927698135376,0.04274468868970871,0.29769495129585266,0.13501852750778198,0.0,0.14265969395637512,0.14832644164562225,0.02738412655889988,0.3553997576236725,0.4821789264678955,0.0,0.21609614789485931,0.2432112693786621,0.0,0.010478896088898182,0.08656995743513107,0.49531289935112,0.043554823845624924,0.009201970882713795,0.005443796515464783,0.0,0.004852664656937122,0.020202260464429855,0.05740494653582573,0.0,0.013387629762291908,0.02447332628071308,0.1529630422592163,0.06225475296378136,0.000930824491661042,0.5190996527671814,0.04269310459494591,0.0,0.3537687063217163,0.021509366109967232,0.0,0.0,0.0,0.004847466945648193,0.04023757949471474,0.03877078369259834,0.4172421395778656,0.0029835663735866547,0.11043335497379303,0.0,0.0,0.03351666405797005,0.007603663485497236,0.0,0.0,0.4872070252895355,0.029344890266656876,0.008398914709687233,0.00223281211219728,0.07636895775794983,0.035632576793432236,0.12454960495233536,0.2254081815481186,0.0,0.0661156103014946,0.22887594997882843,0.0,0.0,0.007385425269603729,0.0,0.03396102413535118,0.06675418466329575,0.08392243832349777,0.01112435944378376,1.0505043268203735,0.06310298293828964,0.0,0.0038680359721183777,0.04260384663939476,4.584491398418322e-05,0.0,0.009002028964459896,0.05529293417930603,0.03649861365556717,0.021921105682849884,0.31978049874305725,0.6329163908958435,0.006315536797046661,0.03913787379860878,0.0,0.0,0.09365842491388321,0.43041273951530457,0.0,0.2337115854024887,0.1397315263748169,0.2435908168554306,0.017021536827087402,0.1666475385427475,0.01529174204915762,0.07694153487682343,0.0,0.05545322969555855,0.3656834065914154,0.0064361183904111385,0.0,0.031544029712677,0.3903891444206238,0.12578415870666504,0.1351502686738968,0.27651891112327576,0.6945382952690125,0.0,0.005843734834343195,0.08637471497058868,0.05190419778227806,0.33252817392349243,0.0,0.018382230773568153,0.04998285695910454,0.0002707477833610028,0.3616614043712616,0.2906755208969116,0.08870458602905273,0.20405292510986328,0.007553280796855688,0.670069694519043,0.0774533748626709,0.5318949818611145,0.029290083795785904,0.3924879729747772,0.26276424527168274,0.16984285414218903,0.021704886108636856,0.10519524663686752,0.06302261352539062,0.0,0.0,0.0,0.0158331748098135,0.09362750500440598,0.0,0.020597103983163834,0.004197483416646719,0.15238988399505615,0.1342049390077591,0.043799061328172684,0.0,0.0,0.003813305636867881,0.0,0.6936378479003906,0.0,0.0,0.07870399951934814,0.10361583530902863,0.0,0.002555561251938343,0.07382847368717194,0.04533527418971062,0.0,0.004108475521206856,0.08453526347875595,0.025111252442002296,0.08085054904222488,0.5831391215324402,0.003238282399252057,0.07238040119409561,0.04503963142633438,0.0,0.0030268339905887842,0.22606630623340607,0.08037219196557999,0.0,0.14306053519248962,0.3526217043399811,0.2220289260149002,0.0,0.12796151638031006,0.0,0.13903988897800446,0.1252993792295456,0.0,0.25602683424949646,0.25677892565727234,0.4652930796146393,0.0,0.030141634866595268,0.029896480962634087,0.10088828951120377,0.1251419335603714,0.0,0.0,0.5430286526679993,0.06583156436681747,0.0,0.22673232853412628,0.6634736061096191,0.0666990801692009,0.0,0.2796996533870697,0.08874724060297012,0.006668344140052795,0.0,0.0,0.0,0.5529509782791138,0.06536868959665298,0.01752011477947235,0.12460774183273315,0.058837879449129105,0.014891276136040688,0.0013869267422705889,0.36773481965065,0.009623486548662186,0.0,0.05943082645535469,0.0019116416806355119,0.03336057439446449,0.004959675949066877,0.0,0.06501960754394531,0.022772470489144325,0.19677932560443878,0.121736541390419,0.0,0.0012397117679938674,0.5898115038871765,0.04980197176337242,0.03148077055811882,0.07519397139549255,0.45033684372901917,0.0,0.1323690414428711,0.12876470386981964,0.034228451550006866,0.0,0.11172342300415039,0.122566819190979,0.16635198891162872,0.3774794340133667,0.18626844882965088,0.1576949954032898,0.07474040985107422,0.1800696849822998,0.07446973770856857,0.4622737467288971,0.0,0.008909739553928375,0.06955409795045853,0.06472121924161911,0.0,0.5621694326400757,0.009546988643705845,0.0011062136618420482,0.004715829622000456,0.24391911923885345,1.015010118484497,0.33430126309394836,0.16075682640075684,0.0,0.10754664242267609,0.37224623560905457,0.0029717579018324614,0.0011584997409954667,0.05103255435824394,0.0,0.13423007726669312,0.4421599507331848,0.3365824520587921,0.006255060434341431,0.0,0.15436236560344696,0.4556826651096344,0.06224914267659187,0.06127126142382622,0.1601346731185913,0.004468988161534071,0.0039011358749121428,0.06897705048322678,0.051041729748249054,0.0,0.033543478697538376,0.18086452782154083,0.08301348239183426,0.008635916747152805,0.005644794553518295,0.559637725353241,0.4425056576728821,0.2957216203212738,0.07393778860569,0.07923740148544312,0.07193049043416977,0.060838934034109116,0.02830674685537815,0.222307950258255,0.7241092920303345,0.0,0.030314886942505836,0.034149374812841415,0.1077604815363884,0.5866585373878479,0.0,0.21727149188518524,0.22748029232025146,0.17878365516662598,0.04465247318148613,0.14371804893016815,0.07538444548845291,0.0,0.04448297992348671,0.06375465542078018,0.03846292570233345,0.34207892417907715,0.2743671238422394,0.0,0.14688853919506073,0.12213154137134552,0.02437431551516056,0.015699738636612892,0.08581181615591049,0.27806398272514343,0.06976431608200073,0.0025124780368059874,0.009748936630785465,0.012657341547310352,0.02239944413304329,0.09093986451625824,0.029521113261580467,0.0,0.015635760501027107,0.07568150758743286,0.10576354712247849,0.03441562131047249,0.028133565559983253,0.34897342324256897,0.01162155531346798,0.00039414764614775777,0.15702082216739655,0.03860113024711609,0.0,0.0030703991651535034,0.004408026579767466,0.006478510797023773,0.04990331456065178,0.0,0.1931365579366684,0.0,0.007902152836322784,0.0,0.0,0.06901168823242188,0.05251321941614151,0.0,0.002636277349665761,0.3702033460140228,0.07372480630874634,0.0,0.0015916236443445086,0.06559495627880096,0.12935690581798553,0.1220497116446495,0.060486920177936554,0.013493428006768227,0.11398013681173325,0.19759933650493622,0.0,0.034072406589984894,0.0,0.0,0.034772563725709915,0.03995129093527794,0.03901981562376022,0.005316753871738911,0.7051329016685486,0.099350705742836,0.0005630923551507294,0.010934712365269661,0.019765028730034828,0.0,0.0031969265546649694,0.0143373878672719,0.0987120196223259,0.01944105140864849,0.005823608487844467,0.32695892453193665,0.5367175936698914,0.0064046732150018215,0.08056821674108505,0.0,0.0036341645754873753,0.061201244592666626,0.254203736782074,0.01547359861433506,0.2371256798505783,0.11786649376153946,0.07527042180299759,0.07953985035419464,0.07151587307453156,0.02649189904332161,0.0768963173031807,0.0,0.08720437437295914,0.18430233001708984,0.010145887732505798,0.01042783260345459,0.0018462538719177246,0.23910558223724365,0.06925756484270096,0.14002211391925812,0.21083782613277435,0.5764216780662537,0.00511613953858614,0.05276435613632202,0.041854389011859894,0.04081137850880623,0.3554717004299164,0.01932116039097309,0.019698265939950943,0.133143812417984,0.004751698113977909,0.22222554683685303,0.07430946826934814,0.03872961923480034,0.08532737195491791,0.009313429705798626,0.33368119597435,0.040595170110464096,0.5561898946762085,0.002631654730066657,0.1703510731458664,0.12714003026485443,0.22985847294330597,0.03303530812263489,0.11510949581861496,0.10080893337726593,0.005341296549886465,0.0002757125475909561,0.004554802551865578,0.02758445404469967,0.09084203839302063,0.0,0.0166355948895216,0.08756190538406372,0.048022136092185974,0.15377235412597656,0.01668328233063221,0.0,0.0,0.019698895514011383,0.0,0.5613647103309631,0.0,0.0,0.03827512264251709,0.10101751238107681,0.0,0.03834681585431099,0.09255250543355942,0.049702368676662445,0.02844260446727276,0.0013210595352575183,0.009082033298909664,0.05205031856894493,0.13928265869617462,0.4541272222995758,0.03001229465007782,0.008202457800507545,0.08465345948934555,0.0,0.014760694466531277,0.1194818988442421,0.05150501802563667,0.002508593490347266,0.3097298741340637,0.41058212518692017,0.19935832917690277,0.029704023152589798,0.008785265497863293,0.0011690171668305993,0.054989662021398544,0.05794261768460274,0.0,0.13030271232128143,0.2204819917678833,0.43693670630455017,0.005219271872192621,0.027121270075440407,0.09725961089134216,0.13912086188793182,0.07589194178581238,0.0,0.007875382900238037,0.160020649433136,0.1591150164604187,0.014883488416671753,0.26409897208213806,0.3662704527378082,0.06185579299926758,0.0005536698154173791,0.5284267067909241
130,0.0,0.03161059692502022,0.00622536102309823,0.0,0.0,0.0,0.35370221734046936,0.15201398730278015,0.0,0.04674272984266281,0.13705843687057495,0.05526185780763626,0.0,0.28101012110710144,0.11450622230768204,0.046580005437135696,0.031126148998737335,0.07864316552877426,0.02029356174170971,0.0,0.0,0.16359646618366241,0.0,0.47103723883628845,0.04791581630706787,0.0,0.0,0.43054038286209106,0.0,0.10521570593118668,0.0,0.2353605479001999,0.0,0.3083347678184509,0.009710920043289661,0.024553634226322174,0.05855833366513252,0.1599736511707306,0.1311933994293213,0.3689975142478943,0.0,0.027227312326431274,0.14509263634681702,0.05705585703253746,0.2758854925632477,0.0,0.22041413187980652,0.02051747776567936,0.0,0.046926721930503845,0.0,0.0,0.3113836348056793,0.0,0.0,0.15561655163764954,0.018771685659885406,0.6060494780540466,0.03776859492063522,0.0328306183218956,0.0,0.22764237225055695,0.06877189129590988,0.02965904027223587,0.0,0.0,0.0,0.2925293743610382,0.1021830216050148,0.07393296808004379,0.0,0.0,0.12525838613510132,0.3077864646911621,0.0,0.05004667490720749,0.04186837747693062,0.10920896381139755,0.0,0.14550884068012238,0.04674912989139557,0.0283183753490448,0.0,0.18740803003311157,0.27592733502388,0.017506083473563194,0.0,0.15246470272541046,0.5604473948478699,0.3819352984428406,0.028102494776248932,0.07852300256490707,0.03742114081978798,0.08397766947746277,0.00425479793921113,0.00887646246701479,0.3804180324077606,0.0,0.0,0.07738213986158371,0.006151220761239529,0.3194887936115265,0.0,0.39682257175445557,0.31385305523872375,0.015248752199113369,0.018224839121103287,0.10716562718153,0.0,0.0,0.13176913559436798,0.04529505595564842,0.02702391892671585,0.17666073143482208,0.002117709955200553,0.0,0.037974726408720016,0.05608776584267616,0.014166106469929218,0.0,0.14431487023830414,0.00791903492063284,0.0,0.0017754469299688935,0.11185307055711746,0.47884199023246765,0.0,0.0,0.0759754478931427,0.0,0.0,0.1730702817440033,0.0,0.0034784965682774782,0.0,0.0010813426924869418,0.0,0.0,0.05321827158331871,0.0,0.0,0.018352609127759933,0.0071005248464643955,0.0,0.10716076195240021,0.04520498961210251,0.0,0.011481154710054398,0.1774127185344696,0.0,0.0,0.12000587582588196,0.04139327257871628,0.0,0.0,0.07133152335882187,0.01250413991510868,0.0,0.0,0.0,0.28750327229499817,0.0,0.021259751170873642,0.0,0.09077479690313339,0.10870549082756042,0.0,0.017358237877488136,0.014477846212685108,0.0,0.0,0.0,0.024079976603388786,0.0,0.025210708379745483,0.3548561930656433,0.0,0.01372133195400238,0.1511603742837906,0.04073219746351242,0.009104824624955654,0.0,0.16035890579223633,0.0,0.017102153971791267,0.02199629880487919,0.2282022386789322,0.0,0.0,0.0,0.0003752158081624657,0.2343170940876007,0.1549796164035797,0.0,0.21491190791130066,0.2015073448419571,0.0433051735162735,0.22208860516548157,0.23069660365581512,0.0,0.10483404994010925,0.0,0.0,0.031140485778450966,0.0,0.0,0.001711166580207646,0.039862144738435745,0.05425170436501503,0.0011690817773342133,0.08858606964349747,0.2396193891763687,0.0,0.050390034914016724,0.14669643342494965,0.0833149328827858,0.23896969854831696,0.0,0.0,0.35907527804374695,0.0,0.0027861371636390686,0.0,0.0,0.052036382257938385,0.0,0.09230406582355499,0.04710059612989426,0.1340467631816864,0.3164439797401428,0.004678328055888414,0.0,0.3369561433792114,0.037305720150470734,0.2084953486919403,0.042411379516124725,0.0,0.0,0.015036193653941154,0.03847891837358475,0.00014680458116345108,0.013869578950107098,0.0021417737007141113,0.3123501241207123,0.04028411582112312,0.04794623702764511,0.06598750501871109,0.0,0.0,0.0,0.0,0.37562474608421326,0.0,0.0,0.0,0.014637519605457783,0.0,0.03301529213786125,0.029317932203412056,0.0,0.04525386542081833,0.006901920773088932,0.0,0.059391047805547714,0.0,0.6391079425811768,0.04560234025120735,0.0341622456908226,0.11533604562282562,0.0,0.0,0.06244610622525215,0.07921250909566879,0.0,0.0917990431189537,0.21868722140789032,0.21441993117332458,0.0,0.011599224992096424,0.0,0.07770887762308121,0.0,0.0,0.10066727548837662,0.0,0.2914300858974457,0.0,0.0,0.46560001373291016,0.2092493325471878,0.008825263939797878,0.0,0.0,0.07932811975479126,0.3108879625797272,0.0,0.4341419041156769,0.23120613396167755,0.071748286485672,0.0,0.04734303802251816,0.14053699374198914,0.06686712056398392,0.0,0.0,0.0,0.3773150146007538,0.08703867346048355,0.0,0.006837430410087109,0.12610624730587006,0.031102430075407028,0.0,0.2633059620857239,0.0,0.06909137964248657,0.005536296404898167,0.0,0.0,0.0,0.0,0.10371536761522293,0.0,0.46107080578804016,0.031925708055496216,0.0011268176604062319,0.0,0.5499475002288818,0.013974805362522602,0.027569115161895752,0.10523058474063873,0.2735280990600586,0.0,0.33667123317718506,0.03935416787862778,0.059441253542900085,0.005434919614344835,0.1749073714017868,0.016674524173140526,0.10154732316732407,0.03450597822666168,0.19220513105392456,0.07092946767807007,0.07805970311164856,0.23226645588874817,0.07256198674440384,0.14784397184848785,0.034064773470163345,0.0,0.10134097188711166,0.17467312514781952,0.0,0.2193375527858734,0.0,0.04567866027355194,0.027055129408836365,0.13351887464523315,0.614870011806488,0.12463681399822235,0.02601551078259945,0.0,0.1567479968070984,0.02616233564913273,0.0,0.0,0.0,0.0,0.05491650104522705,0.07411175966262817,0.025056222453713417,0.04942810535430908,0.0,0.12076102942228317,0.17873133718967438,0.0,0.1485358029603958,0.03659505397081375,0.08324280381202698,0.0,0.09064493328332901,0.04290638864040375,0.005890166386961937,0.0,0.21242789924144745,0.08482726663351059,0.004585076589137316,0.05599775165319443,0.166094109416008,0.4238869547843933,0.25266438722610474,0.039460159838199615,0.0018749128794297576,0.024998925626277924,0.12893016636371613,0.01513449102640152,0.058928996324539185,0.3741070330142975,0.0,0.0,0.047090135514736176,0.012967020273208618,0.10995950549840927,0.0,0.4359759986400604,0.3692011833190918,0.09271249175071716,0.05941716954112053,0.030388638377189636,0.007422605995088816,0.0,0.014757000841200352,0.06506732106208801,0.052835218608379364,0.22867143154144287,0.08892602473497391,0.0,0.007772636134177446,0.04092711582779884,0.07832656055688858,0.01300513930618763,0.027106698602437973,0.11654351651668549,0.043657414615154266,0.00985889881849289,0.003384679090231657,0.30834975838661194,0.0,0.006481914781033993,0.0009326515137217939,0.0,0.0,0.08152469247579575,0.010069857351481915,0.0030089018400758505,0.027274219319224358,0.07850787788629532,0.0,0.0,0.03409323841333389,0.0243197251111269,0.0,0.009267086163163185,0.01032024435698986,0.0,0.17370107769966125,0.0,0.018053757026791573,0.010276982560753822,0.05135377123951912,0.0,0.0664733424782753,0.08494577556848526,0.06763575971126556,0.0,0.0,0.27821001410484314,0.08850797265768051,0.0,0.00982236210256815,0.0378476083278656,0.21284827589988708,0.1276027262210846,0.014001627452671528,0.0,0.10902626067399979,0.06424994021654129,0.005476607941091061,0.11409936845302582,0.0,0.0,0.010881194844841957,0.001247977721504867,0.009159876964986324,0.04399195313453674,0.09230341017246246,0.18930228054523468,0.0,0.08494298905134201,0.022023219615221024,0.012055936269462109,0.0,0.006054259371012449,0.2933667302131653,0.0,0.0,0.14909997582435608,0.1322445422410965,0.0,0.05354779213666916,0.0,0.0,0.021363316103816032,0.06539938598871231,0.0011537624523043633,0.11682767421007156,0.1502152681350708,0.023070061579346657,0.24135780334472656,0.040453072637319565,0.0019733039662241936,0.1382036656141281,0.0,0.03128939867019653,0.029915055260062218,0.0,0.0,0.0,0.06910321116447449,0.0022983234375715256,0.018085794523358345,0.04054157808423042,0.2273787260055542,0.016954731196165085,0.14691027998924255,0.04890106990933418,0.0574750155210495,0.334446519613266,0.0,0.05369727313518524,0.32711300253868103,0.0,0.03989841789007187,0.006080301944166422,0.006294466555118561,0.012736164964735508,0.009901043027639389,0.13115203380584717,0.0022059022448956966,0.2139045149087906,0.008740459568798542,0.0012805002043023705,0.02142937481403351,0.3798803985118866,0.11443927139043808,0.19401824474334717,0.1474367082118988,0.0,0.0,0.042946577072143555,0.061169907450675964,0.019950248301029205,0.0,0.0,0.3815520703792572,0.0,0.03233662247657776,0.02590358629822731,0.0,0.0,0.0,0.0,0.21210387349128723,0.0,0.0,0.0002487360907252878,0.1518525779247284,0.0,0.07238707691431046,0.02334645204246044,0.04039961099624634,0.19570136070251465,0.0,0.0,0.11363842338323593,0.13719385862350464,0.2347230315208435,0.07245313376188278,0.0017183389281854033,0.08726336061954498,0.005661658011376858,0.02445615455508232,0.06490497291088104,0.06064123660326004,0.0,0.5199272632598877,0.30023446679115295,0.2032063752412796,0.009930961765348911,0.0,0.006418130826205015,0.0,0.017301933839917183,0.026750802993774414,0.07729224115610123,0.023375609889626503,0.3493107855319977,0.0,0.04896840453147888,0.3014233410358429,0.22445352375507355,0.034241922199726105,0.0,0.0,0.0,0.327629953622818,0.0,0.443866103887558,0.08081825822591782,0.0539696030318737,0.018516847863793373,0.047698888927698135,0.06911619007587433,0.022056221961975098,0.0,0.0,0.0,0.3843992352485657,0.14909526705741882,0.0,0.02017815224826336,0.12312617152929306,0.08737140148878098,0.0,0.31432217359542847,0.05538589134812355,0.032271116971969604,0.03762330114841461,0.012326288037002087,0.003677674103528261,0.0,0.0,0.1285155713558197,0.0,0.42218464612960815,0.03837684169411659,0.0,0.0,0.5555187463760376,0.0020979458931833506,0.02712288685142994,0.06965744495391846,0.32633084058761597,0.0,0.305755615234375,0.024486739188432693,0.05948926880955696,0.0026172776706516743,0.11641683429479599,0.09189242869615555,0.25323981046676636,0.028675343841314316,0.1617603749036789,0.10964793711900711,0.08762314170598984,0.29169923067092896,0.03253594785928726,0.223475381731987,0.020289327949285507,0.0,0.04928719252347946,0.0850241482257843,0.0,0.3630489110946655,0.0,0.010478593409061432,0.1070808619260788,0.06948178261518478,0.7038831114768982,0.10080049932003021,0.08142206817865372,0.0,0.24456167221069336,0.13323184847831726,0.022700952365994453,0.0,0.0,0.0,0.22533497214317322,0.17421101033687592,0.1329517513513565,0.010634183883666992,0.0,0.07871401309967041,0.26281484961509705,0.0,0.15305761992931366,0.03596380352973938,0.06599180400371552,0.0,0.09613238275051117,0.029284333810210228,0.006988507229834795,0.0,0.22788552939891815,0.12686702609062195,0.01079007238149643,0.028231345117092133,0.27221164107322693,0.4626659154891968,0.2900936007499695,0.03095746971666813,0.02464105375111103,0.03026336058974266,0.08884638547897339,0.021103309467434883,0.05157499760389328,0.4670812785625458,0.0,0.0,0.11448581516742706,0.010709602385759354,0.2972704768180847,0.0,0.2597590386867523,0.318164199590683,0.03847801685333252,0.027987681329250336,0.029525844380259514,0.009773491881787777,0.0,0.11448497325181961,0.03889454901218414,0.02320287749171257,0.22720065712928772,0.06204608827829361,0.0,0.04652952402830124,0.01565886288881302,0.04128154739737511,0.0035542924888432026,0.1478712558746338,0.06527461111545563,0.03157706558704376,0.004177141468971968,0.09008129686117172,0.31023773550987244,0.0,0.004297125618904829,0.019531944766640663,0.0,0.0,0.15596793591976166,0.0,0.0027963409665971994,0.013340719975531101,0.0804252028465271,0.0,0.0,0.03286571055650711,0.015926536172628403,0.0,0.003968822304159403,0.0020280503667891026,0.0,0.09468939155340195,0.0,0.01562618836760521,0.0034646689891815186,0.035402048379182816,0.0,0.019940229132771492,0.0664559155702591,0.056684862822294235,0.0,0.0,0.16631408035755157,0.05332643911242485,0.0,0.0,0.02470942586660385,0.19705438613891602,0.06890109926462173,0.013525093905627728,0.0004188396851532161,0.14268925786018372,0.12263675779104233,0.0,0.04772156476974487,0.0,0.0,0.008036627434194088,0.004270428791642189,0.012455415911972523,0.023891443386673927,0.13797248899936676,0.215330570936203,0.0019186775898560882,0.04865029826760292,0.06956615298986435,0.015288912691175938,0.0022739178966730833,0.004981663078069687,0.16525723040103912,0.0,0.0,0.1575329750776291,0.23808683454990387,0.0,0.023565860465168953,0.0,0.0,0.117048479616642,0.12747079133987427,0.004068296402692795,0.20163321495056152,0.1019219309091568,0.02551046758890152,0.14950701594352722,0.09254258871078491,0.0,0.07270637154579163,0.0,0.004640018567442894,0.03389182686805725,0.0,0.0,0.0,0.09154445677995682,0.016592351719737053,0.003491488052532077,0.14065517485141754,0.29162320494651794,0.007490262389183044,0.07115025073289871,0.14640632271766663,0.02654261328279972,0.2792302072048187,0.0003438152780290693,0.01884196326136589,0.2965121567249298,0.0,0.03775158151984215,0.0,0.0,0.026213264092803,0.014453674666583538,0.0985378846526146,0.01401093415915966,0.2759799659252167,0.10173101723194122,0.009025415405631065,0.027135133743286133,0.30749914050102234,0.07706119120121002,0.29174891114234924,0.09252562373876572,0.0,0.0,0.02933661639690399,0.04548998549580574,0.008025934919714928,0.0,0.0004954165779054165,0.2501034140586853,0.0,0.057495247572660446,0.01322117168456316,0.0,0.0,0.0,0.0,0.3878750503063202,0.0,0.0,0.0,0.08496410399675369,0.0,0.03893101587891579,0.036953091621398926,0.027076708152890205,0.09255167841911316,0.0,0.0,0.07603778690099716,0.05352802202105522,0.4977038502693176,0.029014481231570244,0.002491275779902935,0.05350184440612793,0.0,0.0029294437263160944,0.04915044829249382,0.1291588544845581,0.0,0.31810498237609863,0.2762822210788727,0.15452684462070465,0.0019062507199123502,0.0,0.0028496431186795235,0.02018403448164463,0.007940798066556454,0.002536462852731347,0.06431746482849121,0.030605586245656013,0.3275836706161499,0.0,0.021834515035152435,0.35721075534820557,0.2624615728855133,0.026557913050055504,0.0,0.0,0.03566070646047592,0.2877301275730133,0.0,0.375833660364151,0.18649116158485413,0.02832956053316593,0.0016310742357745767,-0.4303859770298004
131,0.08120213449001312,0.1303044557571411,0.05614428594708443,0.0,0.0,0.0,0.4657604694366455,0.08160395920276642,0.0,0.00893077626824379,0.05371366813778877,0.005408296827226877,0.0,0.31616899371147156,0.0,0.0762060359120369,0.023982413113117218,0.0,0.0,0.0,0.0,0.048933543264865875,0.0,0.33606788516044617,0.018604183569550514,0.0,0.0,0.4859839379787445,0.003901021322235465,0.09569519013166428,0.08327259123325348,0.28170046210289,0.0,0.28129372000694275,0.05252150446176529,0.07941029220819473,0.04895946756005287,0.2457580864429474,0.01459022518247366,0.12646321952342987,0.0290630254894495,0.1579252928495407,0.09229430556297302,0.10650097578763962,0.2649237811565399,0.10685159265995026,0.24489863216876984,0.015249825082719326,0.0,0.079450324177742,0.07814570516347885,0.0,0.17641587555408478,0.011969591490924358,0.02249750867486,0.00258762389421463,0.19156889617443085,0.6275901198387146,0.15899594128131866,0.06053537875413895,0.0,0.09595711529254913,0.09278234094381332,0.0,0.0,0.0016510207206010818,0.0,0.02643250860273838,0.14876008033752441,0.1176595464348793,0.021569736301898956,0.0,0.15344731509685516,0.09905482083559036,0.024313820526003838,0.04224366322159767,0.0022109299898147583,0.0960937961935997,0.0,0.12524724006652832,0.009819984436035156,0.0851726084947586,0.0,0.1525096446275711,0.04185156896710396,0.010015621781349182,0.05855005979537964,0.2139759510755539,0.3658679723739624,0.35693150758743286,0.04692491888999939,0.0,0.027036001905798912,0.07493535429239273,0.0017390616703778505,0.011998635716736317,0.4661988317966461,0.0,0.0,0.00020403116650413722,0.0,0.2859749495983124,0.0,0.2993674576282501,0.33247002959251404,0.14678405225276947,0.04184485971927643,0.01421617902815342,0.01534201204776764,0.0,0.0038635660894215107,0.06860636919736862,0.04346666485071182,0.17835476994514465,0.02248631976544857,0.0,0.03580044209957123,0.0,0.06682675331830978,0.005717145744711161,0.0,0.03592634201049805,0.013540834188461304,0.00432470440864563,0.0,0.3360396921634674,0.0,0.0,0.0,0.011448300443589687,0.0,0.12430936098098755,0.009467394091188908,0.005269590299576521,0.017151964828372,0.06783848255872726,0.0,0.0,0.08215072005987167,0.004887905903160572,0.0,0.0,0.017149480059742928,0.0,0.15547490119934082,0.0,0.019313856959342957,0.0,0.03935524821281433,0.00317838485352695,0.041736673563718796,0.19729216396808624,0.10070152580738068,0.0,0.0,0.23633182048797607,0.013459390960633755,0.0,0.02757866680622101,0.02972792647778988,0.2613396942615509,0.1305529922246933,0.02036074735224247,0.0,0.12192290276288986,0.09541302174329758,0.0023180998396128416,0.12332741171121597,0.0,0.0,0.0,0.0,0.03177539259195328,0.014760809950530529,0.12408708781003952,0.12142997235059738,0.003929405938833952,0.11349055916070938,0.03281562402844429,0.02858777716755867,0.0071045816875994205,0.0,0.2538747489452362,0.0,0.0,0.11947806924581528,0.23713140189647675,0.0,0.07387560606002808,0.0,0.0,0.01841636747121811,0.09041149914264679,0.0003650309517979622,0.19290977716445923,0.14959712326526642,0.035637300461530685,0.1977800875902176,0.012557456269860268,0.0073917158879339695,0.0898975282907486,0.0,0.02048194408416748,0.028229687362909317,0.0,0.0,0.0,0.0,0.0,0.040967874228954315,0.03307187184691429,0.31902021169662476,0.015229100361466408,0.21342897415161133,0.014648223295807838,0.04423965886235237,0.337442010641098,0.002534981817007065,0.02206924930214882,0.2408500760793686,0.0,0.02603243850171566,0.0,0.0,0.01418642420321703,0.0,0.03804829344153404,0.0015783228445798159,0.25969117879867554,0.0347227118909359,0.01027507334947586,0.0,0.33571165800094604,0.09664485603570938,0.09475000202655792,0.07593008130788803,0.015383817255496979,0.0,0.04559536650776863,0.051946382969617844,0.017387060448527336,0.0,0.0,0.3693423271179199,0.0,0.023310484364628792,0.06271734088659286,0.0,0.0,0.0,0.0,0.2725619375705719,0.0,0.0,0.004104651510715485,0.09570030868053436,0.0,0.06033584475517273,0.046977318823337555,0.001778542879037559,0.1484697461128235,0.0,0.0,0.17775216698646545,0.10696136951446533,0.19870944321155548,0.08497017621994019,0.0,0.16998045146465302,0.005583915859460831,0.0,0.07512134313583374,0.004493981134146452,0.0,0.35937753319740295,0.4346179962158203,0.21493013203144073,0.01654529944062233,0.0,0.0,0.0,0.0010078269988298416,0.031332727521657944,0.025586146861314774,0.04807702824473381,0.33628615736961365,0.0,0.0192159004509449,0.2949715852737427,0.1516961306333542,0.014058979228138924,0.0,0.0,0.0,0.25324681401252747,0.0,0.45099517703056335,0.06970153003931046,0.0026036840863525867,0.02218029461801052,0.06787832826375961,0.05811480060219765,0.014211419969797134,0.0,0.0,0.0,0.41265836358070374,0.10149651765823364,0.0,0.08190383017063141,0.1042557805776596,0.1130463033914566,0.0,0.3956300914287567,0.06952878087759018,0.0,0.05560525879263878,0.016488811001181602,0.04420168697834015,0.0,0.0,0.12779511511325836,0.0,0.21885183453559875,0.14721877872943878,0.0,0.0,0.4070872664451599,0.0,0.11027774959802628,0.0,0.2720177471637726,0.0,0.2567577660083771,0.001421270309947431,0.0,0.07416902482509613,0.05352232605218887,0.07030357420444489,0.3804885447025299,0.14465706050395966,0.008073371835052967,0.21588796377182007,0.004902535118162632,0.16479919850826263,0.0,0.43837639689445496,0.0,0.0,0.003590442705899477,0.015518829226493835,0.0,0.5419965386390686,0.0,0.0,0.11368078738451004,0.006369689479470253,0.8648465275764465,0.16095079481601715,0.019094781950116158,0.0,0.21815556287765503,0.3443748652935028,0.06071776896715164,0.0,0.0,0.0,0.4106925129890442,0.26063698530197144,0.27685895562171936,0.0,0.0,0.17238527536392212,0.5800347328186035,0.0,0.027481287717819214,0.11837230622768402,0.0,0.0,0.28226006031036377,0.06856788694858551,0.0,0.0,0.2480916678905487,0.06138283759355545,0.051657743752002716,0.0,0.3481515944004059,0.555867075920105,0.3004991114139557,0.04433474317193031,0.11337072402238846,0.08710829168558121,2.5828680350059585e-07,0.0,0.044013381004333496,0.583694338798523,0.0,0.002315690042451024,0.05295543000102043,0.1556079089641571,0.45044395327568054,0.0,0.16231702268123627,0.28812935948371887,0.039362210780382156,0.008513337932527065,0.1287335455417633,0.010846664197742939,0.0,0.24199004471302032,0.10874000936746597,0.005953604821115732,0.21999116241931915,0.0,0.0,0.12856194376945496,0.07077966630458832,0.0,0.0,0.15173956751823425,0.04664839431643486,0.0,0.013140267692506313,0.05754287913441658,0.2680415213108063,0.0,0.0,0.054843541234731674,0.0,0.0,0.15770265460014343,0.0,0.05413597822189331,0.0,0.1221349760890007,0.007507991511374712,0.0,0.20002567768096924,0.0067799994722008705,0.0,0.0,0.0,0.0,0.02173352986574173,0.03391529619693756,0.0577838234603405,0.01179102435708046,0.2521604895591736,0.0001850724220275879,0.0,0.0009352107299491763,0.019673356786370277,0.0,0.0,0.052492666989564896,0.006080500781536102,0.02205962873995304,0.0,0.0,0.024952588602900505,0.012672746554017067,0.13386252522468567,0.0,0.11644279956817627,0.19615735113620758,0.0,0.0,0.009422214701771736,0.0,0.010470637120306492,0.03087213635444641,0.046050529927015305,0.0,0.34071674942970276,0.0984259843826294,0.0,0.0017557955579832196,0.14050765335559845,0.06802567094564438,0.007409385405480862,0.0,0.0699230432510376,0.011205176822841167,0.028682589530944824,0.11904088407754898,0.40809574723243713,0.0,0.0,0.0,0.0,0.21200530230998993,0.39301151037216187,0.0,0.2785851061344147,0.011464533396065235,0.15173566341400146,0.018851974979043007,0.22960062325000763,0.0,0.03481920436024666,0.0,0.010516221635043621,0.11732729524374008,0.0,0.0,0.008985218591988087,0.12131340056657791,0.02341398037970066,0.00559441652148962,0.24687974154949188,0.4758864641189575,0.0,0.0033606349024921656,0.10459184646606445,0.09142984449863434,0.2788500189781189,0.0,0.0,0.21641956269741058,0.0,0.11996396631002426,0.02499803900718689,0.0,0.15347637236118317,0.0,0.07982156425714493,0.012167822569608688,0.26312461495399475,0.19058887660503387,0.03501315787434578,0.0007345958147197962,0.11766094714403152,0.009052414447069168,0.26113006472587585,0.03294967859983444,0.0,0.0,0.019833339378237724,0.06020434573292732,0.003712174715474248,0.0,0.00951799750328064,0.036935631185770035,0.07533591985702515,0.01307003665715456,0.06761883199214935,0.0,0.0,0.0,0.0,0.5545676946640015,0.0,0.0,0.0014181719161570072,0.0,0.0,0.019087988883256912,0.01564817689359188,0.0,0.009680645540356636,0.0196930393576622,0.020412122830748558,0.02372746542096138,0.0,0.6969292163848877,0.007930561900138855,0.060869719833135605,0.11547493934631348,0.0,0.0,0.10229233652353287,0.19334615767002106,0.0,0.025629281997680664,0.3926642835140228,0.18155984580516815,0.0,0.022372886538505554,0.0,0.02961764670908451,0.0941004753112793,0.0,0.12208914756774902,0.004175237845629454,0.2887105941772461,0.0,0.0,0.33003029227256775,0.2939903736114502,0.02147575095295906,0.0,0.0,0.3170093595981598,0.23059800267219543,0.0,0.4088364839553833,0.43126317858695984,0.019628049805760384,0.0,0.09560596942901611,0.07558450102806091,0.0012572879204526544,0.0,0.0,0.0,0.4429544508457184,0.123484306037426,0.0,0.03197001293301582,0.05887211859226227,0.08357454836368561,0.0,0.3985873758792877,0.05434331297874451,0.022524623200297356,0.049919601529836655,0.008769338019192219,0.0,0.0,0.0,0.12147405743598938,0.001436401391401887,0.2859388291835785,0.04608078673481941,0.0,0.0,0.5611799359321594,0.0020782356150448322,0.049531448632478714,0.04141896218061447,0.3436874747276306,0.0,0.265706330537796,0.012118620797991753,0.04624372720718384,0.011260591447353363,0.12336085736751556,0.05609527602791786,0.2652248740196228,0.11878694593906403,0.16918237507343292,0.10504225641489029,0.06086508557200432,0.27967652678489685,0.02354344353079796,0.4118463099002838,4.814782641915372e-06,0.0,0.022931190207600594,0.06500560790300369,0.0,0.4344548285007477,0.0,0.0019711630884557962,0.08850625902414322,0.0561414435505867,0.8505138754844666,0.17938952147960663,0.09621748328208923,0.0,0.21845193207263947,0.24547989666461945,0.033094968646764755,0.0,0.0011493214406073093,0.0,0.2129945605993271,0.25204095244407654,0.24533230066299438,0.002297655213624239,0.0,0.13293202221393585,0.3671509325504303,0.0020959556568413973,0.1242668405175209,0.061718691140413284,0.030057502910494804,0.0,0.1733139604330063,0.017770055681467056,0.008105655200779438,0.0,0.21938365697860718,0.038885682821273804,0.01281497161835432,0.025415334850549698,0.37840595841407776,0.39775338768959045,0.2989322245121002,0.02652149461209774,0.041546598076820374,0.0359494574368,0.052314963191747665,0.026450522243976593,0.044122397899627686,0.5724471211433411,0.0,0.0002998585405293852,0.10423220694065094,0.008150368928909302,0.3627314269542694,0.0,0.1320957988500595,0.3464020788669586,0.036760903894901276,0.03519972041249275,0.028126677498221397,0.021132921800017357,0.0,0.11927930265665054,0.06863188743591309,0.011422417126595974,0.2238813042640686,0.031968094408512115,0.0,0.08009516447782516,0.02339102514088154,0.03160136938095093,0.0,0.13426396250724792,0.06100056692957878,0.008458200842142105,0.007544452324509621,0.056925058364868164,0.2310810685157776,0.003769701113924384,0.0008665977511554956,0.03623371198773384,0.0,0.0,0.13039393723011017,0.0022273485083132982,0.010653129778802395,0.0023299541790038347,0.17351090908050537,0.0,0.0,0.0957929715514183,0.0315994992852211,0.0,0.0019311066716909409,0.0015081274323165417,0.0,0.049064893275499344,0.0,0.03900592401623726,0.0,0.01423079427331686,0.0,0.008607922121882439,0.058605022728443146,0.05899961665272713,0.0,0.0,0.11989852041006088,0.046389784663915634,0.0,0.0,0.02804911509156227,0.11792014539241791,0.08292797952890396,0.025367408990859985,0.0,0.15784303843975067,0.18602970242500305,0.0007261725259013474,0.05137205496430397,0.0,0.0,0.007105244789272547,0.013984395191073418,0.03396203741431236,0.0021749448496848345,0.3099864721298218,0.10108957439661026,0.0,0.03878512606024742,0.06800393015146255,0.017577478662133217,0.01064677070826292,0.0011069703614339232,0.1175185814499855,0.006682978011667728,0.002804107964038849,0.20419999957084656,0.35265854001045227,0.0,0.010433501563966274,0.0,0.0,0.12523332238197327,0.22290495038032532,0.002084264764562249,0.281151682138443,0.04319177567958832,0.034870561212301254,0.07707439363002777,0.04958968237042427,0.0,0.05588426813483238,0.0,0.010877682827413082,0.05793643742799759,0.0,0.0,0.0,0.04212242364883423,0.012682544067502022,0.013764221221208572,0.22012533247470856,0.4061785340309143,0.004309689626097679,0.07366438210010529,0.10615333914756775,0.04512855410575867,0.32670333981513977,0.0,0.00689087575301528,0.24307866394519806,0.0,0.08157089352607727,0.0,0.0,0.03268881514668465,0.0,0.05126960948109627,0.020216967910528183,0.34504833817481995,0.07373828440904617,0.022860633209347725,0.0028171404264867306,0.22707775235176086,0.04691971838474274,0.3083440065383911,0.08619239181280136,0.0,8.811129373498261e-05,0.028152015060186386,0.040747515857219696,0.006467584520578384,0.0,0.0008682087063789368,0.165144145488739,0.012062816880643368,0.03470166027545929,0.020394155755639076,0.0,0.0,0.0,0.0,0.46921274065971375,0.0,0.0,0.0,0.04842996597290039,0.0,0.030256271362304688,0.01638055220246315,0.0007654798100702465,0.07426735013723373,0.006891853176057339,0.0,0.08391813188791275,0.02019713632762432,0.502838134765625,0.03867457062005997,0.0,0.10365048795938492,0.0,0.0,0.08955583721399307,0.16300398111343384,0.0,0.21740444004535675,0.4336722791194916,0.16215801239013672,0.0074362969025969505,0.0,0.0018341661198064685,0.01898951828479767,0.01492844894528389,0.002602632623165846,0.040470998734235764,0.0773613303899765,0.3534384071826935,0.0,0.003339501330628991,0.30247560143470764,0.28883546590805054,0.029478365555405617,0.0,0.0,0.08021262288093567,0.2429564744234085,0.0,0.3873986005783081,0.2300601601600647,0.006927500944584608,0.001545933773741126,-0.10752316564321518
132,0.0,0.06824825704097748,0.014882892370223999,0.0,0.0,0.0,0.13127805292606354,0.19287800788879395,0.0,0.03886881843209267,0.326225221157074,0.045642971992492676,0.0,0.2339913249015808,0.23528113961219788,0.01603882573544979,0.003488001646474004,0.29349327087402344,0.17274333536624908,0.0,0.000559498555958271,0.22123634815216064,0.0,0.7362873554229736,0.07065153867006302,0.0,0.0,0.45469701290130615,0.0,0.07130879163742065,0.0,0.1619151085615158,0.0,0.33614104986190796,0.008828948251903057,0.01182740367949009,0.05543254315853119,0.11655546724796295,0.16033560037612915,0.36008697748184204,0.0,0.015733204782009125,0.19540013372898102,0.01621987484395504,0.3399679660797119,0.0,0.08929218351840973,0.012424830347299576,0.0,0.05466800183057785,0.0,0.0,0.4219684898853302,0.0,0.0,0.3178839087486267,0.0,0.37715113162994385,0.0,0.0006786733865737915,0.0,0.29335641860961914,0.0,0.19696998596191406,0.0,0.0,0.0,0.5971920490264893,0.006644205655902624,0.003463718108832836,0.0,0.0,0.09131234884262085,0.3853863477706909,0.0,0.1403382122516632,0.1712188869714737,0.1587323248386383,0.0,0.08457507193088531,0.12880438566207886,0.002260303357616067,0.0,0.19184619188308716,0.5672146081924438,0.0172166395932436,0.0019479249604046345,0.0288429856300354,0.6297174096107483,0.15643076598644257,0.015320192091166973,0.4597880244255066,0.04231899976730347,0.08890001475811005,0.007486240938305855,0.008352411910891533,0.11421410739421844,0.0,0.0,0.12453726679086685,0.20769383013248444,0.08268564939498901,0.0,0.706093966960907,0.17413970828056335,0.0,0.00823449157178402,0.24197398126125336,0.0,0.0,0.2537301778793335,0.02137787826359272,0.0,0.12162002176046371,0.0,0.0,0.0048004817217588425,0.2526828944683075,0.0,0.011156284250319004,0.3137394189834595,0.01885492354631424,0.0,0.0,0.20749656856060028,0.45469629764556885,0.0,0.0,0.299348384141922,0.0,0.0,0.1607961803674698,0.0,0.0,0.0,0.0,0.0,0.0,0.029782969504594803,0.0,0.0,0.034843169152736664,0.003337132977321744,0.0,0.12350612878799438,0.09862085431814194,0.0,0.012352284044027328,0.28372663259506226,0.0,0.0,0.03543012589216232,0.028393138200044632,0.0,0.0,0.0,0.03187275305390358,0.019190793856978416,0.0,0.0,0.14464102685451508,0.0,0.020871512591838837,0.0,0.011686667799949646,0.06887874007225037,0.0,0.0,0.1659962683916092,0.0,0.0009803958237171173,0.0,0.002394553739577532,0.0,0.0,0.4027126431465149,0.0,0.0,0.27322888374328613,0.001433543860912323,0.043835241347551346,0.0,0.11880583316087723,0.0,0.0501784011721611,0.0,0.000710667110979557,0.0,0.0,0.0,0.0,0.3359883427619934,0.12587623298168182,0.0,0.060521721839904785,0.2202279269695282,0.009533783420920372,0.25130027532577515,0.4644009470939636,0.0,0.11344622075557709,0.0,0.0,0.0,0.0,0.0,0.052987948060035706,0.32227760553359985,0.19483166933059692,0.0,0.050049517303705215,0.07776015996932983,0.0,0.0,0.34252023696899414,0.06956936419010162,0.03393881395459175,0.0,0.0,0.34964829683303833,0.0,0.0050017135217785835,0.11025737971067429,0.0,0.1221945509314537,0.0,0.11149471253156662,0.2911040186882019,0.019174158573150635,0.5083954334259033,0.004992855712771416,0.0,0.27662432193756104,0.02104881964623928,0.30541613698005676,0.05311852693557739,0.0,0.0,0.0003149844706058502,0.017214816063642502,0.0,0.011198965832591057,0.0,0.2818734347820282,0.19244293868541718,0.14070060849189758,0.09277281910181046,0.0009623263031244278,0.0,0.0,0.0,0.48684361577033997,0.0,0.0,0.0,0.0,0.0,0.022590933367609978,0.010663345456123352,0.0,0.014806222170591354,0.17451994121074677,0.07612249255180359,0.01330342423170805,0.0,0.832625687122345,0.013788971118628979,0.1926182210445404,0.06229934096336365,0.0,0.0,0.04756287485361099,0.20668262243270874,0.0,0.17630994319915771,0.0013630450703203678,0.15047751367092133,0.0,0.19270865619182587,0.0,0.27670764923095703,0.010728323832154274,0.001820916309952736,0.35819992423057556,0.0,0.1279371976852417,0.0,0.0,0.5798078179359436,0.19436880946159363,0.024785444140434265,0.0,0.0,0.20889580249786377,0.4405536651611328,0.0,0.21187978982925415,0.371809184551239,0.16620013117790222,0.001124432310461998,0.21835029125213623,0.09956363588571548,0.0384676419198513,0.0,0.0,0.0,0.33715906739234924,0.059216730296611786,0.017512908205389977,0.10980261117219925,0.16082477569580078,0.01777663640677929,0.0,0.3836466372013092,0.12852606177330017,0.03636793792247772,0.003232085146009922,0.12849530577659607,0.05346963554620743,0.0,0.0,0.069413922727108,0.0,0.35476428270339966,0.1238357201218605,0.0,0.0,0.4117734730243683,0.008149519562721252,0.0788789689540863,0.011916269548237324,0.2901255190372467,0.0,0.11965332925319672,0.06384796649217606,0.0,0.02397857792675495,0.07796783000230789,0.16823506355285645,0.30082112550735474,0.31584417819976807,0.025825588032603264,0.2164282351732254,0.0,0.13068516552448273,0.00971502810716629,0.38206276297569275,0.0,0.0,0.08807948976755142,0.004578184336423874,0.0,0.6208317875862122,0.0,0.0,0.04199458658695221,0.056427001953125,0.831071138381958,0.2238951325416565,0.015422130934894085,0.0,0.014288024976849556,0.2882229685783386,0.02136329375207424,0.0,0.0,0.0,0.43381014466285706,0.25862282514572144,0.23496325314044952,0.0,0.0,0.1886502057313919,0.6162446737289429,0.005101572256535292,0.03335614874958992,0.1996307373046875,0.0,0.0,0.10210008919239044,0.08806134015321732,0.0,0.05096672102808952,0.1850556880235672,0.22314368188381195,0.05548402667045593,0.0,0.28929752111434937,0.5009729862213135,0.1775590479373932,0.050680745393037796,0.2913142740726471,0.04844851791858673,0.0018681545043364167,0.0,0.0997905507683754,0.45754119753837585,0.0,0.005124810617417097,0.0,0.33765891194343567,0.376232773065567,0.0,0.34927040338516235,0.14936096966266632,0.11458471417427063,0.01480936724692583,0.29317182302474976,0.043854571878910065,0.0,0.22141888737678528,0.07179924100637436,0.003668945748358965,0.27881771326065063,0.1159224659204483,0.0,0.14790619909763336,0.1909882128238678,0.0,0.03681175038218498,0.13377045094966888,0.21930237114429474,0.03923065960407257,0.0,0.030716413632035255,0.02998698502779007,0.0,0.0,0.08356926590204239,0.0,0.0,0.019129090011119843,0.03239317238330841,0.04197065532207489,0.030865494161844254,0.20867177844047546,0.02217513881623745,0.0,0.2090674191713333,0.01112489216029644,0.0,0.0,0.0,0.0,0.05412377789616585,0.030864153057336807,0.08997751027345657,0.0,0.09197860956192017,0.0,0.0,0.02017062157392502,0.012506883591413498,0.0,0.0,0.23073549568653107,0.10862500220537186,0.0,0.00206971843726933,0.007474579848349094,0.032855074852705,0.03927597030997276,0.098565973341465,0.007039519492536783,0.02979707159101963,0.1598106175661087,0.0,0.0009322464466094971,0.04337522014975548,0.0,0.020565215498209,0.030141571536660194,0.015149067156016827,0.0,0.42462122440338135,0.11056826263666153,0.0,0.004417091608047485,0.1672649085521698,0.014094929210841656,0.020460372790694237,0.0,0.09520450234413147,0.019090697169303894,0.018131818622350693,0.08537910133600235,0.33934974670410156,0.0,0.007491643074899912,0.0,0.0,0.21473699808120728,0.2838228940963745,0.0,0.17169983685016632,0.10780840367078781,0.06925055384635925,0.11594205349683762,0.2920725643634796,0.0,0.08347893506288528,0.0,0.007006207946687937,0.08526883274316788,0.0,0.0,0.011678793467581272,0.4321897625923157,0.15045049786567688,0.05091669782996178,0.17775842547416687,0.3649847209453583,0.0,0.0,0.17671771347522736,0.05798174440860748,0.1837529093027115,0.0,0.0,0.039646923542022705,0.01092261541634798,0.13594114780426025,0.24311572313308716,0.0,0.12158858776092529,0.0,0.18785491585731506,0.12915457785129547,0.2688094675540924,0.14075809717178345,0.15526142716407776,0.11138749122619629,0.2222631275653839,0.03258925676345825,0.0995333343744278,0.0,0.0,0.0,0.013973714783787727,0.007578507997095585,0.014912145212292671,0.0,0.009360040538012981,0.02927371859550476,0.1400759220123291,0.09455231577157974,0.07158461213111877,0.004744863603264093,0.0,0.004389640409499407,0.0,0.628820538520813,0.0,0.0,0.041817788034677505,0.0,0.0,0.025136031210422516,0.0007106636767275631,0.007327877916395664,0.0007253653602674603,0.02064277045428753,0.054262880235910416,0.04930511489510536,0.014769461937248707,0.5688287615776062,0.01482363510876894,0.10211290419101715,0.05475768819451332,0.0,0.0,0.08510737121105194,0.15327347815036774,0.0,0.14846393465995789,0.20990662276744843,0.14237435162067413,0.0,0.05367618054151535,0.0,0.08919505774974823,0.040981028228998184,0.004135313909500837,0.25530707836151123,0.023365825414657593,0.24330070614814758,0.0,0.0,0.3008722960948944,0.03640312701463699,0.025701338425278664,0.0,0.0,0.3529437780380249,0.19727672636508942,0.0,0.18650159239768982,0.5692127346992493,0.1097656786441803,0.0,0.05798745155334473,0.03462862968444824,0.012840061448514462,0.0,0.0,0.0,0.17558681964874268,0.1818581521511078,0.00120636448264122,0.06800045073032379,0.27927079796791077,0.08701914548873901,0.0,0.31431400775909424,0.32463571429252625,0.017843326553702354,0.0,0.2547333836555481,0.05206143483519554,0.0,0.006437942385673523,0.17140960693359375,0.0,0.6429709792137146,0.09782756865024567,0.0,0.0,0.5589677691459656,0.00596896605566144,0.018729791045188904,0.0,0.2921600043773651,0.0,0.23570790886878967,0.0,0.04572673141956329,0.0,0.049813974648714066,0.2697594165802002,0.3506004810333252,0.12965521216392517,0.1007070541381836,0.1659652292728424,0.0024364208802580833,0.34346359968185425,0.0,0.21952447295188904,0.0026782008353620768,0.0,0.14578822255134583,0.0,0.002324975561350584,0.6636452674865723,0.0,0.0,0.2986893653869629,0.002774295397102833,0.6180980205535889,0.0587305873632431,0.008974045515060425,0.0,0.26449093222618103,0.07887057214975357,0.17731191217899323,0.0,0.0,0.0,0.7227630019187927,0.11895815283060074,0.01974920742213726,0.0,0.0,0.10110150277614594,0.5468066930770874,0.0,0.20746636390686035,0.26623833179473877,0.0758921205997467,0.0,0.024556709453463554,0.0964171439409256,0.0,0.024978337809443474,0.251309871673584,0.5466363430023193,0.018167825415730476,0.0,0.16592895984649658,0.5778518319129944,0.08082906156778336,0.02542974054813385,0.46483588218688965,0.016253888607025146,0.03718743100762367,0.02463136613368988,0.09301567822694778,0.2256406843662262,0.0,0.0,0.14245107769966125,0.26767683029174805,0.11494342237710953,0.0,0.4787070155143738,0.14873665571212769,0.00653882697224617,0.0006973729468882084,0.2387150228023529,0.009307179600000381,0.0,0.3511059284210205,0.025142870843410492,0.0005186581984162331,0.21736867725849152,0.06251915544271469,0.0,0.025545284152030945,0.3137490451335907,0.0,0.015009278431534767,0.36961349844932556,0.15696562826633453,0.013526545837521553,0.0,0.24159851670265198,0.20431475341320038,0.0,0.0,0.3091963529586792,0.0,0.0,0.10879867523908615,0.0,0.006364243105053902,0.021620914340019226,0.09995171427726746,0.012604406103491783,0.0,0.07584956288337708,0.003809456480666995,0.0,0.0,0.0,0.0,0.0590081661939621,0.013387665152549744,0.029131673276424408,0.0,0.006359010003507137,0.0,0.0,0.013013196177780628,0.0015385057777166367,0.0,0.0,0.09726224839687347,0.10817898064851761,0.0,0.002204288262873888,0.014111064374446869,0.04662919044494629,0.0,0.047136642038822174,0.0,0.02456989325582981,0.143108069896698,0.013242434710264206,0.0,0.1696223020553589,0.0,0.009140083566308022,0.0435618981719017,0.002260093577206135,0.0,0.1313398778438568,0.3298370838165283,0.0,0.0,0.2279047816991806,0.0,0.02977304905653,0.0024134372361004353,0.057041235268116,0.003938015550374985,0.0,0.0420055091381073,0.08765624463558197,0.0,0.0,0.0,0.0,0.4026469588279724,0.15387418866157532,0.0,0.06637357175350189,0.15950797498226166,0.0,0.17127147316932678,0.49302423000335693,0.0,0.09612008929252625,0.0,0.0009440297726541758,0.008996102958917618,0.0,0.0,0.0,0.6148812770843506,0.2841426134109497,0.0,0.1958545744419098,0.15002357959747314,0.0,0.0,0.40204158425331116,0.022078553214669228,0.07015237957239151,0.0,0.0,0.21585491299629211,0.0,0.07405496388673782,0.23332789540290833,0.0,0.07269074767827988,0.0021889759227633476,0.19862982630729675,0.29872649908065796,0.04587705433368683,0.40544116497039795,0.057532764971256256,0.12007119506597519,0.27022019028663635,0.04836326837539673,0.37012526392936707,0.00010450463742017746,0.0,0.0,0.006790434010326862,0.0027157380245625973,0.0,0.0,0.0011033507762476802,0.1268613636493683,0.244059219956398,0.17162208259105682,0.002322392538189888,0.0,0.0,0.0,0.0,0.5911709070205688,0.0,0.0,0.0019378717988729477,0.0,0.0,0.0012286631390452385,0.003999959211796522,0.0015673772431910038,0.0036343575920909643,0.10237528383731842,0.09321524202823639,0.014887107536196709,0.0,0.842206597328186,0.00956983957439661,0.13196201622486115,0.022395052015781403,0.0,0.0,0.06704393029212952,0.3156243562698364,0.0,0.28017717599868774,0.03191167861223221,0.07627473771572113,0.0,0.1667826771736145,0.0,0.22685930132865906,0.0033347420394420624,0.0,0.3978756368160248,0.007442815694957972,0.1409936547279358,0.0,0.0,0.4897066354751587,0.1815633624792099,0.020070035010576248,0.0,0.0,0.3315832316875458,0.377977192401886,0.0,0.12001411616802216,0.5014532804489136,0.17244762182235718,0.009951174259185791,1.1779875755310059
133,0.22094476222991943,0.14054520428180695,0.09013261646032333,0.0,0.0,0.0,0.6588271260261536,0.03160395100712776,0.0,0.020282255485653877,0.030668985098600388,4.8391182644991204e-05,0.0,0.378491073846817,0.0,0.1291886866092682,0.06406199187040329,0.0,0.0,0.0,0.0,0.04763749614357948,0.0003955448919441551,0.17513398826122284,0.01570470817387104,0.0,0.0,0.5239138603210449,0.009133611805737019,0.11950044333934784,0.1729031205177307,0.3255641460418701,0.0,0.2711847126483917,0.09746825695037842,0.07384435087442398,0.0,0.27858608961105347,0.0014014645712450147,0.04736912250518799,0.10500334948301315,0.19752764701843262,0.0965365543961525,0.14179392158985138,0.16406172513961792,0.3161715269088745,0.368338018655777,0.055773310363292694,0.0,0.057086799293756485,0.2257363200187683,0.0,0.10150031745433807,0.025044431909918785,0.04974522069096565,0.0,0.37102070450782776,0.9085069298744202,0.3089969754219055,0.10204744338989258,0.0,0.03075166791677475,0.1935710459947586,0.0,0.0,0.026142865419387817,0.0,0.0,0.2858754098415375,0.19732236862182617,0.13593867421150208,0.0,0.23975789546966553,0.08821187168359756,0.11395858973264694,0.03317858278751373,0.004298361949622631,0.07485201954841614,0.0,0.17212708294391632,0.0,0.1020430475473404,0.0,0.13918602466583252,0.003818890079855919,0.0,0.0660281553864479,0.35816606879234314,0.27159711718559265,0.47343194484710693,0.06052437797188759,0.0,0.023132864385843277,0.09661015123128891,0.0,0.017151296138763428,0.683111846446991,0.0,0.006811114493757486,0.0,0.0,0.381049245595932,0.0,0.2429874837398529,0.5291200876235962,0.4083310067653656,0.07440757006406784,0.0018404468428343534,0.04264454543590546,0.0,0.0,0.10005410760641098,0.09563950449228287,0.3020831346511841,0.158161923289299,0.0,0.041728902608156204,0.0,0.11698582023382187,0.03499315679073334,0.0,0.09543427079916,0.0,0.015206818468868732,0.0,0.24782127141952515,0.0,0.0501696951687336,0.0,0.04587603360414505,0.0,0.13304241001605988,0.08093365281820297,0.0,0.05981432646512985,0.2590380311012268,0.0,0.0,0.05880764499306679,0.017418095842003822,0.0,0.0,0.04267056658864021,0.0,0.2592597007751465,0.0,0.10746940970420837,0.0004739375435747206,0.0,0.0,0.06556162983179092,0.2338898479938507,0.13459709286689758,0.0,0.0,0.4282986521720886,0.008946042507886887,0.0,0.03916550800204277,0.06340761482715607,0.47576290369033813,0.34863853454589844,0.017108643427491188,0.0,0.17082755267620087,0.16946418583393097,0.0,0.30623140931129456,0.0,0.0,0.000395260751247406,0.004878504201769829,0.036664947867393494,0.04120807722210884,0.37681856751441956,0.11775359511375427,0.030656814575195312,0.2588388919830322,0.0,0.013618293218314648,0.0,0.0,0.2694055438041687,0.00976558867841959,0.0,0.31513792276382446,0.39880311489105225,0.0,0.20581138134002686,0.0,0.0,0.0,0.15206921100616455,0.00962871965020895,0.33797529339790344,0.11150622367858887,0.027154812589287758,0.23265770077705383,0.0,0.062419675290584564,0.16966550052165985,0.0,0.04936261847615242,0.08863583952188492,0.0,0.0,0.0,0.0,0.0,0.10591818392276764,0.05489668250083923,0.44872844219207764,0.07953664660453796,0.3567698001861572,0.0,0.0658046081662178,0.5147473812103271,0.0,0.06095756217837334,0.30114734172821045,0.0,0.09896978735923767,0.0,0.0,0.013136133551597595,0.0,0.05813196673989296,0.0,0.45586490631103516,0.0,0.045702382922172546,0.0,0.39402005076408386,0.10609857738018036,0.037652403116226196,0.19468587636947632,0.08198626339435577,0.0,0.0875866636633873,0.16983669996261597,0.07651930302381516,0.0,0.0,0.43078458309173584,0.0,0.01758643239736557,0.041931867599487305,0.0,0.0,0.0,0.0,0.23852965235710144,0.0,0.0,0.01029555220156908,0.2641388475894928,0.0,0.10598953813314438,0.06739082932472229,0.008337886072695255,0.1966341733932495,0.0,0.0,0.2588692903518677,0.2941206693649292,0.031080832704901695,0.2026253193616867,0.0,0.2693580687046051,0.003598752897232771,0.024133136495947838,0.08557991683483124,0.0,0.0,0.39627817273139954,0.785223662853241,0.2727339267730713,0.13424012064933777,0.0,0.0,0.0,0.011498001404106617,0.030290033668279648,0.006917781196534634,0.06586119532585144,0.5442156195640564,0.0,0.09026734530925751,0.23580262064933777,0.1912364363670349,0.045507654547691345,0.0011794420424848795,0.011645256541669369,0.0,0.20276668667793274,0.018214184790849686,0.6153550148010254,0.03174259141087532,2.8369440769893117e-05,0.048023808747529984,0.21135397255420685,0.16368333995342255,0.3006960451602936,0.002022149972617626,0.0,0.0,0.6620597839355469,0.007338314782828093,0.01444399543106556,0.2242066115140915,0.11454814672470093,0.0,0.006280526518821716,0.4398556649684906,0.0,0.009850467555224895,0.01355209480971098,0.0,0.029359210282564163,0.002865022514015436,0.0,0.008065898902714252,0.04125101491808891,0.22342093288898468,0.15631404519081116,0.0,0.0,0.5896819829940796,0.051792412996292114,0.03436441347002983,0.020618952810764313,0.3704442083835602,0.0,0.03597940132021904,0.2675250470638275,0.03427460417151451,0.024952037259936333,0.41178885102272034,0.06738121807575226,0.0063053942285478115,0.45375940203666687,0.1704915314912796,0.24578538537025452,0.06500820815563202,0.14888985455036163,0.37461671233177185,0.365071564912796,0.00728614954277873,0.0,0.08387341350317001,0.049301937222480774,0.024698102846741676,0.33403024077415466,0.0024955717381089926,0.04790530726313591,0.0,0.6341126561164856,1.0662723779678345,0.47533494234085083,0.07243207842111588,0.0,0.0,0.29114994406700134,0.0,0.0,0.030841363593935966,0.003048443468287587,0.11773202568292618,0.39951276779174805,0.3035438358783722,0.2064230740070343,0.0,0.2849150598049164,0.35565266013145447,0.1292908489704132,0.0032504878472536802,0.16454321146011353,0.027914052829146385,0.05700276419520378,0.07382573932409286,0.09183510392904282,0.0,0.004968573804944754,0.16115079820156097,0.15292750298976898,0.036931272596120834,0.006592522840946913,0.4098944365978241,0.4637494683265686,0.23136471211910248,0.1696758270263672,0.17911551892757416,0.13305436074733734,0.19771039485931396,0.0,0.3549935817718506,0.6166591644287109,0.0,0.0038551469333469868,0.0,0.12752480804920197,0.4324106276035309,0.0,0.23713107407093048,0.27916571497917175,0.35417088866233826,0.13047058880329132,0.20352843403816223,0.13989180326461792,0.0,0.011352458968758583,0.10612738132476807,0.127827450633049,0.32633140683174133,0.511719822883606,0.0,0.1708398014307022,0.1291632205247879,0.08304929733276367,0.05834691599011421,0.0,0.5261316299438477,0.21322683990001678,0.0,0.0,0.011463630944490433,0.0,0.28547045588493347,0.019630268216133118,0.0,0.0,0.0010322887683287263,0.3106068968772888,0.07316531985998154,0.054214298725128174,0.3361462354660034,0.0,0.0,0.2943195402622223,0.03190044313669205,0.0,0.0,0.10404369980096817,0.0,0.1476890742778778,0.005969866644591093,0.2932624816894531,0.01536628883332014,0.09134518355131149,0.0,0.0,0.40263253450393677,0.020653344690799713,0.0,0.0,0.8684978485107422,0.075149767100811,0.018069501966238022,0.010028261691331863,0.042474403977394104,0.4163159430027008,0.22669334709644318,0.17270304262638092,0.0,0.07547541707754135,0.1286180317401886,0.0013771954691037536,0.20559315383434296,0.005333349108695984,0.0,0.06609470397233963,0.004401098471134901,0.02549971640110016,0.02965303137898445,0.781672477722168,0.07660334557294846,0.02138376608490944,0.16806825995445251,0.01080312766134739,0.018513699993491173,0.0,0.042925164103507996,0.12901437282562256,0.04174438863992691,0.01700666919350624,0.2911026179790497,0.46161794662475586,0.0,0.521885335445404,0.0,0.0,0.016904396936297417,0.10552322864532471,0.0,0.1781127154827118,0.4355640411376953,0.22152642905712128,0.1534048169851303,0.09620432555675507,0.2731040120124817,0.11747045814990997,0.0,0.09102772921323776,0.3304016590118408,0.0,0.0018539518350735307,0.03087480179965496,0.0,0.0910230204463005,0.21245895326137543,0.09627927094697952,0.4468301832675934,0.000563003879506141,0.39303451776504517,0.05527415871620178,0.0703425481915474,0.5113773345947266,0.018741104751825333,0.09145786613225937,0.12788067758083344,0.005904513876885176,0.3377918004989624,0.1075432226061821,0.1490030288696289,0.05730927735567093,0.0050107515417039394,0.5648149251937866,0.07215465605258942,0.5766286849975586,0.007657333742827177,0.2248346358537674,0.06827103346586227,0.44339719414711,0.17542152106761932,0.024963874369859695,0.1377827674150467,0.23502187430858612,0.0,0.01472224947065115,0.007736827712506056,0.1735798716545105,0.01623666286468506,0.005489659495651722,0.12048237770795822,0.07032069563865662,0.1927460879087448,0.07577567547559738,0.0,0.0,0.0,0.0,0.394935667514801,0.0,0.0,0.07308560609817505,0.49655094742774963,0.0072781117632985115,0.04997655376791954,0.054081499576568604,0.09324093908071518,0.023699847981333733,0.0,0.07982303202152252,0.19840936362743378,0.4267433285713196,0.1031820997595787,0.12373550236225128,0.05542928725481033,0.13857121765613556,0.0,0.0081739891320467,0.17589424550533295,0.0,0.0,0.8221926093101501,0.5827541947364807,0.23567628860473633,0.2619774043560028,0.003103991039097309,0.0,0.04674599692225456,0.08386930078268051,0.060932695865631104,0.17490558326244354,0.23034024238586426,0.47793886065483093,0.006964626256376505,0.06950539350509644,0.08496613800525665,0.092059426009655,0.1277420073747635,0.0,0.005977871362119913,0.05714227631688118,0.0987311527132988,0.03154429420828819,0.3692677915096283,0.1976015567779541,0.12157999724149704,0.06478565186262131,0.23723797500133514,0.1564275026321411,0.10673016309738159,0.008989296853542328,0.0,0.0,0.669629693031311,0.028795644640922546,0.008932201191782951,0.14830057322978973,0.034222520887851715,0.0,0.0028333074878901243,0.43275362253189087,0.0,0.061517275869846344,0.07328566163778305,0.0,0.0,0.011077584698796272,0.0,0.04566586762666702,0.05333960801362991,0.1385038048028946,0.03651619702577591,0.0,0.0,0.64065021276474,0.048261720687150955,0.026469780132174492,0.11243163794279099,0.41200700402259827,0.0,0.1196892037987709,0.17426390945911407,0.1052987203001976,0.0,0.2780950367450714,0.041766248643398285,0.06748070567846298,0.30349114537239075,0.3088427484035492,0.1303723305463791,0.160284161567688,0.18901491165161133,0.4134155213832855,0.417584627866745,0.013761273585259914,0.0030116825364530087,0.06710225343704224,0.16360700130462646,0.015949644148349762,0.2800785303115845,0.009493409655988216,0.053176384419202805,0.0,0.541606605052948,1.075064778327942,0.45424404740333557,0.13239525258541107,0.0,0.06356482952833176,0.33126702904701233,0.0,0.003984733019024134,0.0969897210597992,0.0024352488107979298,0.001173521624878049,0.45412036776542664,0.29825106263160706,0.15560972690582275,0.0,0.21530798077583313,0.23613221943378448,0.17395827174186707,0.06711547821760178,0.06604369729757309,0.06548484414815903,0.02161242999136448,0.09877213090658188,0.016518235206604004,0.024711595848202705,7.958356582093984e-05,0.19312269985675812,0.02066711150109768,0.009211563505232334,0.028436167165637016,0.5123223662376404,0.25119897723197937,0.3515109717845917,0.08520977199077606,0.01829425059258938,0.05721017345786095,0.10425658524036407,0.020782344043254852,0.18642424046993256,0.7546356320381165,0.0,0.03656923770904541,0.01686420664191246,0.010158348828554153,0.4840303063392639,0.0,0.192999467253685,0.39217719435691833,0.35110530257225037,0.11874473094940186,0.03314141929149628,0.08948030322790146,0.0,0.003373886225745082,0.06277266144752502,0.08036520332098007,0.35381561517715454,0.3526016175746918,0.0,0.10525939613580704,0.03091205470263958,0.08929818123579025,0.04231397062540054,0.011804859153926373,0.30003201961517334,0.11893399059772491,0.0078918831422925,0.0,0.0042242794297635555,0.017103126272559166,0.17661581933498383,0.008144589141011238,0.005491594318300486,0.0036542669404298067,0.03861775994300842,0.20798544585704803,0.01203768141567707,0.07030455023050308,0.35630831122398376,0.0,0.0006032925448380411,0.20219893753528595,0.05446251854300499,0.0,0.0,0.03665924072265625,0.0,0.15300911664962769,0.0,0.2096840888261795,0.0,0.0,0.0,0.023505965247750282,0.2720593214035034,0.0870271697640419,0.0,0.0,0.6107621788978577,0.09561572223901749,0.0,0.012282122857868671,0.051994916051626205,0.42502784729003906,0.3194410502910614,0.041247960180044174,0.0020832447335124016,0.1632813960313797,0.16548439860343933,0.0,0.22930768132209778,0.0,0.0,0.037463586777448654,0.015523259527981281,0.02816171385347843,0.03167975693941116,0.6704059839248657,0.08501599729061127,0.014459162950515747,0.20254914462566376,0.0,0.0025817856658250093,0.0,0.008134807460010052,0.19301412999629974,0.030354177579283714,0.0,0.4347720742225647,0.5345160365104675,0.011103794910013676,0.3840912878513336,0.0,0.0,0.0,0.1264687031507492,0.01501708384603262,0.2831455171108246,0.2252381294965744,0.04191131144762039,0.14553199708461761,0.0,0.16886475682258606,0.09877314418554306,0.0,0.12727892398834229,0.20709021389484406,0.0,0.01844986155629158,0.0,0.0,0.010432410053908825,0.14849667251110077,0.1267271488904953,0.5324723124504089,0.0275657307356596,0.35887160897254944,0.0,0.05954231694340706,0.5268259048461914,0.027242511510849,0.07944688200950623,0.1687319427728653,0.003630728693678975,0.26844319701194763,0.005078390706330538,0.07092927396297455,0.011610111221671104,0.008678721264004707,0.25623664259910583,0.014910082332789898,0.6280019283294678,0.0,0.10969596356153488,0.052884139120578766,0.34424957633018494,0.12466037273406982,0.08977547287940979,0.1979176551103592,0.182818204164505,0.0,0.03503834456205368,0.051316406577825546,0.13627852499485016,0.0,0.00417340686544776,0.22766748070716858,0.0,0.12598687410354614,0.01109276432543993,0.0,0.0,0.015344850718975067,0.0,0.38175979256629944,0.0,0.0,0.02894836664199829,0.3266216516494751,0.0007349236984737217,0.08920677751302719,0.0940214991569519,0.057994961738586426,0.12430894374847412,0.0,0.0,0.1747349053621292,0.4201178550720215,0.10297175496816635,0.16546742618083954,0.0,0.22972135245800018,0.0,0.028780464082956314,0.1442083716392517,0.0,0.0,0.6660313606262207,0.7059637904167175,0.23230575025081635,0.20095248520374298,0.0,0.00638411333784461,0.0,0.07482237368822098,0.0380416214466095,0.035295043140649796,0.24274444580078125,0.550516664981842,0.007386975921690464,0.059381939470767975,0.09129633009433746,0.19084866344928741,0.0956638976931572,0.0,0.05915294215083122,0.0,0.13890309631824493,0.07907476276159286,0.3981066644191742,0.10240798443555832,0.04305043816566467,0.05739116668701172,-0.5533486008644104
134,0.0,0.14580698311328888,0.49901142716407776,0.0025319962296634912,0.0,0.0,0.6165251135826111,0.023064477369189262,0.0,0.0,0.06971359252929688,0.0,0.0,0.2560161054134369,0.0,0.19062575697898865,0.02071727253496647,0.0,0.0,0.0,0.0,0.13131533563137054,0.024541132152080536,0.6915145516395569,0.0,0.0,0.0,0.8383224606513977,0.07546878606081009,0.050354618579149246,0.2950911819934845,0.31335610151290894,0.0,0.40168699622154236,0.18109342455863953,0.38994666934013367,0.16907644271850586,0.7970860004425049,0.0,0.0014210757799446583,0.0,0.4300292432308197,0.0496140718460083,0.23809538781642914,0.5526755452156067,0.9194612503051758,0.09471753984689713,0.0,0.0,0.19541268050670624,0.3753562569618225,0.0,0.0,0.008799625560641289,0.21441571414470673,0.0,0.705437183380127,0.6566708087921143,0.1545850783586502,0.05330171808600426,0.0,0.031216956675052643,0.005395323503762484,0.0,0.0,0.11193660646677017,0.007867962121963501,0.0,0.1341460943222046,0.009054800495505333,0.6139037609100342,0.0,0.3648563325405121,0.0,0.11197283864021301,0.11362392455339432,0.0,0.5950393080711365,0.0,0.1136055514216423,0.018796073272824287,0.28434595465660095,0.002320026746019721,0.15566471219062805,0.0,0.0,0.15287916362285614,0.1682804375886917,0.4216732680797577,0.5398867726325989,0.10819404572248459,0.0,0.0,0.49480000138282776,0.0,0.0,0.4295858144760132,0.1101142019033432,0.0,0.007106830831617117,0.0,0.041176941245794296,0.0,0.523565411567688,0.7770289778709412,0.45221033692359924,0.25072622299194336,0.00425294041633606,0.0,0.0,0.0,0.23023076355457306,0.23016251623630524,0.2444600760936737,0.17344403266906738,0.0,0.0,0.0,0.23436005413532257,0.17837098240852356,0.0,0.055087246000766754,0.1792672872543335,0.01806602254509926,0.0,0.44949594140052795,0.0021692970767617226,0.251851886510849,0.0,0.0,0.0,0.008321575820446014,0.1466808319091797,0.0,0.08851303160190582,0.033986084163188934,0.0,0.0,0.037221238017082214,0.033826835453510284,0.0,0.01818820834159851,0.5972957611083984,0.0,0.5825796127319336,0.0,0.0,0.039336323738098145,0.0,0.0,0.0770333781838417,0.7553068995475769,0.2995852530002594,0.0,0.0,0.5816555023193359,0.004490009043365717,0.0,2.5456563889747486e-05,0.0,1.1863898038864136,0.3187517821788788,0.0,0.0,0.17561393976211548,0.04143685847520828,0.0,0.6736462712287903,0.0,0.0,0.0,0.0,0.053877200931310654,0.1280384510755539,0.0714355856180191,0.2393416315317154,0.022735506296157837,0.7789468765258789,0.0,0.0232236348092556,0.0,0.0,0.9064512252807617,0.006670026574283838,0.0,0.2480948567390442,0.21862371265888214,0.14484235644340515,0.6863566040992737,0.0,0.0,0.0,0.0,0.11936444789171219,0.1768777072429657,0.6465228199958801,0.019819585606455803,0.8549498319625854,0.0,0.07303962856531143,0.20340029895305634,0.0,0.014215032570064068,0.0,0.0,0.0,0.0,0.0,0.0,0.0027101635932922363,0.00014260431635193527,0.18936091661453247,0.08597730100154877,0.7086277008056641,0.0,0.25761011242866516,0.5193008780479431,0.0,0.07981596887111664,0.5699911713600159,0.011427074670791626,0.0072761401534080505,0.0,0.0,0.0,0.05793948844075203,0.023192021995782852,0.0,0.3738971948623657,0.008960005827248096,0.0,0.0,0.8568225502967834,0.4411666691303253,0.032102812081575394,0.20033086836338043,0.12933868169784546,0.00021978218865115196,0.2841806411743164,0.07842656970024109,0.002091595670208335,0.0,0.0,1.1752516031265259,0.0,0.039286598563194275,0.019569972530007362,0.0,0.0,0.0,0.0,0.008554468862712383,0.0,0.02693403698503971,0.0,0.8790748119354248,0.06585793942213058,0.07828748226165771,0.007446978706866503,0.08901925384998322,0.530750572681427,0.0,0.0,0.645555317401886,0.34800291061401367,0.0,0.5859456658363342,0.0,0.38418906927108765,0.045114580541849136,0.0,0.10873053222894669,0.0,0.028012918308377266,1.4983670711517334,0.8328608274459839,0.479095995426178,0.12274959683418274,0.0,0.0022740827407687902,0.0,0.0031924801878631115,0.4800146520137787,0.0,0.0031826640479266644,0.46405166387557983,0.0,0.0,0.6381208300590515,0.273648738861084,0.021513326093554497,0.010216942988336086,0.0,0.0,0.38818955421447754,0.12531189620494843,0.6468139886856079,0.0,0.007982944138348103,0.25170832872390747,0.0,0.07715131342411041,0.05232983082532883,0.0,0.0,0.0,0.310663104057312,0.15392254292964935,0.0,0.01219667587429285,0.18673762679100037,0.032605379819869995,0.0,0.337782621383667,0.0,0.01334286667406559,0.008154273964464664,0.0032038409262895584,0.021348144859075546,0.0,0.0,0.15904100239276886,0.0,0.46441662311553955,0.02930719032883644,0.003027751110494137,0.0,0.4817729890346527,0.0,0.013680960983037949,0.0,0.21863679587841034,0.0,0.3533931374549866,0.0022717833053320646,0.06205572187900543,0.11029936373233795,0.11406728625297546,0.0,0.24545162916183472,0.0,0.18827638030052185,0.12693683803081512,0.11970527470111847,0.3095019459724426,0.0,0.21057769656181335,0.0024565402418375015,0.0,0.06287043541669846,0.03188205137848854,0.0,0.247951477766037,0.0,0.0,0.12278907001018524,0.006440106313675642,0.5465894937515259,0.020954106003046036,0.0,0.0,0.3211436867713928,0.020438045263290405,0.0,0.0,0.0,0.0,0.21987640857696533,0.011007602326571941,0.013535289093852043,0.0,0.0,0.14861829578876495,0.2389986515045166,0.0,0.18078170716762543,0.059144966304302216,0.09459415078163147,0.0,0.22166655957698822,0.07209870964288712,0.0010217460803687572,0.0,0.26106858253479004,0.10125657916069031,0.033884476870298386,0.0,0.05174585431814194,0.4755078852176666,0.16851824522018433,0.01760760322213173,0.05401819571852684,0.047684796154499054,0.084811732172966,0.02635398879647255,0.0,0.2716040015220642,0.0,0.0,0.04767611622810364,0.0,0.02444402500987053,0.0,0.3277808427810669,0.2992042601108551,0.002136480063199997,0.0344037190079689,0.043878939002752304,0.0,0.0,0.06868065893650055,0.05602439492940903,0.03498957306146622,0.0974908322095871,0.0,0.0,0.011711889877915382,0.03701594099402428,0.011926300823688507,0.0,0.07171474397182465,0.019456567242741585,0.0,0.0027722585946321487,0.015057944692671299,0.3793424963951111,0.0,0.0,0.0,0.0,0.0,0.03432650864124298,0.0,0.029309134930372238,1.6522593796253204e-05,0.0,0.0,0.0,0.16029669344425201,0.016595372930169106,0.0,0.005128323100507259,0.0029658153653144836,0.0,0.046634696424007416,0.0,0.0,0.039433613419532776,0.24594806134700775,0.0,0.01906036213040352,0.005710459314286709,0.03054220788180828,0.0,0.0,0.014565307646989822,0.091872438788414,0.0,0.0069878678768873215,0.0,0.020789818838238716,0.0,0.0456404946744442,0.0,0.1563643366098404,0.07951807975769043,0.012288779951632023,0.018985800445079803,0.01504499837756157,0.0,0.0,0.0,0.027386462315917015,0.0,0.0,0.15413713455200195,0.0,0.0,0.11530216038227081,0.03289139270782471,0.0,0.0,0.15222322940826416,0.0,0.005469050258398056,0.015165169723331928,0.13095541298389435,0.0,0.0,0.0,0.0,0.06668292731046677,0.16969649493694305,0.0,0.0885346531867981,0.06863614916801453,0.07514263689517975,0.14102643728256226,0.19817766547203064,0.0,0.051476139575242996,0.0,0.017494631931185722,0.004756416194140911,0.0,0.0,0.002987462095916271,0.0,0.0,0.0,0.08167773485183716,0.19234919548034668,0.0,0.09764408320188522,0.1373240202665329,0.09468267858028412,0.27345219254493713,0.0,0.0,0.28750672936439514,0.0,0.0029862523078918457,0.0,0.0,0.038355886936187744,0.0,0.020915476605296135,0.0,0.04871159791946411,0.14840592443943024,0.0,0.0,0.20769047737121582,0.11387951672077179,0.3251568675041199,0.08889150619506836,0.0,0.0005190700758248568,0.03109733574092388,0.0,0.0,0.016940981149673462,0.0,0.28948327898979187,0.018049929291009903,0.0046009765937924385,0.046175915747880936,0.0,0.0,0.0,0.0,0.2889400124549866,0.0,0.0,0.0,0.03175976127386093,0.0,0.018369141966104507,0.00909520499408245,0.0,0.07756859809160233,0.0,0.0009705177508294582,0.045897819101810455,0.0,0.4560942053794861,0.043459415435791016,0.026999972760677338,0.13595324754714966,0.0,0.0,0.08842077106237411,0.13452334702014923,0.0,0.35038304328918457,0.2066914588212967,0.26008033752441406,0.0,0.0,0.013458575122058392,0.002414525020867586,0.0322391502559185,0.020351234823465347,0.08766894787549973,0.003427803749218583,0.17532342672348022,0.0,0.0,0.44411665201187134,0.3336230516433716,0.02015344426035881,0.0,0.0,0.012637097388505936,0.34250372648239136,0.0,0.3864288628101349,0.1599828600883484,0.06144672632217407,0.0,0.0,0.09974861145019531,0.27919042110443115,0.0010441243648529053,0.0,0.0,0.4389957785606384,0.08932400494813919,0.0,0.005579802207648754,0.08431676775217056,0.0012577325105667114,0.0,0.3384002447128296,0.0,0.049385324120521545,0.06318672746419907,0.00010909046977758408,0.0,0.0,0.0,0.12447728216648102,0.04803653061389923,0.6230823397636414,0.0,0.000881667248904705,0.0,0.7366939187049866,0.026252958923578262,0.04484991729259491,0.10106424242258072,0.33607664704322815,0.0,0.42555558681488037,0.09712471067905426,0.310038685798645,0.12679839134216309,0.515499472618103,0.007232785690575838,0.04898487776517868,0.0003818124532699585,0.3575274646282196,0.10021492838859558,0.21962928771972656,0.5347908139228821,0.5628451108932495,0.10798753798007965,0.0,0.0,0.11278630793094635,0.20541390776634216,0.0,0.08964065462350845,0.019760549068450928,0.08446444571018219,0.0,0.4358130097389221,0.6270536184310913,0.15041610598564148,0.03883836045861244,0.0,0.07808944582939148,0.049333442002534866,0.0,0.0,0.059921152889728546,0.0,0.004610465839505196,0.13467863202095032,0.05851523578166962,0.28581252694129944,0.0,0.2378687560558319,0.028088431805372238,0.025562448427081108,0.14451612532138824,0.0,0.33996614813804626,0.0006893789395689964,0.12962210178375244,0.04241546243429184,0.15406465530395508,0.01077565923333168,0.18850615620613098,0.19161486625671387,0.01504596695303917,0.0630357638001442,0.16833557188510895,0.4070218801498413,0.3765362501144409,0.06507378816604614,0.03353971242904663,0.05609525367617607,0.34483081102371216,0.014008806087076664,0.0,0.3763948678970337,0.0073523931205272675,0.0017800058703869581,0.009599928744137287,0.0,0.05208288133144379,0.0,0.40673404932022095,0.522042989730835,0.25875982642173767,0.1592021882534027,0.046888578683137894,0.0,0.0,0.0,0.11753447353839874,0.060029834508895874,0.16000445187091827,0.06394590437412262,0.0,0.008040091022849083,0.01690719835460186,0.0666896253824234,0.15241692960262299,0.001990390243008733,0.023314524441957474,0.07980653643608093,0.017396770417690277,0.0,0.35808026790618896,0.0,0.18413521349430084,0.01705014891922474,0.0037502204068005085,0.0,0.03565206006169319,0.06257778406143188,0.0,0.053332164883613586,0.009658806025981903,0.0,0.006223347969353199,0.09968756884336472,0.058622486889362335,0.0,0.0008700460311956704,0.41144490242004395,0.0,0.3430953025817871,0.0,0.0,0.027573637664318085,0.07013056427240372,0.0,0.03014194965362549,0.52611243724823,0.21168848872184753,0.0,0.0,0.3768819570541382,0.014390051364898682,0.0,0.007208734285086393,0.0,0.7388014793395996,0.1969807893037796,0.004449776839464903,0.0,0.16128766536712646,0.05229935050010681,0.024292128160595894,0.3305855691432953,0.008210583589971066,0.0,0.0,0.0,0.03535061702132225,0.13029438257217407,0.07201717048883438,0.14647126197814941,0.010050203651189804,0.31195682287216187,0.021372497081756592,0.006573298014700413,0.0,0.0007628314197063446,0.5443675518035889,0.005933864042162895,0.012268083170056343,0.19959911704063416,0.17420044541358948,0.030750636011362076,0.3939802944660187,0.0005985992029309273,0.0,0.0058423904702067375,0.01104370690882206,0.08518239855766296,0.15394067764282227,0.4202454388141632,0.04562095180153847,0.5928939580917358,0.06973688304424286,0.02776574343442917,0.07434720546007156,0.0,0.07837732136249542,0.003638460533693433,0.0,0.0,0.0,0.0,0.008725297637283802,0.06589353829622269,0.021599886938929558,0.16353854537010193,0.02713022008538246,0.4846777319908142,0.049611277878284454,0.1449195295572281,0.39800047874450684,0.0,0.03425716981291771,0.3234444558620453,0.02052130363881588,0.0177173912525177,0.0,0.0,0.0,0.004198169335722923,0.0031167459674179554,0.10118468105792999,0.30463871359825134,0.10782673209905624,0.0,0.0,0.5778969526290894,0.3631475269794464,0.10046973079442978,0.16228237748146057,0.07788923382759094,0.002263024915009737,0.11290611326694489,0.02198224514722824,0.004873762838542461,0.0021088342182338238,0.0,0.70173180103302,0.0,0.12127593904733658,0.01982429251074791,0.0,0.0,0.0,0.0,0.14723515510559082,0.0,0.0,0.0,0.4518221616744995,0.013552561402320862,0.017962228506803513,0.029853954911231995,0.020646758377552032,0.200495183467865,0.0,0.0,0.36334824562072754,0.21145471930503845,0.04124552756547928,0.2617093622684479,0.03887311741709709,0.20392435789108276,0.0020267097279429436,0.0,0.05089887976646423,0.010964527726173401,0.029056088998913765,1.1784590482711792,0.5185262560844421,0.3155125379562378,0.029031436890363693,0.0,0.009748835116624832,0.0021279845386743546,0.014166837558150291,0.16548900306224823,0.025879796594381332,0.04542078077793121,0.36734795570373535,0.0,0.0,0.601349413394928,0.26771581172943115,0.07802987843751907,0.0,0.022559016942977905,0.0,0.27766817808151245,0.05176587402820587,0.40451234579086304,0.00914471223950386,0.06363502889871597,0.13587935268878937,-0.6162768006324768
135,0.0,0.06824825704097748,0.014882892370223999,0.0,0.0,0.0,0.13127805292606354,0.19287800788879395,0.0,0.03886881843209267,0.326225221157074,0.045642971992492676,0.0,0.2339913249015808,0.23528113961219788,0.01603882573544979,0.003488001646474004,0.29349327087402344,0.17274333536624908,0.0,0.000559498555958271,0.22123634815216064,0.0,0.7362873554229736,0.07065153867006302,0.0,0.0,0.45469701290130615,0.0,0.07130879163742065,0.0,0.1619151085615158,0.0,0.33614104986190796,0.008828948251903057,0.01182740367949009,0.05543254315853119,0.11655546724796295,0.16033560037612915,0.36008697748184204,0.0,0.015733204782009125,0.19540013372898102,0.01621987484395504,0.3399679660797119,0.0,0.08929218351840973,0.012424830347299576,0.0,0.05466800183057785,0.0,0.0,0.4219684898853302,0.0,0.0,0.3178839087486267,0.0,0.37715113162994385,0.0,0.0006786733865737915,0.0,0.29335641860961914,0.0,0.19696998596191406,0.0,0.0,0.0,0.5971920490264893,0.006644205655902624,0.003463718108832836,0.0,0.0,0.09131234884262085,0.3853863477706909,0.0,0.1403382122516632,0.1712188869714737,0.1587323248386383,0.0,0.08457507193088531,0.12880438566207886,0.002260303357616067,0.0,0.19184619188308716,0.5672146081924438,0.0172166395932436,0.0019479249604046345,0.0288429856300354,0.6297174096107483,0.15643076598644257,0.015320192091166973,0.4597880244255066,0.04231899976730347,0.08890001475811005,0.007486240938305855,0.008352411910891533,0.11421410739421844,0.0,0.0,0.12453726679086685,0.20769383013248444,0.08268564939498901,0.0,0.706093966960907,0.17413970828056335,0.0,0.00823449157178402,0.24197398126125336,0.0,0.0,0.2537301778793335,0.02137787826359272,0.0,0.12162002176046371,0.0,0.0,0.0048004817217588425,0.2526828944683075,0.0,0.011156284250319004,0.3137394189834595,0.01885492354631424,0.0,0.0,0.20749656856060028,0.45469629764556885,0.0,0.0,0.299348384141922,0.0,0.0,0.1607961803674698,0.0,0.0,0.0,0.0,0.0,0.0,0.029782969504594803,0.0,0.0,0.034843169152736664,0.003337132977321744,0.0,0.12350612878799438,0.09862085431814194,0.0,0.012352284044027328,0.28372663259506226,0.0,0.0,0.03543012589216232,0.028393138200044632,0.0,0.0,0.0,0.03187275305390358,0.019190793856978416,0.0,0.0,0.14464102685451508,0.0,0.020871512591838837,0.0,0.011686667799949646,0.06887874007225037,0.0,0.0,0.1659962683916092,0.0,0.0009803958237171173,0.0,0.002394553739577532,0.0,0.0,0.4027126431465149,0.0,0.0,0.27322888374328613,0.001433543860912323,0.043835241347551346,0.0,0.11880583316087723,0.0,0.0501784011721611,0.0,0.000710667110979557,0.0,0.0,0.0,0.0,0.3359883427619934,0.12587623298168182,0.0,0.060521721839904785,0.2202279269695282,0.009533783420920372,0.25130027532577515,0.4644009470939636,0.0,0.11344622075557709,0.0,0.0,0.0,0.0,0.0,0.052987948060035706,0.32227760553359985,0.19483166933059692,0.0,0.050049517303705215,0.07776015996932983,0.0,0.0,0.34252023696899414,0.06956936419010162,0.03393881395459175,0.0,0.0,0.34964829683303833,0.0,0.0050017135217785835,0.11025737971067429,0.0,0.1221945509314537,0.0,0.11149471253156662,0.2911040186882019,0.019174158573150635,0.5083954334259033,0.004992855712771416,0.0,0.27662432193756104,0.02104881964623928,0.30541613698005676,0.05311852693557739,0.0,0.0,0.0003149844706058502,0.017214816063642502,0.0,0.011198965832591057,0.0,0.2818734347820282,0.19244293868541718,0.14070060849189758,0.09277281910181046,0.0009623263031244278,0.0,0.0,0.0,0.48684361577033997,0.0,0.0,0.0,0.0,0.0,0.022590933367609978,0.010663345456123352,0.0,0.014806222170591354,0.17451994121074677,0.07612249255180359,0.01330342423170805,0.0,0.832625687122345,0.013788971118628979,0.1926182210445404,0.06229934096336365,0.0,0.0,0.04756287485361099,0.20668262243270874,0.0,0.17630994319915771,0.0013630450703203678,0.15047751367092133,0.0,0.19270865619182587,0.0,0.27670764923095703,0.010728323832154274,0.001820916309952736,0.35819992423057556,0.0,0.1279371976852417,0.0,0.0,0.5798078179359436,0.19436880946159363,0.024785444140434265,0.0,0.0,0.20889580249786377,0.4405536651611328,0.0,0.21187978982925415,0.371809184551239,0.16620013117790222,0.001124432310461998,0.0061040217988193035,0.06880408525466919,0.03536578640341759,0.0,0.0,0.0,0.38780492544174194,0.1197165697813034,0.0,0.037508003413677216,0.0989476814866066,0.038345493376255035,0.0,0.3549444079399109,0.0,0.010442896746098995,0.03110593929886818,0.0,0.017921235412359238,0.0,0.0,0.12734220921993256,0.0,0.26567530632019043,0.060257814824581146,0.004238154739141464,0.0,0.43624138832092285,0.0,0.05555219575762749,0.0,0.25408488512039185,0.0,0.3310168981552124,0.014484088867902756,0.04183720052242279,0.11549732089042664,0.08893012255430222,0.0008634947007521987,0.2331138700246811,0.012251738458871841,0.1367436945438385,0.10559754818677902,0.05391998589038849,0.21893440186977386,0.0023542249109596014,0.28774502873420715,0.0,0.0,0.0390886627137661,0.0347495898604393,0.0,0.2516728341579437,0.0,0.0,0.03227931261062622,0.027715671807527542,0.6574223637580872,0.09216894954442978,0.022818010300397873,0.0,0.30619174242019653,0.1149662509560585,0.0,0.0,0.0006019067368470132,0.0,0.13910387456417084,0.0604010745882988,0.13013148307800293,0.0,0.0,0.19044454395771027,0.2438884675502777,0.011499328538775444,0.09304179251194,0.015279917046427727,0.02995450235903263,0.0,0.2654597759246826,0.061622001230716705,0.0,0.0,0.24329522252082825,0.03231249377131462,0.067192941904068,0.0047441525384783745,0.1709526926279068,0.43928128480911255,0.21904276311397552,0.036556318402290344,0.01682674139738083,0.06547475606203079,0.02170504629611969,0.00616228673607111,0.0,0.3912597596645355,0.0,0.0,0.0,0.0,0.155173659324646,0.0,0.19655488431453705,0.29826802015304565,0.03490891680121422,0.020281072705984116,0.06284711509943008,0.0,0.0,0.02441662922501564,0.10121722519397736,0.025487303733825684,0.1208670511841774,0.0,0.0,0.054783064872026443,0.016851600259542465,0.005510414019227028,0.0,0.0019397186115384102,0.02654799446463585,0.0,0.014069408178329468,0.0,0.3297421932220459,0.0,0.0,0.0,0.0,0.0,0.07833869755268097,0.0,0.04074191302061081,0.0015957769937813282,0.005140172317624092,0.0,0.0,0.21260638535022736,0.025064630433917046,0.0,0.0005513011710718274,0.0,0.0,0.011334110051393509,0.0,0.002112343907356262,0.02691890113055706,0.26221030950546265,0.0,0.01916671358048916,0.000654387753456831,0.011511769145727158,0.0,0.0,0.017419010400772095,0.025748280808329582,0.010655480436980724,0.015295667573809624,0.0,0.0,0.021305276080965996,0.07994918525218964,0.0,0.1852964460849762,0.11069299280643463,0.0,0.011153636500239372,0.009267576038837433,0.0,0.0,0.0,0.018165409564971924,0.0,0.05316299945116043,0.0407886765897274,0.0,0.0024412870407104492,0.07059203088283539,0.07790489494800568,0.0,0.0,0.08876419067382812,0.0,0.017266735434532166,0.05404057726264,0.2415611296892166,0.0,0.0016466537490487099,0.0,0.0,0.041088443249464035,0.25360390543937683,0.0,0.12383871525526047,0.011304434388875961,0.1350174844264984,0.07054778933525085,0.1372537910938263,0.0,0.024835286661982536,0.0,0.03753321245312691,0.025175828486680984,0.0,0.0,0.017825089395046234,0.0,0.0,0.014215787872672081,0.08739546686410904,0.2943885326385498,0.0,0.11430039256811142,0.021238163113594055,0.10470309108495712,0.339995801448822,0.0,0.0,0.1982286423444748,0.0,0.01071952749043703,0.0,0.0,0.09740602970123291,0.0,0.011751427315175533,0.0,0.15634271502494812,0.08540341258049011,0.0,0.0,0.14748695492744446,0.09395583719015121,0.25663721561431885,0.07406147569417953,0.0,0.0,0.020387625321745872,0.01538551039993763,0.0,0.00719385826960206,0.0,0.16996608674526215,0.026659458875656128,0.0,0.07360130548477173,0.0,0.0,0.0,0.0,0.32359611988067627,0.0,0.0,0.0,0.010584025643765926,0.0,0.011825509369373322,0.03790057450532913,0.0,0.04889298975467682,0.0,0.013431636616587639,0.039945073425769806,0.0,0.34531912207603455,0.018624737858772278,0.020474392920732498,0.14828287065029144,0.0,0.0,0.0892474427819252,0.09451217949390411,0.0,0.21196463704109192,0.35531309247016907,0.2530839443206787,0.0,0.0,0.0,0.0,0.068316251039505,0.01290583610534668,0.05122509226202965,0.03257610648870468,0.22381067276000977,0.0013890471309423447,0.0,0.3367077112197876,0.2896602153778076,0.0205904059112072,0.0,0.0,0.0071034301072359085,0.2525218725204468,0.0,0.4131990075111389,0.16086408495903015,0.014720653183758259,0.0,0.0,0.029280826449394226,0.008198325522243977,0.0,0.0,0.0,0.24077565968036652,0.21271538734436035,0.0,0.018770389258861542,0.2632617950439453,0.10886787623167038,0.0,0.34106361865997314,0.11376545578241348,0.004345451947301626,0.013417168520390987,0.10061193257570267,0.02916577458381653,0.0,0.0,0.1795690953731537,0.0,0.5497545003890991,0.05241654813289642,0.0,0.0,0.5422181487083435,0.0017802286893129349,0.028507713228464127,0.005097231362015009,0.26521962881088257,0.0,0.3538045883178711,0.0018383172573521733,0.05793759226799011,0.030900193378329277,0.06560879200696945,0.0949334129691124,0.3468463718891144,0.0,0.13674382865428925,0.16613826155662537,0.05057741329073906,0.3798710107803345,0.0,0.21614816784858704,0.004105571191757917,0.0,0.018226495012640953,0.0033102487213909626,0.0,0.4685131907463074,0.0,0.0,0.2507549226284027,0.0010539030190557241,0.5917727947235107,0.011396752670407295,0.019451750442385674,0.0,0.340292364358902,0.05971718952059746,0.07262592762708664,0.0,0.0,0.0,0.4886813759803772,0.06004907190799713,0.04702012240886688,0.0,0.0,0.08017989248037338,0.378201961517334,0.0,0.2422686666250229,0.10339682549238205,0.08200916647911072,0.0,0.1536678671836853,0.06417897343635559,0.0,0.0,0.25631171464920044,0.28361690044403076,0.032253850251436234,0.0,0.11925376951694489,0.5382065773010254,0.13319286704063416,0.02094774693250656,0.24910247325897217,0.039009541273117065,0.028850020840764046,0.021329373121261597,0.015665123239159584,0.2861880660057068,0.0,0.0,0.13351178169250488,0.07110708206892014,0.1416374295949936,0.0,0.3022094964981079,0.2599451243877411,0.0024462309665977955,0.005530405789613724,0.08933940529823303,0.0,0.0,0.2371424436569214,0.04132271185517311,0.0020265933126211166,0.1244908794760704,0.0,0.0,0.02252032421529293,0.10536380112171173,0.0,0.0002507443423382938,0.2549780607223511,0.029412345960736275,0.001313852844759822,0.0,0.15261167287826538,0.35537952184677124,0.0,0.0,0.1506471335887909,0.0,0.0,0.09851250797510147,0.0,0.01605798676609993,0.006619065999984741,0.000672355352435261,4.7088105930015445e-05,0.0,0.09990610927343369,0.014435339719057083,0.0,0.004108932334929705,0.0008383184904232621,0.0,0.03188585489988327,0.018066806718707085,0.0,0.0050826226361095905,0.18585169315338135,0.0,0.0,0.0018001447897404432,0.022512126713991165,0.0,0.0,0.004373639822006226,0.08351348340511322,0.001646813820116222,0.002016378566622734,0.0,0.032137706875801086,0.0,0.027080457657575607,0.0,0.10514320433139801,0.1228395476937294,0.002456781454384327,0.0,0.07932620495557785,0.0,0.0,0.0004363073967397213,0.008372186683118343,0.0,0.0,0.20493987202644348,0.0,0.0,0.2105286866426468,0.01078975759446621,0.017254706472158432,0.0,0.09218613803386688,0.0,0.016957955434918404,0.01741804927587509,0.10502047836780548,0.0,0.0,0.0,0.0,0.2146676778793335,0.1722758710384369,0.0,0.10363168269395828,0.04744919389486313,0.04500787332653999,0.11822164058685303,0.2966553568840027,0.0,0.032374270260334015,0.0,0.0007407129160128534,0.004852278158068657,0.0,0.0,0.011141897179186344,0.1330270767211914,0.10378730297088623,0.0,0.14002345502376556,0.16422751545906067,0.0,0.004641440697014332,0.3080986738204956,0.05481647700071335,0.1296263039112091,0.0,0.0,0.2584961950778961,0.0,0.013563686050474644,0.013015199452638626,0.0,0.08450917899608612,0.0,0.051810044795274734,0.11061163246631622,0.10383066534996033,0.3051859438419342,0.0011140787973999977,0.0,0.18491069972515106,0.05734555050730705,0.4356536567211151,0.04963554069399834,0.0,0.0,0.010046161711215973,0.003215719247236848,0.0,0.0,0.0017129317857325077,0.14437101781368256,0.12572193145751953,0.08202537894248962,0.035486459732055664,0.0,0.0,0.0,0.0,0.5019974112510681,0.0,0.0,0.0,0.0030464886222034693,0.0,0.014265937730669975,0.01836545020341873,0.0,0.021798057481646538,0.04942670091986656,0.012474182061851025,0.028125233948230743,0.0,0.6952195763587952,0.006469644606113434,0.06487557291984558,0.04501650482416153,0.0,0.0,0.056309014558792114,0.25094592571258545,0.0,0.26116982102394104,0.07820282131433487,0.16665010154247284,0.0,0.023059159517288208,0.0004284183378331363,0.10362619161605835,0.016908515244722366,0.009480791166424751,0.18894316256046295,0.009673498570919037,0.1800357848405838,0.0,0.0,0.5217338800430298,0.3308311700820923,0.021642126142978668,0.0,0.0,0.12153634428977966,0.3498483896255493,0.0,0.25301119685173035,0.32710346579551697,0.06723989546298981,0.0,1.280233383178711
136,0.010871869511902332,0.07731997221708298,0.003566709579899907,0.0,0.0,0.0,0.04559313878417015,0.11703434586524963,0.0,0.11888720095157623,0.3507412374019623,0.05653119087219238,0.0,0.17350120842456818,0.505478024482727,0.00857020728290081,0.0,0.46795812249183655,0.2322935312986374,0.0,0.07316320389509201,0.12406948208808899,0.0,0.7825745344161987,0.1916106790304184,0.0,0.0,0.43740853667259216,0.007325485348701477,0.024916749447584152,0.0,0.22016794979572296,0.029709842056035995,0.15841196477413177,0.0029914577025920153,0.0,0.0,0.03199658915400505,0.378593772649765,0.2828337252140045,0.0804596021771431,0.006402889732271433,0.15086038410663605,0.0,0.2261563390493393,0.0,0.17662449181079865,0.006084487773478031,0.0,0.25810757279396057,0.0,0.011152436025440693,0.7868145704269409,0.0005660715396516025,0.0,0.373820036649704,0.0,0.4491714835166931,0.020521901547908783,0.003996139857918024,0.0,0.16990849375724792,0.05170299485325813,0.3407718241214752,0.0,0.0,0.0,0.9618178606033325,0.09241757541894913,0.024016285315155983,0.0,0.0,0.07885036617517471,0.6561362743377686,0.0,0.1077125146985054,0.4123365879058838,0.048879384994506836,0.0,0.0,0.2283109873533249,0.0,0.0810321718454361,0.1760140210390091,0.8165987133979797,0.02723129466176033,0.0,0.10090456157922745,0.6226677298545837,0.051211703568696976,0.036699194461107254,0.6775757074356079,0.009577463380992413,0.09479627758264542,0.002111513167619705,0.07794614881277084,0.08407287299633026,0.0,0.0,0.057358790189027786,0.47546476125717163,0.08803736418485641,0.0,0.7763113379478455,0.013242719694972038,0.0,0.00516851432621479,0.5325803756713867,0.0007167694275267422,0.0,0.43509915471076965,0.015372054651379585,0.0,0.20939652621746063,0.044629354029893875,0.01122763566672802,0.01651938445866108,0.5213087201118469,0.0,0.026259923353791237,0.33882585167884827,0.18468904495239258,0.0034294009674340487,0.0,0.2915039658546448,0.17220360040664673,0.0,0.0,0.4217320680618286,0.0,0.0,0.14112578332424164,0.0,0.01899428851902485,0.006146268919110298,0.10085500031709671,0.07333336770534515,0.0,0.06503919512033463,0.0,0.0,0.005832727067172527,0.0,0.0,0.03514448553323746,0.06012934446334839,0.026763135567307472,0.0003349623875692487,0.012731467373669147,0.0,0.0,0.013106280006468296,0.00867252703756094,0.0,0.003177858889102936,0.07045069336891174,0.07448088377714157,0.0,0.0,0.0,0.024432053789496422,0.0,0.04679444059729576,0.004463404417037964,0.0,0.08203338086605072,0.0,0.0,0.23979292809963226,0.015345552004873753,0.09395954757928848,0.08317802101373672,0.0,0.0,0.07283718883991241,0.4676276743412018,0.0,0.0,0.305989533662796,0.0,0.11758439987897873,0.010457456111907959,0.042501989752054214,0.0030821163672953844,0.02681034430861473,0.0,0.0036640597973018885,0.0,0.0,0.0,0.0,0.5571654438972473,0.15573330223560333,0.0,0.04269517585635185,0.24129420518875122,0.0,0.14727114140987396,0.7018538117408752,0.0,0.15674175322055817,0.0,0.0,0.0,0.0,0.0,0.038185667246580124,0.969298243522644,0.4245877265930176,0.0,0.21162959933280945,0.0971364825963974,0.0,0.0,0.47147804498672485,0.033204350620508194,0.026572788134217262,0.0,0.0,0.1445673257112503,0.0,0.07977751642465591,0.46467071771621704,0.0,0.16922208666801453,0.0016907869139686227,0.3108319342136383,0.48557350039482117,0.012285270728170872,0.5551717877388,0.07063960283994675,0.19996227324008942,0.29451823234558105,0.008445100858807564,0.24594470858573914,0.003985076677054167,0.0,0.0,0.0,0.006948967929929495,0.0,0.0,0.011709816753864288,0.05111215263605118,0.42276373505592346,0.21626794338226318,0.04822269454598427,0.0,0.0,0.0,0.0,0.670013964176178,0.0,0.0,0.0018558526644483209,0.0,0.0,0.0,0.0037636396009474993,0.0,0.0,0.2675582468509674,0.21541042625904083,0.0,0.0,1.0181695222854614,0.0,0.22362855076789856,0.021951530128717422,0.0,0.0,0.09064236283302307,0.3240807056427002,0.0,0.1750108301639557,0.0,0.04259307682514191,0.0,0.37795671820640564,0.0,0.43422287702560425,0.0,0.0,0.6266641616821289,0.0,0.0488186739385128,0.0,0.0,0.43252328038215637,0.034887030720710754,0.04148560389876366,0.0,0.0,0.5253356099128723,0.4231692850589752,0.0,0.01734388805925846,0.7080551385879517,0.2885471284389496,0.047415561974048615,0.0,0.0718313679099083,0.018015746027231216,0.0,0.0,0.0,0.27275359630584717,0.1484372317790985,0.0,0.04810498282313347,0.23883986473083496,0.08213353902101517,0.0,0.3438971936702728,0.05982000008225441,0.011388599872589111,0.028157232329249382,0.07750417292118073,0.05924059823155403,0.0,0.002380573423579335,0.1660003364086151,0.0,0.43671858310699463,0.0969560369849205,0.0004222821444272995,0.0,0.4044864773750305,0.0,0.061714231967926025,0.0,0.23739129304885864,0.0,0.3317923843860626,0.0,0.012111199088394642,0.10466913878917694,0.04430151730775833,0.03414890542626381,0.34039628505706787,0.0021153967827558517,0.04705500602722168,0.21547701954841614,0.03313590586185455,0.2593705654144287,0.0,0.2605705261230469,0.0,0.0,0.007680184207856655,0.014085175469517708,0.0,0.4680076837539673,0.0,0.0,0.21748021245002747,0.0,0.60603928565979,0.020715897902846336,0.0,0.0,0.3038233518600464,0.07953238487243652,0.07468600571155548,0.0,0.0,0.0,0.45460745692253113,0.06094856187701225,0.07827237993478775,0.0,0.0,0.1453871876001358,0.5115773677825928,0.0,0.13626709580421448,0.08127165585756302,0.001099820714443922,0.0,0.23603108525276184,0.08673365414142609,0.0,0.0,0.2766192555427551,0.1743638515472412,0.0566718652844429,0.0,0.12071898579597473,0.5774126052856445,0.19518035650253296,0.02300511673092842,0.25596287846565247,0.06499116867780685,0.0,0.01682307943701744,0.005121075548231602,0.31888657808303833,0.0,0.0,0.057738326489925385,0.1272357851266861,0.17527979612350464,0.0,0.3455555737018585,0.23426182568073273,0.0,0.006296487059444189,0.1500864326953888,0.0,0.0,0.2169247418642044,0.075194351375103,0.0008769985288381577,0.12476226687431335,0.0,0.0,0.050379134714603424,0.06835015118122101,0.0,0.0,0.19863377511501312,0.03713062405586243,0.0019576363265514374,0.01824670098721981,0.08958455175161362,0.3599623143672943,0.0,0.0,0.09352298825979233,0.0,0.0,0.12442252039909363,0.0,0.058977313339710236,0.00037275534123182297,0.0,0.003391912905499339,0.0,0.17401908338069916,0.00017512543126940727,0.0,0.0,0.0,0.0,0.012215862981975079,0.03597531467676163,0.0,0.014968039467930794,0.32988476753234863,0.007807489484548569,0.0,0.0,0.010811915621161461,0.0,0.0,0.0,0.026828959584236145,0.028103286400437355,0.0,0.0,0.0,0.0,0.11636733263731003,0.0,0.10042742639780045,0.11306113749742508,0.0,0.0,0.08137521892786026,0.0,0.0031723137944936752,0.0068951016291975975,0.02660832181572914,0.0,0.01646443083882332,0.11741676181554794,0.0,0.0,0.23626336455345154,0.058516088873147964,0.015859682112932205,0.0,0.09229208528995514,0.0,0.0382094569504261,0.016981543973088264,0.1646217405796051,0.0,0.0,0.0,0.0,0.20850582420825958,0.26482605934143066,0.0,0.12287725508213043,0.016954101622104645,0.12109429389238358,0.05967216193675995,0.33016467094421387,0.0,0.05029129981994629,0.0,0.006418854463845491,0.03462160751223564,0.0,0.0,0.025000300258398056,0.06415598839521408,0.09579421579837799,0.00025176769122481346,0.13698385655879974,0.31837087869644165,0.0,0.0017071757465600967,0.22953689098358154,0.10200367867946625,0.16366511583328247,0.0,0.0,0.22016337513923645,0.0,0.010801752097904682,0.05580870434641838,0.0,0.13287918269634247,0.0,0.02135327458381653,0.027810702100396156,0.08158235251903534,0.29202699661254883,0.0,0.0,0.1307883858680725,0.022524086758494377,0.34814223647117615,0.03767762333154678,0.0,0.0,0.015569942072033882,0.010074217803776264,0.0,0.0,0.005402669310569763,0.09957554936408997,0.1258181780576706,0.01557752676308155,0.08796361833810806,0.0,0.0,0.0,0.0,0.4819853901863098,0.0,0.0,0.0,0.0,0.0,0.014751162379980087,0.010422985069453716,0.0,0.019477246329188347,0.07646943628787994,0.03518082946538925,0.0046099768951535225,0.0,0.6674237251281738,9.071826934814453e-05,0.10810166597366333,0.11234479397535324,0.0,0.0,0.0782475620508194,0.22346803545951843,0.0,0.08553983271121979,0.13421198725700378,0.18070892989635468,0.0,0.0296291783452034,0.0,0.08457081764936447,0.0910295620560646,0.0014741243794560432,0.20309726893901825,2.7766101993620396e-05,0.18787220120429993,0.0,0.0,0.449084997177124,0.285952627658844,0.01666386052966118,0.0,0.0,0.25322893261909485,0.3359697461128235,0.0,0.34385913610458374,0.38525599241256714,0.043353121727705,0.0,0.011010536924004555,0.040464550256729126,0.003823620267212391,0.0,0.0,0.0,0.11788716912269592,0.21118566393852234,0.0011010216549038887,0.07031982392072678,0.34976065158843994,0.1227845549583435,0.0,0.2910006046295166,0.4066191017627716,0.002026005182415247,0.0,0.3584734797477722,0.14932793378829956,0.0,0.06517348438501358,0.17499136924743652,0.0,0.6797620058059692,0.12688231468200684,0.0,0.0,0.5194821953773499,0.0,0.01624002866446972,0.0,0.2791007459163666,0.006028417497873306,0.25047311186790466,0.00031294592190533876,0.02557661011815071,0.0,0.023594075813889503,0.2807391285896301,0.36038750410079956,0.08424779027700424,0.061078030616045,0.17673563957214355,0.0029835007153451443,0.33453887701034546,0.0,0.16171513497829437,0.0,0.0,0.16249161958694458,0.0,0.0028636392671614885,0.7455587983131409,0.0,0.0,0.41582760214805603,0.00044111639726907015,0.5410186648368835,0.013103041797876358,0.002276455517858267,0.0,0.28960809111595154,0.07219207286834717,0.27965211868286133,0.0,0.0,0.0,0.8555431365966797,0.09501507133245468,0.04182066023349762,0.0,0.0,0.059546664357185364,0.5724169015884399,0.0,0.2225455343723297,0.30833345651626587,0.045768775045871735,0.0,0.017510047182440758,0.12732189893722534,0.0,0.03971681371331215,0.24812018871307373,0.6266335248947144,0.01847667247056961,0.0,0.13001218438148499,0.6232502460479736,0.05512654036283493,0.015911076217889786,0.5936033129692078,0.013456559740006924,0.020914731547236443,0.02414899878203869,0.07000784575939178,0.18208105862140656,0.0,0.0,0.14004071056842804,0.33666670322418213,0.12645475566387177,0.0,0.5092512965202332,0.07681859284639359,0.006430038250982761,0.004371982533484697,0.3006625175476074,0.004012831952422857,0.0,0.42608150839805603,0.00696972431614995,0.0,0.17658065259456635,0.033819347620010376,0.0,0.025227248668670654,0.35280948877334595,0.0,0.011320853605866432,0.4230237603187561,0.1194985881447792,0.005281237885355949,0.0,0.30222997069358826,0.23636290431022644,0.0,0.0,0.34929975867271423,0.0,0.0008528120815753937,0.1328428089618683,0.0,0.014028660021722317,0.008534187451004982,0.06595958769321442,0.028206229209899902,0.0,0.06619811803102493,0.0,0.0,0.0,0.0,0.0,0.011041526682674885,0.028355848044157028,0.02139030024409294,0.005554295610636473,0.041543688625097275,0.0,0.0,0.011555333621799946,0.0,0.0,0.0,0.03291790187358856,0.12281747162342072,0.0,0.00023031490854918957,0.0024653496220707893,0.022105656564235687,0.0,0.041535988450050354,0.0,0.030732443556189537,0.11629926413297653,0.008779818192124367,0.0,0.2172432243824005,0.0,0.028578178957104683,0.052597153931856155,0.0,0.0,0.06886545568704605,0.3275284171104431,0.0,0.0,0.2811085879802704,0.0,0.0591435581445694,0.004056916106492281,0.033590588718652725,0.008495254442095757,0.01049440074712038,0.0014861661475151777,0.045811597257852554,0.0,0.0,0.0,0.0,0.4593522548675537,0.17898645997047424,0.0,0.05296585336327553,0.1511988341808319,0.009001591242849827,0.10003364086151123,0.5752905607223511,0.0,0.08359202742576599,0.0,0.0,0.00708349421620369,0.0,0.0,0.005017477553337812,0.6837781071662903,0.34707269072532654,0.0,0.22935578227043152,0.11889372020959854,0.0,0.0,0.49349695444107056,0.009898483753204346,0.022010667249560356,0.0,0.0,0.19052839279174805,0.0,0.07433636486530304,0.31378909945487976,0.0,0.11704140901565552,0.007158865220844746,0.1898047924041748,0.3460252583026886,0.03720574080944061,0.5124085545539856,0.043097466230392456,0.1218348890542984,0.20809774100780487,0.016497138887643814,0.402919203042984,0.0006149458931759,0.0,0.0,0.0019367057830095291,4.172819899395108e-05,0.0,0.0,0.010009801015257835,0.03975047916173935,0.3499407172203064,0.19011396169662476,0.015498194843530655,0.0,0.0,0.0,0.0,0.6479179859161377,0.0,0.0,0.0008029602468013763,0.0,0.0,0.0,0.011992834508419037,0.0,0.0,0.21977001428604126,0.12618930637836456,0.005563234910368919,0.0,0.9507688283920288,0.0,0.16830401122570038,0.012413051910698414,0.0,0.0,0.07179559767246246,0.386505663394928,0.0,0.2312178909778595,0.014307962730526924,0.04307558014988899,0.0,0.26065728068351746,0.0,0.30029577016830444,0.0020013663452118635,0.0,0.4752216935157776,0.0020951612386852503,0.07866497337818146,0.0,0.0,0.5008126497268677,0.18510472774505615,0.017500609159469604,0.0,0.0,0.39562293887138367,0.3959466814994812,0.0,0.07545242458581924,0.5734948515892029,0.19037027657032013,0.013726841658353806,1.8326467275619507
137,0.0,0.03161059692502022,0.00622536102309823,0.0,0.0,0.0,0.35370221734046936,0.15201398730278015,0.0,0.04674272984266281,0.13705843687057495,0.05526185780763626,0.0,0.28101012110710144,0.11450622230768204,0.046580005437135696,0.031126148998737335,0.07864316552877426,0.02029356174170971,0.0,0.0,0.16359646618366241,0.0,0.47103723883628845,0.04791581630706787,0.0,0.0,0.43054038286209106,0.0,0.10521570593118668,0.0,0.2353605479001999,0.0,0.3083347678184509,0.009710920043289661,0.024553634226322174,0.05855833366513252,0.1599736511707306,0.1311933994293213,0.3689975142478943,0.0,0.027227312326431274,0.14509263634681702,0.05705585703253746,0.2758854925632477,0.0,0.22041413187980652,0.02051747776567936,0.0,0.046926721930503845,0.0,0.0,0.3113836348056793,0.0,0.0,0.15561655163764954,0.018771685659885406,0.6060494780540466,0.03776859492063522,0.0328306183218956,0.0,0.22764237225055695,0.06877189129590988,0.02965904027223587,0.0,0.0,0.0,0.2925293743610382,0.1021830216050148,0.07393296808004379,0.0,0.0,0.12525838613510132,0.3077864646911621,0.0,0.05004667490720749,0.04186837747693062,0.10920896381139755,0.0,0.14550884068012238,0.04674912989139557,0.0283183753490448,0.0,0.18740803003311157,0.27592733502388,0.017506083473563194,0.0,0.15246470272541046,0.5604473948478699,0.3819352984428406,0.028102494776248932,0.07852300256490707,0.03742114081978798,0.08397766947746277,0.00425479793921113,0.00887646246701479,0.3804180324077606,0.0,0.0,0.07738213986158371,0.006151220761239529,0.3194887936115265,0.0,0.39682257175445557,0.31385305523872375,0.015248752199113369,0.018224839121103287,0.10716562718153,0.0,0.0,0.13176913559436798,0.04529505595564842,0.02702391892671585,0.17666073143482208,0.002117709955200553,0.0,0.037974726408720016,0.05608776584267616,0.014166106469929218,0.0,0.14431487023830414,0.00791903492063284,0.0,0.0017754469299688935,0.11185307055711746,0.47884199023246765,0.0,0.0,0.0759754478931427,0.0,0.0,0.1730702817440033,0.0,0.0034784965682774782,0.0,0.0010813426924869418,0.0,0.0,0.05321827158331871,0.0,0.0,0.018352609127759933,0.0071005248464643955,0.0,0.10716076195240021,0.04520498961210251,0.0,0.011481154710054398,0.1774127185344696,0.0,0.0,0.12000587582588196,0.04139327257871628,0.0,0.0,0.07133152335882187,0.01250413991510868,0.0,0.0,0.0,0.28750327229499817,0.0,0.021259751170873642,0.0,0.09077479690313339,0.10870549082756042,0.0,0.017358237877488136,0.014477846212685108,0.0,0.0,0.0,0.024079976603388786,0.0,0.025210708379745483,0.3548561930656433,0.0,0.01372133195400238,0.1511603742837906,0.04073219746351242,0.009104824624955654,0.0,0.16035890579223633,0.0,0.017102153971791267,0.02199629880487919,0.2282022386789322,0.0,0.0,0.0,0.0003752158081624657,0.2343170940876007,0.1549796164035797,0.0,0.21491190791130066,0.2015073448419571,0.0433051735162735,0.22208860516548157,0.23069660365581512,0.0,0.10483404994010925,0.0,0.0,0.031140485778450966,0.0,0.0,0.001711166580207646,0.039862144738435745,0.05425170436501503,0.0011690817773342133,0.08858606964349747,0.2396193891763687,0.0,0.050390034914016724,0.14669643342494965,0.0833149328827858,0.23896969854831696,0.0,0.0,0.35907527804374695,0.0,0.0027861371636390686,0.0,0.0,0.052036382257938385,0.0,0.09230406582355499,0.04710059612989426,0.1340467631816864,0.3164439797401428,0.004678328055888414,0.0,0.3369561433792114,0.037305720150470734,0.2084953486919403,0.042411379516124725,0.0,0.0,0.015036193653941154,0.03847891837358475,0.00014680458116345108,0.013869578950107098,0.0021417737007141113,0.3123501241207123,0.04028411582112312,0.04794623702764511,0.06598750501871109,0.0,0.0,0.0,0.0,0.37562474608421326,0.0,0.0,0.0,0.014637519605457783,0.0,0.03301529213786125,0.029317932203412056,0.0,0.04525386542081833,0.006901920773088932,0.0,0.059391047805547714,0.0,0.6391079425811768,0.04560234025120735,0.0341622456908226,0.11533604562282562,0.0,0.0,0.06244610622525215,0.07921250909566879,0.0,0.0917990431189537,0.21868722140789032,0.21441993117332458,0.0,0.011599224992096424,0.0,0.07770887762308121,0.0,0.0,0.10066727548837662,0.0,0.2914300858974457,0.0,0.0,0.46560001373291016,0.2092493325471878,0.008825263939797878,0.0,0.0,0.07932811975479126,0.3108879625797272,0.0,0.4341419041156769,0.23120613396167755,0.071748286485672,0.0,0.6265518665313721,0.10198905318975449,0.05953284353017807,0.0,0.0,0.0,0.7515262365341187,0.0,0.005997200962156057,0.33713990449905396,0.0,0.007094020955264568,0.0,0.5277624726295471,0.0,0.013185760006308556,0.010307291522622108,0.0,0.0,0.016213472932577133,0.0,0.017194047570228577,0.0,0.021701736375689507,0.32104745507240295,0.0031791774090379477,0.0,0.5892305374145508,0.028870930895209312,0.014123651199042797,0.009405359625816345,0.5815383195877075,0.0,0.01249829214066267,0.1261976659297943,0.0,0.0,0.18475332856178284,0.13074997067451477,0.11709906905889511,0.9778827428817749,0.17585408687591553,0.0920524001121521,0.015393058769404888,0.04326937347650528,0.11912864446640015,0.9937963485717773,0.0,0.0,0.09972959011793137,0.0993637889623642,0.00035436637699604034,0.6457789540290833,0.0,0.01580161228775978,0.0,0.2507564127445221,1.673448085784912,0.519743800163269,0.2866400480270386,0.0,0.011296342127025127,0.7964369654655457,0.0,0.0,0.003461772110313177,0.0,0.09446407854557037,0.7570356130599976,0.5365166068077087,0.04918650910258293,0.0,0.5062230825424194,0.9321569204330444,0.058233119547367096,0.0001923159434227273,0.2946719527244568,0.0,0.0,0.13688543438911438,0.04289599508047104,0.0,0.01910005323588848,0.25709962844848633,0.0,0.013673586770892143,0.0001445779053028673,0.8624047040939331,0.43083393573760986,0.346205472946167,0.1830655038356781,0.0012920971494168043,0.043040644377470016,0.041064634919166565,0.0,0.42805346846580505,1.085631251335144,0.0,0.022852744907140732,0.020375927910208702,0.09038594365119934,0.6717265844345093,0.0,0.0,0.32217952609062195,0.2909783124923706,0.07088485360145569,0.1768294870853424,0.24347369372844696,0.0,0.0061462088488042355,0.0725427120923996,0.09245749562978745,0.49896717071533203,0.797393798828125,0.0,0.23473575711250305,0.08355241268873215,0.05042588710784912,0.06101848930120468,0.01242744829505682,0.593374490737915,0.12819118797779083,0.0,0.0,0.0,0.0,0.10762962698936462,0.0,0.0,0.010879806242883205,0.016989052295684814,0.2731631398200989,0.09098386019468307,0.11738048493862152,1.018180012702942,0.001106754643842578,0.0,0.4594056308269501,0.03158276528120041,0.0,0.0,0.0,0.0,0.03252526372671127,0.0,0.6585482358932495,0.0,0.0,0.0,0.0,0.04458177089691162,0.0075468625873327255,0.0,0.0,0.747495174407959,0.06370317190885544,0.0,0.006325714290142059,0.11503159999847412,0.1168094277381897,0.21639925241470337,0.22776249051094055,0.0,0.16542233526706696,0.277255117893219,0.0,0.0437040738761425,0.0,0.0,0.03003772161900997,0.025253204628825188,0.024996569380164146,0.0,1.4825466871261597,0.026580845937132835,0.0,0.08745327591896057,0.003419003216549754,0.0,0.0,0.0,0.002589050680398941,0.021765276789665222,0.0,0.5804710388183594,0.9799450635910034,0.010735206305980682,0.1171012744307518,0.0,0.0,0.022988006472587585,0.4079577624797821,6.914449386385968e-06,0.4785967767238617,0.0535961352288723,0.047114353626966476,0.025469055399298668,0.012049971148371696,0.012593726627528667,0.11432421207427979,0.0,0.04888246953487396,0.42761704325675964,0.0,0.0027317889034748077,0.0,0.3314647078514099,0.006402596831321716,0.09285430610179901,0.4125763177871704,0.9093844294548035,0.03486814349889755,0.03824598714709282,0.0,0.023304428905248642,0.6029248237609863,0.0,0.04393009468913078,0.03362266719341278,0.0,0.5325636863708496,0.079740509390831,0.056746214628219604,0.11148496717214584,0.0,0.720099925994873,0.0,0.9244384765625,0.0,0.32762211561203003,0.2955177426338196,0.28017961978912354,0.04279254004359245,0.09277550876140594,0.10445880889892578,0.009657928720116615,0.0,0.009632796980440617,0.036489374935626984,0.16346269845962524,0.0,0.008961288258433342,0.0,0.0,0.0030241161584854126,0.0,0.0,0.0,0.0,0.0,0.6880106329917908,0.0,0.0,0.02821456454694271,0.273453950881958,0.0,0.05461541935801506,0.12136010825634003,0.12061037868261337,0.03258294612169266,0.0,0.01113986223936081,0.13561563193798065,0.13754749298095703,0.388441264629364,0.00929124467074871,0.0,0.0625646561384201,0.0,0.098090261220932,0.4232443571090698,0.07870655506849289,0.0,0.19479870796203613,0.8332344889640808,0.22934220731258392,0.08278602361679077,0.0,0.0,0.003294867929071188,0.10251322388648987,0.0,0.148237943649292,0.3040401339530945,0.6533412933349609,0.0,0.09418903291225433,0.02251279354095459,0.18070650100708008,0.08483501523733139,0.0,0.017580902203917503,0.4703996181488037,0.004119207616895437,4.840238761971705e-05,0.3504849374294281,0.5619075894355774,0.029748916625976562,0.00442101527005434,0.33575400710105896,0.06349024176597595,0.036108460277318954,0.0,0.001017192262224853,0.0,0.6378579139709473,0.0648130252957344,0.027087897062301636,0.25063806772232056,0.003404682967811823,0.03035602532327175,0.0022560746874660254,0.47205787897109985,0.07055488973855972,0.0028630823362618685,0.05495673045516014,0.0,0.0,0.008938753977417946,0.0,0.09839573502540588,0.008144496940076351,0.12754657864570618,0.1904560625553131,0.0,0.001301141339354217,0.6453827023506165,0.05504899099469185,0.014976580627262592,0.020321642979979515,0.5112685561180115,0.0,0.10323651880025864,0.07563193887472153,0.010095289908349514,0.0,0.14285238087177277,0.21592772006988525,0.22175537049770355,0.5847728848457336,0.20975624024868011,0.08994843065738678,0.09219522774219513,0.17823074758052826,0.08397495001554489,0.6996898651123047,0.0,0.0,0.08122880756855011,0.06490407139062881,0.00038236938416957855,0.6043605208396912,0.0,0.011047343723475933,0.002421426121145487,0.20301055908203125,1.3373910188674927,0.3600156903266907,0.23412774503231049,0.0,0.14121201634407043,0.5955098867416382,0.021622885018587112,0.0008865714189596474,0.01781286671757698,0.0,0.1856391280889511,0.5922381281852722,0.39071616530418396,0.022069638594985008,0.0,0.32046565413475037,0.6642691493034363,0.019029861316084862,0.026955638080835342,0.23100817203521729,0.006331474985927343,0.0,0.10387779772281647,0.03509804233908653,0.0,0.008973176591098309,0.22452197968959808,0.0007285021129064262,0.014182831160724163,0.0,0.7187718749046326,0.47161799669265747,0.3494550585746765,0.12241820245981216,0.015852034091949463,0.031087815761566162,0.02850194089114666,0.00617202976718545,0.2095216065645218,0.9005258679389954,0.0,0.020862556993961334,0.10591538995504379,0.061538100242614746,0.7036142349243164,0.0,0.0,0.27316105365753174,0.16247180104255676,0.06483007222414017,0.1161632314324379,0.13351081311702728,0.0,0.06946653127670288,0.043739207088947296,0.03949804976582527,0.4360983073711395,0.4196322560310364,0.0,0.19470809400081635,0.04972503334283829,0.030241716653108597,0.030604243278503418,0.13980118930339813,0.3267552852630615,0.10008340328931808,0.001588083803653717,0.0369180366396904,0.05821618437767029,0.0005326062673702836,0.09363444894552231,0.0009043887257575989,0.0,0.008001483045518398,0.14111702144145966,0.11550924926996231,0.05084777995944023,0.09577703475952148,0.6210482716560364,0.005208820104598999,0.00013605505228042603,0.26118752360343933,0.013142603449523449,0.0007655777153559029,0.0,0.0007651785272173584,0.0005842268583364785,0.021089568734169006,0.0,0.33517786860466003,0.0,0.0,0.0,0.0,0.07622601836919785,0.03426254168152809,0.0,0.0,0.47489339113235474,0.06353892385959625,0.0,0.0,0.06955061107873917,0.20732703804969788,0.07305926829576492,0.12143874168395996,0.029581516981124878,0.1927487701177597,0.2700652778148651,0.0,0.019801294431090355,0.002838333835825324,0.0,0.01842178963124752,0.05157600715756416,0.0224970281124115,0.0013942413497716188,0.9765995144844055,0.10430925339460373,0.0006544016650877893,0.06327638030052185,0.01642669178545475,0.0,0.0,0.01797926425933838,7.097795605659485e-05,0.01281390804797411,0.0,0.4226257801055908,0.7571594715118408,0.014735463075339794,0.07988456636667252,0.0,0.0016758203273639083,0.10952571779489517,0.30185168981552124,0.0028715243097394705,0.3939931094646454,0.06887882202863693,0.027088800445199013,0.044619809836149216,0.04223444685339928,0.001668219338171184,0.07339868694543839,0.0,0.036667805165052414,0.22771106660366058,0.0016766581684350967,0.0031228172592818737,0.0,0.30183377861976624,0.005330538842827082,0.05529322847723961,0.37839922308921814,0.7167848944664001,0.016718914732336998,0.024970879778265953,0.028466254472732544,0.031496312469244,0.4675613343715668,0.010446703992784023,0.025439297780394554,0.15487605333328247,0.0,0.3509428799152374,0.04131079092621803,0.026630762964487076,0.07357233017683029,0.007291577290743589,0.4253106713294983,0.008067782036960125,0.6998171210289001,0.005445488728582859,0.16331008076667786,0.18378499150276184,0.26735609769821167,0.05566464737057686,0.18425923585891724,0.08236458152532578,0.0,0.0,0.00020801946811843663,0.04433990269899368,0.0925956666469574,0.0,0.0,0.04337379336357117,0.00026182393776252866,0.036728452891111374,0.0,0.00040083826752379537,0.0,0.0,0.0,0.6858957409858704,0.0,0.0,0.01731588877737522,0.17190249264240265,0.0,0.029839320108294487,0.10864631086587906,0.08103035390377045,0.02067667804658413,0.004072807263582945,0.012694566510617733,0.09901250898838043,0.08438479155302048,0.6337618827819824,0.044572290033102036,0.0,0.06731905043125153,0.0,0.043643079698085785,0.2561829090118408,0.09519997239112854,0.007219112943857908,0.19991974532604218,0.5873026251792908,0.20241455733776093,0.0003156527818646282,0.005928120110183954,0.0009553702548146248,0.009421317838132381,0.0693458691239357,0.0,0.1404968798160553,0.24059121310710907,0.521274745464325,0.0018478482961654663,0.03924102336168289,0.12201344966888428,0.21449299156665802,0.05967438966035843,0.0,0.006224207114428282,0.3477722704410553,0.11265239864587784,0.0022380356676876545,0.31322208046913147,0.4168151319026947,0.02266213297843933,0.00934109091758728,2.3795104026794434
138,0.0025873344857245684,0.13585908710956573,0.4188261032104492,0.0,0.013337739743292332,0.0,0.6130809783935547,0.015800639986991882,0.0,0.006505417171865702,0.08898595720529556,0.0,0.00015295048069674522,0.30958256125450134,0.0,0.21095700562000275,0.05286915972828865,0.0,0.0,0.0,0.0,0.14503537118434906,0.06614942103624344,0.6432040333747864,0.0,0.0,0.0,0.8561299443244934,0.09372619539499283,0.10233940184116364,0.25723132491111755,0.34724411368370056,0.0,0.41224727034568787,0.17688502371311188,0.3581065237522125,0.2100290060043335,0.7566576600074768,0.0,0.0006816925597377121,0.013075802475214005,0.41245779395103455,0.03843193128705025,0.26906919479370117,0.5695322751998901,0.9940401911735535,0.17291243374347687,0.0,0.0,0.1745021641254425,0.37659838795661926,0.0,0.0,0.010444670915603638,0.17522010207176208,0.0,0.7042160034179688,0.7724694609642029,0.13528621196746826,0.0627419576048851,0.0,0.02960403822362423,0.03661889582872391,0.0,0.0,0.1707005798816681,0.0,0.0,0.15659789741039276,0.07956720143556595,0.661893904209137,0.0,0.4053252339363098,0.00433012330904603,0.19719982147216797,0.088860884308815,0.0,0.6119802594184875,0.0,0.154743030667305,0.03643806651234627,0.3121055066585541,0.0,0.16333860158920288,0.0,0.0,0.17165769636631012,0.17891784012317657,0.4083419442176819,0.586459219455719,0.1003975197672844,0.0,0.007281877100467682,0.4532729387283325,0.003973290324211121,0.0,0.4737531244754791,0.08482812345027924,0.0,7.079293482092908e-06,0.0,0.11804653704166412,0.0,0.3648677170276642,0.8138812184333801,0.43301859498023987,0.24352224171161652,0.0,0.0,0.0,0.0,0.23855270445346832,0.2959643006324768,0.3037886917591095,0.23611398041248322,0.0,0.0,0.0,0.31595245003700256,0.13520389795303345,0.0,0.08833401650190353,0.1410306990146637,0.017636412754654884,0.0,0.4511290192604065,0.0,0.3015214502811432,0.0,0.0,0.0,0.022263551130890846,0.21841123700141907,0.0,0.08934114873409271,0.020806368440389633,0.0,0.0,0.023486163467168808,0.025607548654079437,0.0,0.04637288302183151,0.6431799530982971,0.0,0.5764697790145874,0.0,0.0,0.02110847271978855,0.0,0.0,0.04865337163209915,0.863132894039154,0.285574346780777,0.0,0.0,0.509784996509552,0.0009865412721410394,0.0,0.0035560044925659895,0.0,1.2009449005126953,0.30265936255455017,0.0,0.0,0.23499737679958344,0.04889153689146042,0.0,0.7649177312850952,0.0,0.0,0.0,0.0,0.024952275678515434,0.1094878539443016,0.08693233132362366,0.1737070232629776,0.030324647203087807,0.8394080400466919,0.0,0.03877520561218262,0.0,0.0,0.8962275385856628,0.013357308693230152,0.0,0.23367884755134583,0.28008121252059937,0.09680304676294327,0.8239158391952515,0.0,0.0,0.0,0.0,0.10398153215646744,0.2060699462890625,0.5573480129241943,0.011149889789521694,0.8204668164253235,0.0,0.12019021064043045,0.2124636322259903,0.0,0.020742515102028847,0.012630989775061607,0.0,0.0,0.0,0.0,0.0,0.0020231653470546007,0.0008421839447692037,0.3281800150871277,0.1096607968211174,0.7776158452033997,0.0,0.31718358397483826,0.6373356580734253,0.0,0.08381611108779907,0.5517266392707825,0.0,0.029018227010965347,0.0,0.0,0.0,0.03063669241964817,0.02573554217815399,0.0,0.4344276189804077,0.0030014992225915194,0.011209092102944851,0.0,0.892559289932251,0.44275838136672974,0.034284669905900955,0.3003927767276764,0.28880107402801514,0.00024700205540284514,0.28658926486968994,0.061447568237781525,0.0,0.0,0.0,1.099347710609436,0.0,0.001245227176696062,0.03902974724769592,0.0,0.0,0.0,0.0,0.013753063976764679,0.0,0.03464912250638008,0.0,0.8918401002883911,0.08138201385736465,0.08713257312774658,0.02270696870982647,0.07310900837182999,0.544219434261322,0.0,0.0,0.6484411954879761,0.3360390365123749,0.0,0.621476948261261,0.0024727615527808666,0.4337714910507202,0.044861968606710434,0.0,0.11540990322828293,0.0,0.020326660946011543,1.4763914346694946,0.9861167073249817,0.5236881971359253,0.20327894389629364,0.0,0.009984523057937622,0.0,0.00389877799898386,0.4789929986000061,0.0,0.027494143694639206,0.5249226689338684,0.0,0.0,0.584367036819458,0.31529656052589417,0.02047247439622879,0.0,0.0,0.0,0.3155219256877899,0.18434230983257294,0.7010661959648132,0.0,0.0021418051328510046,0.25001099705696106,0.21135397255420685,0.16368333995342255,0.3006960451602936,0.002022149972617626,0.0,0.0,0.6620597839355469,0.007338314782828093,0.01444399543106556,0.2242066115140915,0.11454814672470093,0.0,0.006280526518821716,0.4398556649684906,0.0,0.009850467555224895,0.01355209480971098,0.0,0.029359210282564163,0.002865022514015436,0.0,0.008065898902714252,0.04125101491808891,0.22342093288898468,0.15631404519081116,0.0,0.0,0.5896819829940796,0.051792412996292114,0.03436441347002983,0.020618952810764313,0.3704442083835602,0.0,0.03597940132021904,0.2675250470638275,0.03427460417151451,0.024952037259936333,0.41178885102272034,0.06738121807575226,0.0063053942285478115,0.45375940203666687,0.1704915314912796,0.24578538537025452,0.06500820815563202,0.14888985455036163,0.37461671233177185,0.365071564912796,0.00728614954277873,0.0,0.08387341350317001,0.049301937222480774,0.024698102846741676,0.33403024077415466,0.0024955717381089926,0.04790530726313591,0.0,0.6341126561164856,1.0662723779678345,0.47533494234085083,0.07243207842111588,0.0,0.0,0.29114994406700134,0.0,0.0,0.030841363593935966,0.003048443468287587,0.11773202568292618,0.39951276779174805,0.3035438358783722,0.2064230740070343,0.0,0.2849150598049164,0.35565266013145447,0.1292908489704132,0.0032504878472536802,0.16454321146011353,0.027914052829146385,0.05700276419520378,0.07382573932409286,0.09183510392904282,0.0,0.004968573804944754,0.16115079820156097,0.15292750298976898,0.036931272596120834,0.006592522840946913,0.4098944365978241,0.4637494683265686,0.23136471211910248,0.1696758270263672,0.17911551892757416,0.13305436074733734,0.19771039485931396,0.0,0.3549935817718506,0.6166591644287109,0.0,0.0038551469333469868,0.0,0.12752480804920197,0.4324106276035309,0.0,0.23713107407093048,0.27916571497917175,0.35417088866233826,0.13047058880329132,0.20352843403816223,0.13989180326461792,0.0,0.011352458968758583,0.10612738132476807,0.127827450633049,0.32633140683174133,0.511719822883606,0.0,0.1708398014307022,0.1291632205247879,0.08304929733276367,0.05834691599011421,0.0,0.5261316299438477,0.21322683990001678,0.0,0.0,0.011463630944490433,0.0,0.28547045588493347,0.019630268216133118,0.0,0.0,0.0010322887683287263,0.3106068968772888,0.07316531985998154,0.054214298725128174,0.3361462354660034,0.0,0.0,0.2943195402622223,0.03190044313669205,0.0,0.0,0.10404369980096817,0.0,0.1476890742778778,0.005969866644591093,0.2932624816894531,0.01536628883332014,0.09134518355131149,0.0,0.0,0.40263253450393677,0.020653344690799713,0.0,0.0,0.8684978485107422,0.075149767100811,0.018069501966238022,0.010028261691331863,0.042474403977394104,0.4163159430027008,0.22669334709644318,0.17270304262638092,0.0,0.07547541707754135,0.1286180317401886,0.0013771954691037536,0.20559315383434296,0.005333349108695984,0.0,0.06609470397233963,0.004401098471134901,0.02549971640110016,0.02965303137898445,0.781672477722168,0.07660334557294846,0.02138376608490944,0.16806825995445251,0.01080312766134739,0.018513699993491173,0.0,0.042925164103507996,0.12901437282562256,0.04174438863992691,0.01700666919350624,0.2911026179790497,0.46161794662475586,0.0,0.521885335445404,0.0,0.0,0.016904396936297417,0.10552322864532471,0.0,0.1781127154827118,0.4355640411376953,0.22152642905712128,0.1534048169851303,0.09620432555675507,0.2731040120124817,0.11747045814990997,0.0,0.09102772921323776,0.3304016590118408,0.0,0.0018539518350735307,0.03087480179965496,0.0,0.0910230204463005,0.21245895326137543,0.09627927094697952,0.4468301832675934,0.000563003879506141,0.39303451776504517,0.05527415871620178,0.0703425481915474,0.5113773345947266,0.018741104751825333,0.09145786613225937,0.12788067758083344,0.005904513876885176,0.3377918004989624,0.1075432226061821,0.1490030288696289,0.05730927735567093,0.0050107515417039394,0.5648149251937866,0.07215465605258942,0.5766286849975586,0.007657333742827177,0.2248346358537674,0.06827103346586227,0.44339719414711,0.17542152106761932,0.024963874369859695,0.1377827674150467,0.23502187430858612,0.0,0.01472224947065115,0.007736827712506056,0.1735798716545105,0.01623666286468506,0.005489659495651722,0.12048237770795822,0.07032069563865662,0.1927460879087448,0.07577567547559738,0.0,0.0,0.0,0.0,0.394935667514801,0.0,0.0,0.07308560609817505,0.49655094742774963,0.0072781117632985115,0.04997655376791954,0.054081499576568604,0.09324093908071518,0.023699847981333733,0.0,0.07982303202152252,0.19840936362743378,0.4267433285713196,0.1031820997595787,0.12373550236225128,0.05542928725481033,0.13857121765613556,0.0,0.0081739891320467,0.17589424550533295,0.0,0.0,0.8221926093101501,0.5827541947364807,0.23567628860473633,0.2619774043560028,0.003103991039097309,0.0,0.04674599692225456,0.08386930078268051,0.060932695865631104,0.17490558326244354,0.23034024238586426,0.47793886065483093,0.006964626256376505,0.06950539350509644,0.08496613800525665,0.092059426009655,0.1277420073747635,0.0,0.005977871362119913,0.05714227631688118,0.0987311527132988,0.03154429420828819,0.3692677915096283,0.1976015567779541,0.12157999724149704,0.06478565186262131,0.04508867859840393,0.1672758013010025,0.30155593156814575,0.0,0.0,0.0,0.5834159851074219,0.04222734272480011,0.0,0.13078899681568146,0.015999095514416695,6.516608846141025e-05,0.0008677193545736372,0.36801016330718994,0.0,0.0697978213429451,0.05515645816922188,0.0,0.0,0.0,0.0,0.08088347315788269,0.08528579771518707,0.45534548163414,0.030167927965521812,0.00033352835453115404,0.0,0.8161728978157043,0.08773312717676163,0.009732848964631557,0.12119689583778381,0.4307042956352234,0.0,0.2571973204612732,0.12600231170654297,0.23787689208984375,0.02628633752465248,0.5737022757530212,0.015024391934275627,0.025232046842575073,0.15211106836795807,0.40464866161346436,0.06711851805448532,0.22415150701999664,0.4852663576602936,0.6761420369148254,0.22804100811481476,0.0034518481697887182,0.0,0.15875598788261414,0.23177459836006165,0.0,0.2046598345041275,0.024526439607143402,0.10031075030565262,0.0,0.6417112350463867,0.9671289920806885,0.32259729504585266,0.07683305442333221,0.0,0.03525906428694725,0.06855564564466476,0.0,0.0,0.12939190864562988,3.782367639360018e-05,0.0004228701291140169,0.33318573236465454,0.11600535362958908,0.3813996911048889,0.0,0.3289860785007477,0.19069965183734894,0.10867000371217728,0.11338599771261215,0.03914313390851021,0.2783491909503937,0.0,0.06952666491270065,0.031583521515131,0.11141591519117355,0.01867569424211979,0.23696981370449066,0.15460899472236633,0.0063307201489806175,0.055048342794179916,0.3107735514640808,0.39400649070739746,0.3163987696170807,0.17933374643325806,0.007524752989411354,0.01945427618920803,0.26449501514434814,0.0064144800417125225,0.17643120884895325,0.5294776558876038,0.0025157053023576736,0.011661396361887455,0.004897451028227806,0.0026928409934043884,0.16625110805034637,0.0,0.23244349658489227,0.4727012813091278,0.32545211911201477,0.20755036175251007,0.0866454467177391,0.03335433453321457,0.0,0.0,0.11591000109910965,0.13566961884498596,0.28815701603889465,0.3574357032775879,0.0,0.01923832669854164,0.06353286653757095,0.14955425262451172,0.10151554644107819,0.0012109180679544806,0.282131552696228,0.21969927847385406,0.01462544035166502,0.0,0.08914482593536377,0.0,0.3538399934768677,0.0,0.008880232460796833,0.0,0.029646629467606544,0.24355851113796234,0.0,0.08956176787614822,0.14394867420196533,0.0,0.010947139002382755,0.1615271121263504,0.04538210108876228,0.0,0.0,0.4505210518836975,0.0,0.32889413833618164,0.0,0.06626658141613007,0.0009591173729859293,0.0,0.0,0.0,0.5881360173225403,0.12424349784851074,0.0011786663671955466,0.0,0.7009698152542114,0.02381705306470394,0.0,0.0157823096960783,0.013803157955408096,0.8077452778816223,0.25490179657936096,0.019658664241433144,0.0018136677099391818,0.14907307922840118,0.07286465913057327,0.015308603644371033,0.3486258089542389,0.0,0.00020021283125970513,0.023038126528263092,0.005440378561615944,0.005513235926628113,0.13675525784492493,0.40384531021118164,0.09855188429355621,0.005208938382565975,0.44139403104782104,0.0018628869438543916,0.0,0.0,0.0005711461999453604,0.45226824283599854,0.0295844879001379,0.0,0.3909884989261627,0.3295481503009796,0.07544056326150894,0.6581988334655762,0.002943632425740361,0.0,0.0,0.00324766687117517,0.11009758710861206,0.20084722340106964,0.44869890809059143,0.008875085040926933,0.5050129294395447,0.009205793030560017,0.10726215690374374,0.1462392508983612,0.0,0.12266000360250473,0.09166592359542847,0.0,0.0009243629174306989,0.0,0.0,0.008408150635659695,0.08663927018642426,0.006897626910358667,0.3590170443058014,0.0369090810418129,0.5518797039985657,0.005064288154244423,0.13760992884635925,0.553593099117279,0.005648275837302208,0.14499710500240326,0.27493900060653687,0.015033205039799213,0.14536656439304352,0.002648986177518964,0.04366304352879524,0.0,0.03389199450612068,0.289556622505188,0.027793951332569122,0.5163514614105225,0.0,0.06441111862659454,0.007304107304662466,0.6324049234390259,0.33539626002311707,0.09384671598672867,0.23722195625305176,0.14353659749031067,0.0,0.06864374130964279,0.03951677680015564,0.06478440761566162,0.0,0.0026745605282485485,0.5788414478302002,0.0,0.10057258605957031,0.0032098309602588415,0.0,0.0,0.0,0.0,0.24256303906440735,0.0,0.0,0.0030918598640710115,0.6109043955802917,0.00287619442678988,0.016092998906970024,0.04214445501565933,0.09118536859750748,0.1917850375175476,0.0,0.022037962451577187,0.36099591851234436,0.41866037249565125,0.04530157521367073,0.32004669308662415,0.0,0.1802472323179245,0.0018532996764406562,0.01440566498786211,0.0961575135588646,0.0,0.0031257786322385073,1.3002864122390747,0.639339029788971,0.3063164949417114,0.12090173363685608,0.0,0.0063091907650232315,0.03628340736031532,0.024173064157366753,0.1824050098657608,0.06333284825086594,0.15300162136554718,0.48484453558921814,0.002712540328502655,0.012547794729471207,0.33559146523475647,0.20452280342578888,0.08599558472633362,0.0,0.03031962551176548,0.0,0.18553218245506287,0.08290990442037582,0.3720349371433258,0.019710898399353027,0.09279203414916992,0.1686404049396515,-1.00431489944458
139,0.0,0.05932925269007683,0.03235556557774544,0.0,0.0,0.0,0.4257378578186035,0.12299922853708267,0.0,0.008388910442590714,0.09966904670000076,0.011791544035077095,0.0,0.2796831727027893,0.0,0.07691676169633865,0.022831309586763382,0.006025059148669243,0.0,0.0,0.0,0.10844731330871582,0.0,0.41518592834472656,0.029925810173153877,0.0,0.0,0.4514228403568268,0.0,0.0478677898645401,0.020838003605604172,0.23196600377559662,0.0,0.2995498776435852,0.005732339806854725,0.06790250539779663,0.05939936637878418,0.16976574063301086,0.03864775970578194,0.2356370985507965,0.0,0.10571733862161636,0.09973226487636566,0.06740159541368484,0.2783487141132355,0.010238590650260448,0.20389001071453094,0.03689182549715042,0.0,0.09256070852279663,0.054090194404125214,0.0,0.16018980741500854,0.0,0.0074836136773228645,0.020116468891501427,0.04707938805222511,0.5082555413246155,0.056413840502500534,0.01972316950559616,0.0,0.20449398458003998,0.03317580744624138,0.0,0.0,0.0,0.0,0.054270029067993164,0.03645430505275726,0.06392461061477661,0.0,0.0,0.14137892425060272,0.12036502361297607,0.0,0.06896506249904633,0.04189208522439003,0.11077287793159485,0.0,0.13288551568984985,0.042401399463415146,0.052221380174160004,0.0,0.16440095007419586,0.09850500524044037,0.02979953959584236,0.00020233448594808578,0.1325562596321106,0.42232614755630493,0.2994224727153778,0.017817888408899307,0.0,0.05688152834773064,0.10078435391187668,0.009576226584613323,0.002518198685720563,0.3527146577835083,0.0,0.0,0.006228077225387096,0.0,0.15987277030944824,0.0,0.38986116647720337,0.2983805537223816,0.028356505557894707,0.01847221702337265,0.06707514822483063,0.0,0.0,0.0007798081496730447,0.05747596174478531,0.0345136821269989,0.15996187925338745,0.0,0.0,0.030046803876757622,0.009839728474617004,0.035423509776592255,0.016423393040895462,0.00616725068539381,0.008526597172021866,0.0,0.0,0.0,0.3741344213485718,0.0,0.0,0.0,0.0,0.0,0.0627286285161972,0.0,0.034715745598077774,0.007755976635962725,0.0,0.0,0.0,0.0739750936627388,0.014665970578789711,0.0,0.0,0.01847076416015625,0.0,0.10224633663892746,0.02101670578122139,0.0,0.01619229093194008,0.11056739091873169,0.0,0.02128177508711815,0.0774611085653305,0.06893043220043182,0.0,0.0,0.08354371786117554,0.020459916442632675,0.0,0.0030762283131480217,0.00014550425112247467,0.13770577311515808,0.011293429881334305,0.020504171028733253,0.0,0.11047389358282089,0.07048856467008591,0.0,0.03689929470419884,0.0,0.0,0.0,0.0,0.028703683987259865,0.0001472514122724533,0.005170893855392933,0.2030411809682846,0.0,0.014255431480705738,0.0656791478395462,0.04221207648515701,0.0,0.0,0.21820586919784546,0.0,0.013138450682163239,0.04387538507580757,0.18699276447296143,0.0,0.0,0.0,0.0,0.023476066067814827,0.13123877346515656,0.0,0.1273481249809265,0.14131689071655273,0.07225652039051056,0.2146875560283661,0.07822437584400177,0.0,0.07499593496322632,0.0,0.009786216542124748,0.011815031990408897,0.0,0.0,0.004138807766139507,0.0,0.0,5.1342882215976715e-05,0.035829346626996994,0.20922881364822388,0.0,0.17153719067573547,0.014624008908867836,0.06433236598968506,0.3086042106151581,0.00015429779887199402,0.0,0.26426059007644653,0.0,5.7223718613386154e-05,0.0,0.0,0.040289491415023804,0.0,0.07007525861263275,0.0,0.14057625830173492,0.11574726551771164,0.0021488741040229797,0.0,0.26627400517463684,0.08462244272232056,0.13839484751224518,0.05613437294960022,0.0,0.0024886506143957376,0.04421273618936539,0.006888640113174915,0.0,0.02624998614192009,0.0,0.35043856501579285,0.0,0.0012562774354591966,0.05830555409193039,0.0,0.0,0.0,0.0,0.25585922598838806,0.0,0.0,0.0,0.048715632408857346,0.0,0.028681281954050064,0.03992769494652748,0.00938272662460804,0.1051856279373169,0.0,0.0,0.09588617086410522,0.006325313355773687,0.3900904655456543,0.06642946600914001,0.014775997027754784,0.13216336071491241,0.0,0.0,0.06883955001831055,0.019894486293196678,0.0010143090039491653,0.3122558295726776,0.28798726201057434,0.2560153007507324,0.0,0.0,0.0,0.0,0.004075534176081419,0.02595742605626583,0.0512518584728241,0.020625311881303787,0.21556952595710754,0.0,0.007710026111453772,0.346756249666214,0.15731629729270935,0.02281152456998825,0.0,0.0,0.0,0.3107682466506958,0.0,0.41110339760780334,0.08234594762325287,0.03344424068927765,0.005130158271640539,0.0,0.03808306157588959,0.028109757229685783,0.0,0.0,0.0,0.18709449470043182,0.19852685928344727,0.0,0.03458299860358238,0.31601086258888245,0.14217905700206757,0.0,0.2839653193950653,0.3661317527294159,0.05273488909006119,0.0,0.30492955446243286,0.05248473212122917,0.0,0.0,0.29066941142082214,0.0,0.7075783610343933,0.04714532941579819,0.0,0.0,0.47788968682289124,0.0089546674862504,0.048175133764743805,0.0013332441449165344,0.1488374024629593,0.0029499472584575415,0.30678167939186096,0.0,0.0020774591248482466,0.026931194588541985,0.11522897332906723,0.24516136944293976,0.3978058397769928,0.011115162633359432,0.004122751299291849,0.2386426031589508,0.0018956505227833986,0.3188716173171997,0.0,0.14019986987113953,0.03098183311522007,0.0,0.12120186537504196,0.004794736858457327,0.0,0.4768010675907135,0.0,0.0,0.412319153547287,0.0,0.5401057004928589,0.055036336183547974,0.0,0.0,0.24887175858020782,0.024745432659983635,0.2413603812456131,0.0,0.0,0.0,0.7328022122383118,0.023274371400475502,0.007992248050868511,0.0,0.0,0.0918307825922966,0.4934772551059723,0.0,0.1326923817396164,0.2058718204498291,0.16761234402656555,0.0,0.11536935716867447,0.07140150666236877,0.0,0.0,0.23506303131580353,0.7126396894454956,0.024243189021945,0.0,0.09860844165086746,0.6504210829734802,0.2348146289587021,0.045204270631074905,0.4765815734863281,0.02778920903801918,0.03283197805285454,0.0006661549559794366,0.017395976930856705,0.22883081436157227,0.0,0.0,0.18587596714496613,0.2077629566192627,0.28263217210769653,0.0,0.6962273716926575,0.25209274888038635,0.0005387944984249771,0.01229921169579029,0.16018836200237274,0.0,0.0,0.4402637481689453,0.023964568972587585,0.014835494570434093,0.2288602590560913,0.00021576658764388412,0.0,0.036857616156339645,0.36723047494888306,0.0,0.021908005699515343,0.4239423871040344,0.026091773062944412,0.0,0.016779186204075813,0.2553010582923889,0.4062531590461731,0.0,0.0,0.4157927930355072,0.0,0.0,0.197463721036911,0.0,0.01350319106131792,0.0,0.0,0.015595239587128162,0.0,0.044274721294641495,0.0,0.0,0.00962813850492239,0.0,0.0,0.138052836060524,0.04460078850388527,0.0,0.008022555150091648,0.11492651700973511,0.0,0.0,0.0775269940495491,0.02631484344601631,0.0,0.0,0.07465993613004684,0.015253523364663124,0.0,0.0,0.0,0.29373684525489807,0.0,0.036212075501680374,0.0,0.0032541656401008368,0.09605933725833893,0.0,0.0,0.21947155892848969,0.0,0.00018790514150168747,0.016469351947307587,0.011169638484716415,0.0,0.00933572556823492,0.503085732460022,0.0,0.005641463678330183,0.1646849364042282,0.026057545095682144,0.004324119072407484,0.007903127931058407,0.13361093401908875,0.004212221596390009,0.026786107569932938,0.005700035952031612,0.05461648106575012,0.0,0.0,0.0,0.0,0.5211782455444336,0.16167621314525604,0.0,0.14324438571929932,0.3109000027179718,0.024531327188014984,0.31857967376708984,0.5024561285972595,0.0,0.11003141850233078,0.0,0.0,0.009622626006603241,0.0,0.0,0.0,0.4406033456325531,0.2682037353515625,0.0,0.14556638896465302,0.13709472119808197,0.0,0.00746565917506814,0.40608343482017517,0.06045098230242729,0.07970347255468369,0.0,0.0,0.5058687925338745,0.0,0.01854676753282547,0.10396770387887955,0.0,0.04450566694140434,0.005125170107930899,0.08650711923837662,0.38639554381370544,0.021686043590307236,0.4958049952983856,0.007456738501787186,0.011334389448165894,0.36218294501304626,0.01229157205671072,0.2761365473270416,0.04671480879187584,0.0,0.0,0.0156775563955307,0.02119634486734867,0.0,0.005494222044944763,0.0026017487980425358,0.3150496780872345,0.2023431807756424,0.18662479519844055,0.04873111471533775,0.0,0.0,0.0,0.0,0.4547695219516754,0.0,0.0,0.002473641885444522,0.020164167508482933,0.0,0.03186710551381111,0.0,0.0035463664680719376,0.02423185668885708,0.17439596354961395,0.04868466407060623,0.03742406889796257,0.0,0.968599259853363,0.0128690330311656,0.1982201337814331,0.08625166118144989,0.0,0.0,0.06260501593351364,0.28119736909866333,0.0,0.1029016375541687,0.06600619852542877,0.1295957863330841,0.0,0.23936787247657776,0.0,0.25978273153305054,0.015528731048107147,0.00873527955263853,0.44633179903030396,0.001961872912943363,0.20786559581756592,0.0,0.0,0.5748993754386902,0.22975924611091614,0.022627711296081543,0.0,0.0,0.2753615975379944,0.47140389680862427,0.0,0.32213497161865234,0.36742502450942993,0.2468881607055664,0.0014882341492921114,0.026791982352733612,0.042254384607076645,0.011165251024067402,0.0,0.0,0.0,0.3099944293498993,0.174360990524292,0.0,0.0198553167283535,0.15362384915351868,0.11571213603019714,0.0,0.3645660877227783,0.1758614480495453,0.027374107390642166,0.023305105045437813,0.07776734232902527,0.022472519427537918,0.0,0.0,0.1838204711675644,0.0,0.4713417589664459,0.04487794265151024,0.0,0.0,0.5498906373977661,0.002612518845126033,0.04987182468175888,0.009269002825021744,0.2730778753757477,0.0,0.2904433012008667,0.011411614716053009,0.025866571813821793,0.01542467251420021,0.088617242872715,0.1698540300130844,0.3444927930831909,0.05198806896805763,0.06575431674718857,0.15544982254505157,0.011281880550086498,0.3066500127315521,0.005954113323241472,0.24681396782398224,0.010084354318678379,0.0,0.05525386333465576,7.97457541921176e-05,0.0,0.4747390151023865,0.0,0.0,0.20712707936763763,0.006644885521382093,0.7127264738082886,0.10437332093715668,0.04639870300889015,0.0,0.24984878301620483,0.1602528840303421,0.10626370459794998,0.0,0.0,0.0,0.46625134348869324,0.15069760382175446,0.14980430901050568,0.0,0.0,0.09483571350574493,0.4062187373638153,0.0,0.13620789349079132,0.11871644854545593,0.0797765702009201,0.0,0.12517069280147552,0.03444536402821541,0.0,0.0,0.20189790427684784,0.3124029040336609,0.022042810916900635,0.0,0.26912274956703186,0.5134420394897461,0.2655307352542877,0.026822233572602272,0.18289265036582947,0.03631429001688957,0.02507675439119339,0.010029913857579231,0.006077743135392666,0.4451902210712433,0.0,0.0,0.1507156938314438,0.07552926987409592,0.35780707001686096,0.0,0.2898625135421753,0.2936931550502777,0.0,0.0061025372706353664,0.08967985957860947,0.002568209543824196,0.0,0.2701776921749115,0.03806636109948158,0.008060461841523647,0.21334446966648102,0.006770963314920664,0.0,0.06876227259635925,0.13176508247852325,0.005524433683604002,0.002434298861771822,0.26177263259887695,0.041607022285461426,0.00110239430796355,0.0,0.16272728145122528,0.304684579372406,0.0,0.0,0.15471471846103668,0.0,0.0,0.1713200807571411,0.0,0.017454862594604492,0.0,0.04647847265005112,0.003007333492860198,0.0,0.07697951793670654,0.0007255125674419105,0.0,0.0006031870725564659,0.0010316860862076283,0.0,0.05202620103955269,0.013593282550573349,0.0003795720112975687,0.0005209093214944005,0.07097826898097992,0.0,0.0,0.03479176387190819,0.03170613572001457,0.0,0.0,0.05651872232556343,0.030225519090890884,0.0,0.0,0.0020968804601579905,0.15027551352977753,0.0009857170516625047,0.03375634178519249,0.0,0.0828126072883606,0.14393579959869385,0.0007563243270851672,0.00381156662479043,0.04469062387943268,0.0,0.0,0.007179412059485912,0.013758121989667416,0.0,0.15144193172454834,0.2640533149242401,0.0,0.0,0.11174845695495605,0.020261971279978752,0.0009015912655740976,0.000803394359536469,0.08236917853355408,0.001446253270842135,0.006122953724116087,0.08624787628650665,0.19499970972537994,0.0,0.0,0.0,0.0,0.2774745225906372,0.191942036151886,0.0,0.22528907656669617,0.12328530848026276,0.04673604294657707,0.12344881892204285,0.2514611482620239,0.0,0.046497996896505356,0.0,0.0,0.03591910004615784,0.0,0.0,0.0013552206801250577,0.21951483190059662,0.08550205081701279,0.001281260745599866,0.19921435415744781,0.245176762342453,0.0,0.03175458684563637,0.22311192750930786,0.032929446548223495,0.20875851809978485,0.0,0.0,0.35472044348716736,0.0,0.03981288895010948,0.012019798159599304,0.0,0.037849780172109604,0.0,0.0540427602827549,0.12883473932743073,0.20516522228717804,0.24215666949748993,0.039170969277620316,0.0,0.26022085547447205,0.009636004455387592,0.3188502788543701,0.030640823766589165,0.0,0.0,0.016506925225257874,0.033766016364097595,0.0,0.0,0.0,0.18708640336990356,0.05658278986811638,0.10888813436031342,0.020716825500130653,0.0,0.0,0.0,0.0,0.47596874833106995,0.0,0.0,0.0,0.00486590713262558,0.0,0.014933165162801743,0.00679987296462059,0.0,0.029152236878871918,0.04545552656054497,0.001026030513457954,0.027533182874321938,0.0,0.7480483651161194,0.013723555020987988,0.040025003254413605,0.05759093165397644,0.0,0.0,0.05094948410987854,0.2259395569562912,0.0,0.14395226538181305,0.20399226248264313,0.1278732568025589,0.0,0.039188917726278305,0.0,0.0894024521112442,0.0027486716862767935,0.01182793453335762,0.17104600369930267,0.008219821378588676,0.25718802213668823,0.0,0.0,0.42972302436828613,0.2561507225036621,0.024085836485028267,0.0,0.0,0.15379834175109863,0.3332708477973938,0.0,0.30661603808403015,0.30112317204475403,0.0769440233707428,0.0,-1.075360655784607
140,0.13936327397823334,0.1309492290019989,0.032940126955509186,0.0,0.0,0.0,0.5419316291809082,0.044997427612543106,0.0,0.014592571184039116,0.032134875655174255,0.004197488538920879,0.0,0.32512497901916504,0.0,0.11213452368974686,0.053034573793411255,0.0,0.0,0.0,0.0,0.05965689942240715,0.0004904571687802672,0.2439228892326355,0.02040197141468525,0.0,0.0,0.5132509469985962,0.005691395606845617,0.08456170558929443,0.11467558145523071,0.3044714629650116,0.0,0.27589040994644165,0.08881299197673798,0.054374177008867264,0.0076985848136246204,0.2167614847421646,0.000980227836407721,0.0712294951081276,0.053150564432144165,0.16897551715373993,0.06976804882287979,0.0922950878739357,0.17511239647865295,0.19375599920749664,0.30268171429634094,0.035089362412691116,0.0,0.050484199076890945,0.17154592275619507,0.0,0.14898502826690674,0.011591779068112373,0.04159216210246086,0.0,0.2930511236190796,0.7720446586608887,0.230872243642807,0.07228634506464005,0.0,0.07470846176147461,0.1432105153799057,0.0,0.0,0.006553442683070898,0.0,0.0,0.22973498702049255,0.15209649503231049,0.047578904777765274,0.0,0.18698573112487793,0.16158148646354675,0.07895325124263763,0.04326494410634041,0.005984650459140539,0.06569289416074753,0.0,0.1667466014623642,0.008754666894674301,0.0586390420794487,0.0,0.14728467166423798,0.004209202714264393,0.0,0.052361879497766495,0.29221445322036743,0.32684215903282166,0.4045376479625702,0.045828063040971756,0.0,0.024281492456793785,0.08179768174886703,0.0009505481575615704,0.022092092782258987,0.5990543365478516,0.0,0.006803023628890514,0.0,0.0,0.3705189526081085,0.0,0.25928235054016113,0.42242541909217834,0.2633841633796692,0.04842107370495796,0.009328993037343025,0.010234924964606762,0.0,0.0,0.0757550448179245,0.056202612817287445,0.2691839337348938,0.07780871540307999,0.0,0.03574236109852791,0.0,0.08335167169570923,0.021126212552189827,0.0,0.06268658488988876,0.0,0.007107339333742857,0.0,0.29787173867225647,0.0,0.027969038113951683,0.0,0.031887397170066833,0.0,0.15716135501861572,0.032787639647722244,0.0028404805343598127,0.04282999038696289,0.1535758227109909,0.0,0.0,0.03209878131747246,0.0052841342985630035,0.0,0.0,0.01356243621557951,0.0,0.17132370173931122,0.0,0.04769638180732727,0.0,0.0,0.0,0.05085763335227966,0.15812772512435913,0.10888223350048065,0.0,0.0,0.3315962553024292,0.029835056513547897,0.0,0.03244197368621826,0.037380628287792206,0.314084529876709,0.23315203189849854,0.01127532683312893,0.0,0.13442353904247284,0.12560470402240753,0.0,0.18775396049022675,0.0,0.0,0.0029395318124443293,0.006274789106100798,0.015685349702835083,0.030371537432074547,0.25749948620796204,0.1409214735031128,0.02762984298169613,0.15047869086265564,0.0,0.021012669429183006,0.00032067569554783404,0.0,0.22331182658672333,0.0009397715330123901,0.0,0.20021231472492218,0.33857202529907227,0.0,0.0858248695731163,0.0,0.0,0.0,0.136429563164711,0.0028156705666333437,0.2817785441875458,0.11333531141281128,0.026592008769512177,0.21257689595222473,0.0,0.04629065841436386,0.13894441723823547,0.0,0.03996657952666283,0.09383060783147812,0.0,0.0,0.0,0.0,0.0,0.08951332420110703,0.0598008818924427,0.3814164996147156,0.051579877734184265,0.269925594329834,0.0,0.06194847449660301,0.4124361574649811,0.0,0.031630609184503555,0.2662738561630249,0.0,0.0719030499458313,0.0,0.0002740018826443702,0.019981587305665016,0.0,0.057966023683547974,0.0,0.3916202187538147,0.0,0.01986951008439064,0.0,0.34570854902267456,0.08772935718297958,0.07740967720746994,0.1548805832862854,0.04965906962752342,0.0,0.03874381631612778,0.09073533117771149,0.04935232177376747,0.0,0.0,0.3514971137046814,0.0,0.019741440191864967,0.05801594257354736,0.0,0.0,0.0,0.0,0.2989087700843811,0.0,0.0,0.010606723837554455,0.16359204053878784,0.0,0.07818112522363663,0.06165275350213051,0.00839863158762455,0.15542232990264893,0.0,0.0,0.19000829756259918,0.21569298207759857,0.10871965438127518,0.11954641342163086,0.0,0.19036974012851715,0.0018626308301463723,0.014529015868902206,0.08962477743625641,0.0,0.0,0.3292722702026367,0.6195824146270752,0.22882860898971558,0.07417351007461548,0.0,0.0,0.0,0.004225010517984629,0.012830684892833233,0.010045546106994152,0.05343419313430786,0.4802052974700928,2.3543834686279297e-05,0.06928496807813644,0.23774221539497375,0.16877882182598114,0.029411837458610535,0.0,0.006448511499911547,0.0,0.22850167751312256,0.0,0.557099461555481,0.046184953302145004,0.00124164333101362,0.025760721415281296,0.2500429153442383,0.0638703852891922,0.013276522979140282,0.0,0.0,0.0,0.335460901260376,0.049788158386945724,0.016848094761371613,0.01959373988211155,0.1192018985748291,0.11472751200199127,0.0,0.22303742170333862,0.275554895401001,0.0,0.011928926222026348,0.1315649449825287,0.08957014977931976,0.0,0.02314114011824131,0.05358079448342323,0.0,0.2887517809867859,0.26961269974708557,0.0,0.0,0.3938469886779785,0.0,0.024858009070158005,0.0,0.31233859062194824,0.0003373372310306877,0.15237268805503845,0.10395126044750214,0.0,0.02825348637998104,0.04021443799138069,0.08813821524381638,0.1840033382177353,0.3005979061126709,0.012325461022555828,0.21747583150863647,0.006009830627590418,0.13705050945281982,0.0,0.30970993638038635,0.0,0.0,0.1713206022977829,0.008313809521496296,0.0,0.7282446026802063,0.0,0.0,0.20541594922542572,0.013050656765699387,0.7356860637664795,0.1978560835123062,0.016076266765594482,0.0,0.05456430837512016,0.27335992455482483,0.11752321571111679,0.0,0.0,0.0,0.6495761871337891,0.28292107582092285,0.23540566861629486,0.0,0.0,0.0951356366276741,0.87591552734375,0.0,0.011612892150878906,0.2339518815279007,0.0,0.0,0.16672880947589874,0.11369683593511581,0.0,0.00036079506389796734,0.1806754320859909,0.3276730477809906,0.05284794420003891,0.0,0.4302669167518616,0.6218665242195129,0.29355674982070923,0.07273878157138824,0.37453848123550415,0.10167412459850311,0.0,0.00668615847826004,0.18335746228694916,0.4867174029350281,0.0,0.0,0.035921595990657806,0.35149332880973816,0.536053478717804,0.0,0.31586953997612,0.1929216831922531,0.0,0.015755467116832733,0.29121696949005127,0.001494853408075869,0.0,0.37530675530433655,0.10510722547769547,0.0,0.20799696445465088,0.1065419390797615,0.007077335380017757,0.1708323061466217,0.3270508050918579,0.0,0.008606871590018272,0.21753911674022675,0.2720661759376526,0.0,0.0,0.1955406665802002,0.08650822192430496,0.0,0.0010077859042212367,0.2563461661338806,0.0,0.0,0.1235080361366272,0.005301470868289471,0.06921247392892838,0.0014578565023839474,0.25411954522132874,0.06033007800579071,0.0,0.19352535903453827,0.00040933964191935956,0.0,0.0,0.0,0.0,0.006377942394465208,0.04870814085006714,0.10578322410583496,0.02078287862241268,0.21005618572235107,0.0,0.0,0.02132727950811386,0.005392902530729771,0.0,0.0,0.13515642285346985,0.03502452000975609,0.0085755018517375,0.0,0.0,0.012197330594062805,0.01801108941435814,0.11926230043172836,0.0,0.010834737680852413,0.190739706158638,0.0,0.0,0.20849807560443878,0.0,0.06149435043334961,0.194657564163208,0.006038543302565813,0.0,0.5568512082099915,0.2211374044418335,0.0,0.011748124845325947,0.15001870691776276,0.032415203750133514,0.02200070209801197,0.0011994927190244198,0.08872040361166,0.004859786480665207,0.04872555658221245,0.10332979261875153,0.25541579723358154,0.0,0.0,0.0,0.0,0.5019413232803345,0.4043756425380707,0.0,0.2039462924003601,0.039559438824653625,0.13154399394989014,0.052669938653707504,0.44153380393981934,0.0,0.0824648067355156,0.0,0.005600187927484512,0.2277863770723343,0.012270423583686352,0.0,0.0857437252998352,0.5047435760498047,0.20843666791915894,0.04430871084332466,0.25779929757118225,0.5319267511367798,0.0,0.0,0.17708635330200195,0.034176524728536606,0.13577845692634583,0.0,0.0,0.1851639300584793,0.0,0.1314733922481537,0.2327018678188324,0.007826641201972961,0.18963861465454102,0.004223279654979706,0.4379979968070984,0.1710011512041092,0.31821128726005554,0.2796030640602112,0.09001155942678452,0.21803900599479675,0.10892681032419205,0.002505057957023382,0.06594624370336533,0.035082537680864334,0.0,0.0,0.0,0.02697053551673889,0.003304495243355632,0.0025778908748179674,0.013915243558585644,0.03129402920603752,0.21776752173900604,0.1900121569633484,0.05986658111214638,0.0031792446970939636,0.0,0.007395695894956589,0.0,0.7434573173522949,0.0,0.0,0.07460236549377441,0.0,0.0,0.016842026263475418,0.0071949041448533535,0.0,0.004167447332292795,0.19811606407165527,0.12371603399515152,0.01365527044981718,0.0,0.9271535277366638,0.0,0.06858193874359131,0.06732801347970963,0.0,0.0,0.17549438774585724,0.22491100430488586,0.0,0.061167020350694656,0.21867959201335907,0.0853915736079216,0.0,0.15760159492492676,0.0,0.256428986787796,0.02494940161705017,0.0,0.41839471459388733,0.012825747020542622,0.2629847228527069,0.0,0.0,0.18316690623760223,0.06727590411901474,0.02873341739177704,0.0,0.0,0.4921342730522156,0.21688398718833923,0.0,0.12653911113739014,0.6669278740882874,0.035688616335392,0.0030347537249326706,0.20125101506710052,0.08419596403837204,0.0012164897052571177,0.0,0.005161918234080076,0.0,0.4318360984325409,0.09312441200017929,0.011054732836782932,0.03729177266359329,0.08206157386302948,0.08805547654628754,0.0,0.2871531546115875,0.13227780163288116,0.032283663749694824,0.034422170370817184,0.035383209586143494,0.0064573148265480995,0.0,0.0,0.10228234529495239,0.0,0.32198789715766907,0.06255543977022171,0.0,0.0,0.5309957265853882,0.017624417319893837,0.024213751778006554,0.055727142840623856,0.3491666316986084,0.0,0.20330245792865753,0.08071928471326828,0.016719883307814598,0.0,0.08539897948503494,0.09443704783916473,0.19512717425823212,0.18842123448848724,0.14353998005390167,0.13149268925189972,0.03708990663290024,0.21252582967281342,0.0041340431198477745,0.29502350091934204,0.011784607544541359,0.0022062540519982576,0.09723147749900818,0.08009418100118637,0.0030524979811161757,0.5228949785232544,0.000878305931109935,0.0010992336319759488,0.07571610063314438,0.0811706930398941,0.788025438785553,0.22261156141757965,0.08227423578500748,0.0,0.1566862314939499,0.24952709674835205,0.08156880736351013,0.004348199348896742,0.0033815745264291763,0.0,0.30938413739204407,0.3090454936027527,0.2242223024368286,0.0016012754058465362,0.00015947577776387334,0.07240437716245651,0.4874328374862671,0.00431653019040823,0.10262500494718552,0.1364884078502655,0.03327583149075508,0.0,0.11884142458438873,0.0425463542342186,0.0028575619217008352,0.0,0.1975090205669403,0.1481921225786209,0.011660623364150524,0.019856814295053482,0.4435800313949585,0.4854908883571625,0.29882314801216125,0.03098429925739765,0.11071451753377914,0.039394181221723557,0.05918199196457863,0.035034727305173874,0.12436939775943756,0.5967597961425781,0.0,0.010176836512982845,0.07148630172014236,0.09326841682195663,0.5118100643157959,0.0,0.27068769931793213,0.28806328773498535,0.030963262543082237,0.018721895292401314,0.09957267343997955,0.013862916268408298,0.0,0.16096948087215424,0.05680025368928909,0.003886851714923978,0.29027464985847473,0.11555876582860947,0.0,0.08602387458086014,0.12027382105588913,0.014887381345033646,0.022397717460989952,0.1716078519821167,0.16487941145896912,0.016635365784168243,0.0,0.09284836798906326,0.11388600617647171,0.0038589476607739925,0.04545409977436066,0.08173756301403046,0.0,0.008718516677618027,0.1796461045742035,0.013809582218527794,0.03216886147856712,0.03492925316095352,0.2415047585964203,0.014359405264258385,2.6612055080477148e-05,0.0767223984003067,0.030097566545009613,0.0,0.0,0.0,0.0025400829035788774,0.057247571647167206,0.0,0.09519349038600922,0.0,0.0049531590193510056,9.94106158032082e-05,0.012967881746590137,0.06041456386446953,0.044406257569789886,0.0019083766965195537,0.0,0.2109208106994629,0.06582026183605194,0.0,0.0019210590980947018,0.036091115325689316,0.10840341448783875,0.09903950989246368,0.01819736324250698,0.009138131514191628,0.12048846483230591,0.17706766724586487,0.0,0.022851336747407913,0.011654241941869259,0.0,0.04890153557062149,0.16444934904575348,0.009285726584494114,0.0012445433530956507,0.4488499164581299,0.2011422961950302,0.0,0.03973642736673355,0.05293719097971916,0.01346746925264597,0.016573194414377213,0.045876916497945786,0.14583170413970947,0.0072729624807834625,0.003014618530869484,0.2099548578262329,0.31932562589645386,0.0,0.0,0.0,0.006550715770572424,0.19862495362758636,0.27002984285354614,0.003919372800737619,0.2020348608493805,0.07621843367815018,0.032464735209941864,0.12274882942438126,0.1305161714553833,0.0,0.09021458029747009,0.0,0.021345380693674088,0.12662237882614136,0.014631574973464012,0.003060499206185341,0.007212802302092314,0.2891080379486084,0.0344017930328846,0.04635034129023552,0.20445837080478668,0.4972653388977051,0.004109890665858984,0.011147919110953808,0.0994362160563469,0.00986793078482151,0.23984023928642273,0.02125140093266964,0.005025029182434082,0.233230322599411,0.0011626847553998232,0.11799478530883789,0.030452782288193703,0.002482581650838256,0.06257777661085129,0.020117929205298424,0.2358367145061493,0.09017127007246017,0.39130160212516785,0.09351396560668945,0.03842254728078842,0.14176693558692932,0.23006939888000488,0.03610102832317352,0.15121808648109436,0.07903475314378738,0.0,0.0,0.017520945519208908,0.042544666677713394,0.023808646947145462,0.0,0.00941572617739439,0.17764703929424286,0.03994382172822952,0.11184508353471756,0.005051886197179556,0.0,0.0,0.013449259102344513,0.0,0.5779485702514648,0.0,0.0,0.03299146518111229,0.04846024513244629,0.0,0.03879766911268234,0.06022927537560463,0.020195763558149338,0.07101606577634811,0.07649645954370499,0.008423542603850365,0.04774551838636398,0.029667457565665245,0.6302822232246399,0.025667238980531693,0.0012779569951817393,0.058651335537433624,0.0,0.0,0.10924620926380157,0.14998510479927063,0.002017088234424591,0.2744083106517792,0.36411234736442566,0.11452340334653854,0.00019696532399393618,0.04717269912362099,0.0,0.05466374009847641,0.025079650804400444,0.0,0.20850257575511932,0.09154792875051498,0.3492219150066376,0.006245115306228399,0.005346875172108412,0.18579219281673431,0.16041694581508636,0.04794161766767502,0.0,0.0,0.15557798743247986,0.26944291591644287,0.0,0.2516297399997711,0.3509214520454407,0.023870162665843964,0.010748619213700294,-0.3616620600223541
141,0.22094476222991943,0.14054520428180695,0.09013261646032333,0.0,0.0,0.0,0.6588271260261536,0.03160395100712776,0.0,0.020282255485653877,0.030668985098600388,4.8391182644991204e-05,0.0,0.378491073846817,0.0,0.1291886866092682,0.06406199187040329,0.0,0.0,0.0,0.0,0.04763749614357948,0.0003955448919441551,0.17513398826122284,0.01570470817387104,0.0,0.0,0.5239138603210449,0.009133611805737019,0.11950044333934784,0.1729031205177307,0.3255641460418701,0.0,0.2711847126483917,0.09746825695037842,0.07384435087442398,0.0,0.27858608961105347,0.0014014645712450147,0.04736912250518799,0.10500334948301315,0.19752764701843262,0.0965365543961525,0.14179392158985138,0.16406172513961792,0.3161715269088745,0.368338018655777,0.055773310363292694,0.0,0.057086799293756485,0.2257363200187683,0.0,0.10150031745433807,0.025044431909918785,0.04974522069096565,0.0,0.37102070450782776,0.9085069298744202,0.3089969754219055,0.10204744338989258,0.0,0.03075166791677475,0.1935710459947586,0.0,0.0,0.026142865419387817,0.0,0.0,0.2858754098415375,0.19732236862182617,0.13593867421150208,0.0,0.23975789546966553,0.08821187168359756,0.11395858973264694,0.03317858278751373,0.004298361949622631,0.07485201954841614,0.0,0.17212708294391632,0.0,0.1020430475473404,0.0,0.13918602466583252,0.003818890079855919,0.0,0.0660281553864479,0.35816606879234314,0.27159711718559265,0.47343194484710693,0.06052437797188759,0.0,0.023132864385843277,0.09661015123128891,0.0,0.017151296138763428,0.683111846446991,0.0,0.006811114493757486,0.0,0.0,0.381049245595932,0.0,0.2429874837398529,0.5291200876235962,0.4083310067653656,0.07440757006406784,0.0018404468428343534,0.04264454543590546,0.0,0.0,0.10005410760641098,0.09563950449228287,0.3020831346511841,0.158161923289299,0.0,0.041728902608156204,0.0,0.11698582023382187,0.03499315679073334,0.0,0.09543427079916,0.0,0.015206818468868732,0.0,0.24782127141952515,0.0,0.0501696951687336,0.0,0.04587603360414505,0.0,0.13304241001605988,0.08093365281820297,0.0,0.05981432646512985,0.2590380311012268,0.0,0.0,0.05880764499306679,0.017418095842003822,0.0,0.0,0.04267056658864021,0.0,0.2592597007751465,0.0,0.10746940970420837,0.0004739375435747206,0.0,0.0,0.06556162983179092,0.2338898479938507,0.13459709286689758,0.0,0.0,0.4282986521720886,0.008946042507886887,0.0,0.03916550800204277,0.06340761482715607,0.47576290369033813,0.34863853454589844,0.017108643427491188,0.0,0.17082755267620087,0.16946418583393097,0.0,0.30623140931129456,0.0,0.0,0.000395260751247406,0.004878504201769829,0.036664947867393494,0.04120807722210884,0.37681856751441956,0.11775359511375427,0.030656814575195312,0.2588388919830322,0.0,0.013618293218314648,0.0,0.0,0.2694055438041687,0.00976558867841959,0.0,0.31513792276382446,0.39880311489105225,0.0,0.20581138134002686,0.0,0.0,0.0,0.15206921100616455,0.00962871965020895,0.33797529339790344,0.11150622367858887,0.027154812589287758,0.23265770077705383,0.0,0.062419675290584564,0.16966550052165985,0.0,0.04936261847615242,0.08863583952188492,0.0,0.0,0.0,0.0,0.0,0.10591818392276764,0.05489668250083923,0.44872844219207764,0.07953664660453796,0.3567698001861572,0.0,0.0658046081662178,0.5147473812103271,0.0,0.06095756217837334,0.30114734172821045,0.0,0.09896978735923767,0.0,0.0,0.013136133551597595,0.0,0.05813196673989296,0.0,0.45586490631103516,0.0,0.045702382922172546,0.0,0.39402005076408386,0.10609857738018036,0.037652403116226196,0.19468587636947632,0.08198626339435577,0.0,0.0875866636633873,0.16983669996261597,0.07651930302381516,0.0,0.0,0.43078458309173584,0.0,0.01758643239736557,0.041931867599487305,0.0,0.0,0.0,0.0,0.23852965235710144,0.0,0.0,0.01029555220156908,0.2641388475894928,0.0,0.10598953813314438,0.06739082932472229,0.008337886072695255,0.1966341733932495,0.0,0.0,0.2588692903518677,0.2941206693649292,0.031080832704901695,0.2026253193616867,0.0,0.2693580687046051,0.003598752897232771,0.024133136495947838,0.08557991683483124,0.0,0.0,0.39627817273139954,0.785223662853241,0.2727339267730713,0.13424012064933777,0.0,0.0,0.0,0.011498001404106617,0.030290033668279648,0.006917781196534634,0.06586119532585144,0.5442156195640564,0.0,0.09026734530925751,0.23580262064933777,0.1912364363670349,0.045507654547691345,0.0011794420424848795,0.011645256541669369,0.0,0.20276668667793274,0.018214184790849686,0.6153550148010254,0.03174259141087532,2.8369440769893117e-05,0.048023808747529984,0.2500429153442383,0.0638703852891922,0.013276522979140282,0.0,0.0,0.0,0.335460901260376,0.049788158386945724,0.016848094761371613,0.01959373988211155,0.1192018985748291,0.11472751200199127,0.0,0.22303742170333862,0.275554895401001,0.0,0.011928926222026348,0.1315649449825287,0.08957014977931976,0.0,0.02314114011824131,0.05358079448342323,0.0,0.2887517809867859,0.26961269974708557,0.0,0.0,0.3938469886779785,0.0,0.024858009070158005,0.0,0.31233859062194824,0.0003373372310306877,0.15237268805503845,0.10395126044750214,0.0,0.02825348637998104,0.04021443799138069,0.08813821524381638,0.1840033382177353,0.3005979061126709,0.012325461022555828,0.21747583150863647,0.006009830627590418,0.13705050945281982,0.0,0.30970993638038635,0.0,0.0,0.1713206022977829,0.008313809521496296,0.0,0.7282446026802063,0.0,0.0,0.20541594922542572,0.013050656765699387,0.7356860637664795,0.1978560835123062,0.016076266765594482,0.0,0.05456430837512016,0.27335992455482483,0.11752321571111679,0.0,0.0,0.0,0.6495761871337891,0.28292107582092285,0.23540566861629486,0.0,0.0,0.0951356366276741,0.87591552734375,0.0,0.011612892150878906,0.2339518815279007,0.0,0.0,0.16672880947589874,0.11369683593511581,0.0,0.00036079506389796734,0.1806754320859909,0.3276730477809906,0.05284794420003891,0.0,0.4302669167518616,0.6218665242195129,0.29355674982070923,0.07273878157138824,0.37453848123550415,0.10167412459850311,0.0,0.00668615847826004,0.18335746228694916,0.4867174029350281,0.0,0.0,0.035921595990657806,0.35149332880973816,0.536053478717804,0.0,0.31586953997612,0.1929216831922531,0.0,0.015755467116832733,0.29121696949005127,0.001494853408075869,0.0,0.37530675530433655,0.10510722547769547,0.0,0.20799696445465088,0.1065419390797615,0.007077335380017757,0.1708323061466217,0.3270508050918579,0.0,0.008606871590018272,0.21753911674022675,0.2720661759376526,0.0,0.0,0.1955406665802002,0.08650822192430496,0.0,0.0010077859042212367,0.2563461661338806,0.0,0.0,0.1235080361366272,0.005301470868289471,0.06921247392892838,0.0014578565023839474,0.25411954522132874,0.06033007800579071,0.0,0.19352535903453827,0.00040933964191935956,0.0,0.0,0.0,0.0,0.006377942394465208,0.04870814085006714,0.10578322410583496,0.02078287862241268,0.21005618572235107,0.0,0.0,0.02132727950811386,0.005392902530729771,0.0,0.0,0.13515642285346985,0.03502452000975609,0.0085755018517375,0.0,0.0,0.012197330594062805,0.01801108941435814,0.11926230043172836,0.0,0.010834737680852413,0.190739706158638,0.0,0.0,0.20849807560443878,0.0,0.06149435043334961,0.194657564163208,0.006038543302565813,0.0,0.5568512082099915,0.2211374044418335,0.0,0.011748124845325947,0.15001870691776276,0.032415203750133514,0.02200070209801197,0.0011994927190244198,0.08872040361166,0.004859786480665207,0.04872555658221245,0.10332979261875153,0.25541579723358154,0.0,0.0,0.0,0.0,0.5019413232803345,0.4043756425380707,0.0,0.2039462924003601,0.039559438824653625,0.13154399394989014,0.052669938653707504,0.44153380393981934,0.0,0.0824648067355156,0.0,0.005600187927484512,0.2277863770723343,0.012270423583686352,0.0,0.0857437252998352,0.5047435760498047,0.20843666791915894,0.04430871084332466,0.25779929757118225,0.5319267511367798,0.0,0.0,0.17708635330200195,0.034176524728536606,0.13577845692634583,0.0,0.0,0.1851639300584793,0.0,0.1314733922481537,0.2327018678188324,0.007826641201972961,0.18963861465454102,0.004223279654979706,0.4379979968070984,0.1710011512041092,0.31821128726005554,0.2796030640602112,0.09001155942678452,0.21803900599479675,0.10892681032419205,0.002505057957023382,0.06594624370336533,0.035082537680864334,0.0,0.0,0.0,0.02697053551673889,0.003304495243355632,0.0025778908748179674,0.013915243558585644,0.03129402920603752,0.21776752173900604,0.1900121569633484,0.05986658111214638,0.0031792446970939636,0.0,0.007395695894956589,0.0,0.7434573173522949,0.0,0.0,0.07460236549377441,0.0,0.0,0.016842026263475418,0.0071949041448533535,0.0,0.004167447332292795,0.19811606407165527,0.12371603399515152,0.01365527044981718,0.0,0.9271535277366638,0.0,0.06858193874359131,0.06732801347970963,0.0,0.0,0.17549438774585724,0.22491100430488586,0.0,0.061167020350694656,0.21867959201335907,0.0853915736079216,0.0,0.15760159492492676,0.0,0.256428986787796,0.02494940161705017,0.0,0.41839471459388733,0.012825747020542622,0.2629847228527069,0.0,0.0,0.18316690623760223,0.06727590411901474,0.02873341739177704,0.0,0.0,0.4921342730522156,0.21688398718833923,0.0,0.12653911113739014,0.6669278740882874,0.035688616335392,0.0030347537249326706,0.2698337435722351,0.10482974350452423,0.017268070951104164,0.0,0.006347842048853636,0.0,0.4743274450302124,0.08304597437381744,0.007645005360245705,0.03689011558890343,0.07753647863864899,0.0707000195980072,0.0,0.3056482672691345,0.1417306661605835,0.05841265618801117,0.03719102218747139,0.03224331513047218,0.004034636542201042,0.0,0.0,0.10207629203796387,0.0,0.30044734477996826,0.058110758662223816,0.0,0.0,0.5528175830841064,0.029707085341215134,0.023657256737351418,0.06637506932020187,0.3577350974082947,0.0,0.17921988666057587,0.088656485080719,0.02024463377892971,0.0,0.10451889038085938,0.09058967977762222,0.17186865210533142,0.22493278980255127,0.14790834486484528,0.14237983524799347,0.05694936588406563,0.2102508544921875,0.06266431510448456,0.3133490979671478,0.02202625572681427,0.0026528015732765198,0.09745895117521286,0.10255850106477737,0.001582504715770483,0.5030487775802612,0.0,0.009216642007231712,0.07413846999406815,0.10750356316566467,0.8234361410140991,0.2625953257083893,0.09508535265922546,0.0,0.139176145195961,0.2447238713502884,0.0701475590467453,0.0068581728264689445,0.0067382692359387875,0.0,0.2698643207550049,0.33541616797447205,0.2181989848613739,0.012336364015936852,0.0,0.0880884900689125,0.4772789776325226,0.0037488883826881647,0.08857116103172302,0.13345670700073242,0.037164852023124695,0.0,0.1310531049966812,0.030938779935240746,0.00839091744273901,0.0,0.19022619724273682,0.12919309735298157,0.012177873402833939,0.02190859615802765,0.47213953733444214,0.45239999890327454,0.32219207286834717,0.03827372565865517,0.12318036705255508,0.05669508874416351,0.05935098975896835,0.04113323241472244,0.12730751931667328,0.6218087673187256,0.0,0.0131759038195014,0.07040225714445114,0.08315899223089218,0.5201064944267273,0.0,0.2687290608882904,0.3238096237182617,0.06042710319161415,0.029606960713863373,0.0864415392279625,0.026495065540075302,0.0,0.16029444336891174,0.06560603529214859,0.0065613980405032635,0.3016511797904968,0.14802435040473938,0.0,0.08984425663948059,0.11046165972948074,0.02555522508919239,0.03060317412018776,0.17609310150146484,0.19831573963165283,0.017696941271424294,0.0,0.09504541754722595,0.08571047335863113,0.009532990865409374,0.0597057081758976,0.09119468927383423,0.0,0.006125485058873892,0.16450101137161255,0.022141331806778908,0.021812310442328453,0.03484535217285156,0.2882533669471741,0.013251258060336113,0.0,0.07706872373819351,0.021188249811530113,0.00028361487784422934,0.0,0.002349598566070199,0.004301855806261301,0.08243770152330399,0.0,0.13348157703876495,1.8675767933018506e-05,0.0,0.0,0.016121767461299896,0.08885259181261063,0.060312408953905106,0.0,0.0,0.26835182309150696,0.05244670808315277,0.0,0.00013713538646697998,0.046237435191869736,0.17547735571861267,0.15017637610435486,0.017400089651346207,0.00740017369389534,0.10828574746847153,0.19481082260608673,0.0,0.04949386417865753,0.013831021264195442,0.0,0.047890953719615936,0.14168734848499298,0.014677229337394238,0.0,0.5078089833259583,0.18333406746387482,0.0,0.07293185591697693,0.04624898359179497,0.01264482643455267,0.013544872403144836,0.0314742773771286,0.15774749219417572,0.013567893765866756,0.0,0.250796377658844,0.3435044586658478,0.0,0.0033582537434995174,0.0,0.003004493424668908,0.1970515251159668,0.28225427865982056,0.007356714922934771,0.23095256090164185,0.0834488496184349,0.032075878232717514,0.12759119272232056,0.11097028106451035,0.0,0.1003219410777092,0.0,0.024455053731799126,0.14233702421188354,0.011969294399023056,0.004843942355364561,0.003719534259289503,0.25617292523384094,0.028623763471841812,0.05523781478404999,0.1853277087211609,0.5149298310279846,0.016202358528971672,0.0406762920320034,0.10873155295848846,0.007755720987915993,0.26216042041778564,0.028858747333288193,0.01854030415415764,0.25074541568756104,0.0,0.13923029601573944,0.031241480261087418,0.014738649129867554,0.052267178893089294,0.014579536393284798,0.24242348968982697,0.08754031360149384,0.4033645987510681,0.08310698717832565,0.07132892310619354,0.1390189230442047,0.2538861036300659,0.03392869234085083,0.1359819769859314,0.07717505842447281,0.0,0.0,0.030153928324580193,0.07857108116149902,0.02443787083029747,0.0,0.010472196154296398,0.2027401477098465,0.04565003886818886,0.11732401698827744,0.002587605733424425,0.0,0.0,0.017304211854934692,0.0,0.562988817691803,0.0,0.0,0.03154473751783371,0.0769130140542984,0.0,0.052551042288541794,0.05593719333410263,0.020506760105490685,0.08772633224725723,0.07900455594062805,0.004838056396692991,0.0765017718076706,0.05045487731695175,0.5828673243522644,0.059923671185970306,0.0006997748860158026,0.0923578217625618,0.0,0.0035012438893318176,0.10468274354934692,0.14313232898712158,0.0,0.2942688465118408,0.41548746824264526,0.12167396396398544,0.0015049417270347476,0.04544815421104431,0.00042868065065704286,0.04585590958595276,0.02536938712000847,0.0,0.17521388828754425,0.1009906604886055,0.37583374977111816,0.011127835139632225,0.0049075353890657425,0.170986607670784,0.15445378422737122,0.06646960973739624,0.0,0.0,0.1350701004266739,0.26301926374435425,0.0004401327751111239,0.28130510449409485,0.3266976773738861,0.025211945176124573,0.02211816795170307,-0.6620323657989502
142,0.0,0.03161059692502022,0.00622536102309823,0.0,0.0,0.0,0.35370221734046936,0.15201398730278015,0.0,0.04674272984266281,0.13705843687057495,0.05526185780763626,0.0,0.28101012110710144,0.11450622230768204,0.046580005437135696,0.031126148998737335,0.07864316552877426,0.02029356174170971,0.0,0.0,0.16359646618366241,0.0,0.47103723883628845,0.04791581630706787,0.0,0.0,0.43054038286209106,0.0,0.10521570593118668,0.0,0.2353605479001999,0.0,0.3083347678184509,0.009710920043289661,0.024553634226322174,0.05855833366513252,0.1599736511707306,0.1311933994293213,0.3689975142478943,0.0,0.027227312326431274,0.14509263634681702,0.05705585703253746,0.2758854925632477,0.0,0.22041413187980652,0.02051747776567936,0.0,0.046926721930503845,0.0,0.0,0.3113836348056793,0.0,0.0,0.15561655163764954,0.018771685659885406,0.6060494780540466,0.03776859492063522,0.0328306183218956,0.0,0.22764237225055695,0.06877189129590988,0.02965904027223587,0.0,0.0,0.0,0.2925293743610382,0.1021830216050148,0.07393296808004379,0.0,0.0,0.12525838613510132,0.3077864646911621,0.0,0.05004667490720749,0.04186837747693062,0.10920896381139755,0.0,0.14550884068012238,0.04674912989139557,0.0283183753490448,0.0,0.18740803003311157,0.27592733502388,0.017506083473563194,0.0,0.15246470272541046,0.5604473948478699,0.3819352984428406,0.028102494776248932,0.07852300256490707,0.03742114081978798,0.08397766947746277,0.00425479793921113,0.00887646246701479,0.3804180324077606,0.0,0.0,0.07738213986158371,0.006151220761239529,0.3194887936115265,0.0,0.39682257175445557,0.31385305523872375,0.015248752199113369,0.018224839121103287,0.10716562718153,0.0,0.0,0.13176913559436798,0.04529505595564842,0.02702391892671585,0.17666073143482208,0.002117709955200553,0.0,0.037974726408720016,0.05608776584267616,0.014166106469929218,0.0,0.14431487023830414,0.00791903492063284,0.0,0.0017754469299688935,0.11185307055711746,0.47884199023246765,0.0,0.0,0.0759754478931427,0.0,0.0,0.1730702817440033,0.0,0.0034784965682774782,0.0,0.0010813426924869418,0.0,0.0,0.05321827158331871,0.0,0.0,0.018352609127759933,0.0071005248464643955,0.0,0.10716076195240021,0.04520498961210251,0.0,0.011481154710054398,0.1774127185344696,0.0,0.0,0.12000587582588196,0.04139327257871628,0.0,0.0,0.07133152335882187,0.01250413991510868,0.0,0.0,0.0,0.28750327229499817,0.0,0.021259751170873642,0.0,0.09077479690313339,0.10870549082756042,0.0,0.017358237877488136,0.014477846212685108,0.0,0.0,0.0,0.024079976603388786,0.0,0.025210708379745483,0.3548561930656433,0.0,0.01372133195400238,0.1511603742837906,0.04073219746351242,0.009104824624955654,0.0,0.16035890579223633,0.0,0.017102153971791267,0.02199629880487919,0.2282022386789322,0.0,0.0,0.0,0.0003752158081624657,0.2343170940876007,0.1549796164035797,0.0,0.21491190791130066,0.2015073448419571,0.0433051735162735,0.22208860516548157,0.23069660365581512,0.0,0.10483404994010925,0.0,0.0,0.031140485778450966,0.0,0.0,0.001711166580207646,0.039862144738435745,0.05425170436501503,0.0011690817773342133,0.08858606964349747,0.2396193891763687,0.0,0.050390034914016724,0.14669643342494965,0.0833149328827858,0.23896969854831696,0.0,0.0,0.35907527804374695,0.0,0.0027861371636390686,0.0,0.0,0.052036382257938385,0.0,0.09230406582355499,0.04710059612989426,0.1340467631816864,0.3164439797401428,0.004678328055888414,0.0,0.3369561433792114,0.037305720150470734,0.2084953486919403,0.042411379516124725,0.0,0.0,0.015036193653941154,0.03847891837358475,0.00014680458116345108,0.013869578950107098,0.0021417737007141113,0.3123501241207123,0.04028411582112312,0.04794623702764511,0.06598750501871109,0.0,0.0,0.0,0.0,0.37562474608421326,0.0,0.0,0.0,0.014637519605457783,0.0,0.03301529213786125,0.029317932203412056,0.0,0.04525386542081833,0.006901920773088932,0.0,0.059391047805547714,0.0,0.6391079425811768,0.04560234025120735,0.0341622456908226,0.11533604562282562,0.0,0.0,0.06244610622525215,0.07921250909566879,0.0,0.0917990431189537,0.21868722140789032,0.21441993117332458,0.0,0.011599224992096424,0.0,0.07770887762308121,0.0,0.0,0.10066727548837662,0.0,0.2914300858974457,0.0,0.0,0.46560001373291016,0.2092493325471878,0.008825263939797878,0.0,0.0,0.07932811975479126,0.3108879625797272,0.0,0.4341419041156769,0.23120613396167755,0.071748286485672,0.0,0.00384318083524704,0.04812800884246826,0.046753425151109695,0.0,0.0,0.0,0.31098473072052,0.15296612679958344,0.0,0.03529120236635208,0.19272693991661072,0.08758015185594559,0.0,0.3521738648414612,0.1861354410648346,0.05481383576989174,0.0,0.11081989854574203,0.016227809712290764,0.0,0.0,0.20118975639343262,0.0,0.49532032012939453,0.05056823045015335,0.0,0.0,0.4605505168437958,0.005698170978575945,0.06429833173751831,0.0,0.18953068554401398,0.0,0.2792215347290039,0.0,0.0130653390660882,0.03083810582756996,0.11177933216094971,0.13979925215244293,0.35317957401275635,0.034613631665706635,0.026707762852311134,0.228734090924263,0.0,0.27425676584243774,0.0,0.23367124795913696,0.012697771191596985,0.0,0.048928312957286835,0.004685387481004,0.0,0.427449494600296,0.0,0.0,0.22499524056911469,0.0,0.6574132442474365,0.09084834158420563,0.0,0.0,0.19224728643894196,0.11242963373661041,0.08400397002696991,0.0,0.0002697962918318808,0.0,0.4973609745502472,0.06919871270656586,0.04946339875459671,0.0,0.0,0.13785162568092346,0.43607112765312195,0.0,0.11445007473230362,0.15112553536891937,0.060467805713415146,0.0,0.11880654841661453,0.053167250007390976,0.0,0.0,0.2586575746536255,0.4105537533760071,0.016415944322943687,0.0,0.13288910686969757,0.5315629839897156,0.2426261603832245,0.051502030342817307,0.26953497529029846,0.02453785389661789,0.023339077830314636,0.00032406506943516433,0.019798947498202324,0.32539182901382446,0.0,0.0,0.08622521162033081,0.12101578712463379,0.23616446554660797,0.0,0.4964441657066345,0.28985321521759033,0.014860523864626884,0.015706438571214676,0.12371490895748138,0.002067963359877467,0.0,0.2826373875141144,0.02687174640595913,0.029557283967733383,0.23019950091838837,0.007865970022976398,0.0,0.04308425262570381,0.20134462416172028,0.0067697749473154545,0.019992390647530556,0.26191446185112,0.03358256444334984,0.0,0.02021399326622486,0.09945061057806015,0.3297150433063507,0.0,0.0,0.2408750355243683,0.0,0.0,0.13244982063770294,0.0,0.01727515645325184,0.0,0.013491383753716946,0.006871384102851152,0.0,0.07286418974399567,0.0,0.0,0.0,0.0,0.0,0.10114296525716782,0.02385273016989231,0.010604744777083397,0.00930802058428526,0.13050371408462524,0.0,0.0,0.04372568055987358,0.016561660915613174,0.0,0.0,0.12465201318264008,0.024668119847774506,0.0,0.0,0.0,0.2165791541337967,0.0,0.07274860888719559,0.0,0.028135456144809723,0.11704622209072113,0.0,0.0034311655908823013,0.08749214559793472,0.0,0.0,0.005260783713310957,0.018963605165481567,0.0,0.06719856709241867,0.2933763265609741,0.0,0.006900557316839695,0.11154872924089432,0.04634389653801918,0.003242484526708722,0.0023651462979614735,0.13373124599456787,0.011931980960071087,0.023870224133133888,0.04158582165837288,0.12024116516113281,0.0,0.0,0.0,0.0,0.32018208503723145,0.19813789427280426,0.0,0.1329539269208908,0.20191822946071625,0.042076226323843,0.2501085102558136,0.33722496032714844,0.0,0.11268603801727295,0.0,0.0,0.028175929561257362,0.0,0.0,0.0,0.24201838672161102,0.15604883432388306,0.0,0.13445629179477692,0.211211696267128,0.0,0.011524362489581108,0.2737817168235779,0.0942106693983078,0.2015293389558792,0.0,0.0,0.37553390860557556,0.0,0.027678919956088066,0.05354330688714981,0.0,0.03389265760779381,0.0,0.09070829302072525,0.16503912210464478,0.07695154845714569,0.2979885935783386,0.01568838581442833,0.0,0.27376511693000793,0.03940042108297348,0.23720380663871765,0.04378236085176468,0.0,0.0,0.026846040040254593,0.012398796156048775,0.0,0.009848483838140965,0.006595442537218332,0.27329888939857483,0.09957442432641983,0.07953342795372009,0.05795516073703766,0.0,0.0,0.0,0.0,0.4036804437637329,0.0,0.0,0.004687933251261711,0.025525882840156555,0.0,0.03621684014797211,0.0,0.0035980790853500366,0.028103819116950035,0.057292938232421875,0.010331105440855026,0.04456315189599991,0.0,0.7350042462348938,0.019825885072350502,0.13431446254253387,0.11724049597978592,0.0,0.0,0.08224125951528549,0.20535250008106232,0.0,0.13747483491897583,0.1552075445652008,0.16154001653194427,0.0,0.0675995945930481,0.0,0.14388279616832733,0.030910704284906387,0.009462413378059864,0.27471277117729187,0.0,0.22318479418754578,0.0,0.0012624774826690555,0.4520098865032196,0.26350483298301697,0.016005096957087517,0.0,0.0,0.21518774330615997,0.3911203145980835,0.0,0.38558876514434814,0.3252021372318268,0.14031407237052917,0.0,0.008295997977256775,0.014843062497675419,0.02256033569574356,0.0,0.0,0.0,0.35528281331062317,0.17793093621730804,0.0,0.019347399473190308,0.15582984685897827,0.1198819950222969,0.0,0.362249493598938,0.20135964453220367,0.028892040252685547,0.027594853192567825,0.062444113194942474,0.012489298358559608,0.0,0.0,0.1829480230808258,0.0,0.4460918605327606,0.04532485455274582,0.0,0.0,0.5072742104530334,0.0,0.04570019245147705,0.007335620932281017,0.28900063037872314,0.0,0.2819402813911438,0.002081071026623249,0.02031954936683178,0.012345542199909687,0.08648687601089478,0.18396218121051788,0.3964552879333496,0.05125265195965767,0.05581844225525856,0.17586542665958405,0.014145033434033394,0.31704965233802795,0.0,0.25483325123786926,0.0045540896244347095,0.0,0.05921260640025139,0.009276076219975948,0.0,0.48186078667640686,0.0,0.0,0.23136335611343384,0.005180072505027056,0.7150525450706482,0.0807165652513504,0.0600375235080719,0.0,0.250105082988739,0.1663968861103058,0.07992482930421829,0.0,0.0,0.0,0.4622964560985565,0.16613131761550903,0.14805275201797485,0.0,0.0,0.10212564468383789,0.40298038721084595,0.0,0.11905773729085922,0.12172821164131165,0.04986849054694176,0.0,0.11699628829956055,0.03320464864373207,0.0,0.0,0.236896350979805,0.3161076307296753,0.012182378210127354,0.0,0.27282199263572693,0.5370545387268066,0.278356671333313,0.03209361806511879,0.17877262830734253,0.018465925008058548,0.037387050688266754,0.0017244868213310838,0.02894362062215805,0.43929386138916016,0.0,0.0,0.13064119219779968,0.06939662247896194,0.3897014260292053,0.0,0.27611860632896423,0.28038284182548523,0.001233458984643221,0.007545914966613054,0.06997661292552948,0.008786973543465137,0.0,0.2759164273738861,0.02476624585688114,0.014453113079071045,0.2241317331790924,0.02112955041229725,0.0,0.060061827301979065,0.10834427177906036,0.00014833667955826968,0.004386992659419775,0.2794334888458252,0.036972757428884506,0.0006935666897334158,2.586841583251953e-05,0.17834891378879547,0.3328424096107483,0.0,0.0,0.1508978307247162,0.0,0.0,0.1776307225227356,0.0,0.00702336709946394,0.0,0.035792026668787,0.0,0.0,0.08668817579746246,0.00019790796795859933,0.0,0.0,0.0,0.0,0.04947243630886078,0.007209497969597578,0.0015820080880075693,0.001128039788454771,0.061465952545404434,0.0,0.0,0.05139618739485741,0.010727470740675926,0.0,0.0,0.08007305860519409,0.02502584084868431,0.0,0.0,0.0,0.17451995611190796,0.000604807457420975,0.03966087847948074,0.0,0.08923518657684326,0.1435011327266693,0.0,0.0030996224377304316,0.04053395241498947,0.0,0.0,0.006497054360806942,0.017363248392939568,0.0,0.153810054063797,0.2944878041744232,0.0,0.0024515443947166204,0.11961084604263306,0.0232535433024168,0.0014263259945437312,0.00252058869227767,0.05985197797417641,0.0022406787611544132,0.0018195040756836534,0.09448566287755966,0.23513393104076385,0.0,0.0,0.0,0.0,0.3077079951763153,0.20842815935611725,0.0,0.21559476852416992,0.14349058270454407,0.037658561021089554,0.13435521721839905,0.27066153287887573,0.0,0.05049106851220131,0.0,0.0,0.027761254459619522,0.0,0.0,0.0,0.23293618857860565,0.12208402901887894,0.0,0.20217643678188324,0.25172823667526245,0.0,0.009815470315515995,0.2558632493019104,0.051176756620407104,0.22115424275398254,0.0,0.0,0.3299255669116974,0.0,0.03047163039445877,0.0081385662779212,0.0,0.045643262565135956,0.0,0.08721175789833069,0.10700363665819168,0.19228315353393555,0.30419376492500305,0.0270867757499218,0.00823553279042244,0.24880605936050415,0.03342288359999657,0.3276940882205963,0.018383249640464783,0.0,0.0,0.012998821213841438,0.029345853254199028,0.0025219351518899202,0.004568911623209715,0.0006091620889492333,0.18616263568401337,0.0524696409702301,0.10358690470457077,0.017341960221529007,0.0,0.0,0.0,0.0,0.4843050539493561,0.0,0.0,0.0,0.019081123173236847,0.0,0.013452405110001564,0.0179207194596529,0.00040741002885624766,0.015323002822697163,0.025695376098155975,0.0,0.03774722293019295,0.0,0.7788251638412476,0.01000169850885868,0.056019771844148636,0.075129933655262,0.0,0.0,0.0514967143535614,0.20599626004695892,0.0,0.09615514427423477,0.19532813131809235,0.12775102257728577,0.0,0.04542149230837822,0.0,0.10535558313131332,0.0006682390812784433,0.0,0.15174293518066406,0.006967002991586924,0.250484436750412,0.0,0.0,0.42671117186546326,0.2560945451259613,0.012651832774281502,0.0,0.0,0.15967236459255219,0.3195141553878784,0.0,0.31163346767425537,0.31740039587020874,0.06065765395760536,0.0,0.2691126763820648
143,0.014787054620683193,0.05027679353952408,0.0,0.0,0.0,0.0,0.0014132842188701034,0.1677975207567215,0.008885676972568035,0.0713910236954689,0.4609341621398926,0.1196858286857605,0.0,0.03700810298323631,0.7841307520866394,0.0,0.0,0.7744059562683105,0.5526137351989746,0.0,0.28707948327064514,0.137808695435524,0.0,0.9679061770439148,0.29392534494400024,0.0,0.0,0.4888606071472168,0.008155476301908493,0.0023255583364516497,0.0,0.12677541375160217,0.1208590492606163,0.15079040825366974,0.0,0.0,0.0,0.004634795244783163,0.5038045048713684,0.2185785323381424,0.11265522241592407,0.0,0.18829771876335144,0.0,0.24229875206947327,0.0,0.09688829630613327,0.01061295997351408,0.0,0.44543537497520447,0.0,0.023905595764517784,0.901021420955658,0.0,0.0,0.7014630436897278,0.0,0.28318172693252563,0.0006404802552424371,0.0,0.0,0.1809568852186203,0.07511215656995773,0.5564777255058289,0.0,0.0,0.0,1.3926869630813599,0.06863885372877121,0.007480463478714228,0.0,0.0,0.02647174708545208,0.8084182143211365,0.0,0.1334744244813919,0.570733368396759,0.12211326509714127,0.0,0.0,0.3629327714443207,0.0,0.029657868668437004,0.17430344223976135,1.2865523099899292,0.028276896104216576,0.0,0.040947865694761276,0.6766427159309387,0.03916173055768013,0.0,1.0636895895004272,0.033361226320266724,0.1680450737476349,0.021429872140288353,0.1692977100610733,0.03174629434943199,0.0,0.0,0.08814438432455063,0.7017534375190735,0.03521110489964485,0.0,1.0596938133239746,0.0,0.0,0.0,0.6335500478744507,0.0,0.0,0.7277067303657532,0.002203448209911585,0.004656982608139515,0.08565493673086166,0.03616661578416824,0.06632345169782639,0.022452032193541527,0.9085556268692017,0.0,0.0,0.5509346127510071,0.2204904854297638,0.0,0.0,0.5871886610984802,0.16562114655971527,0.0,0.0,0.7285634875297546,0.0,0.0,0.23448562622070312,0.0,0.0004234396037645638,0.0,0.07915712893009186,0.18136928975582123,0.0,0.03507634252309799,0.0,0.0,0.11095491796731949,0.0,0.0022997763007879257,0.010567249730229378,0.13669398427009583,0.020163552835583687,0.04905623942613602,0.08716901391744614,0.0,0.0,0.016659162938594818,0.0,0.0,0.0,0.01512387115508318,0.11449827998876572,0.044814325869083405,0.0,0.0,0.013601923361420631,0.0,0.025605762377381325,0.0,0.0,0.0752793475985527,0.029823774471879005,0.0,0.5892157554626465,0.0,0.1820969432592392,0.27163147926330566,0.0,0.0,0.11761742830276489,0.6598884463310242,0.0,0.0,0.3461064100265503,0.0,0.08237478882074356,0.18196113407611847,0.03189510852098465,0.0,0.17795662581920624,0.0,0.0,0.0,0.0,0.00689741550013423,0.0,0.9418544769287109,0.17617307603359222,0.0,0.0018421352142468095,0.44265827536582947,0.0,0.12808382511138916,0.9668642282485962,0.0,0.22362875938415527,0.0,0.0,0.06068989634513855,0.015309944748878479,0.0,0.23742079734802246,1.3257406949996948,0.6063694953918457,0.0,0.2894732356071472,0.12775976955890656,0.0,0.0,0.6434283256530762,0.011309350840747356,0.00022308678308036178,0.0,0.0,0.3452727496623993,0.0,0.07258887588977814,0.654579222202301,0.0,0.1898859590291977,0.16491064429283142,0.5272949934005737,0.7577964663505554,0.0,0.795553982257843,0.07056856900453568,0.3462618887424469,0.23949885368347168,0.005282830912619829,0.22142799198627472,0.003822695231065154,0.0,0.0,0.0,0.005126917734742165,0.0,0.0,0.005353860557079315,0.10302425920963287,0.6323486566543579,0.47388574481010437,0.0,0.0,0.0,0.0,0.0,0.7709600329399109,0.023650722578167915,0.0,0.016019625589251518,0.0,0.0,0.0,0.0015355892246589065,0.0,0.0,0.6325470209121704,0.46709752082824707,0.0,0.0,1.451484203338623,0.0,0.27409645915031433,5.8843197621172294e-05,0.0,0.0,0.06541647017002106,0.42251309752464294,0.0,0.2021440714597702,0.0,0.014916940592229366,0.0,0.6093316674232483,0.0,0.7267975211143494,0.0,0.0,0.9362725615501404,0.0,0.0,0.0,0.0,0.3874030113220215,0.0061736698262393475,0.04882936179637909,0.0,0.0,0.740717351436615,0.4981197416782379,0.0,0.0,0.8140105605125427,0.4411256015300751,0.07760218530893326,0.5416882634162903,0.20798130333423615,0.2662208676338196,0.0,0.0,0.0,1.0151817798614502,0.0,0.007687476463615894,0.3833911120891571,0.008574907667934895,0.0,0.0,0.5910347104072571,0.0,0.009286771528422832,0.031797461211681366,0.0,0.0,0.017868485301733017,0.0,0.005202101077884436,0.03490433096885681,0.010885943658649921,0.16594313085079193,0.002946047345176339,0.0,0.7573108673095703,0.08457302302122116,0.03479490056633949,0.010237184353172779,0.563236653804779,0.0,0.005945172626525164,0.33577749133110046,0.03682831674814224,0.0,0.4683355689048767,0.061781223863363266,0.00038220908027142286,0.9565603137016296,0.31341519951820374,0.09620025753974915,0.04785769432783127,0.05707733333110809,0.6697444319725037,0.833453893661499,0.02908436208963394,0.0,0.17174343764781952,0.23679237067699432,0.017799368128180504,0.3031168282032013,0.0007998193032108247,0.07699310779571533,0.0,0.9315018057823181,1.8331695795059204,0.7444125413894653,0.2398565411567688,0.0,0.0,0.6691035628318787,0.0,0.0,0.0873865857720375,0.0018210263224318624,0.005587445106357336,0.8255873322486877,0.49270543456077576,0.3790234625339508,0.0,0.5453169941902161,0.5081740617752075,0.34983789920806885,0.0,0.24415846168994904,0.0,0.0,0.10514845699071884,0.02901189774274826,0.0,0.004890539683401585,0.2079983800649643,0.0,0.0,0.01102143432945013,0.8264026045799255,0.3188704550266266,0.41562047600746155,0.3089893162250519,0.0,0.0580042265355587,0.19683772325515747,0.0,0.5113283395767212,1.1613668203353882,0.0,0.007770908996462822,0.0001522666570963338,0.0193614698946476,0.7026661038398743,0.0,0.007349773310124874,0.5153951644897461,0.6618069410324097,0.17988085746765137,0.12752482295036316,0.2662500739097595,0.0,0.0,0.11951643228530884,0.3446751832962036,0.5295689702033997,1.036062240600586,0.0,0.22721992433071136,0.041940122842788696,0.25230488181114197,0.07628434151411057,0.0,0.7153369784355164,0.20243361592292786,0.0,0.0,0.0,0.0,0.3786470592021942,0.0,0.0003568604588508606,0.008688987232744694,0.0011408530408516526,0.6153426766395569,0.045276954770088196,0.13129590451717377,0.8938624858856201,0.0,0.0,0.3861851096153259,0.03218039125204086,0.0,0.0,0.050511106848716736,0.0,0.10378120839595795,0.0,0.6995187401771545,0.01035310234874487,0.0,0.0,0.0,0.4099135100841522,0.02441452629864216,0.0,0.0,1.2095826864242554,0.1161559596657753,0.0,0.026889128610491753,0.09963463246822357,0.6544652581214905,0.4566594362258911,0.20660609006881714,0.0,0.11996915936470032,0.26325523853302,0.0,0.4549017548561096,0.0,0.0,0.04590373858809471,0.015577699989080429,0.015657175332307816,0.04394957795739174,1.6305617094039917,0.04518449306488037,0.025149988010525703,0.4748533368110657,0.0,0.00365474377758801,0.0,0.003957320936024189,0.044352974742650986,0.024500951170921326,0.0,0.6721904873847961,1.0088274478912354,0.026550965383648872,0.7821952700614929,0.0,0.0,0.0,0.2487892508506775,0.0009642536169849336,0.4390808045864105,0.3713257610797882,0.029764117673039436,0.11204379051923752,0.0021208778489381075,0.48033010959625244,0.21520179510116577,0.0,0.12212736904621124,0.5535287261009216,0.0,0.014373896643519402,0.0,0.03374667093157768,0.0,0.29884591698646545,0.1842261701822281,0.948043942451477,0.06769970804452896,0.5200276374816895,0.0,0.061467062681913376,0.8895312547683716,0.0,0.23681220412254333,0.09617231786251068,0.0,0.6121633648872375,0.04192200303077698,0.22590668499469757,0.02272012270987034,0.0,0.8412157297134399,0.0,1.1102091073989868,0.0,0.37414121627807617,0.13676407933235168,0.47722452878952026,0.13262318074703217,0.02336915209889412,0.30786386132240295,0.5392465591430664,0.0,0.035478126257658005,0.023846281692385674,0.35487666726112366,0.0,0.003096733009442687,0.11704809963703156,0.0,0.10597465932369232,0.0,0.0,0.0,0.0,0.0,0.4555143117904663,0.0,0.0,0.0479726567864418,0.8151054978370667,0.008903443813323975,0.09689036011695862,0.06539367139339447,0.20186816155910492,0.05559519678354263,0.0,0.00819437950849533,0.2592633366584778,0.7912307977676392,0.022719040513038635,0.2114092856645584,0.0,0.20160086452960968,0.0,0.09890246391296387,0.3424542546272278,0.0,0.0,0.7940532565116882,1.2241188287734985,0.32358118891716003,0.5189617872238159,0.0,0.0,0.009715095162391663,0.08383305370807648,0.00691309804096818,0.09689944982528687,0.42356589436531067,0.8112440705299377,0.0,0.21159428358078003,0.0,0.15482690930366516,0.1566222459077835,0.0,0.10799307376146317,0.07062318176031113,0.0,0.13155683875083923,0.5431278944015503,0.21124865114688873,0.05948982015252113,0.0601903572678566,0.5324938893318176,0.17233987152576447,0.10523009300231934,0.0,0.004810052458196878,0.0,0.6777241826057434,0.042154572904109955,0.08771242946386337,0.24191400408744812,0.017152009531855583,0.03927067294716835,0.01983683370053768,0.40455004572868347,0.12314586341381073,0.052828919142484665,0.06348387897014618,0.017003469169139862,0.0,0.044639334082603455,0.0,0.08714122325181961,0.028367791324853897,0.12250290811061859,0.1489303857088089,0.0,0.007938510738313198,0.7304306030273438,0.11344460397958755,0.0059395432472229,0.08172614127397537,0.458405464887619,0.0,0.04042986035346985,0.22293438017368317,0.0029362670611590147,0.0,0.2148571014404297,0.26764073967933655,0.1617840826511383,0.6820077300071716,0.259141743183136,0.18401594460010529,0.0689072534441948,0.17319822311401367,0.3760911822319031,0.5576264262199402,0.004010723438113928,0.0,0.09206078201532364,0.11867200583219528,0.03873865306377411,0.6420137286186218,0.0,0.013450881466269493,0.060825299471616745,0.507976233959198,1.3613122701644897,0.5387929081916809,0.24183389544487,0.0,0.05960967019200325,0.5944289565086365,0.03298015147447586,0.03272673860192299,0.08490941673517227,0.007284932769834995,0.25428929924964905,0.660476803779602,0.39989081025123596,0.09408048540353775,0.0015043606981635094,0.26836124062538147,0.616860032081604,0.05685863271355629,0.027564017102122307,0.26584553718566895,0.013161050155758858,0.002614713041111827,0.0884174332022667,0.06728006899356842,0.0,0.023377858102321625,0.1646314114332199,0.10459412634372711,0.02022753842175007,0.0006985470536164939,0.8071691393852234,0.4620785117149353,0.3456018567085266,0.14729611575603485,0.08146411925554276,0.028717361390590668,0.08468595147132874,0.018152611330151558,0.2804484963417053,0.9848167300224304,0.01443822868168354,0.07204651087522507,0.04176470637321472,0.21106979250907898,0.9707393050193787,0.0,0.03843243792653084,0.2294449806213379,0.3047899305820465,0.11109251528978348,0.1992722898721695,0.19480493664741516,0.0,0.1609313040971756,0.0693209320306778,0.0476047582924366,0.5060557723045349,0.5477558374404907,0.0,0.25262975692749023,0.16183266043663025,0.061024658381938934,0.039296094328165054,0.17162279784679413,0.428848534822464,0.1483447551727295,0.0,0.05314340442419052,0.00014121390995569527,0.010234566405415535,0.21857652068138123,0.0448683500289917,0.0,0.004300566390156746,0.10781554877758026,0.28181084990501404,0.040430378168821335,0.14010033011436462,0.6584130525588989,0.0224470105022192,0.0,0.2589975893497467,0.043545112013816833,0.0,0.0,0.0019816544372588396,0.0,0.028862230479717255,0.0,0.3276170790195465,0.0007488470291718841,0.0,0.0,0.0,0.2797529697418213,0.11650265753269196,0.0,0.0,0.6777347922325134,0.06401224434375763,0.0019489554688334465,0.0,0.06812285631895065,0.3075837194919586,0.12775082886219025,0.07870335876941681,0.110870361328125,0.10913271456956863,0.33073917031288147,0.0,0.06797820329666138,0.02378324791789055,0.0016387877985835075,0.04778368026018143,0.2135709524154663,0.006478594150394201,0.0,1.2348120212554932,0.09494473785161972,0.02280067466199398,0.12099654227495193,0.02072138711810112,0.0007252165232785046,0.0,0.10804282128810883,0.06462551653385162,0.06596268713474274,0.0,0.4021678864955902,0.7525206804275513,0.010976431891322136,0.3001963198184967,0.0,0.0331442654132843,0.13655725121498108,0.3309062421321869,0.023730149492621422,0.24224519729614258,0.2642180919647217,0.02657848596572876,0.12813618779182434,0.06926656514406204,0.033022597432136536,0.07577347755432129,0.0,0.11388316005468369,0.3047027587890625,0.010314562357962132,0.030808206647634506,0.0,0.3256255090236664,0.012691128067672253,0.16922453045845032,0.3146662414073944,0.8585116863250732,0.048743635416030884,0.19588521122932434,0.018222929909825325,0.057462189346551895,0.46466654539108276,0.023100784048438072,0.10948066413402557,0.1420815885066986,0.007606161292642355,0.43191421031951904,0.08240675926208496,0.0762239471077919,0.09551330655813217,0.08939629048109055,0.6580473184585571,0.055486127734184265,0.7901919484138489,0.011708050034940243,0.24469846487045288,0.21876303851604462,0.29148462414741516,0.07356049120426178,0.05306540057063103,0.11443816125392914,0.025892989709973335,0.0,0.009303426370024681,0.011178158223628998,0.13535550236701965,0.0,0.008361336775124073,0.0950826033949852,0.0283005740493536,0.22580021619796753,0.0,0.0,0.0,0.00042688846588134766,0.0,0.7517979741096497,0.0,0.0,0.03114037960767746,0.26646801829338074,0.0,0.06528029590845108,0.040958184748888016,0.14515121281147003,0.03946852311491966,0.06602329015731812,0.04510483890771866,0.14504003524780273,0.327646404504776,0.7076672911643982,0.14761687815189362,0.0,0.13275553286075592,0.0,0.02402823232114315,0.21983446180820465,0.08563221991062164,0.01957613229751587,0.4349276125431061,0.6347890496253967,0.22099335491657257,0.0550064854323864,0.08830443024635315,0.0,0.06296631693840027,0.07775425910949707,0.013419668190181255,0.1724177449941635,0.3146044611930847,0.5541577339172363,0.029059933498501778,0.018478434532880783,0.03414420038461685,0.11592349410057068,0.08696004003286362,0.0,0.02569970116019249,0.29653769731521606,0.05508267134428024,0.04206529259681702,0.20315955579280853,0.46193426847457886,0.06681644171476364,0.07948914915323257,2.5560245513916016
144,0.0025873344857245684,0.13585908710956573,0.4188261032104492,0.0,0.013337739743292332,0.0,0.6130809783935547,0.015800639986991882,0.0,0.006505417171865702,0.08898595720529556,0.0,0.00015295048069674522,0.30958256125450134,0.0,0.21095700562000275,0.05286915972828865,0.0,0.0,0.0,0.0,0.14503537118434906,0.06614942103624344,0.6432040333747864,0.0,0.0,0.0,0.8561299443244934,0.09372619539499283,0.10233940184116364,0.25723132491111755,0.34724411368370056,0.0,0.41224727034568787,0.17688502371311188,0.3581065237522125,0.2100290060043335,0.7566576600074768,0.0,0.0006816925597377121,0.013075802475214005,0.41245779395103455,0.03843193128705025,0.26906919479370117,0.5695322751998901,0.9940401911735535,0.17291243374347687,0.0,0.0,0.1745021641254425,0.37659838795661926,0.0,0.0,0.010444670915603638,0.17522010207176208,0.0,0.7042160034179688,0.7724694609642029,0.13528621196746826,0.0627419576048851,0.0,0.02960403822362423,0.03661889582872391,0.0,0.0,0.1707005798816681,0.0,0.0,0.15659789741039276,0.07956720143556595,0.661893904209137,0.0,0.4053252339363098,0.00433012330904603,0.19719982147216797,0.088860884308815,0.0,0.6119802594184875,0.0,0.154743030667305,0.03643806651234627,0.3121055066585541,0.0,0.16333860158920288,0.0,0.0,0.17165769636631012,0.17891784012317657,0.4083419442176819,0.586459219455719,0.1003975197672844,0.0,0.007281877100467682,0.4532729387283325,0.003973290324211121,0.0,0.4737531244754791,0.08482812345027924,0.0,7.079293482092908e-06,0.0,0.11804653704166412,0.0,0.3648677170276642,0.8138812184333801,0.43301859498023987,0.24352224171161652,0.0,0.0,0.0,0.0,0.23855270445346832,0.2959643006324768,0.3037886917591095,0.23611398041248322,0.0,0.0,0.0,0.31595245003700256,0.13520389795303345,0.0,0.08833401650190353,0.1410306990146637,0.017636412754654884,0.0,0.4511290192604065,0.0,0.3015214502811432,0.0,0.0,0.0,0.022263551130890846,0.21841123700141907,0.0,0.08934114873409271,0.020806368440389633,0.0,0.0,0.023486163467168808,0.025607548654079437,0.0,0.04637288302183151,0.6431799530982971,0.0,0.5764697790145874,0.0,0.0,0.02110847271978855,0.0,0.0,0.04865337163209915,0.863132894039154,0.285574346780777,0.0,0.0,0.509784996509552,0.0009865412721410394,0.0,0.0035560044925659895,0.0,1.2009449005126953,0.30265936255455017,0.0,0.0,0.23499737679958344,0.04889153689146042,0.0,0.7649177312850952,0.0,0.0,0.0,0.0,0.024952275678515434,0.1094878539443016,0.08693233132362366,0.1737070232629776,0.030324647203087807,0.8394080400466919,0.0,0.03877520561218262,0.0,0.0,0.8962275385856628,0.013357308693230152,0.0,0.23367884755134583,0.28008121252059937,0.09680304676294327,0.8239158391952515,0.0,0.0,0.0,0.0,0.10398153215646744,0.2060699462890625,0.5573480129241943,0.011149889789521694,0.8204668164253235,0.0,0.12019021064043045,0.2124636322259903,0.0,0.020742515102028847,0.012630989775061607,0.0,0.0,0.0,0.0,0.0,0.0020231653470546007,0.0008421839447692037,0.3281800150871277,0.1096607968211174,0.7776158452033997,0.0,0.31718358397483826,0.6373356580734253,0.0,0.08381611108779907,0.5517266392707825,0.0,0.029018227010965347,0.0,0.0,0.0,0.03063669241964817,0.02573554217815399,0.0,0.4344276189804077,0.0030014992225915194,0.011209092102944851,0.0,0.892559289932251,0.44275838136672974,0.034284669905900955,0.3003927767276764,0.28880107402801514,0.00024700205540284514,0.28658926486968994,0.061447568237781525,0.0,0.0,0.0,1.099347710609436,0.0,0.001245227176696062,0.03902974724769592,0.0,0.0,0.0,0.0,0.013753063976764679,0.0,0.03464912250638008,0.0,0.8918401002883911,0.08138201385736465,0.08713257312774658,0.02270696870982647,0.07310900837182999,0.544219434261322,0.0,0.0,0.6484411954879761,0.3360390365123749,0.0,0.621476948261261,0.0024727615527808666,0.4337714910507202,0.044861968606710434,0.0,0.11540990322828293,0.0,0.020326660946011543,1.4763914346694946,0.9861167073249817,0.5236881971359253,0.20327894389629364,0.0,0.009984523057937622,0.0,0.00389877799898386,0.4789929986000061,0.0,0.027494143694639206,0.5249226689338684,0.0,0.0,0.584367036819458,0.31529656052589417,0.02047247439622879,0.0,0.0,0.0,0.3155219256877899,0.18434230983257294,0.7010661959648132,0.0,0.0021418051328510046,0.25001099705696106,0.6265518665313721,0.10198905318975449,0.05953284353017807,0.0,0.0,0.0,0.7515262365341187,0.0,0.005997200962156057,0.33713990449905396,0.0,0.007094020955264568,0.0,0.5277624726295471,0.0,0.013185760006308556,0.010307291522622108,0.0,0.0,0.016213472932577133,0.0,0.017194047570228577,0.0,0.021701736375689507,0.32104745507240295,0.0031791774090379477,0.0,0.5892305374145508,0.028870930895209312,0.014123651199042797,0.009405359625816345,0.5815383195877075,0.0,0.01249829214066267,0.1261976659297943,0.0,0.0,0.18475332856178284,0.13074997067451477,0.11709906905889511,0.9778827428817749,0.17585408687591553,0.0920524001121521,0.015393058769404888,0.04326937347650528,0.11912864446640015,0.9937963485717773,0.0,0.0,0.09972959011793137,0.0993637889623642,0.00035436637699604034,0.6457789540290833,0.0,0.01580161228775978,0.0,0.2507564127445221,1.673448085784912,0.519743800163269,0.2866400480270386,0.0,0.011296342127025127,0.7964369654655457,0.0,0.0,0.003461772110313177,0.0,0.09446407854557037,0.7570356130599976,0.5365166068077087,0.04918650910258293,0.0,0.5062230825424194,0.9321569204330444,0.058233119547367096,0.0001923159434227273,0.2946719527244568,0.0,0.0,0.13688543438911438,0.04289599508047104,0.0,0.01910005323588848,0.25709962844848633,0.0,0.013673586770892143,0.0001445779053028673,0.8624047040939331,0.43083393573760986,0.346205472946167,0.1830655038356781,0.0012920971494168043,0.043040644377470016,0.041064634919166565,0.0,0.42805346846580505,1.085631251335144,0.0,0.022852744907140732,0.020375927910208702,0.09038594365119934,0.6717265844345093,0.0,0.0,0.32217952609062195,0.2909783124923706,0.07088485360145569,0.1768294870853424,0.24347369372844696,0.0,0.0061462088488042355,0.0725427120923996,0.09245749562978745,0.49896717071533203,0.797393798828125,0.0,0.23473575711250305,0.08355241268873215,0.05042588710784912,0.06101848930120468,0.01242744829505682,0.593374490737915,0.12819118797779083,0.0,0.0,0.0,0.0,0.10762962698936462,0.0,0.0,0.010879806242883205,0.016989052295684814,0.2731631398200989,0.09098386019468307,0.11738048493862152,1.018180012702942,0.001106754643842578,0.0,0.4594056308269501,0.03158276528120041,0.0,0.0,0.0,0.0,0.03252526372671127,0.0,0.6585482358932495,0.0,0.0,0.0,0.0,0.04458177089691162,0.0075468625873327255,0.0,0.0,0.747495174407959,0.06370317190885544,0.0,0.006325714290142059,0.11503159999847412,0.1168094277381897,0.21639925241470337,0.22776249051094055,0.0,0.16542233526706696,0.277255117893219,0.0,0.0437040738761425,0.0,0.0,0.03003772161900997,0.025253204628825188,0.024996569380164146,0.0,1.4825466871261597,0.026580845937132835,0.0,0.08745327591896057,0.003419003216549754,0.0,0.0,0.0,0.002589050680398941,0.021765276789665222,0.0,0.5804710388183594,0.9799450635910034,0.010735206305980682,0.1171012744307518,0.0,0.0,0.022988006472587585,0.4079577624797821,6.914449386385968e-06,0.4785967767238617,0.0535961352288723,0.047114353626966476,0.025469055399298668,0.012049971148371696,0.012593726627528667,0.11432421207427979,0.0,0.04888246953487396,0.42761704325675964,0.0,0.0027317889034748077,0.0,0.3314647078514099,0.006402596831321716,0.09285430610179901,0.4125763177871704,0.9093844294548035,0.03486814349889755,0.03824598714709282,0.0,0.023304428905248642,0.6029248237609863,0.0,0.04393009468913078,0.03362266719341278,0.0,0.5325636863708496,0.079740509390831,0.056746214628219604,0.11148496717214584,0.0,0.720099925994873,0.0,0.9244384765625,0.0,0.32762211561203003,0.2955177426338196,0.28017961978912354,0.04279254004359245,0.09277550876140594,0.10445880889892578,0.009657928720116615,0.0,0.009632796980440617,0.036489374935626984,0.16346269845962524,0.0,0.008961288258433342,0.0,0.0,0.0030241161584854126,0.0,0.0,0.0,0.0,0.0,0.6880106329917908,0.0,0.0,0.02821456454694271,0.273453950881958,0.0,0.05461541935801506,0.12136010825634003,0.12061037868261337,0.03258294612169266,0.0,0.01113986223936081,0.13561563193798065,0.13754749298095703,0.388441264629364,0.00929124467074871,0.0,0.0625646561384201,0.0,0.098090261220932,0.4232443571090698,0.07870655506849289,0.0,0.19479870796203613,0.8332344889640808,0.22934220731258392,0.08278602361679077,0.0,0.0,0.003294867929071188,0.10251322388648987,0.0,0.148237943649292,0.3040401339530945,0.6533412933349609,0.0,0.09418903291225433,0.02251279354095459,0.18070650100708008,0.08483501523733139,0.0,0.017580902203917503,0.4703996181488037,0.004119207616895437,4.840238761971705e-05,0.3504849374294281,0.5619075894355774,0.029748916625976562,0.00442101527005434,0.3443732261657715,0.15457668900489807,0.12823180854320526,0.0,0.0,0.0,0.7100693583488464,0.004027295392006636,0.025524664670228958,0.22332744300365448,0.004974260926246643,0.0022304996382445097,0.006513611879199743,0.4542067050933838,0.003362997667863965,0.06579079478979111,0.07799067348241806,0.0,0.0,0.0,0.0,0.07155109941959381,0.04980899766087532,0.18314526975154877,0.10814671963453293,0.0,2.7186424631509e-05,0.812630295753479,0.1083342656493187,0.02782651223242283,0.09798761457204819,0.5488935708999634,0.0,0.16663460433483124,0.17153604328632355,0.160797581076622,0.004852769896388054,0.41984865069389343,0.0648086816072464,0.03115142323076725,0.4980035424232483,0.39663195610046387,0.04748952016234398,0.1766282320022583,0.31356653571128845,0.6734697818756104,0.5534501075744629,0.0,0.0,0.10518079251050949,0.21374595165252686,0.002962028607726097,0.3775678277015686,0.02489989623427391,0.05328720808029175,0.0,0.6401559114456177,1.3503645658493042,0.5044248700141907,0.19662974774837494,0.0,0.037350621074438095,0.4515233039855957,0.0,0.006802962627261877,0.14307402074337006,0.0,0.004403732717037201,0.6472630500793457,0.35243117809295654,0.34355631470680237,0.0,0.45792126655578613,0.44363337755203247,0.17284348607063293,0.014675718732178211,0.08083950728178024,0.10659388452768326,0.0,0.10736262798309326,0.027680564671754837,0.06417407840490341,0.02770981565117836,0.19857673346996307,0.020478127524256706,0.0,0.011908630840480328,0.7028506398200989,0.372763067483902,0.4732883870601654,0.16775846481323242,0.002503812313079834,0.031405288726091385,0.12000951915979385,0.008300104178488255,0.2276020497083664,0.9464870691299438,0.000320863735396415,0.061335135251283646,0.009089457802474499,0.016757037490606308,0.5952015519142151,0.0,0.048283178359270096,0.4492464065551758,0.5110708475112915,0.19408588111400604,0.11308236420154572,0.12256481498479843,0.0,0.0,0.09396447986364365,0.09566652774810791,0.4558694064617157,0.5424805879592896,0.000249997538048774,0.13839517533779144,0.020866146311163902,0.07977783679962158,0.08756496757268906,0.04924101009964943,0.3543951213359833,0.14982549846172333,0.0,0.0,0.03317169100046158,0.0009770408505573869,0.3152899742126465,0.0,0.0072006359696388245,0.0,0.043963465839624405,0.2836831212043762,0.0,0.15312807261943817,0.5961581468582153,0.0,0.001558750169351697,0.24840669333934784,0.05659954622387886,0.00035205110907554626,0.0,0.2712414860725403,0.0,0.19615744054317474,0.0,0.24444475769996643,0.0,0.0,0.0,0.0,0.4297054409980774,0.1656256765127182,0.0007710309000685811,0.0,0.7590330243110657,0.03591473400592804,0.0,0.010536466725170612,0.04608728736639023,0.65967857837677,0.32113176584243774,0.09009025245904922,0.021171336993575096,0.18932850658893585,0.18916144967079163,0.0,0.318756639957428,0.0,0.0,0.016970178112387657,0.025536099448800087,0.02494313381612301,0.08632497489452362,1.0211868286132812,0.05348623916506767,0.006947250105440617,0.38627395033836365,0.0003655560431070626,0.0,0.0,0.018849622458219528,0.2611323297023773,0.01451182086020708,0.0,0.549936056137085,0.7436596155166626,0.06727905571460724,0.5194754600524902,0.0,0.001815339899621904,0.0027196004521101713,0.13586203753948212,0.07427451759576797,0.40024033188819885,0.24688370525836945,0.008485118858516216,0.2875852584838867,0.0034928866662085056,0.05200401693582535,0.0715269222855568,0.0,0.15073664486408234,0.18352742493152618,0.0,0.00605440279468894,0.0,0.07116122543811798,0.01435033231973648,0.14056174457073212,0.12915563583374023,0.741485595703125,0.04226144030690193,0.40233612060546875,0.006050660740584135,0.11654799431562424,0.6063488125801086,0.01515226997435093,0.11580472439527512,0.14471520483493805,0.008747964166104794,0.32947227358818054,0.013932964764535427,0.023165011778473854,0.011114959605038166,0.0,0.37835490703582764,0.0,0.8241773843765259,0.0,0.13334114849567413,0.08219864219427109,0.48771268129348755,0.24534538388252258,0.034851934760808945,0.22164343297481537,0.10658764094114304,0.0,0.023706600069999695,0.04419256001710892,0.08508127927780151,0.0,0.004384937230497599,0.32463839650154114,0.0,0.052225030958652496,0.0,0.0,0.0,0.0,0.0,0.5038152933120728,0.0,0.0,0.004731407854706049,0.4569071829319,0.01710965484380722,0.07546071708202362,0.046516068279743195,0.1215650662779808,0.10341749340295792,0.0,0.003150391625240445,0.31501540541648865,0.3838869035243988,0.16182152926921844,0.28223711252212524,0.0,0.18666493892669678,0.0,0.08098410815000534,0.19183014333248138,0.004060688428580761,0.006132673006504774,0.8529801368713379,0.8984277844429016,0.3079560697078705,0.15178856253623962,0.0,0.0016560525400564075,0.013460973277688026,0.03935446962714195,0.047769684344530106,0.06857304275035858,0.2798914611339569,0.6693704724311829,0.005207250360399485,0.02253413014113903,0.15802928805351257,0.1599569320678711,0.13881905376911163,0.0,0.07294034957885742,0.08570117503404617,0.04911492019891739,0.1121911033987999,0.32284092903137207,0.11116661876440048,0.0409872904419899,0.07155824452638626,-0.11911395192146301
145,0.0,0.051973167806863785,0.04251860827207565,0.0,0.0,0.0,0.374125599861145,0.14216656982898712,0.0,0.0040811956860125065,0.09431400895118713,0.017819851636886597,0.0,0.29399585723876953,0.0,0.039432745426893234,0.03681717813014984,0.0,0.0,0.0,0.0,0.1578187495470047,0.0,0.41451725363731384,0.01986616477370262,0.0,0.0,0.48449692130088806,0.0,0.08300506323575974,0.0054086958989501,0.19898410141468048,0.0,0.3540365993976593,0.0194373968988657,0.0721130296587944,0.06405611336231232,0.13096949458122253,0.025078976526856422,0.26948991417884827,0.0,0.1324494332075119,0.09867749363183975,0.08083540201187134,0.3007005453109741,0.0016554880421608686,0.1957714557647705,0.023145906627178192,0.0,0.056970443576574326,0.05095796287059784,0.0,0.16955578327178955,0.0004183888668194413,0.0,0.045961473137140274,0.02872515842318535,0.5510819554328918,0.07492052018642426,0.01114168856292963,0.0,0.25655293464660645,0.03855755925178528,0.0,0.0,0.0,0.0,0.11635904014110565,0.029739145189523697,0.0467229038476944,0.0,0.0,0.15046115219593048,0.19532327353954315,0.0063833752647042274,0.10067253559827805,0.018646208569407463,0.14216896891593933,0.0,0.19709330797195435,0.055219605565071106,0.01228279247879982,0.0,0.17042741179466248,0.11007602512836456,0.025109078735113144,0.0036139762960374355,0.09222759306430817,0.4374137222766876,0.26507556438446045,0.03621470555663109,0.0007431092672049999,0.0431426540017128,0.10100138932466507,0.0032201786525547504,0.0,0.35634124279022217,0.0,0.0,0.04209904000163078,0.0,0.15440671145915985,0.0,0.3538205921649933,0.37624940276145935,0.03539677709341049,0.027875801548361778,0.03694229945540428,0.0,0.0,0.023932084441184998,0.06683731079101562,0.03857230395078659,0.1472746878862381,0.0,0.0,0.017448564991354942,0.013682099059224129,0.025355223566293716,0.006073353346437216,0.03446206450462341,0.009634767659008503,0.0,0.0,0.001365523785352707,0.453683078289032,0.0,0.0,0.0,0.0,0.0,0.06829015165567398,0.0,0.01485480647534132,0.02680688351392746,0.0,0.0,0.0,0.08103808015584946,0.0005295251030474901,0.0,0.0022249852772802114,0.049172986298799515,0.0,0.09714701771736145,0.019205620512366295,0.0,0.019666390493512154,0.22130335867404938,0.0,0.016542360186576843,0.08633645623922348,0.06526223570108414,0.0,0.0,0.01124546118080616,0.016609493643045425,0.0,0.002631234936416149,0.0,0.19052299857139587,0.010351099073886871,0.018687792122364044,0.0,0.1437768191099167,0.0823761597275734,0.0,0.05980518087744713,0.0,0.0,0.0,0.0,0.003995286766439676,0.0,0.0035435683093965054,0.17521341145038605,0.0,0.015063242986798286,0.06885284930467606,0.013816693797707558,0.0037424853071570396,0.0,0.20376841723918915,0.0,0.009998228400945663,0.014962038025259972,0.16113132238388062,0.0,0.0,0.0,0.0,0.043708041310310364,0.146917924284935,0.0,0.11688414216041565,0.0921238511800766,0.03623949736356735,0.20228376984596252,0.11532709747552872,0.0,0.057911910116672516,0.0,0.010865967720746994,0.00974353775382042,0.0,0.0,0.004322890192270279,0.0,0.0,0.0,0.03683800995349884,0.21097195148468018,0.0,0.143644779920578,0.05646635591983795,0.11994148790836334,0.2913605570793152,0.0,0.0,0.31385964155197144,0.0,0.0,0.0,0.0,0.059383608400821686,0.0,0.033296652138233185,0.0024948623031377792,0.12513220310211182,0.149562805891037,0.0,0.0,0.24316763877868652,0.0874001681804657,0.2258383333683014,0.14218159019947052,0.0,0.0,0.04263334721326828,0.012110619805753231,0.0,0.020973414182662964,0.0,0.3544909954071045,0.002842002548277378,0.017507443204522133,0.07326656579971313,0.0,0.0,0.0,0.0,0.30254319310188293,0.0,0.0,0.0,0.05001820623874664,0.0,0.0428989976644516,0.022103480994701385,0.0,0.09038493037223816,0.001189625822007656,0.0,0.09171472489833832,0.0028025973588228226,0.4413549304008484,0.06589047610759735,0.019589312374591827,0.14487068355083466,0.0,0.0,0.06787454336881638,0.04462876170873642,0.0,0.22305046021938324,0.31650078296661377,0.24462813138961792,0.0,0.0,0.0,0.002750006504356861,0.012781224213540554,0.022631794214248657,0.06413773447275162,0.0022484525106847286,0.23865260183811188,0.0,0.008802637457847595,0.44734811782836914,0.2614743411540985,0.02725202776491642,0.0,0.0,0.0,0.30494624376296997,0.0,0.42476630210876465,0.09705168753862381,0.025927359238266945,0.0035884156823158264,0.01812492311000824,0.0699828565120697,0.04494862258434296,0.0,0.0,0.0,0.37911638617515564,0.12559083104133606,0.0,0.06858652830123901,0.16302593052387238,0.04851265996694565,0.0,0.396981418132782,0.029483508318662643,0.030603334307670593,0.022075004875659943,0.04380319267511368,0.03581107780337334,0.0,0.0,0.1569690704345703,0.0,0.33514976501464844,0.08185194432735443,0.0,0.0,0.4053928852081299,0.0,0.0944208949804306,0.0029896069318056107,0.23464639484882355,0.0,0.2992634177207947,0.0005638436414301395,0.025012724101543427,0.08259055018424988,0.09544624388217926,0.046466633677482605,0.3457227945327759,0.04211174324154854,0.06576206535100937,0.23682093620300293,0.020191365852952003,0.23595945537090302,0.0,0.3331339657306671,0.0,0.0,0.018235299736261368,0.015292073599994183,0.0,0.4268661141395569,0.0015672564040869474,0.0,0.12055317312479019,0.008475379087030888,0.7029125690460205,0.07936649024486542,0.0,0.0,0.21136975288391113,0.15726417303085327,0.015009000897407532,0.0,0.008802931755781174,0.0,0.33490681648254395,0.08794627338647842,0.1112360805273056,0.0,0.0,0.19041776657104492,0.4217338263988495,0.0,0.11144471913576126,0.08639081567525864,0.0,0.0,0.22430557012557983,0.067357137799263,0.0,0.0,0.268599271774292,0.11781129240989685,0.03768250346183777,0.0,0.14458096027374268,0.5104795098304749,0.20615625381469727,0.04748935252428055,0.13486380875110626,0.043221451342105865,0.011013838462531567,0.01089237816631794,0.01029250118881464,0.3837936520576477,0.0,0.0,0.02156648598611355,0.09240395575761795,0.2208067774772644,0.0,0.3249596357345581,0.2686898708343506,0.03590674698352814,0.012241481803357601,0.11772347241640091,0.003005343722179532,0.0,0.18307410180568695,0.07123461365699768,0.020467951893806458,0.1888274848461151,0.0005422884132713079,0.0,0.05656379461288452,0.08063174784183502,0.0,0.016591746360063553,0.1308113932609558,0.03375484421849251,0.0,0.02633868157863617,0.011354041285812855,0.2883545458316803,0.0,0.0,0.05057908594608307,0.0,0.0,0.08969535678625107,0.0,0.04220272973179817,0.0,0.02322082221508026,0.004690622445195913,0.0,0.1828935146331787,0.012897872366011143,0.0,0.0,0.001946483738720417,0.0,0.045559365302324295,0.01757470890879631,0.020840782672166824,0.006831444799900055,0.2643108069896698,0.0,0.0,0.004709539469331503,0.017555339261889458,0.0,0.0,0.0615762397646904,0.019649198278784752,0.012042775750160217,0.003478231141343713,0.0,0.054245010018348694,0.007360178977251053,0.10976462811231613,0.0,0.09771130979061127,0.1376977264881134,0.0,0.0,0.028411149978637695,0.0,0.0,0.005770346615463495,0.029202809557318687,0.0,0.08498930931091309,0.08883629739284515,0.0,0.00337273720651865,0.15362922847270966,0.06642485409975052,0.012438579462468624,0.0,0.09753621369600296,0.011088736355304718,0.024669066071510315,0.05066557973623276,0.2362457513809204,0.0,0.0,0.0,0.0,0.114860899746418,0.2508484721183777,0.0,0.11656223237514496,0.05772455036640167,0.10344324260950089,0.12013060599565506,0.22376185655593872,0.0,0.0919114276766777,0.0,0.005973306484520435,0.04567375406622887,0.0,0.0,0.0,0.038108304142951965,0.04880527779459953,0.001755984965711832,0.11397983133792877,0.2982063889503479,0.0,0.017330612987279892,0.1684855818748474,0.13169892132282257,0.23979461193084717,0.0,0.0,0.2122766673564911,0.0,0.04209484905004501,0.046899884939193726,0.0,0.09125342220067978,0.0,0.02745308354496956,0.003021322190761566,0.13119561970233917,0.1718340367078781,0.009587209671735764,0.0,0.1604604870080948,0.05131453275680542,0.2651265859603882,0.039344049990177155,0.0,0.0,0.028736108914017677,0.013790452852845192,0.0,0.0018482482992112637,0.015382414683699608,0.14851076900959015,0.08234734833240509,0.010319366119801998,0.10288013517856598,0.0,0.0,0.0,0.0,0.4325646758079529,0.0,0.0,0.008370758034288883,0.013349225744605064,0.0,0.02640468254685402,0.006736833602190018,0.0,0.013966549187898636,0.00390856247395277,0.015307793393731117,0.04962928593158722,0.0,0.5486138463020325,0.01612773723900318,0.09439095109701157,0.15876679122447968,0.0,0.0,0.0652974396944046,0.16095945239067078,0.0,0.14919109642505646,0.2604498267173767,0.22955337166786194,0.0,0.0,0.0,0.044467050582170486,0.09886139631271362,0.008078367449343204,0.13858123123645782,0.0,0.2380041480064392,0.0,0.0,0.39649128913879395,0.28685957193374634,0.021214144304394722,0.0,0.0,0.2035272717475891,0.3154275715351105,0.0,0.4269299805164337,0.34157663583755493,0.06737048923969269,0.0,0.0029433448798954487,0.035103410482406616,0.017340414226055145,0.0,0.0,0.0,0.31307318806648254,0.1737174391746521,0.0,0.027232691645622253,0.1718987226486206,0.07993916422128677,0.0,0.38998621702194214,0.06945698708295822,0.004972266964614391,0.026630057021975517,0.03313681110739708,0.022296445444226265,0.0,0.0,0.15560901165008545,0.0,0.41833993792533875,0.056676235049963,0.001108888303861022,0.0,0.5338759422302246,0.0,0.05120274797081947,0.006008632015436888,0.2926010191440582,0.0,0.31310293078422546,0.0077522979117929935,0.07024580240249634,0.021335365250706673,0.06455399096012115,0.07582499831914902,0.32598182559013367,0.030576227232813835,0.1422581523656845,0.16490142047405243,0.03217880800366402,0.3266088366508484,0.0,0.2904443144798279,0.0018550148233771324,0.0,0.030396318063139915,0.004601025953888893,0.0,0.47256800532341003,0.0,0.0,0.13866285979747772,0.0031223339028656483,0.6804286241531372,0.07392570376396179,0.029221519827842712,0.0,0.2765204906463623,0.125391885638237,0.011562549509108067,0.0,0.0,0.0,0.38424500823020935,0.1195683553814888,0.12087447196245193,0.0,0.0,0.10070779174566269,0.37776508927345276,0.0,0.1761053502559662,0.10758468508720398,0.04134931042790413,0.0,0.15492764115333557,0.051903851330280304,0.0,0.0,0.2461283653974533,0.1740805059671402,0.02210935391485691,0.0,0.2116602063179016,0.47222134470939636,0.1662605106830597,0.0318998247385025,0.14074468612670898,0.036687348037958145,0.030084706842899323,0.028156261891126633,0.009889311157166958,0.39646872878074646,0.0,0.000280179112451151,0.08133834600448608,0.07444512099027634,0.1889435201883316,0.0,0.2438972294330597,0.2784011960029602,0.008314460515975952,0.010587945580482483,0.0785566195845604,0.0,0.0,0.1873156875371933,0.051326192915439606,0.011089545674622059,0.16233155131340027,0.0,0.0,0.057121165096759796,0.08333904296159744,0.0,0.0038687987253069878,0.18764938414096832,0.038318000733852386,0.0034271690528839827,0.0036040954291820526,0.08827473968267441,0.2924102544784546,0.0,0.0,0.10495729744434357,0.0,0.0,0.10114116966724396,0.0,0.019187571480870247,0.0,0.011583122424781322,0.0,0.0,0.09777502715587616,0.013836783356964588,0.0,0.0013073768932372332,0.0024946038611233234,0.0,0.032603491097688675,0.011363700032234192,0.00035241348086856306,0.0015394699294120073,0.13343068957328796,0.0,0.000531594967469573,0.006323354784399271,0.02383486181497574,0.0,0.0,0.021653110161423683,0.06825590133666992,0.0,0.008738885633647442,0.0,0.04458599537611008,0.008342607878148556,0.03465919569134712,0.0,0.10956882685422897,0.13848736882209778,0.0007997900829650462,0.0024614857975393534,0.011830087751150131,0.0,0.0,0.0006994582945480943,0.01057913713157177,0.0,0.06673435121774673,0.1417151391506195,0.0,0.0,0.14113394916057587,0.01329730823636055,0.013469837605953217,0.0,0.07818777114152908,0.002366280648857355,0.0127749964594841,0.08404746651649475,0.20662066340446472,0.0,0.0,0.0,0.0,0.14878347516059875,0.19993475079536438,0.0,0.14460821449756622,0.05344640836119652,0.053147729486227036,0.10108646005392075,0.21545454859733582,0.0,0.04048679769039154,0.0,0.012378848157823086,0.01882793940603733,0.0,0.0,0.0005537793040275574,0.11329391598701477,0.0651717334985733,0.0019469562685117126,0.15262728929519653,0.22149240970611572,0.0,0.01715749502182007,0.20681557059288025,0.06174849346280098,0.21161897480487823,0.0,0.0,0.21949130296707153,0.0,0.026384921744465828,0.028335580602288246,0.0,0.07686927914619446,0.0,0.042133111506700516,0.05123111605644226,0.17881904542446136,0.2008151113986969,0.01940876804292202,0.0,0.1802641898393631,0.0470026433467865,0.375885933637619,0.05070706456899643,0.0,0.0,0.019405189901590347,0.008119487203657627,0.0,0.0,0.0,0.13839083909988403,0.07527380436658859,0.05427787825465202,0.03420678526163101,0.0,0.0,0.0,0.0,0.4685278534889221,0.0,0.0,0.0,0.004647452849894762,0.0,0.012719007208943367,0.020848216488957405,0.0,0.018702873960137367,0.01411610096693039,0.0034688301384449005,0.03250115364789963,0.0,0.6023051142692566,0.01714487187564373,0.05519099161028862,0.0686621218919754,0.0,0.0,0.041310377418994904,0.2052682787179947,0.0,0.240255206823349,0.19830840826034546,0.17535163462162018,0.0,0.006999541074037552,0.0,0.051788125187158585,0.02667946182191372,0.0074359094724059105,0.12642140686511993,0.021361764520406723,0.22827774286270142,0.0,0.0,0.437364399433136,0.313792884349823,0.021853934973478317,0.0,0.0,0.11375626176595688,0.30255332589149475,0.0,0.30409783124923706,0.29314202070236206,0.048925887793302536,0.0,-0.123345285654068
146,0.014847127720713615,0.05549310892820358,0.04484972357749939,0.0,0.0,0.0,0.29979604482650757,0.15675362944602966,0.0,0.027844134718179703,0.1864253431558609,0.011458323337137699,0.0,0.28872010111808777,0.11386097222566605,0.04713281989097595,0.011698311194777489,0.1347702145576477,0.08777546882629395,0.0,0.0,0.1279701292514801,0.0,0.5604342222213745,0.047743137925863266,0.0,0.0,0.401605486869812,0.003180675208568573,0.11415580660104752,0.01733187772333622,0.21697548031806946,0.0,0.29460692405700684,0.027202334254980087,0.03034842014312744,0.07063046842813492,0.20655617117881775,0.12734243273735046,0.32949090003967285,0.005795372650027275,0.016762766987085342,0.18472182750701904,0.0377250574529171,0.2996150255203247,0.0,0.17776715755462646,0.04058545455336571,0.0,0.09721146523952484,0.0,0.0,0.30733293294906616,0.0010963998502120376,0.0,0.1928301751613617,0.04144620895385742,0.4790341258049011,0.03129182755947113,0.012386132963001728,0.0,0.18035051226615906,0.02449902892112732,0.0,0.0,0.0,0.0,0.3051126003265381,0.03770091384649277,0.059443581849336624,0.0,0.0,0.10706070810556412,0.1993013620376587,0.0,0.05002829432487488,0.10787375271320343,0.0786156877875328,0.0,0.07800614833831787,0.06961459666490555,0.043557967990636826,0.0,0.19359439611434937,0.35321614146232605,0.01978311315178871,0.001097528263926506,0.09364944696426392,0.5535780787467957,0.2878287136554718,0.03069443628191948,0.2177271544933319,0.03920089080929756,0.12630562484264374,0.004714308772236109,0.0030801412649452686,0.2428455352783203,0.0,0.0,0.015097513794898987,0.0697178840637207,0.17675864696502686,0.0,0.5372355580329895,0.19698292016983032,0.038985878229141235,0.008396434597671032,0.17671236395835876,0.0,0.0,0.11640559881925583,0.049882158637046814,0.028917985036969185,0.13745713233947754,0.0031287800520658493,0.0,0.028257951140403748,0.13464292883872986,0.012610726058483124,0.0,0.12242289632558823,0.012358486652374268,0.008635107427835464,0.003975376486778259,0.08222167193889618,0.4046458899974823,0.0,0.0,0.1363540142774582,0.0,0.0,0.11620558053255081,0.0,0.0,0.0,0.0009637321345508099,0.0,0.0,0.06425007432699203,0.0,0.0,0.025239840149879456,0.0,0.0,0.12327076494693756,0.05948583409190178,0.0,0.045010555535554886,0.1847454309463501,0.006569211371243,0.0,0.14800426363945007,0.028600649908185005,0.0,0.0,0.11197352409362793,0.01922685094177723,0.014821972697973251,0.0011029401794075966,0.0,0.22310175001621246,0.004534360021352768,0.03733030706644058,0.0,0.017161810770630836,0.07350648939609528,0.0009543001651763916,0.006583415903151035,0.02591811865568161,0.0,0.0,0.0,0.025690920650959015,0.0,0.023772891610860825,0.3049702048301697,0.0,0.004510003142058849,0.18780486285686493,0.03854566439986229,0.017509644851088524,0.0,0.17840202152729034,0.0,0.01562155969440937,0.014517026953399181,0.09511887282133102,0.0,0.0,0.0,0.0,0.1885886937379837,0.09733659774065018,0.0,0.08713335543870926,0.2543538212776184,0.06350947171449661,0.2707640528678894,0.2977134883403778,0.0,0.14907142519950867,0.0,0.0053191473707556725,0.011475820094347,0.0,0.0,0.008283615112304688,0.08155960589647293,0.12981021404266357,0.005323493387550116,0.03002859838306904,0.17080263793468475,0.0,0.05869360640645027,0.1731719672679901,0.07469864189624786,0.18358749151229858,0.0,0.0,0.28170737624168396,0.0,0.0,0.02375858649611473,0.0,0.0670635923743248,0.0,0.12784649431705475,0.12223110347986221,0.09166157245635986,0.32749953866004944,0.004227631259709597,0.0,0.32373756170272827,0.05742151290178299,0.15967079997062683,0.026286598294973373,0.0,0.0,0.014190485700964928,0.031125172972679138,0.0,0.012449480593204498,0.005756955593824387,0.323525995016098,0.0830875113606453,0.0709274560213089,0.08567024022340775,0.0,0.0,0.0,0.0,0.35637223720550537,0.0,0.0,3.8098543882369995e-05,0.012392891570925713,0.0,0.020606040954589844,0.03145328909158707,0.0,0.03960312157869339,0.032240670174360275,0.0024644332006573677,0.07274112850427628,0.013227860443294048,0.5982808470726013,0.035539887845516205,0.05246398597955704,0.11210731416940689,0.0,0.0,0.05919291079044342,0.0596957802772522,0.0,0.2487698644399643,0.0906534418463707,0.1895616352558136,0.0,0.03584323823451996,0.0,0.1338142305612564,0.0,0.002734212204813957,0.16871844232082367,0.010483735240995884,0.20648902654647827,0.0,0.005460018292069435,0.4373261332511902,0.13452719151973724,0.01343661267310381,0.0,0.0,0.08738178759813309,0.3739527463912964,0.0,0.35599350929260254,0.23308739066123962,0.12413041293621063,0.005940059199929237,0.21135397255420685,0.16368333995342255,0.3006960451602936,0.002022149972617626,0.0,0.0,0.6620597839355469,0.007338314782828093,0.01444399543106556,0.2242066115140915,0.11454814672470093,0.0,0.006280526518821716,0.4398556649684906,0.0,0.009850467555224895,0.01355209480971098,0.0,0.029359210282564163,0.002865022514015436,0.0,0.008065898902714252,0.04125101491808891,0.22342093288898468,0.15631404519081116,0.0,0.0,0.5896819829940796,0.051792412996292114,0.03436441347002983,0.020618952810764313,0.3704442083835602,0.0,0.03597940132021904,0.2675250470638275,0.03427460417151451,0.024952037259936333,0.41178885102272034,0.06738121807575226,0.0063053942285478115,0.45375940203666687,0.1704915314912796,0.24578538537025452,0.06500820815563202,0.14888985455036163,0.37461671233177185,0.365071564912796,0.00728614954277873,0.0,0.08387341350317001,0.049301937222480774,0.024698102846741676,0.33403024077415466,0.0024955717381089926,0.04790530726313591,0.0,0.6341126561164856,1.0662723779678345,0.47533494234085083,0.07243207842111588,0.0,0.0,0.29114994406700134,0.0,0.0,0.030841363593935966,0.003048443468287587,0.11773202568292618,0.39951276779174805,0.3035438358783722,0.2064230740070343,0.0,0.2849150598049164,0.35565266013145447,0.1292908489704132,0.0032504878472536802,0.16454321146011353,0.027914052829146385,0.05700276419520378,0.07382573932409286,0.09183510392904282,0.0,0.004968573804944754,0.16115079820156097,0.15292750298976898,0.036931272596120834,0.006592522840946913,0.4098944365978241,0.4637494683265686,0.23136471211910248,0.1696758270263672,0.17911551892757416,0.13305436074733734,0.19771039485931396,0.0,0.3549935817718506,0.6166591644287109,0.0,0.0038551469333469868,0.0,0.12752480804920197,0.4324106276035309,0.0,0.23713107407093048,0.27916571497917175,0.35417088866233826,0.13047058880329132,0.20352843403816223,0.13989180326461792,0.0,0.011352458968758583,0.10612738132476807,0.127827450633049,0.32633140683174133,0.511719822883606,0.0,0.1708398014307022,0.1291632205247879,0.08304929733276367,0.05834691599011421,0.0,0.5261316299438477,0.21322683990001678,0.0,0.0,0.011463630944490433,0.0,0.28547045588493347,0.019630268216133118,0.0,0.0,0.0010322887683287263,0.3106068968772888,0.07316531985998154,0.054214298725128174,0.3361462354660034,0.0,0.0,0.2943195402622223,0.03190044313669205,0.0,0.0,0.10404369980096817,0.0,0.1476890742778778,0.005969866644591093,0.2932624816894531,0.01536628883332014,0.09134518355131149,0.0,0.0,0.40263253450393677,0.020653344690799713,0.0,0.0,0.8684978485107422,0.075149767100811,0.018069501966238022,0.010028261691331863,0.042474403977394104,0.4163159430027008,0.22669334709644318,0.17270304262638092,0.0,0.07547541707754135,0.1286180317401886,0.0013771954691037536,0.20559315383434296,0.005333349108695984,0.0,0.06609470397233963,0.004401098471134901,0.02549971640110016,0.02965303137898445,0.781672477722168,0.07660334557294846,0.02138376608490944,0.16806825995445251,0.01080312766134739,0.018513699993491173,0.0,0.042925164103507996,0.12901437282562256,0.04174438863992691,0.01700666919350624,0.2911026179790497,0.46161794662475586,0.0,0.521885335445404,0.0,0.0,0.016904396936297417,0.10552322864532471,0.0,0.1781127154827118,0.4355640411376953,0.22152642905712128,0.1534048169851303,0.09620432555675507,0.2731040120124817,0.11747045814990997,0.0,0.09102772921323776,0.3304016590118408,0.0,0.0018539518350735307,0.03087480179965496,0.0,0.0910230204463005,0.21245895326137543,0.09627927094697952,0.4468301832675934,0.000563003879506141,0.39303451776504517,0.05527415871620178,0.0703425481915474,0.5113773345947266,0.018741104751825333,0.09145786613225937,0.12788067758083344,0.005904513876885176,0.3377918004989624,0.1075432226061821,0.1490030288696289,0.05730927735567093,0.0050107515417039394,0.5648149251937866,0.07215465605258942,0.5766286849975586,0.007657333742827177,0.2248346358537674,0.06827103346586227,0.44339719414711,0.17542152106761932,0.024963874369859695,0.1377827674150467,0.23502187430858612,0.0,0.01472224947065115,0.007736827712506056,0.1735798716545105,0.01623666286468506,0.005489659495651722,0.12048237770795822,0.07032069563865662,0.1927460879087448,0.07577567547559738,0.0,0.0,0.0,0.0,0.394935667514801,0.0,0.0,0.07308560609817505,0.49655094742774963,0.0072781117632985115,0.04997655376791954,0.054081499576568604,0.09324093908071518,0.023699847981333733,0.0,0.07982303202152252,0.19840936362743378,0.4267433285713196,0.1031820997595787,0.12373550236225128,0.05542928725481033,0.13857121765613556,0.0,0.0081739891320467,0.17589424550533295,0.0,0.0,0.8221926093101501,0.5827541947364807,0.23567628860473633,0.2619774043560028,0.003103991039097309,0.0,0.04674599692225456,0.08386930078268051,0.060932695865631104,0.17490558326244354,0.23034024238586426,0.47793886065483093,0.006964626256376505,0.06950539350509644,0.08496613800525665,0.092059426009655,0.1277420073747635,0.0,0.005977871362119913,0.05714227631688118,0.0987311527132988,0.03154429420828819,0.3692677915096283,0.1976015567779541,0.12157999724149704,0.06478565186262131,0.07972445338964462,0.09311843663454056,0.17312727868556976,0.0,0.0,0.0,0.5389204621315002,0.08529381453990936,0.0,0.17015434801578522,0.019147023558616638,0.021833892911672592,0.0,0.4331277310848236,0.0,0.042220424860715866,0.03923669829964638,0.0,0.0,0.0033036628738045692,0.0,0.08598543703556061,0.010523253120481968,0.2835598289966583,0.10127617418766022,0.002362233819440007,0.0,0.6516221165657043,0.04017539322376251,0.008792920038104057,0.0315166600048542,0.3803843557834625,0.0,0.167179673910141,0.06521716713905334,0.07462496310472488,0.0,0.2752881944179535,0.08799050003290176,0.19003956019878387,0.30093008279800415,0.27969029545783997,0.09460349380970001,0.10781415551900864,0.31010517477989197,0.17446495592594147,0.469159871339798,0.009213256649672985,0.0,0.08128251880407333,0.08117460459470749,0.0,0.37808120250701904,0.0,0.039294589310884476,0.020090507343411446,0.2575171887874603,1.0463441610336304,0.24863900244235992,0.13568563759326935,0.0,0.16765686869621277,0.2426639199256897,0.0,0.0,0.005635378882288933,0.0,0.08134600520133972,0.3031597137451172,0.18058998882770538,0.11934061348438263,0.0,0.2517661452293396,0.43175962567329407,0.024335961788892746,0.1331821084022522,0.13312679529190063,0.05544582009315491,0.0,0.07884617149829865,0.034058332443237305,0.0,0.0,0.2743816375732422,0.04709894582629204,0.014785289764404297,0.0,0.37347128987312317,0.37496522068977356,0.22088754177093506,0.13441531360149384,0.0055144173093140125,0.005639174487441778,0.1035611480474472,0.03177722916007042,0.1722949892282486,0.5295619964599609,0.0,0.0028084253426641226,0.07794315367937088,0.03767624869942665,0.23133577406406403,0.0,0.08790036290884018,0.3297699987888336,0.08376672863960266,0.08386432379484177,0.09147169440984726,0.04590406268835068,0.0,0.02171279489994049,0.043258316814899445,0.08644584566354752,0.2926943600177765,0.3156839907169342,0.0,0.07155083119869232,0.06647168099880219,0.07522650063037872,0.044132862240076065,0.05751332268118858,0.27981945872306824,0.19389784336090088,0.011639654636383057,0.01343009527772665,0.08803874999284744,0.0,0.16765350103378296,0.0,0.0,0.0,0.07912259548902512,0.13589200377464294,0.04886700585484505,0.0586022213101387,0.23691536486148834,0.0,0.0,0.2265222817659378,0.05065790191292763,0.0,0.0,0.0346529595553875,0.0,0.09039826691150665,0.0,0.1648690402507782,0.0005111387581564486,0.0,0.0,0.0,0.20958298444747925,0.007341552525758743,0.0,0.0,0.46086201071739197,0.07592763751745224,0.0010185320861637592,0.0035226240288466215,0.03503045812249184,0.30428722500801086,0.05613594874739647,0.06889622658491135,0.002213279018178582,0.17998240888118744,0.16908206045627594,0.0,0.08713418245315552,0.0,0.0,0.0168001689016819,0.005688123870640993,0.0,0.009877010248601437,0.45632198452949524,0.06422823667526245,0.006566029507666826,0.14323988556861877,0.032749030739068985,0.007337961345911026,0.0,0.010022546164691448,0.12028008699417114,0.03348046541213989,0.0,0.31772297620773315,0.40147221088409424,0.024675169959664345,0.25980785489082336,0.0,0.0,0.02893487550318241,0.0937085747718811,0.01194971613585949,0.2170969694852829,0.22074981033802032,0.03132921829819679,0.2069329172372818,0.023685412481427193,0.04543675109744072,0.12632791697978973,0.0,0.03315893933176994,0.17207039892673492,0.0,0.0006025424809195101,0.0,0.038874320685863495,0.005445545073598623,0.01869945228099823,0.18492494523525238,0.3981964886188507,0.011615214869379997,0.19517424702644348,0.06523922085762024,0.0848906859755516,0.469578355550766,0.0012380642583593726,0.068526491522789,0.2286449372768402,0.004482975695282221,0.1819291114807129,0.013934330083429813,0.05239744111895561,0.023863669484853745,0.039161983877420425,0.3465512990951538,0.0008792942971922457,0.48422887921333313,0.007105553988367319,0.09448397159576416,0.07407663017511368,0.3363901972770691,0.14150370657444,0.2780834138393402,0.1651676446199417,0.02900494821369648,0.0,0.018869614228606224,0.016477573662996292,0.06609992682933807,0.0,0.006298040971159935,0.1698719710111618,0.0,0.04568308964371681,0.0033947473857551813,0.0,0.0,0.002795094856992364,0.0,0.4043595492839813,0.0,0.0,0.009781870990991592,0.30014675855636597,0.0,0.013550392352044582,0.051349375396966934,0.09053299576044083,0.07335879653692245,0.0,0.01941688545048237,0.1429746001958847,0.1804237961769104,0.3856488764286041,0.06576214730739594,0.0,0.10428886860609055,0.0,0.002952603856101632,0.18240387737751007,0.07990499585866928,0.0,0.6283133625984192,0.4408768117427826,0.211639866232872,0.04064015671610832,0.0,0.0022043874487280846,0.01783020794391632,0.047913603484630585,0.04425504431128502,0.1021842360496521,0.185410737991333,0.40122345089912415,0.0,0.042216915637254715,0.23570381104946136,0.28766509890556335,0.037897348403930664,0.0,0.0015227444237098098,0.03585748374462128,0.1640620231628418,0.00027762551326304674,0.37388426065444946,0.21197925508022308,0.07673345506191254,0.08075787872076035,0.8118072152137756
147,0.014787054620683193,0.05027679353952408,0.0,0.0,0.0,0.0,0.0014132842188701034,0.1677975207567215,0.008885676972568035,0.0713910236954689,0.4609341621398926,0.1196858286857605,0.0,0.03700810298323631,0.7841307520866394,0.0,0.0,0.7744059562683105,0.5526137351989746,0.0,0.28707948327064514,0.137808695435524,0.0,0.9679061770439148,0.29392534494400024,0.0,0.0,0.4888606071472168,0.008155476301908493,0.0023255583364516497,0.0,0.12677541375160217,0.1208590492606163,0.15079040825366974,0.0,0.0,0.0,0.004634795244783163,0.5038045048713684,0.2185785323381424,0.11265522241592407,0.0,0.18829771876335144,0.0,0.24229875206947327,0.0,0.09688829630613327,0.01061295997351408,0.0,0.44543537497520447,0.0,0.023905595764517784,0.901021420955658,0.0,0.0,0.7014630436897278,0.0,0.28318172693252563,0.0006404802552424371,0.0,0.0,0.1809568852186203,0.07511215656995773,0.5564777255058289,0.0,0.0,0.0,1.3926869630813599,0.06863885372877121,0.007480463478714228,0.0,0.0,0.02647174708545208,0.8084182143211365,0.0,0.1334744244813919,0.570733368396759,0.12211326509714127,0.0,0.0,0.3629327714443207,0.0,0.029657868668437004,0.17430344223976135,1.2865523099899292,0.028276896104216576,0.0,0.040947865694761276,0.6766427159309387,0.03916173055768013,0.0,1.0636895895004272,0.033361226320266724,0.1680450737476349,0.021429872140288353,0.1692977100610733,0.03174629434943199,0.0,0.0,0.08814438432455063,0.7017534375190735,0.03521110489964485,0.0,1.0596938133239746,0.0,0.0,0.0,0.6335500478744507,0.0,0.0,0.7277067303657532,0.002203448209911585,0.004656982608139515,0.08565493673086166,0.03616661578416824,0.06632345169782639,0.022452032193541527,0.9085556268692017,0.0,0.0,0.5509346127510071,0.2204904854297638,0.0,0.0,0.5871886610984802,0.16562114655971527,0.0,0.0,0.7285634875297546,0.0,0.0,0.23448562622070312,0.0,0.0004234396037645638,0.0,0.07915712893009186,0.18136928975582123,0.0,0.03507634252309799,0.0,0.0,0.11095491796731949,0.0,0.0022997763007879257,0.010567249730229378,0.13669398427009583,0.020163552835583687,0.04905623942613602,0.08716901391744614,0.0,0.0,0.016659162938594818,0.0,0.0,0.0,0.01512387115508318,0.11449827998876572,0.044814325869083405,0.0,0.0,0.013601923361420631,0.0,0.025605762377381325,0.0,0.0,0.0752793475985527,0.029823774471879005,0.0,0.5892157554626465,0.0,0.1820969432592392,0.27163147926330566,0.0,0.0,0.11761742830276489,0.6598884463310242,0.0,0.0,0.3461064100265503,0.0,0.08237478882074356,0.18196113407611847,0.03189510852098465,0.0,0.17795662581920624,0.0,0.0,0.0,0.0,0.00689741550013423,0.0,0.9418544769287109,0.17617307603359222,0.0,0.0018421352142468095,0.44265827536582947,0.0,0.12808382511138916,0.9668642282485962,0.0,0.22362875938415527,0.0,0.0,0.06068989634513855,0.015309944748878479,0.0,0.23742079734802246,1.3257406949996948,0.6063694953918457,0.0,0.2894732356071472,0.12775976955890656,0.0,0.0,0.6434283256530762,0.011309350840747356,0.00022308678308036178,0.0,0.0,0.3452727496623993,0.0,0.07258887588977814,0.654579222202301,0.0,0.1898859590291977,0.16491064429283142,0.5272949934005737,0.7577964663505554,0.0,0.795553982257843,0.07056856900453568,0.3462618887424469,0.23949885368347168,0.005282830912619829,0.22142799198627472,0.003822695231065154,0.0,0.0,0.0,0.005126917734742165,0.0,0.0,0.005353860557079315,0.10302425920963287,0.6323486566543579,0.47388574481010437,0.0,0.0,0.0,0.0,0.0,0.7709600329399109,0.023650722578167915,0.0,0.016019625589251518,0.0,0.0,0.0,0.0015355892246589065,0.0,0.0,0.6325470209121704,0.46709752082824707,0.0,0.0,1.451484203338623,0.0,0.27409645915031433,5.8843197621172294e-05,0.0,0.0,0.06541647017002106,0.42251309752464294,0.0,0.2021440714597702,0.0,0.014916940592229366,0.0,0.6093316674232483,0.0,0.7267975211143494,0.0,0.0,0.9362725615501404,0.0,0.0,0.0,0.0,0.3874030113220215,0.0061736698262393475,0.04882936179637909,0.0,0.0,0.740717351436615,0.4981197416782379,0.0,0.0,0.8140105605125427,0.4411256015300751,0.07760218530893326,0.047326672822237015,0.02483653835952282,0.152633398771286,0.0,0.0,0.0,0.19530390202999115,0.09981242567300797,0.005448769312351942,0.14594855904579163,0.28665807843208313,0.005430081393569708,0.0,0.2163628786802292,0.30270496010780334,0.0,0.0,0.2323768138885498,0.16503091156482697,0.002950377529487014,0.12526004016399384,0.06253933161497116,0.0,0.7223798036575317,0.2397715151309967,0.0015290003502741456,0.0,0.5729753375053406,0.05643611028790474,0.027906695380806923,0.0029408857226371765,0.3006060719490051,0.017926735803484917,0.12677399814128876,0.06636738777160645,0.012686572037637234,0.006395199801772833,0.21177425980567932,0.3399374485015869,0.08745767921209335,0.3078647255897522,0.043946512043476105,0.1550251692533493,0.0,0.24453520774841309,0.021531054750084877,0.2594996988773346,0.02339705266058445,0.0,0.3089161813259125,0.0,0.0,0.6995702981948853,0.0,0.005863581784069538,0.1627286821603775,0.09400811046361923,0.6879208087921143,0.06938095390796661,0.01794620417058468,0.0,0.07751675695180893,0.08547794073820114,0.03360338881611824,0.0,0.0,0.0,0.7257424592971802,0.1655047982931137,0.06047024950385094,0.0029362402856349945,0.0,0.16402532160282135,0.6157307028770447,0.0016857130685821176,0.11287879943847656,0.5234199166297913,0.05427442118525505,0.0,0.0,0.2656552493572235,0.0,0.03149526193737984,0.24071131646633148,0.6688908934593201,0.0,0.0004073187883477658,0.15094886720180511,0.6985570788383484,0.07344676554203033,0.14144355058670044,0.56916743516922,0.03109724260866642,0.2989841401576996,0.0,0.23608461022377014,0.23035183548927307,0.0,0.0,0.009091268293559551,0.36345019936561584,0.10548599809408188,0.0,0.6963908076286316,0.02782072126865387,0.04668102413415909,0.023132437840104103,0.42056211829185486,0.020051700994372368,0.0,0.28887730836868286,0.06597717851400375,0.07351567596197128,0.26484236121177673,0.2754072844982147,0.017064686864614487,0.04052145406603813,0.5577532649040222,0.005339788738638163,0.057659175246953964,0.2636955678462982,0.3516819179058075,0.09225129336118698,0.0029319466557353735,0.15376101434230804,0.030113792046904564,0.0,0.1118498370051384,0.40882784128189087,0.0,0.03443016856908798,0.030270317569375038,0.058648884296417236,0.03217191994190216,0.011756468564271927,0.1545453816652298,0.028854260221123695,0.0,0.062168192118406296,0.0,0.0,0.016216697171330452,0.0,0.0,0.11878400295972824,0.0,0.156867116689682,0.02999013103544712,0.024027366191148758,0.0,0.0,0.07722790539264679,0.002513858489692211,0.0,0.003649842692539096,0.46909379959106445,0.2280854433774948,0.004708565771579742,0.0,0.002145188394933939,0.1874149739742279,0.0207960307598114,0.13626399636268616,0.0,0.0,0.04142006114125252,0.010904956609010696,0.0,0.1993127316236496,0.0,0.11175232380628586,0.02569732628762722,0.0017967865569517016,0.0,0.3602597415447235,0.36195647716522217,0.0169257503002882,0.0,0.0847070962190628,0.0,0.00779850734397769,0.04371193051338196,0.16398079693317413,0.00045574011164717376,0.013107686303555965,0.08144646137952805,0.09534542262554169,0.0,0.050725292414426804,0.0,0.0,0.43245846033096313,0.11577267944812775,0.0,0.007469996809959412,0.4728533923625946,0.0,0.3876672387123108,0.6143349409103394,0.02244325540959835,0.3522230088710785,0.0,0.010573898442089558,0.046909112483263016,0.0,0.0,0.0,0.8950002789497375,0.43643316626548767,0.09493099898099899,0.08735974133014679,0.20038370788097382,0.0032947238069027662,0.030296236276626587,0.2920643389225006,0.0428040511906147,0.1416618376970291,0.0,0.0,0.20634305477142334,0.0,0.13592250645160675,0.5472972989082336,0.0297552403062582,0.10357619822025299,0.0042847562581300735,0.6085211634635925,0.4199145436286926,0.1444806158542633,0.2862287759780884,0.15208859741687775,0.15782049298286438,0.46563220024108887,0.08666675537824631,0.0931292176246643,0.03181371092796326,0.0,0.0,0.0,0.0,0.06737080961465836,0.0,0.04438963904976845,0.2009940892457962,0.3489714562892914,0.29473191499710083,0.0250861793756485,0.0,0.0,0.0,0.0,0.49115023016929626,0.0,0.0,0.039461132138967514,0.14373424649238586,0.0,0.0,0.00914212316274643,0.09822940826416016,0.0,0.008874873630702496,0.2574402987957001,0.03421575948596001,0.03901660442352295,0.7017879486083984,0.004055739846080542,0.18302574753761292,0.0,0.0,0.00020431206212379038,0.06908184289932251,0.10687526315450668,0.0,0.5978986620903015,0.03660645708441734,0.20826350152492523,0.0,0.23674435913562775,2.7008354663848877e-06,0.43981119990348816,0.005491127725690603,0.0,0.5788677334785461,0.026708513498306274,0.20097754895687103,0.0,0.024825280532240868,0.34915152192115784,0.0688042938709259,0.058993108570575714,0.0,0.0,0.4806489050388336,0.37263020873069763,0.0,0.10149367153644562,0.5653463006019592,0.3900281488895416,0.06177482753992081,0.23068857192993164,0.047304317355155945,0.013904163613915443,0.0,0.0,0.0,0.278384268283844,0.11428787559270859,0.03623441606760025,0.1224934458732605,0.18805499374866486,0.09893665462732315,0.0,0.23171333968639374,0.39466896653175354,0.0,0.0013438534224405885,0.19853301346302032,0.044395677745342255,0.0101093128323555,0.049659255892038345,0.16088169813156128,0.0,0.4529057443141937,0.22996990382671356,0.0,0.00273271300829947,0.6031804084777832,0.026320049539208412,0.0011758944019675255,0.0023000421933829784,0.35473325848579407,0.0012268153950572014,0.1550787091255188,0.04239438474178314,0.002233822364360094,0.0,0.04555380344390869,0.3359474539756775,0.2548976242542267,0.3961322605609894,0.10185873508453369,0.1644408106803894,0.010259377770125866,0.24029302597045898,0.00014076578372623771,0.33961260318756104,0.0,0.0,0.2243841141462326,0.0,0.01258291769772768,0.8340582251548767,0.0,1.4744600775884464e-05,0.2731820046901703,0.006093789357692003,0.862450361251831,0.1858014464378357,0.08075443655252457,0.0,0.1785046011209488,0.29157859086990356,0.15544351935386658,2.388891516602598e-05,0.0,0.0,0.8324180245399475,0.2930595874786377,0.16208817064762115,0.0,0.0,0.11529528349637985,0.78876793384552,0.0,0.10275378078222275,0.4255865514278412,0.030611323192715645,0.0,0.030125796794891357,0.10983272641897202,0.0,0.015603423118591309,0.22187456488609314,0.5084147453308105,0.012044047005474567,0.0,0.42715227603912354,0.6083000898361206,0.14411190152168274,0.03814264386892319,0.49203160405158997,0.04316198080778122,0.050150927156209946,0.028131961822509766,0.2208475023508072,0.4528712332248688,0.0,0.003926830366253853,0.11477910727262497,0.37856316566467285,0.41599729657173157,0.0,0.2622106969356537,0.0880810096859932,0.0008419643272645772,0.0010469534900039434,0.2869967520236969,0.04056943580508232,0.0,0.44321250915527344,0.037996310740709305,0.024546662345528603,0.28688570857048035,0.20340420305728912,0.007522250525653362,0.14472025632858276,0.43926018476486206,0.0034168206620961428,0.005670104641467333,0.4202055335044861,0.28035199642181396,0.030073780566453934,0.0,0.2884042263031006,0.05276165530085564,0.00458570709452033,0.019630303606390953,0.31496715545654297,0.0,0.017696605995297432,0.09729068726301193,0.014746989123523235,0.03514823690056801,0.015607097186148167,0.2985173761844635,0.06743448972702026,0.0,0.14083227515220642,0.006946438457816839,0.00583129795268178,0.0,0.0,0.007145431358367205,0.011870249174535275,0.0037381586153060198,0.16998352110385895,0.001178136793896556,0.0008027749718166888,0.0,0.0,0.03438608720898628,0.00438354117795825,0.0,0.0023153580259531736,0.21452726423740387,0.09452909231185913,0.0019309156341478229,0.0,0.03467945009469986,0.041728097945451736,0.0,0.07474936544895172,0.023638423532247543,0.03714880347251892,0.2000248283147812,5.415562554844655e-05,0.0,0.23880477249622345,0.0,0.04366892948746681,0.1698550432920456,0.017794854938983917,0.0,0.6016044020652771,0.2875502407550812,0.0,0.0,0.11298241466283798,0.0,0.006791050545871258,0.048083119094371796,0.012792651541531086,0.004123487044125795,0.016594037413597107,0.14978501200675964,0.2586899399757385,0.0006754869245924056,0.004659176338464022,0.0,0.00212673656642437,0.4934372305870056,0.2813219428062439,0.0,0.09778891503810883,0.16244426369667053,0.023432906717061996,0.06970809400081635,0.4630570709705353,0.0,0.10692622512578964,0.0,0.0023725535720586777,0.17903940379619598,0.007627439219504595,0.0,0.0,0.8154351115226746,0.24184583127498627,0.012656065635383129,0.39187631011009216,0.44778743386268616,0.0031791110523045063,0.0,0.28626692295074463,0.007294017355889082,0.11879609525203705,0.013477981090545654,0.0,0.2420719861984253,0.0011183435562998056,0.17435824871063232,0.3384303152561188,0.019977835938334465,0.14243832230567932,0.05317327752709389,0.538722038269043,0.28605660796165466,0.30496662855148315,0.2861669361591339,0.15773610770702362,0.25360244512557983,0.17632949352264404,0.004475289490073919,0.22980980575084686,0.01546544674783945,0.0,0.0,0.0,0.008346391841769218,0.013080078177154064,0.0,0.026861881837248802,0.02370510622859001,0.3043491840362549,0.26357805728912354,0.0,0.0,0.0,0.0,0.0,0.7458518743515015,0.0,0.0,0.048190705478191376,0.06722164154052734,0.0,0.0004952314775437117,0.014865863136947155,0.04285118356347084,0.0,0.1769195944070816,0.1432829648256302,0.0,9.829903865465894e-05,1.1006711721420288,0.0004888553521595895,0.025458497926592827,0.0,0.0,0.005848485045135021,0.13111111521720886,0.3210018277168274,0.003945708740502596,0.22144028544425964,0.12328208237886429,0.10080321133136749,0.0,0.26108813285827637,0.0020657002460211515,0.2910192310810089,0.025550533086061478,0.0,0.5232300162315369,0.10904888063669205,0.20770324766635895,0.0,0.003499939339235425,0.213731586933136,0.11253896355628967,0.06363794952630997,0.0,0.0,0.563388466835022,0.28735625743865967,0.0,0.10356325656175613,0.6742127537727356,0.14786697924137115,0.025304513052105904,1.4485087394714355
148,0.014847127720713615,0.05549310892820358,0.04484972357749939,0.0,0.0,0.0,0.29979604482650757,0.15675362944602966,0.0,0.027844134718179703,0.1864253431558609,0.011458323337137699,0.0,0.28872010111808777,0.11386097222566605,0.04713281989097595,0.011698311194777489,0.1347702145576477,0.08777546882629395,0.0,0.0,0.1279701292514801,0.0,0.5604342222213745,0.047743137925863266,0.0,0.0,0.401605486869812,0.003180675208568573,0.11415580660104752,0.01733187772333622,0.21697548031806946,0.0,0.29460692405700684,0.027202334254980087,0.03034842014312744,0.07063046842813492,0.20655617117881775,0.12734243273735046,0.32949090003967285,0.005795372650027275,0.016762766987085342,0.18472182750701904,0.0377250574529171,0.2996150255203247,0.0,0.17776715755462646,0.04058545455336571,0.0,0.09721146523952484,0.0,0.0,0.30733293294906616,0.0010963998502120376,0.0,0.1928301751613617,0.04144620895385742,0.4790341258049011,0.03129182755947113,0.012386132963001728,0.0,0.18035051226615906,0.02449902892112732,0.0,0.0,0.0,0.0,0.3051126003265381,0.03770091384649277,0.059443581849336624,0.0,0.0,0.10706070810556412,0.1993013620376587,0.0,0.05002829432487488,0.10787375271320343,0.0786156877875328,0.0,0.07800614833831787,0.06961459666490555,0.043557967990636826,0.0,0.19359439611434937,0.35321614146232605,0.01978311315178871,0.001097528263926506,0.09364944696426392,0.5535780787467957,0.2878287136554718,0.03069443628191948,0.2177271544933319,0.03920089080929756,0.12630562484264374,0.004714308772236109,0.0030801412649452686,0.2428455352783203,0.0,0.0,0.015097513794898987,0.0697178840637207,0.17675864696502686,0.0,0.5372355580329895,0.19698292016983032,0.038985878229141235,0.008396434597671032,0.17671236395835876,0.0,0.0,0.11640559881925583,0.049882158637046814,0.028917985036969185,0.13745713233947754,0.0031287800520658493,0.0,0.028257951140403748,0.13464292883872986,0.012610726058483124,0.0,0.12242289632558823,0.012358486652374268,0.008635107427835464,0.003975376486778259,0.08222167193889618,0.4046458899974823,0.0,0.0,0.1363540142774582,0.0,0.0,0.11620558053255081,0.0,0.0,0.0,0.0009637321345508099,0.0,0.0,0.06425007432699203,0.0,0.0,0.025239840149879456,0.0,0.0,0.12327076494693756,0.05948583409190178,0.0,0.045010555535554886,0.1847454309463501,0.006569211371243,0.0,0.14800426363945007,0.028600649908185005,0.0,0.0,0.11197352409362793,0.01922685094177723,0.014821972697973251,0.0011029401794075966,0.0,0.22310175001621246,0.004534360021352768,0.03733030706644058,0.0,0.017161810770630836,0.07350648939609528,0.0009543001651763916,0.006583415903151035,0.02591811865568161,0.0,0.0,0.0,0.025690920650959015,0.0,0.023772891610860825,0.3049702048301697,0.0,0.004510003142058849,0.18780486285686493,0.03854566439986229,0.017509644851088524,0.0,0.17840202152729034,0.0,0.01562155969440937,0.014517026953399181,0.09511887282133102,0.0,0.0,0.0,0.0,0.1885886937379837,0.09733659774065018,0.0,0.08713335543870926,0.2543538212776184,0.06350947171449661,0.2707640528678894,0.2977134883403778,0.0,0.14907142519950867,0.0,0.0053191473707556725,0.011475820094347,0.0,0.0,0.008283615112304688,0.08155960589647293,0.12981021404266357,0.005323493387550116,0.03002859838306904,0.17080263793468475,0.0,0.05869360640645027,0.1731719672679901,0.07469864189624786,0.18358749151229858,0.0,0.0,0.28170737624168396,0.0,0.0,0.02375858649611473,0.0,0.0670635923743248,0.0,0.12784649431705475,0.12223110347986221,0.09166157245635986,0.32749953866004944,0.004227631259709597,0.0,0.32373756170272827,0.05742151290178299,0.15967079997062683,0.026286598294973373,0.0,0.0,0.014190485700964928,0.031125172972679138,0.0,0.012449480593204498,0.005756955593824387,0.323525995016098,0.0830875113606453,0.0709274560213089,0.08567024022340775,0.0,0.0,0.0,0.0,0.35637223720550537,0.0,0.0,3.8098543882369995e-05,0.012392891570925713,0.0,0.020606040954589844,0.03145328909158707,0.0,0.03960312157869339,0.032240670174360275,0.0024644332006573677,0.07274112850427628,0.013227860443294048,0.5982808470726013,0.035539887845516205,0.05246398597955704,0.11210731416940689,0.0,0.0,0.05919291079044342,0.0596957802772522,0.0,0.2487698644399643,0.0906534418463707,0.1895616352558136,0.0,0.03584323823451996,0.0,0.1338142305612564,0.0,0.002734212204813957,0.16871844232082367,0.010483735240995884,0.20648902654647827,0.0,0.005460018292069435,0.4373261332511902,0.13452719151973724,0.01343661267310381,0.0,0.0,0.08738178759813309,0.3739527463912964,0.0,0.35599350929260254,0.23308739066123962,0.12413041293621063,0.005940059199929237,0.19583147764205933,0.1679881066083908,0.06608352810144424,0.0,0.0,0.0,0.5136561393737793,0.10942292213439941,0.0,0.021956445649266243,0.1356654167175293,0.0,0.0,0.34977492690086365,0.0,0.05381631851196289,0.04458675533533096,0.0,0.0,0.0,0.0,0.08485563099384308,0.0,0.24984969198703766,0.025035832077264786,0.0,0.0,0.4585268795490265,4.8040667024906725e-05,0.11346324533224106,0.08725404739379883,0.3037387728691101,0.0,0.29535943269729614,0.1347828358411789,0.024163836613297462,0.04931982234120369,0.1752166599035263,0.02895415760576725,0.11272820085287094,0.10191122442483902,0.11145810037851334,0.1474645435810089,0.05318759009242058,0.15440025925636292,0.159063458442688,0.19212675094604492,0.014545287005603313,0.0,0.06359324604272842,0.1374610811471939,0.0,0.24977156519889832,0.024121755734086037,0.024002758786082268,0.0006960695027373731,0.316399484872818,0.7342823147773743,0.28684836626052856,0.04996828734874725,0.0,0.062490902841091156,0.17960131168365479,0.0,0.0,0.009247420355677605,6.391243368852884e-05,0.0831761583685875,0.2202446311712265,0.215547114610672,0.054830677807331085,0.0,0.15049989521503448,0.14869330823421478,0.06784181296825409,0.04091694951057434,0.00484122708439827,0.02617727406322956,0.0,0.16192233562469482,0.02745189517736435,0.016390692442655563,0.0,0.15816299617290497,0.11884800344705582,0.010702984407544136,0.06790798157453537,0.3175521492958069,0.3794527053833008,0.3444646894931793,0.0661163330078125,0.0709710419178009,0.046725139021873474,0.04250650852918625,0.0,0.034481413662433624,0.5683425068855286,0.0,0.0004412514972500503,0.0,0.01773158833384514,0.41502395272254944,0.0,0.343743234872818,0.3018072247505188,0.31298893690109253,0.06979164481163025,0.06045413762331009,0.027597537264227867,0.0,0.03560146689414978,0.0811249390244484,0.03132741525769234,0.2503454387187958,0.10090357810258865,0.0,0.08119259029626846,0.043222825974226,0.06492634117603302,0.028231225907802582,0.0,0.07823850959539413,0.0,0.02166161499917507,0.0,0.2391599863767624,0.0,0.014115666970610619,0.031232813373208046,0.056937236338853836,0.0,0.19108431041240692,0.03691112622618675,0.004156370181590319,0.004226158373057842,0.16463477909564972,0.0,0.0,0.10131416469812393,0.0,0.0,0.0,0.01470328401774168,0.0,0.14106485247612,0.0,0.0944879949092865,0.0256611630320549,0.10309308767318726,0.0,0.041750259697437286,0.11108571290969849,0.07220233976840973,0.0,0.0,0.37621021270751953,0.02618911862373352,0.0,0.051864754408597946,0.04612522944808006,0.2239481657743454,0.22461068630218506,0.025309525430202484,0.0,0.053841277956962585,0.116849385201931,0.004338685888797045,0.09722121804952621,0.0,0.0,0.0,0.0,0.020971225574612617,0.03618583828210831,0.3105771541595459,0.08425424247980118,0.04027177765965462,0.08480583131313324,0.017865074798464775,0.056289684027433395,0.0013573847245424986,0.0,0.15599747002124786,0.0,0.0,0.1861094981431961,0.30587735772132874,0.0,0.09886854887008667,0.0,0.0,0.057756587862968445,0.1779099702835083,0.007284694351255894,0.22502455115318298,0.13794508576393127,0.06425800174474716,0.17904889583587646,0.1108141541481018,0.0799105316400528,0.079033263027668,0.0,0.06926246732473373,0.07762641459703445,0.0,0.0,0.0,0.007140768226236105,0.036744147539138794,0.17019625008106232,0.04900335893034935,0.3489031493663788,0.00891771912574768,0.19605019688606262,0.05112652853131294,0.05522565543651581,0.36934489011764526,0.0,0.052040643990039825,0.21677803993225098,0.008752405643463135,0.0748344138264656,0.0005077902460470796,0.0007362460601143539,0.02411177009344101,0.0,0.03060240112245083,0.05951180309057236,0.3536507189273834,0.04964257404208183,0.028809206560254097,0.007713879458606243,0.3315185010433197,0.07232052087783813,0.0215611569583416,0.10092532634735107,0.10192570090293884,0.0,0.029418019577860832,0.09004739671945572,0.09065502882003784,0.0026386675890535116,0.0,0.26015573740005493,0.011717962101101875,0.04651918262243271,0.08905250579118729,0.0,0.0,0.0,0.0,0.3143148124217987,0.0,0.0,0.04445341229438782,0.09756544977426529,0.0,0.07002165913581848,0.09256625175476074,0.008960896171629429,0.0900493860244751,0.0,0.0,0.13215526938438416,0.1987939327955246,0.17459125816822052,0.07664231210947037,0.018919315189123154,0.1413787305355072,0.0,0.0005642016767524183,0.050249405205249786,0.004513292107731104,0.0,0.37195467948913574,0.49701058864593506,0.21290268003940582,0.08423614501953125,0.0,0.0008097352110780776,0.0,0.011516581289470196,0.01512960996478796,0.0767209380865097,0.05649842694401741,0.42081019282341003,0.0,0.06900463998317719,0.2506704330444336,0.13701286911964417,0.024546945467591286,0.0,0.015414522960782051,0.0,0.25544416904449463,0.0013623973354697227,0.46463093161582947,0.11863178759813309,0.04149715229868889,0.031182078644633293,0.145816832780838,0.09666267782449722,0.02951434627175331,0.0,0.0,0.0,0.5083518028259277,0.09601031988859177,0.0,0.030452141538262367,0.052543677389621735,0.028454290702939034,0.0,0.3940449059009552,0.0,0.06559611856937408,0.06373066455125809,0.0,0.0,0.0,0.0,0.09297125786542892,0.014844722114503384,0.26816946268081665,0.029890311881899834,0.0,0.0,0.5756222605705261,0.004993043839931488,0.030805034562945366,0.09212318062782288,0.3545629680156708,0.0,0.2838490605354309,0.04750717431306839,0.10103002190589905,7.071428990457207e-05,0.17161308228969574,0.020089371129870415,0.19754865765571594,0.10808537900447845,0.23997221887111664,0.08415289223194122,0.11861880868673325,0.27551141381263733,0.14042997360229492,0.3686121106147766,0.03337137773633003,0.0,0.03638052940368652,0.12854906916618347,0.0,0.3019932508468628,0.0,0.020344264805316925,0.03271660581231117,0.18877653777599335,0.8638989329338074,0.20123514533042908,0.11166233569383621,0.0,0.17653483152389526,0.19597773253917694,0.0,0.0,0.005994008854031563,0.0,0.06521478295326233,0.2483750730752945,0.1945587545633316,0.04635068029165268,0.0,0.15073437988758087,0.24415965378284454,0.011718926951289177,0.12679986655712128,0.010785968974232674,0.0399688258767128,0.0,0.13772650063037872,0.007107194047421217,0.013034475035965443,0.0,0.22104617953300476,0.009351439774036407,0.007024382706731558,0.04284164682030678,0.36124077439308167,0.3349962532520294,0.324576199054718,0.03809934854507446,0.0,0.03670157864689827,0.07436726242303848,0.0471411757171154,0.06071734428405762,0.6035177707672119,0.0,0.0017533759819343686,0.07909746468067169,0.011064527556300163,0.29929885268211365,0.0,0.2029152661561966,0.3957498371601105,0.1690855324268341,0.0527397058904171,0.017450569197535515,0.028364205732941628,0.0,0.027599504217505455,0.05501944571733475,0.02959270589053631,0.25836560130119324,0.12029054760932922,0.0,0.05389567092061043,0.0,0.06786545366048813,0.00812661275267601,0.06757238507270813,0.09638700634241104,0.01655038632452488,0.008519808761775494,0.00818017590790987,0.21931345760822296,0.0020626350305974483,0.007356780115514994,0.0,0.0,0.0,0.1073218509554863,0.030253823846578598,0.002179288538172841,0.014702101238071918,0.1840541958808899,0.0,0.0,0.06888993084430695,0.04536623880267143,0.0,0.0,0.00041600523400120437,0.0,0.11179075390100479,0.0,0.04908093065023422,0.0006699392688460648,0.0015413305955007672,0.00017517805099487305,0.0424322634935379,0.09859714657068253,0.07743167877197266,0.0,0.0,0.2508874535560608,0.05389922484755516,0.0,0.008326172828674316,0.050601791590452194,0.21618540585041046,0.17045913636684418,0.017885582521557808,0.0,0.16932910680770874,0.17051935195922852,0.00039495030068792403,0.11830788105726242,0.0,0.0,0.001851466833613813,0.005091051105409861,0.016094619408249855,0.011814872734248638,0.29006895422935486,0.08671712875366211,0.003820245387032628,0.09334255754947662,0.039730507880449295,0.014679297804832458,0.0,0.0,0.17194052040576935,0.0006187401013448834,0.0,0.27029186487197876,0.3523896038532257,0.0,0.07279441505670547,0.0,0.0,0.028667811304330826,0.1461779624223709,0.005076080560684204,0.25836706161499023,0.07008879631757736,0.02754158340394497,0.13110315799713135,0.004825776908546686,0.0029150177724659443,0.08510575443506241,0.0,0.045191604644060135,0.06043662503361702,0.0,0.000725294987205416,0.0,0.007215749006718397,0.0,0.03840688243508339,0.14913855493068695,0.3887670934200287,0.02266361005604267,0.1517176777124405,0.07434488832950592,0.03682839870452881,0.39906519651412964,0.0,0.030188875272870064,0.26013660430908203,0.0,0.07586202770471573,0.0,9.686251723906025e-05,0.018539784476161003,0.0010538771748542786,0.09368131309747696,0.0,0.3949676752090454,0.011989466845989227,0.034040506929159164,0.01620187610387802,0.28671714663505554,0.0841812789440155,0.27732837200164795,0.1211075559258461,0.0,0.0,0.04678437486290932,0.06590522825717926,0.018468700349330902,0.0,0.0,0.2569163143634796,0.0,0.012652289122343063,0.012411943636834621,0.0,0.0,0.0,0.0,0.3551274538040161,0.0,0.0,0.0011969520710408688,0.12086420506238937,0.0,0.0563591904938221,0.04247575253248215,0.028505444526672363,0.11911274492740631,0.0,0.0,0.11068252474069595,0.15048180520534515,0.2845208942890167,0.05802851915359497,0.0,0.1333312690258026,0.0002143275924026966,0.016364682465791702,0.06735420227050781,0.0830254927277565,0.0,0.3616202175617218,0.5008236169815063,0.2063233107328415,0.038233693689107895,0.0,0.005720915738493204,0.0,0.02614862658083439,0.008485764265060425,0.010380563326179981,0.11193343251943588,0.424408495426178,0.0,0.05064260959625244,0.2738826870918274,0.2852344810962677,0.03644876927137375,0.0,0.0021198797039687634,0.005013714078813791,0.21975506842136383,0.0,0.46170392632484436,0.14217640459537506,0.0047719040885567665,0.008241633884608746,-0.8516349196434021
149,0.014847127720713615,0.05549310892820358,0.04484972357749939,0.0,0.0,0.0,0.29979604482650757,0.15675362944602966,0.0,0.027844134718179703,0.1864253431558609,0.011458323337137699,0.0,0.28872010111808777,0.11386097222566605,0.04713281989097595,0.011698311194777489,0.1347702145576477,0.08777546882629395,0.0,0.0,0.1279701292514801,0.0,0.5604342222213745,0.047743137925863266,0.0,0.0,0.401605486869812,0.003180675208568573,0.11415580660104752,0.01733187772333622,0.21697548031806946,0.0,0.29460692405700684,0.027202334254980087,0.03034842014312744,0.07063046842813492,0.20655617117881775,0.12734243273735046,0.32949090003967285,0.005795372650027275,0.016762766987085342,0.18472182750701904,0.0377250574529171,0.2996150255203247,0.0,0.17776715755462646,0.04058545455336571,0.0,0.09721146523952484,0.0,0.0,0.30733293294906616,0.0010963998502120376,0.0,0.1928301751613617,0.04144620895385742,0.4790341258049011,0.03129182755947113,0.012386132963001728,0.0,0.18035051226615906,0.02449902892112732,0.0,0.0,0.0,0.0,0.3051126003265381,0.03770091384649277,0.059443581849336624,0.0,0.0,0.10706070810556412,0.1993013620376587,0.0,0.05002829432487488,0.10787375271320343,0.0786156877875328,0.0,0.07800614833831787,0.06961459666490555,0.043557967990636826,0.0,0.19359439611434937,0.35321614146232605,0.01978311315178871,0.001097528263926506,0.09364944696426392,0.5535780787467957,0.2878287136554718,0.03069443628191948,0.2177271544933319,0.03920089080929756,0.12630562484264374,0.004714308772236109,0.0030801412649452686,0.2428455352783203,0.0,0.0,0.015097513794898987,0.0697178840637207,0.17675864696502686,0.0,0.5372355580329895,0.19698292016983032,0.038985878229141235,0.008396434597671032,0.17671236395835876,0.0,0.0,0.11640559881925583,0.049882158637046814,0.028917985036969185,0.13745713233947754,0.0031287800520658493,0.0,0.028257951140403748,0.13464292883872986,0.012610726058483124,0.0,0.12242289632558823,0.012358486652374268,0.008635107427835464,0.003975376486778259,0.08222167193889618,0.4046458899974823,0.0,0.0,0.1363540142774582,0.0,0.0,0.11620558053255081,0.0,0.0,0.0,0.0009637321345508099,0.0,0.0,0.06425007432699203,0.0,0.0,0.025239840149879456,0.0,0.0,0.12327076494693756,0.05948583409190178,0.0,0.045010555535554886,0.1847454309463501,0.006569211371243,0.0,0.14800426363945007,0.028600649908185005,0.0,0.0,0.11197352409362793,0.01922685094177723,0.014821972697973251,0.0011029401794075966,0.0,0.22310175001621246,0.004534360021352768,0.03733030706644058,0.0,0.017161810770630836,0.07350648939609528,0.0009543001651763916,0.006583415903151035,0.02591811865568161,0.0,0.0,0.0,0.025690920650959015,0.0,0.023772891610860825,0.3049702048301697,0.0,0.004510003142058849,0.18780486285686493,0.03854566439986229,0.017509644851088524,0.0,0.17840202152729034,0.0,0.01562155969440937,0.014517026953399181,0.09511887282133102,0.0,0.0,0.0,0.0,0.1885886937379837,0.09733659774065018,0.0,0.08713335543870926,0.2543538212776184,0.06350947171449661,0.2707640528678894,0.2977134883403778,0.0,0.14907142519950867,0.0,0.0053191473707556725,0.011475820094347,0.0,0.0,0.008283615112304688,0.08155960589647293,0.12981021404266357,0.005323493387550116,0.03002859838306904,0.17080263793468475,0.0,0.05869360640645027,0.1731719672679901,0.07469864189624786,0.18358749151229858,0.0,0.0,0.28170737624168396,0.0,0.0,0.02375858649611473,0.0,0.0670635923743248,0.0,0.12784649431705475,0.12223110347986221,0.09166157245635986,0.32749953866004944,0.004227631259709597,0.0,0.32373756170272827,0.05742151290178299,0.15967079997062683,0.026286598294973373,0.0,0.0,0.014190485700964928,0.031125172972679138,0.0,0.012449480593204498,0.005756955593824387,0.323525995016098,0.0830875113606453,0.0709274560213089,0.08567024022340775,0.0,0.0,0.0,0.0,0.35637223720550537,0.0,0.0,3.8098543882369995e-05,0.012392891570925713,0.0,0.020606040954589844,0.03145328909158707,0.0,0.03960312157869339,0.032240670174360275,0.0024644332006573677,0.07274112850427628,0.013227860443294048,0.5982808470726013,0.035539887845516205,0.05246398597955704,0.11210731416940689,0.0,0.0,0.05919291079044342,0.0596957802772522,0.0,0.2487698644399643,0.0906534418463707,0.1895616352558136,0.0,0.03584323823451996,0.0,0.1338142305612564,0.0,0.002734212204813957,0.16871844232082367,0.010483735240995884,0.20648902654647827,0.0,0.005460018292069435,0.4373261332511902,0.13452719151973724,0.01343661267310381,0.0,0.0,0.08738178759813309,0.3739527463912964,0.0,0.35599350929260254,0.23308739066123962,0.12413041293621063,0.005940059199929237,0.5416882634162903,0.20798130333423615,0.2662208676338196,0.0,0.0,0.0,1.0151817798614502,0.0,0.007687476463615894,0.3833911120891571,0.008574907667934895,0.0,0.0,0.5910347104072571,0.0,0.009286771528422832,0.031797461211681366,0.0,0.0,0.017868485301733017,0.0,0.005202101077884436,0.03490433096885681,0.010885943658649921,0.16594313085079193,0.002946047345176339,0.0,0.7573108673095703,0.08457302302122116,0.03479490056633949,0.010237184353172779,0.563236653804779,0.0,0.005945172626525164,0.33577749133110046,0.03682831674814224,0.0,0.4683355689048767,0.061781223863363266,0.00038220908027142286,0.9565603137016296,0.31341519951820374,0.09620025753974915,0.04785769432783127,0.05707733333110809,0.6697444319725037,0.833453893661499,0.02908436208963394,0.0,0.17174343764781952,0.23679237067699432,0.017799368128180504,0.3031168282032013,0.0007998193032108247,0.07699310779571533,0.0,0.9315018057823181,1.8331695795059204,0.7444125413894653,0.2398565411567688,0.0,0.0,0.6691035628318787,0.0,0.0,0.0873865857720375,0.0018210263224318624,0.005587445106357336,0.8255873322486877,0.49270543456077576,0.3790234625339508,0.0,0.5453169941902161,0.5081740617752075,0.34983789920806885,0.0,0.24415846168994904,0.0,0.0,0.10514845699071884,0.02901189774274826,0.0,0.004890539683401585,0.2079983800649643,0.0,0.0,0.01102143432945013,0.8264026045799255,0.3188704550266266,0.41562047600746155,0.3089893162250519,0.0,0.0580042265355587,0.19683772325515747,0.0,0.5113283395767212,1.1613668203353882,0.0,0.007770908996462822,0.0001522666570963338,0.0193614698946476,0.7026661038398743,0.0,0.007349773310124874,0.5153951644897461,0.6618069410324097,0.17988085746765137,0.12752482295036316,0.2662500739097595,0.0,0.0,0.11951643228530884,0.3446751832962036,0.5295689702033997,1.036062240600586,0.0,0.22721992433071136,0.041940122842788696,0.25230488181114197,0.07628434151411057,0.0,0.7153369784355164,0.20243361592292786,0.0,0.0,0.0,0.0,0.3786470592021942,0.0,0.0003568604588508606,0.008688987232744694,0.0011408530408516526,0.6153426766395569,0.045276954770088196,0.13129590451717377,0.8938624858856201,0.0,0.0,0.3861851096153259,0.03218039125204086,0.0,0.0,0.050511106848716736,0.0,0.10378120839595795,0.0,0.6995187401771545,0.01035310234874487,0.0,0.0,0.0,0.4099135100841522,0.02441452629864216,0.0,0.0,1.2095826864242554,0.1161559596657753,0.0,0.026889128610491753,0.09963463246822357,0.6544652581214905,0.4566594362258911,0.20660609006881714,0.0,0.11996915936470032,0.26325523853302,0.0,0.4549017548561096,0.0,0.0,0.04590373858809471,0.015577699989080429,0.015657175332307816,0.04394957795739174,1.6305617094039917,0.04518449306488037,0.025149988010525703,0.4748533368110657,0.0,0.00365474377758801,0.0,0.003957320936024189,0.044352974742650986,0.024500951170921326,0.0,0.6721904873847961,1.0088274478912354,0.026550965383648872,0.7821952700614929,0.0,0.0,0.0,0.2487892508506775,0.0009642536169849336,0.4390808045864105,0.3713257610797882,0.029764117673039436,0.11204379051923752,0.0021208778489381075,0.48033010959625244,0.21520179510116577,0.0,0.12212736904621124,0.5535287261009216,0.0,0.014373896643519402,0.0,0.03374667093157768,0.0,0.29884591698646545,0.1842261701822281,0.948043942451477,0.06769970804452896,0.5200276374816895,0.0,0.061467062681913376,0.8895312547683716,0.0,0.23681220412254333,0.09617231786251068,0.0,0.6121633648872375,0.04192200303077698,0.22590668499469757,0.02272012270987034,0.0,0.8412157297134399,0.0,1.1102091073989868,0.0,0.37414121627807617,0.13676407933235168,0.47722452878952026,0.13262318074703217,0.02336915209889412,0.30786386132240295,0.5392465591430664,0.0,0.035478126257658005,0.023846281692385674,0.35487666726112366,0.0,0.003096733009442687,0.11704809963703156,0.0,0.10597465932369232,0.0,0.0,0.0,0.0,0.0,0.4555143117904663,0.0,0.0,0.0479726567864418,0.8151054978370667,0.008903443813323975,0.09689036011695862,0.06539367139339447,0.20186816155910492,0.05559519678354263,0.0,0.00819437950849533,0.2592633366584778,0.7912307977676392,0.022719040513038635,0.2114092856645584,0.0,0.20160086452960968,0.0,0.09890246391296387,0.3424542546272278,0.0,0.0,0.7940532565116882,1.2241188287734985,0.32358118891716003,0.5189617872238159,0.0,0.0,0.009715095162391663,0.08383305370807648,0.00691309804096818,0.09689944982528687,0.42356589436531067,0.8112440705299377,0.0,0.21159428358078003,0.0,0.15482690930366516,0.1566222459077835,0.0,0.10799307376146317,0.07062318176031113,0.0,0.13155683875083923,0.5431278944015503,0.21124865114688873,0.05948982015252113,0.0601903572678566,0.4151746928691864,0.179207444190979,0.1525392383337021,0.0008986458415165544,0.006691454444080591,0.0,0.8661264777183533,0.034556854516267776,0.028075192123651505,0.30296561121940613,0.009086552076041698,0.0018217340111732483,0.012370171956717968,0.5615794062614441,0.0,0.0609031617641449,0.07425146549940109,0.0,0.0,0.030944928526878357,0.0,0.03997742012143135,0.030798999592661858,0.014177043922245502,0.10383235663175583,0.0,0.003924149554222822,0.722406804561615,0.0968816727399826,0.02755896747112274,0.07348895072937012,0.5119472742080688,0.0,0.054942537099123,0.2376026213169098,0.038658637553453445,0.0,0.32532498240470886,0.07709261775016785,0.13325200974941254,0.6794807314872742,0.3251867890357971,0.11951243877410889,0.11851854622364044,0.16327038407325745,0.49269184470176697,0.7271165251731873,0.011121358722448349,0.0,0.08473403751850128,0.1840403527021408,0.0,0.39399048686027527,0.016138190403580666,0.04215383157134056,0.0,0.7270287871360779,1.5533808469772339,0.6014764904975891,0.2615121304988861,0.0,0.04317931458353996,0.6335209012031555,0.0,0.003557713469490409,0.0801234170794487,0.0,0.0042556035332381725,0.6997631788253784,0.47780486941337585,0.20686446130275726,0.0,0.40216168761253357,0.44462424516677856,0.26548537611961365,0.015842778608202934,0.0922318622469902,0.006810617633163929,0.0016382125904783607,0.13335059583187103,0.024177266284823418,0.0,0.0023127414751797915,0.17813639342784882,0.0,0.01331889908760786,0.00029671547235921025,0.7872607111930847,0.30417600274086,0.4521901607513428,0.21284210681915283,0.0017286293441429734,0.017798276618123055,0.09435417503118515,0.001543391146697104,0.2697213590145111,1.0914610624313354,0.0,0.06402575224637985,0.022081268951296806,0.028023993596434593,0.8213843703269958,0.0,0.032247014343738556,0.40717798471450806,0.5077894330024719,0.1434619128704071,0.07258179783821106,0.21552050113677979,0.0,0.00519957160577178,0.08874430507421494,0.15518558025360107,0.4823731482028961,0.6144968271255493,0.0,0.19523370265960693,0.016185525804758072,0.11994296312332153,0.050318289548158646,0.00890516210347414,0.4138193130493164,0.16202053427696228,0.011238137260079384,0.0,0.007590098772197962,0.001706519047729671,0.25681811571121216,0.0,0.0042449720203876495,0.0006435114191845059,0.07463476061820984,0.3913455903530121,0.04237465560436249,0.13499514758586884,0.6903465390205383,0.0,0.0,0.3302510678768158,0.05590742826461792,0.0,0.0,0.03223879262804985,0.0,0.05094204470515251,0.0,0.44319605827331543,0.004812523722648621,0.0,0.0,0.0,0.32305875420570374,0.07988577336072922,0.0,0.0,0.795295238494873,0.07735558599233627,0.0,0.002404780825600028,0.07934647053480148,0.48249101638793945,0.2760809659957886,0.10828796774148941,0.018319595605134964,0.20413504540920258,0.295607328414917,0.0,0.26858073472976685,0.0,0.0,0.01686103083193302,0.004343894775956869,0.012971967458724976,0.009698948822915554,1.2431786060333252,0.013356762006878853,0.018120447173714638,0.28050872683525085,0.0,0.01438937522470951,0.0,0.009327583946287632,0.07735598087310791,0.06409543752670288,0.0,0.541731595993042,0.9025377631187439,0.041605353355407715,0.4957176148891449,0.0,0.0009270973387174308,0.0010776423150673509,0.26966172456741333,0.029886310920119286,0.40039682388305664,0.21991395950317383,0.03485289216041565,0.16457463800907135,0.0,0.1577509641647339,0.10545798391103745,0.0,0.11364921182394028,0.32119351625442505,0.0,0.023197339847683907,0.0,0.0007793650147505105,0.002041257917881012,0.2479162961244583,0.1965947151184082,0.8685788512229919,0.038942258805036545,0.35749387741088867,0.0,0.1208251491189003,0.7016987204551697,0.010145490989089012,0.16064484417438507,0.13616850972175598,0.0,0.4618012011051178,0.0034586184192448854,0.09772569686174393,0.03846495971083641,0.0031192637979984283,0.44725367426872253,0.0,0.9231420755386353,0.0,0.2383577823638916,0.09939253330230713,0.33319801092147827,0.12374468147754669,0.07958000153303146,0.21596316993236542,0.22321847081184387,0.0,0.030931998044252396,0.02995198406279087,0.2284109890460968,0.0,0.005290315020829439,0.16184072196483612,0.0,0.09955320507287979,0.0023995921947062016,0.0,0.0,0.0028503567446023226,0.0,0.5756482481956482,0.0,0.0,0.02885618805885315,0.43535366654396057,0.002228738507255912,0.09452857077121735,0.0850544273853302,0.13079170882701874,0.09337170422077179,0.0,0.004873070865869522,0.2401748150587082,0.4948352873325348,0.1825215071439743,0.1922079622745514,0.0,0.2440616637468338,0.0,0.0354720763862133,0.26532992720603943,0.0006784642464481294,0.0063681588508188725,0.5210245251655579,0.9915723204612732,0.2805393934249878,0.25162050127983093,0.0,0.0,0.008188930340111256,0.09042016416788101,0.046982694417238235,0.02790340781211853,0.3619461953639984,0.7030445337295532,0.0021020688582211733,0.09339414536952972,0.050329770892858505,0.21215160191059113,0.06711708754301071,0.000949936278630048,0.08326897025108337,0.03188111260533333,0.013287707231938839,0.0810057744383812,0.4392452836036682,0.19833941757678986,0.03522007167339325,0.06466668099164963,0.29359686374664307
150,0.0025873344857245684,0.13585908710956573,0.4188261032104492,0.0,0.013337739743292332,0.0,0.6130809783935547,0.015800639986991882,0.0,0.006505417171865702,0.08898595720529556,0.0,0.00015295048069674522,0.30958256125450134,0.0,0.21095700562000275,0.05286915972828865,0.0,0.0,0.0,0.0,0.14503537118434906,0.06614942103624344,0.6432040333747864,0.0,0.0,0.0,0.8561299443244934,0.09372619539499283,0.10233940184116364,0.25723132491111755,0.34724411368370056,0.0,0.41224727034568787,0.17688502371311188,0.3581065237522125,0.2100290060043335,0.7566576600074768,0.0,0.0006816925597377121,0.013075802475214005,0.41245779395103455,0.03843193128705025,0.26906919479370117,0.5695322751998901,0.9940401911735535,0.17291243374347687,0.0,0.0,0.1745021641254425,0.37659838795661926,0.0,0.0,0.010444670915603638,0.17522010207176208,0.0,0.7042160034179688,0.7724694609642029,0.13528621196746826,0.0627419576048851,0.0,0.02960403822362423,0.03661889582872391,0.0,0.0,0.1707005798816681,0.0,0.0,0.15659789741039276,0.07956720143556595,0.661893904209137,0.0,0.4053252339363098,0.00433012330904603,0.19719982147216797,0.088860884308815,0.0,0.6119802594184875,0.0,0.154743030667305,0.03643806651234627,0.3121055066585541,0.0,0.16333860158920288,0.0,0.0,0.17165769636631012,0.17891784012317657,0.4083419442176819,0.586459219455719,0.1003975197672844,0.0,0.007281877100467682,0.4532729387283325,0.003973290324211121,0.0,0.4737531244754791,0.08482812345027924,0.0,7.079293482092908e-06,0.0,0.11804653704166412,0.0,0.3648677170276642,0.8138812184333801,0.43301859498023987,0.24352224171161652,0.0,0.0,0.0,0.0,0.23855270445346832,0.2959643006324768,0.3037886917591095,0.23611398041248322,0.0,0.0,0.0,0.31595245003700256,0.13520389795303345,0.0,0.08833401650190353,0.1410306990146637,0.017636412754654884,0.0,0.4511290192604065,0.0,0.3015214502811432,0.0,0.0,0.0,0.022263551130890846,0.21841123700141907,0.0,0.08934114873409271,0.020806368440389633,0.0,0.0,0.023486163467168808,0.025607548654079437,0.0,0.04637288302183151,0.6431799530982971,0.0,0.5764697790145874,0.0,0.0,0.02110847271978855,0.0,0.0,0.04865337163209915,0.863132894039154,0.285574346780777,0.0,0.0,0.509784996509552,0.0009865412721410394,0.0,0.0035560044925659895,0.0,1.2009449005126953,0.30265936255455017,0.0,0.0,0.23499737679958344,0.04889153689146042,0.0,0.7649177312850952,0.0,0.0,0.0,0.0,0.024952275678515434,0.1094878539443016,0.08693233132362366,0.1737070232629776,0.030324647203087807,0.8394080400466919,0.0,0.03877520561218262,0.0,0.0,0.8962275385856628,0.013357308693230152,0.0,0.23367884755134583,0.28008121252059937,0.09680304676294327,0.8239158391952515,0.0,0.0,0.0,0.0,0.10398153215646744,0.2060699462890625,0.5573480129241943,0.011149889789521694,0.8204668164253235,0.0,0.12019021064043045,0.2124636322259903,0.0,0.020742515102028847,0.012630989775061607,0.0,0.0,0.0,0.0,0.0,0.0020231653470546007,0.0008421839447692037,0.3281800150871277,0.1096607968211174,0.7776158452033997,0.0,0.31718358397483826,0.6373356580734253,0.0,0.08381611108779907,0.5517266392707825,0.0,0.029018227010965347,0.0,0.0,0.0,0.03063669241964817,0.02573554217815399,0.0,0.4344276189804077,0.0030014992225915194,0.011209092102944851,0.0,0.892559289932251,0.44275838136672974,0.034284669905900955,0.3003927767276764,0.28880107402801514,0.00024700205540284514,0.28658926486968994,0.061447568237781525,0.0,0.0,0.0,1.099347710609436,0.0,0.001245227176696062,0.03902974724769592,0.0,0.0,0.0,0.0,0.013753063976764679,0.0,0.03464912250638008,0.0,0.8918401002883911,0.08138201385736465,0.08713257312774658,0.02270696870982647,0.07310900837182999,0.544219434261322,0.0,0.0,0.6484411954879761,0.3360390365123749,0.0,0.621476948261261,0.0024727615527808666,0.4337714910507202,0.044861968606710434,0.0,0.11540990322828293,0.0,0.020326660946011543,1.4763914346694946,0.9861167073249817,0.5236881971359253,0.20327894389629364,0.0,0.009984523057937622,0.0,0.00389877799898386,0.4789929986000061,0.0,0.027494143694639206,0.5249226689338684,0.0,0.0,0.584367036819458,0.31529656052589417,0.02047247439622879,0.0,0.0,0.0,0.3155219256877899,0.18434230983257294,0.7010661959648132,0.0,0.0021418051328510046,0.25001099705696106,0.19096942245960236,0.06657204777002335,0.014637235552072525,0.0,0.0,0.0,0.25212806463241577,0.03590346872806549,0.01669534482061863,0.09201082587242126,0.17550627887248993,0.05560586228966713,0.0,0.30988994240760803,0.2218373864889145,0.0,0.0,0.14808447659015656,0.10742507874965668,0.0,0.01971619203686714,0.06867247074842453,0.0,0.34367820620536804,0.2164638787508011,0.0,0.0,0.4123300015926361,0.0050306436605751514,0.051289644092321396,0.0,0.31302839517593384,0.0,0.14565959572792053,0.032239269465208054,0.0007679172558709979,0.023347895592451096,0.03677438199520111,0.1457180678844452,0.2611095905303955,0.27090322971343994,0.02531818114221096,0.19820046424865723,0.0,0.1093292236328125,0.0,0.3725196123123169,0.0,0.0,0.121455617249012,0.0019010765245184302,0.0,0.7374283671379089,0.0,0.0,0.14336898922920227,0.0016067863907665014,0.7674259543418884,0.1797519028186798,0.027640899643301964,0.0,0.05040149763226509,0.2974924147129059,0.12340424209833145,0.0,0.0,0.0,0.6155166029930115,0.27918994426727295,0.25422996282577515,0.0,0.0,0.1434609591960907,0.7372457981109619,0.0,0.011934120208024979,0.21990759670734406,0.0,0.0,0.13895262777805328,0.13836990296840668,0.0,0.06236310675740242,0.19517755508422852,0.2653966546058655,0.07203363627195358,0.0,0.3199876546859741,0.5587625503540039,0.17344285547733307,0.03874891623854637,0.3496263325214386,0.0727778822183609,0.0,0.004447184968739748,0.10321836918592453,0.4113636612892151,0.0,0.0022775547113269567,0.00438864529132843,0.40473562479019165,0.3651406466960907,0.0,0.29468026757240295,0.09619895368814468,0.019928015768527985,0.01005264651030302,0.3714379370212555,0.030462712049484253,0.0,0.28306397795677185,0.08470229059457779,0.0,0.25612854957580566,0.07241783291101456,0.0,0.1541435271501541,0.24148207902908325,0.0,0.007854459807276726,0.15729127824306488,0.22154827415943146,0.016538679599761963,0.0,0.08611736446619034,0.03561508655548096,0.0,0.0,0.1302153319120407,0.0,0.0,0.043357208371162415,0.010124062187969685,0.07303908467292786,0.002827913500368595,0.1854272037744522,0.04228357970714569,0.0,0.2104029357433319,0.0052359625697135925,0.0,0.0,0.0,0.0,0.027805205434560776,0.05792625620961189,0.05554915964603424,0.0,0.16626007854938507,0.0,0.0,0.0,0.00028230829047970474,0.0,0.0,0.12635299563407898,0.06894265860319138,0.0,0.0,0.0,0.0,0.03202933073043823,0.11312462389469147,0.00226426450535655,0.04264003783464432,0.1630694568157196,0.0,0.0,0.09979967027902603,0.0,0.05066360533237457,0.03795298933982849,0.02013598196208477,0.0,0.3752627372741699,0.11681999266147614,0.0,0.0,0.22169966995716095,0.008932462893426418,0.03518933802843094,0.0,0.09111177921295166,0.017615631222724915,0.045465752482414246,0.08376587182283401,0.2702322006225586,0.0,0.0,0.0,0.0,0.31884339451789856,0.35967954993247986,0.0,0.19007739424705505,0.03453550115227699,0.12031012028455734,0.024028269574046135,0.4160534143447876,0.0,0.04355234652757645,0.0,0.00763992452993989,0.10343591123819351,0.0,0.0,0.0683162659406662,0.5607102513313293,0.2043638527393341,0.009016272611916065,0.2651447653770447,0.3810056149959564,0.0,0.0,0.21214018762111664,0.054769303649663925,0.1420644372701645,0.0,0.0,0.030252784490585327,0.01757875084877014,0.1319584995508194,0.3323647081851959,0.0,0.16875940561294556,0.0,0.22486169636249542,0.11828604340553284,0.2328578382730484,0.22495105862617493,0.12113206833600998,0.15403763949871063,0.1274459958076477,0.006419497076421976,0.1770574003458023,0.0008375893230549991,0.0,0.0,0.0,0.009176014922559261,0.0,0.0,0.007667143363505602,0.0,0.24307012557983398,0.08279936760663986,0.0745639055967331,0.0,0.0,0.0,0.0,0.6997887492179871,0.0,0.0,0.03638496622443199,0.0,0.0,0.01215039100497961,0.01215918269008398,0.0,0.0,0.056050315499305725,0.08578643947839737,0.0,0.0,0.7135717868804932,0.0,0.1129380464553833,0.030258430168032646,0.0,0.0,0.13622279465198517,0.25617414712905884,0.0,0.07253029942512512,0.11423657834529877,0.0854414775967598,0.0,0.1332719624042511,0.0,0.1579771786928177,0.050880298018455505,0.0,0.31869715452194214,0.0186690092086792,0.19831949472427368,0.0,0.0,0.2677072286605835,0.04208596050739288,0.031335022300481796,0.0,0.0,0.4959276020526886,0.18558450043201447,0.0,0.10464989393949509,0.6725872159004211,0.07083355635404587,0.0,0.03941283002495766,0.09988702088594437,0.116891048848629,0.0,0.0,0.0,0.3239368796348572,0.07771770656108856,0.0,0.04596591740846634,0.1529550552368164,0.012567045167088509,0.0,0.2789488434791565,0.010044834576547146,0.06635887175798416,0.0443931482732296,0.10607451945543289,0.0,0.0,0.0,0.13299061357975006,0.04104536399245262,0.6483405232429504,0.03885405510663986,0.0,0.0,0.714370608329773,0.05457473546266556,0.038467634469270706,0.06310691684484482,0.382943332195282,0.0,0.30216336250305176,0.09002137184143066,0.19956174492835999,0.02852758578956127,0.3614691495895386,0.053846605122089386,0.06625108420848846,0.04933641850948334,0.28141313791275024,0.07753677666187286,0.08474575728178024,0.5058263540267944,0.38173815608024597,0.12274966388940811,0.0,0.001569626503624022,0.16152499616146088,0.0777975544333458,0.0006821214919909835,0.41505998373031616,0.01907065510749817,0.028459658846259117,0.030785342678427696,0.3663804531097412,0.652221143245697,0.19646796584129333,0.02719658613204956,0.0,0.052285335958004,0.044939927756786346,0.009575750678777695,0.0,0.05472276359796524,0.0,0.27705928683280945,0.23664920032024384,0.10483670234680176,0.13363459706306458,0.0,0.21312493085861206,0.3113054037094116,0.02169526368379593,0.11315254867076874,0.0633818656206131,0.24651062488555908,0.0,0.07307138293981552,0.1032433807849884,0.09782242029905319,0.06931371241807938,0.1913825273513794,0.3750312328338623,0.004108206368982792,0.02311040461063385,0.21021105349063873,0.5004567503929138,0.33565589785575867,0.07256308197975159,0.21384285390377045,0.050004903227090836,0.23185503482818604,0.0033040752168744802,0.06844775378704071,0.33813586831092834,0.002123486017808318,0.007438763044774532,0.0049255904741585255,0.15044710040092468,0.14247488975524902,0.0,0.41897672414779663,0.32982125878334045,0.2143814116716385,0.11657477915287018,0.22884200513362885,0.00519924471154809,0.0,0.04241642355918884,0.07130959630012512,0.04904056340456009,0.23360611498355865,0.09633903950452805,0.009690837003290653,0.013664057478308678,0.193674236536026,0.01759812794625759,0.10731267184019089,0.01718057319521904,0.1153068020939827,0.08971159160137177,0.0,0.04753222316503525,0.16372792422771454,0.0,0.13963480293750763,0.1469147801399231,0.0053441948257386684,0.0,0.03680044040083885,0.0431172251701355,0.0,0.04641706496477127,0.08340714871883392,0.0,0.005849368870258331,0.10606938600540161,0.026648763567209244,0.0,0.0,0.30692461133003235,0.0,0.27128446102142334,0.0,0.0,0.002404488855972886,0.009680218994617462,0.0,0.0,0.44429460167884827,0.11067396402359009,0.0,0.0,0.3720782995223999,0.04564623162150383,0.0,0.008055762387812138,0.0,0.5622633695602417,0.15364374220371246,0.01936122216284275,0.0,0.07387661933898926,0.03162439167499542,0.0362679623067379,0.14586573839187622,0.09660155326128006,0.0012356623774394393,0.030185682699084282,0.02922126278281212,0.010316288098692894,0.10376574099063873,0.18307442963123322,0.1865338683128357,0.005923266522586346,0.14049167931079865,0.13216514885425568,0.0,0.006342896725982428,0.0,0.40536463260650635,0.012600211426615715,0.03016635961830616,0.18752507865428925,0.17813771963119507,0.004790817853063345,0.26180824637413025,0.0055032698437571526,0.0,0.13853153586387634,0.05107392370700836,0.07558083534240723,0.16106466948986053,0.3875434100627899,0.0,0.4822241961956024,0.22878293693065643,0.015734897926449776,0.09932473301887512,0.0,0.07775261253118515,0.006991654634475708,0.0,0.0,0.0,0.19807656109333038,0.17800289392471313,0.06676784157752991,0.01484585553407669,0.23411491513252258,0.015861906111240387,0.2848093509674072,0.1694747805595398,0.11745789647102356,0.27802830934524536,0.0,0.03630629554390907,0.19369693100452423,0.018667330965399742,0.04527352750301361,0.09361068159341812,0.0,0.005839717108756304,0.0061753178015351295,0.1363130509853363,0.24435612559318542,0.25232309103012085,0.22485797107219696,0.008579331450164318,0.03584260866045952,0.518706738948822,0.2556253969669342,0.0997312068939209,0.08160030841827393,0.051761969923973083,0.0,0.0352359302341938,0.031604718416929245,0.01621614582836628,0.0,0.0013264802983030677,0.4457930326461792,0.1013411208987236,0.13861732184886932,0.0051431176252663136,0.0,0.0,0.0,0.0,0.3802189528942108,0.0,0.0,0.0,0.22613225877285004,3.0056080504436977e-05,0.003074770560488105,0.023418784141540527,0.003694085171446204,0.0907982662320137,0.0,0.059506893157958984,0.20859630405902863,0.1645408272743225,0.2600960433483124,0.2003411054611206,0.12888585031032562,0.0917181447148323,0.0022909333929419518,0.002739738440141082,0.05953459069132805,0.04841306060552597,0.0,0.9845637083053589,0.3054083585739136,0.1898757666349411,0.002666955115273595,0.008732774294912815,0.005943803116679192,0.10192827135324478,0.007371341343969107,0.07892702519893646,0.20062445104122162,0.04408064857125282,0.30763810873031616,0.0,0.0,0.48734843730926514,0.13802066445350647,0.09252741187810898,0.0,0.01099733542650938,0.08257374167442322,0.2635473608970642,0.04851943626999855,0.20466244220733643,0.1733052283525467,0.13495847582817078,0.12603463232517242,-0.5593510270118713
151,0.0,0.14580698311328888,0.49901142716407776,0.0025319962296634912,0.0,0.0,0.6165251135826111,0.023064477369189262,0.0,0.0,0.06971359252929688,0.0,0.0,0.2560161054134369,0.0,0.19062575697898865,0.02071727253496647,0.0,0.0,0.0,0.0,0.13131533563137054,0.024541132152080536,0.6915145516395569,0.0,0.0,0.0,0.8383224606513977,0.07546878606081009,0.050354618579149246,0.2950911819934845,0.31335610151290894,0.0,0.40168699622154236,0.18109342455863953,0.38994666934013367,0.16907644271850586,0.7970860004425049,0.0,0.0014210757799446583,0.0,0.4300292432308197,0.0496140718460083,0.23809538781642914,0.5526755452156067,0.9194612503051758,0.09471753984689713,0.0,0.0,0.19541268050670624,0.3753562569618225,0.0,0.0,0.008799625560641289,0.21441571414470673,0.0,0.705437183380127,0.6566708087921143,0.1545850783586502,0.05330171808600426,0.0,0.031216956675052643,0.005395323503762484,0.0,0.0,0.11193660646677017,0.007867962121963501,0.0,0.1341460943222046,0.009054800495505333,0.6139037609100342,0.0,0.3648563325405121,0.0,0.11197283864021301,0.11362392455339432,0.0,0.5950393080711365,0.0,0.1136055514216423,0.018796073272824287,0.28434595465660095,0.002320026746019721,0.15566471219062805,0.0,0.0,0.15287916362285614,0.1682804375886917,0.4216732680797577,0.5398867726325989,0.10819404572248459,0.0,0.0,0.49480000138282776,0.0,0.0,0.4295858144760132,0.1101142019033432,0.0,0.007106830831617117,0.0,0.041176941245794296,0.0,0.523565411567688,0.7770289778709412,0.45221033692359924,0.25072622299194336,0.00425294041633606,0.0,0.0,0.0,0.23023076355457306,0.23016251623630524,0.2444600760936737,0.17344403266906738,0.0,0.0,0.0,0.23436005413532257,0.17837098240852356,0.0,0.055087246000766754,0.1792672872543335,0.01806602254509926,0.0,0.44949594140052795,0.0021692970767617226,0.251851886510849,0.0,0.0,0.0,0.008321575820446014,0.1466808319091797,0.0,0.08851303160190582,0.033986084163188934,0.0,0.0,0.037221238017082214,0.033826835453510284,0.0,0.01818820834159851,0.5972957611083984,0.0,0.5825796127319336,0.0,0.0,0.039336323738098145,0.0,0.0,0.0770333781838417,0.7553068995475769,0.2995852530002594,0.0,0.0,0.5816555023193359,0.004490009043365717,0.0,2.5456563889747486e-05,0.0,1.1863898038864136,0.3187517821788788,0.0,0.0,0.17561393976211548,0.04143685847520828,0.0,0.6736462712287903,0.0,0.0,0.0,0.0,0.053877200931310654,0.1280384510755539,0.0714355856180191,0.2393416315317154,0.022735506296157837,0.7789468765258789,0.0,0.0232236348092556,0.0,0.0,0.9064512252807617,0.006670026574283838,0.0,0.2480948567390442,0.21862371265888214,0.14484235644340515,0.6863566040992737,0.0,0.0,0.0,0.0,0.11936444789171219,0.1768777072429657,0.6465228199958801,0.019819585606455803,0.8549498319625854,0.0,0.07303962856531143,0.20340029895305634,0.0,0.014215032570064068,0.0,0.0,0.0,0.0,0.0,0.0,0.0027101635932922363,0.00014260431635193527,0.18936091661453247,0.08597730100154877,0.7086277008056641,0.0,0.25761011242866516,0.5193008780479431,0.0,0.07981596887111664,0.5699911713600159,0.011427074670791626,0.0072761401534080505,0.0,0.0,0.0,0.05793948844075203,0.023192021995782852,0.0,0.3738971948623657,0.008960005827248096,0.0,0.0,0.8568225502967834,0.4411666691303253,0.032102812081575394,0.20033086836338043,0.12933868169784546,0.00021978218865115196,0.2841806411743164,0.07842656970024109,0.002091595670208335,0.0,0.0,1.1752516031265259,0.0,0.039286598563194275,0.019569972530007362,0.0,0.0,0.0,0.0,0.008554468862712383,0.0,0.02693403698503971,0.0,0.8790748119354248,0.06585793942213058,0.07828748226165771,0.007446978706866503,0.08901925384998322,0.530750572681427,0.0,0.0,0.645555317401886,0.34800291061401367,0.0,0.5859456658363342,0.0,0.38418906927108765,0.045114580541849136,0.0,0.10873053222894669,0.0,0.028012918308377266,1.4983670711517334,0.8328608274459839,0.479095995426178,0.12274959683418274,0.0,0.0022740827407687902,0.0,0.0031924801878631115,0.4800146520137787,0.0,0.0031826640479266644,0.46405166387557983,0.0,0.0,0.6381208300590515,0.273648738861084,0.021513326093554497,0.010216942988336086,0.0,0.0,0.38818955421447754,0.12531189620494843,0.6468139886856079,0.0,0.007982944138348103,0.25170832872390747,0.21135397255420685,0.16368333995342255,0.3006960451602936,0.002022149972617626,0.0,0.0,0.6620597839355469,0.007338314782828093,0.01444399543106556,0.2242066115140915,0.11454814672470093,0.0,0.006280526518821716,0.4398556649684906,0.0,0.009850467555224895,0.01355209480971098,0.0,0.029359210282564163,0.002865022514015436,0.0,0.008065898902714252,0.04125101491808891,0.22342093288898468,0.15631404519081116,0.0,0.0,0.5896819829940796,0.051792412996292114,0.03436441347002983,0.020618952810764313,0.3704442083835602,0.0,0.03597940132021904,0.2675250470638275,0.03427460417151451,0.024952037259936333,0.41178885102272034,0.06738121807575226,0.0063053942285478115,0.45375940203666687,0.1704915314912796,0.24578538537025452,0.06500820815563202,0.14888985455036163,0.37461671233177185,0.365071564912796,0.00728614954277873,0.0,0.08387341350317001,0.049301937222480774,0.024698102846741676,0.33403024077415466,0.0024955717381089926,0.04790530726313591,0.0,0.6341126561164856,1.0662723779678345,0.47533494234085083,0.07243207842111588,0.0,0.0,0.29114994406700134,0.0,0.0,0.030841363593935966,0.003048443468287587,0.11773202568292618,0.39951276779174805,0.3035438358783722,0.2064230740070343,0.0,0.2849150598049164,0.35565266013145447,0.1292908489704132,0.0032504878472536802,0.16454321146011353,0.027914052829146385,0.05700276419520378,0.07382573932409286,0.09183510392904282,0.0,0.004968573804944754,0.16115079820156097,0.15292750298976898,0.036931272596120834,0.006592522840946913,0.4098944365978241,0.4637494683265686,0.23136471211910248,0.1696758270263672,0.17911551892757416,0.13305436074733734,0.19771039485931396,0.0,0.3549935817718506,0.6166591644287109,0.0,0.0038551469333469868,0.0,0.12752480804920197,0.4324106276035309,0.0,0.23713107407093048,0.27916571497917175,0.35417088866233826,0.13047058880329132,0.20352843403816223,0.13989180326461792,0.0,0.011352458968758583,0.10612738132476807,0.127827450633049,0.32633140683174133,0.511719822883606,0.0,0.1708398014307022,0.1291632205247879,0.08304929733276367,0.05834691599011421,0.0,0.5261316299438477,0.21322683990001678,0.0,0.0,0.011463630944490433,0.0,0.28547045588493347,0.019630268216133118,0.0,0.0,0.0010322887683287263,0.3106068968772888,0.07316531985998154,0.054214298725128174,0.3361462354660034,0.0,0.0,0.2943195402622223,0.03190044313669205,0.0,0.0,0.10404369980096817,0.0,0.1476890742778778,0.005969866644591093,0.2932624816894531,0.01536628883332014,0.09134518355131149,0.0,0.0,0.40263253450393677,0.020653344690799713,0.0,0.0,0.8684978485107422,0.075149767100811,0.018069501966238022,0.010028261691331863,0.042474403977394104,0.4163159430027008,0.22669334709644318,0.17270304262638092,0.0,0.07547541707754135,0.1286180317401886,0.0013771954691037536,0.20559315383434296,0.005333349108695984,0.0,0.06609470397233963,0.004401098471134901,0.02549971640110016,0.02965303137898445,0.781672477722168,0.07660334557294846,0.02138376608490944,0.16806825995445251,0.01080312766134739,0.018513699993491173,0.0,0.042925164103507996,0.12901437282562256,0.04174438863992691,0.01700666919350624,0.2911026179790497,0.46161794662475586,0.0,0.521885335445404,0.0,0.0,0.016904396936297417,0.10552322864532471,0.0,0.1781127154827118,0.4355640411376953,0.22152642905712128,0.1534048169851303,0.09620432555675507,0.2731040120124817,0.11747045814990997,0.0,0.09102772921323776,0.3304016590118408,0.0,0.0018539518350735307,0.03087480179965496,0.0,0.0910230204463005,0.21245895326137543,0.09627927094697952,0.4468301832675934,0.000563003879506141,0.39303451776504517,0.05527415871620178,0.0703425481915474,0.5113773345947266,0.018741104751825333,0.09145786613225937,0.12788067758083344,0.005904513876885176,0.3377918004989624,0.1075432226061821,0.1490030288696289,0.05730927735567093,0.0050107515417039394,0.5648149251937866,0.07215465605258942,0.5766286849975586,0.007657333742827177,0.2248346358537674,0.06827103346586227,0.44339719414711,0.17542152106761932,0.024963874369859695,0.1377827674150467,0.23502187430858612,0.0,0.01472224947065115,0.007736827712506056,0.1735798716545105,0.01623666286468506,0.005489659495651722,0.12048237770795822,0.07032069563865662,0.1927460879087448,0.07577567547559738,0.0,0.0,0.0,0.0,0.394935667514801,0.0,0.0,0.07308560609817505,0.49655094742774963,0.0072781117632985115,0.04997655376791954,0.054081499576568604,0.09324093908071518,0.023699847981333733,0.0,0.07982303202152252,0.19840936362743378,0.4267433285713196,0.1031820997595787,0.12373550236225128,0.05542928725481033,0.13857121765613556,0.0,0.0081739891320467,0.17589424550533295,0.0,0.0,0.8221926093101501,0.5827541947364807,0.23567628860473633,0.2619774043560028,0.003103991039097309,0.0,0.04674599692225456,0.08386930078268051,0.060932695865631104,0.17490558326244354,0.23034024238586426,0.47793886065483093,0.006964626256376505,0.06950539350509644,0.08496613800525665,0.092059426009655,0.1277420073747635,0.0,0.005977871362119913,0.05714227631688118,0.0987311527132988,0.03154429420828819,0.3692677915096283,0.1976015567779541,0.12157999724149704,0.06478565186262131,0.05422072485089302,0.1642981320619583,0.34932538866996765,0.0008745988016016781,0.0,0.0,0.5945473909378052,0.04355053976178169,0.0,0.10906314104795456,0.012326960451900959,0.0,0.0018271137960255146,0.37348341941833496,0.0,0.06535203009843826,0.06299556791782379,0.0,0.0,0.0,0.0,0.06788516044616699,0.07027532905340195,0.44209983944892883,0.03579215705394745,0.0019489849219098687,0.0,0.8075287938117981,0.08019285649061203,0.0067620170302689075,0.10339701175689697,0.4184359610080719,0.0,0.263618528842926,0.12456993013620377,0.2497222125530243,0.020557275041937828,0.5907129049301147,0.021687276661396027,0.027901146560907364,0.15208084881305695,0.40483617782592773,0.07670597732067108,0.212393656373024,0.4489312767982483,0.6868885159492493,0.21970096230506897,0.004689611028879881,0.0,0.17156322300434113,0.2634831964969635,0.0,0.18283651769161224,0.027773315086960793,0.11879587173461914,0.0,0.641408383846283,0.9711517691612244,0.32539188861846924,0.08251248300075531,0.0,0.04586877301335335,0.06518488377332687,0.0,0.0,0.11168817430734634,0.0011355552123859525,0.0,0.32978555560112,0.10192154347896576,0.3829413950443268,0.0,0.3456842005252838,0.15476077795028687,0.10340280830860138,0.11244572699069977,0.053845494985580444,0.26520010828971863,0.0,0.05815613269805908,0.021883724257349968,0.09417761862277985,0.015309237875044346,0.24281300604343414,0.13477052748203278,0.006586801260709763,0.0554005429148674,0.31959450244903564,0.3735896050930023,0.3052230477333069,0.18113555014133453,0.006152326241135597,0.02044270746409893,0.3043903112411499,0.007639982737600803,0.16646185517311096,0.515300989151001,0.002770683728158474,0.017176274210214615,0.00782379973679781,0.00012502736353781074,0.14413434267044067,0.0,0.23143607378005981,0.49226465821266174,0.35524919629096985,0.21298843622207642,0.09000597894191742,0.03979513794183731,0.0,0.0,0.11544304341077805,0.13561242818832397,0.3009296655654907,0.3734586536884308,0.0,0.02666548453271389,0.05632477253675461,0.1368653029203415,0.11190468817949295,0.002290655393153429,0.2714361250400543,0.21345867216587067,0.01678205281496048,0.0,0.07834617048501968,0.0,0.3742343485355377,0.0,0.010042056441307068,0.0,0.03780616447329521,0.24892187118530273,0.00022879408788867295,0.08180641382932663,0.1621234118938446,0.0,0.0049393391236662865,0.1614198088645935,0.05768514424562454,0.0,0.0,0.44865143299102783,0.0,0.3166770339012146,0.0,0.07514933496713638,0.0026587636675685644,0.0,0.0,0.00015504514158237725,0.5796953439712524,0.11939399689435959,0.0004144120612181723,0.0,0.7334544658660889,0.01971062272787094,0.0,0.007848951034247875,0.015002022497355938,0.8235903978347778,0.27331793308258057,0.02396334521472454,0.00201664911583066,0.13995039463043213,0.06176704913377762,0.013568408787250519,0.3596051037311554,0.0,0.0,0.020895935595035553,0.007433245424181223,0.003077728906646371,0.13703332841396332,0.4216894805431366,0.08403743803501129,0.007625318132340908,0.45521870255470276,0.0,0.0,0.0,0.0012576340232044458,0.47195807099342346,0.0308468546718359,0.0,0.4109160602092743,0.33124321699142456,0.09109704941511154,0.6562340259552002,8.65831971168518e-05,0.0,0.0,0.00749438488855958,0.10605214536190033,0.1935213953256607,0.47019875049591064,0.012614614330232143,0.5334239602088928,0.013224168680608273,0.11554935574531555,0.15153566002845764,0.0,0.10911524295806885,0.07497688382863998,0.0,0.0029933410696685314,0.0,0.0,0.0024896948598325253,0.0895429477095604,0.020932959392666817,0.3300532102584839,0.04137873649597168,0.5468354225158691,0.0026512013282626867,0.14870773255825043,0.5361332893371582,0.004904088564217091,0.13779990375041962,0.25183501839637756,0.019549962133169174,0.1644688993692398,0.00545902457088232,0.0470801517367363,0.0,0.03632576763629913,0.28192201256752014,0.029292501509189606,0.5292923450469971,0.0,0.05509044602513313,0.00448380084708333,0.641508162021637,0.3328188955783844,0.08177578449249268,0.2381109744310379,0.14476141333580017,0.0003149039694108069,0.06542109698057175,0.034496989101171494,0.07875839620828629,0.0,0.0035555255599319935,0.5950095653533936,0.0,0.12074092030525208,0.0022020090837031603,0.0,0.0,0.00023344159126281738,0.0,0.20844332873821259,0.0,0.0,0.003919970244169235,0.6585968136787415,0.01342808734625578,0.02315099537372589,0.04929342865943909,0.07881386578083038,0.18007487058639526,0.0,0.027366826310753822,0.3852108418941498,0.42280313372612,0.028794636949896812,0.31973642110824585,0.0,0.20221638679504395,0.0026974466163665056,0.019728312268853188,0.10001006722450256,0.0,0.0022379558067768812,1.325676679611206,0.6287187337875366,0.30364882946014404,0.12950484454631805,0.0,0.007424881216138601,0.03296981006860733,0.02450277842581272,0.16223178803920746,0.05944767966866493,0.15741263329982758,0.4848288595676422,0.0023060098756104708,0.01532033272087574,0.3506718575954437,0.20955877006053925,0.08448449522256851,0.0,0.0365571565926075,0.0,0.1713191270828247,0.08203212171792984,0.35616534948349,0.0063554164953529835,0.09818876534700394,0.1645536720752716,-0.39806991815567017
152,0.0,0.051973167806863785,0.04251860827207565,0.0,0.0,0.0,0.374125599861145,0.14216656982898712,0.0,0.0040811956860125065,0.09431400895118713,0.017819851636886597,0.0,0.29399585723876953,0.0,0.039432745426893234,0.03681717813014984,0.0,0.0,0.0,0.0,0.1578187495470047,0.0,0.41451725363731384,0.01986616477370262,0.0,0.0,0.48449692130088806,0.0,0.08300506323575974,0.0054086958989501,0.19898410141468048,0.0,0.3540365993976593,0.0194373968988657,0.0721130296587944,0.06405611336231232,0.13096949458122253,0.025078976526856422,0.26948991417884827,0.0,0.1324494332075119,0.09867749363183975,0.08083540201187134,0.3007005453109741,0.0016554880421608686,0.1957714557647705,0.023145906627178192,0.0,0.056970443576574326,0.05095796287059784,0.0,0.16955578327178955,0.0004183888668194413,0.0,0.045961473137140274,0.02872515842318535,0.5510819554328918,0.07492052018642426,0.01114168856292963,0.0,0.25655293464660645,0.03855755925178528,0.0,0.0,0.0,0.0,0.11635904014110565,0.029739145189523697,0.0467229038476944,0.0,0.0,0.15046115219593048,0.19532327353954315,0.0063833752647042274,0.10067253559827805,0.018646208569407463,0.14216896891593933,0.0,0.19709330797195435,0.055219605565071106,0.01228279247879982,0.0,0.17042741179466248,0.11007602512836456,0.025109078735113144,0.0036139762960374355,0.09222759306430817,0.4374137222766876,0.26507556438446045,0.03621470555663109,0.0007431092672049999,0.0431426540017128,0.10100138932466507,0.0032201786525547504,0.0,0.35634124279022217,0.0,0.0,0.04209904000163078,0.0,0.15440671145915985,0.0,0.3538205921649933,0.37624940276145935,0.03539677709341049,0.027875801548361778,0.03694229945540428,0.0,0.0,0.023932084441184998,0.06683731079101562,0.03857230395078659,0.1472746878862381,0.0,0.0,0.017448564991354942,0.013682099059224129,0.025355223566293716,0.006073353346437216,0.03446206450462341,0.009634767659008503,0.0,0.0,0.001365523785352707,0.453683078289032,0.0,0.0,0.0,0.0,0.0,0.06829015165567398,0.0,0.01485480647534132,0.02680688351392746,0.0,0.0,0.0,0.08103808015584946,0.0005295251030474901,0.0,0.0022249852772802114,0.049172986298799515,0.0,0.09714701771736145,0.019205620512366295,0.0,0.019666390493512154,0.22130335867404938,0.0,0.016542360186576843,0.08633645623922348,0.06526223570108414,0.0,0.0,0.01124546118080616,0.016609493643045425,0.0,0.002631234936416149,0.0,0.19052299857139587,0.010351099073886871,0.018687792122364044,0.0,0.1437768191099167,0.0823761597275734,0.0,0.05980518087744713,0.0,0.0,0.0,0.0,0.003995286766439676,0.0,0.0035435683093965054,0.17521341145038605,0.0,0.015063242986798286,0.06885284930467606,0.013816693797707558,0.0037424853071570396,0.0,0.20376841723918915,0.0,0.009998228400945663,0.014962038025259972,0.16113132238388062,0.0,0.0,0.0,0.0,0.043708041310310364,0.146917924284935,0.0,0.11688414216041565,0.0921238511800766,0.03623949736356735,0.20228376984596252,0.11532709747552872,0.0,0.057911910116672516,0.0,0.010865967720746994,0.00974353775382042,0.0,0.0,0.004322890192270279,0.0,0.0,0.0,0.03683800995349884,0.21097195148468018,0.0,0.143644779920578,0.05646635591983795,0.11994148790836334,0.2913605570793152,0.0,0.0,0.31385964155197144,0.0,0.0,0.0,0.0,0.059383608400821686,0.0,0.033296652138233185,0.0024948623031377792,0.12513220310211182,0.149562805891037,0.0,0.0,0.24316763877868652,0.0874001681804657,0.2258383333683014,0.14218159019947052,0.0,0.0,0.04263334721326828,0.012110619805753231,0.0,0.020973414182662964,0.0,0.3544909954071045,0.002842002548277378,0.017507443204522133,0.07326656579971313,0.0,0.0,0.0,0.0,0.30254319310188293,0.0,0.0,0.0,0.05001820623874664,0.0,0.0428989976644516,0.022103480994701385,0.0,0.09038493037223816,0.001189625822007656,0.0,0.09171472489833832,0.0028025973588228226,0.4413549304008484,0.06589047610759735,0.019589312374591827,0.14487068355083466,0.0,0.0,0.06787454336881638,0.04462876170873642,0.0,0.22305046021938324,0.31650078296661377,0.24462813138961792,0.0,0.0,0.0,0.002750006504356861,0.012781224213540554,0.022631794214248657,0.06413773447275162,0.0022484525106847286,0.23865260183811188,0.0,0.008802637457847595,0.44734811782836914,0.2614743411540985,0.02725202776491642,0.0,0.0,0.0,0.30494624376296997,0.0,0.42476630210876465,0.09705168753862381,0.025927359238266945,0.0035884156823158264,0.0061040217988193035,0.06880408525466919,0.03536578640341759,0.0,0.0,0.0,0.38780492544174194,0.1197165697813034,0.0,0.037508003413677216,0.0989476814866066,0.038345493376255035,0.0,0.3549444079399109,0.0,0.010442896746098995,0.03110593929886818,0.0,0.017921235412359238,0.0,0.0,0.12734220921993256,0.0,0.26567530632019043,0.060257814824581146,0.004238154739141464,0.0,0.43624138832092285,0.0,0.05555219575762749,0.0,0.25408488512039185,0.0,0.3310168981552124,0.014484088867902756,0.04183720052242279,0.11549732089042664,0.08893012255430222,0.0008634947007521987,0.2331138700246811,0.012251738458871841,0.1367436945438385,0.10559754818677902,0.05391998589038849,0.21893440186977386,0.0023542249109596014,0.28774502873420715,0.0,0.0,0.0390886627137661,0.0347495898604393,0.0,0.2516728341579437,0.0,0.0,0.03227931261062622,0.027715671807527542,0.6574223637580872,0.09216894954442978,0.022818010300397873,0.0,0.30619174242019653,0.1149662509560585,0.0,0.0,0.0006019067368470132,0.0,0.13910387456417084,0.0604010745882988,0.13013148307800293,0.0,0.0,0.19044454395771027,0.2438884675502777,0.011499328538775444,0.09304179251194,0.015279917046427727,0.02995450235903263,0.0,0.2654597759246826,0.061622001230716705,0.0,0.0,0.24329522252082825,0.03231249377131462,0.067192941904068,0.0047441525384783745,0.1709526926279068,0.43928128480911255,0.21904276311397552,0.036556318402290344,0.01682674139738083,0.06547475606203079,0.02170504629611969,0.00616228673607111,0.0,0.3912597596645355,0.0,0.0,0.0,0.0,0.155173659324646,0.0,0.19655488431453705,0.29826802015304565,0.03490891680121422,0.020281072705984116,0.06284711509943008,0.0,0.0,0.02441662922501564,0.10121722519397736,0.025487303733825684,0.1208670511841774,0.0,0.0,0.054783064872026443,0.016851600259542465,0.005510414019227028,0.0,0.0019397186115384102,0.02654799446463585,0.0,0.014069408178329468,0.0,0.3297421932220459,0.0,0.0,0.0,0.0,0.0,0.07833869755268097,0.0,0.04074191302061081,0.0015957769937813282,0.005140172317624092,0.0,0.0,0.21260638535022736,0.025064630433917046,0.0,0.0005513011710718274,0.0,0.0,0.011334110051393509,0.0,0.002112343907356262,0.02691890113055706,0.26221030950546265,0.0,0.01916671358048916,0.000654387753456831,0.011511769145727158,0.0,0.0,0.017419010400772095,0.025748280808329582,0.010655480436980724,0.015295667573809624,0.0,0.0,0.021305276080965996,0.07994918525218964,0.0,0.1852964460849762,0.11069299280643463,0.0,0.011153636500239372,0.009267576038837433,0.0,0.0,0.0,0.018165409564971924,0.0,0.05316299945116043,0.0407886765897274,0.0,0.0024412870407104492,0.07059203088283539,0.07790489494800568,0.0,0.0,0.08876419067382812,0.0,0.017266735434532166,0.05404057726264,0.2415611296892166,0.0,0.0016466537490487099,0.0,0.0,0.041088443249464035,0.25360390543937683,0.0,0.12383871525526047,0.011304434388875961,0.1350174844264984,0.07054778933525085,0.1372537910938263,0.0,0.024835286661982536,0.0,0.03753321245312691,0.025175828486680984,0.0,0.0,0.017825089395046234,0.0,0.0,0.014215787872672081,0.08739546686410904,0.2943885326385498,0.0,0.11430039256811142,0.021238163113594055,0.10470309108495712,0.339995801448822,0.0,0.0,0.1982286423444748,0.0,0.01071952749043703,0.0,0.0,0.09740602970123291,0.0,0.011751427315175533,0.0,0.15634271502494812,0.08540341258049011,0.0,0.0,0.14748695492744446,0.09395583719015121,0.25663721561431885,0.07406147569417953,0.0,0.0,0.020387625321745872,0.01538551039993763,0.0,0.00719385826960206,0.0,0.16996608674526215,0.026659458875656128,0.0,0.07360130548477173,0.0,0.0,0.0,0.0,0.32359611988067627,0.0,0.0,0.0,0.010584025643765926,0.0,0.011825509369373322,0.03790057450532913,0.0,0.04889298975467682,0.0,0.013431636616587639,0.039945073425769806,0.0,0.34531912207603455,0.018624737858772278,0.020474392920732498,0.14828287065029144,0.0,0.0,0.0892474427819252,0.09451217949390411,0.0,0.21196463704109192,0.35531309247016907,0.2530839443206787,0.0,0.0,0.0,0.0,0.068316251039505,0.01290583610534668,0.05122509226202965,0.03257610648870468,0.22381067276000977,0.0013890471309423447,0.0,0.3367077112197876,0.2896602153778076,0.0205904059112072,0.0,0.0,0.0071034301072359085,0.2525218725204468,0.0,0.4131990075111389,0.16086408495903015,0.014720653183758259,0.0,0.0007345388294197619,0.03111851215362549,0.038453374058008194,0.0,0.0,0.0,0.3235244154930115,0.19286911189556122,0.0,0.008035137318074703,0.17004896700382233,0.07590354979038239,0.0,0.35397869348526,0.009410785511136055,0.008273681625723839,0.024444056674838066,0.033394813537597656,0.011812500655651093,0.0,0.0,0.15499454736709595,0.0,0.4390704929828644,0.032341696321964264,0.0012455250835046172,0.0,0.5468961596488953,0.0,0.025639744475483894,0.0,0.29042869806289673,0.0,0.3506009578704834,0.005097153130918741,0.0907050371170044,0.04742956906557083,0.06377765536308289,0.032247379422187805,0.2920122444629669,0.0017051586182788014,0.17678602039813995,0.1226930171251297,0.07708234339952469,0.34588274359703064,0.0,0.22394134104251862,0.005064206663519144,0.0,0.04444555193185806,0.007798054255545139,0.0,0.35573869943618774,0.0018866589525714517,0.0,0.1287449151277542,0.010878236033022404,0.6213763952255249,0.032100580632686615,0.03883112594485283,0.0,0.31921008229255676,0.09498804062604904,0.0010244782315567136,0.0,0.0,0.0,0.2691342234611511,0.061037372797727585,0.10302272439002991,0.0,0.0,0.07995925843715668,0.2515990436077118,0.00043790999916382134,0.20972727239131927,0.056359123438596725,0.09352973103523254,0.0,0.15250129997730255,0.0503610223531723,0.0,0.0,0.23634086549282074,0.16175925731658936,0.02565785124897957,0.0014689132804051042,0.1624864637851715,0.4361628293991089,0.16763165593147278,0.018903272226452827,0.0987531766295433,0.03336271643638611,0.06230928376317024,0.016698408871889114,0.0,0.36051082611083984,0.0,0.004231530707329512,0.06859876960515976,0.010204216465353966,0.12333148717880249,0.0,0.2582537829875946,0.29290565848350525,0.021383123472332954,0.01880047470331192,0.03938908502459526,0.0,0.0,0.09534839540719986,0.04493630304932594,0.015418106690049171,0.12760810554027557,0.0,0.0,0.030259277671575546,0.06261786073446274,0.002660991856828332,0.0,0.10573019832372665,0.017550842836499214,0.00021124284830875695,5.052288543083705e-05,0.048255424946546555,0.34131258726119995,0.0,0.0,0.04082893207669258,0.0,0.0,0.09112699329853058,0.0,0.011676289141178131,0.0035241516306996346,9.20832171686925e-05,0.0,0.0,0.08734143525362015,0.030208513140678406,0.0,0.003870560321956873,0.008675326593220234,0.0,0.02687874063849449,0.004015682730823755,0.0,0.035217221826314926,0.1584887057542801,0.0,0.0098807318136096,0.006319474428892136,0.019653214141726494,0.0,0.0,0.006092412397265434,0.0917946994304657,0.0,0.02046419307589531,0.0,0.035378530621528625,0.017665542662143707,0.01511046290397644,0.0,0.15279453992843628,0.10236886888742447,0.0,0.005020135082304478,0.02872246503829956,0.0,0.0,0.0,0.004593053366988897,0.0,0.019155437126755714,0.14072614908218384,0.0,0.0007478948100470006,0.10969548672437668,0.015564790926873684,0.0,0.0,0.0993005707859993,0.0,0.004557488486170769,0.05478731915354729,0.1615055352449417,0.0,0.0,0.0,0.0,0.07766947895288467,0.16661258041858673,0.0,0.11492472141981125,0.07294811308383942,0.050028130412101746,0.12014783918857574,0.16830797493457794,0.0,0.027343271300196648,0.0,0.030220406129956245,0.0004566441348288208,0.0,0.0,0.0071412851102650166,0.0074514783918857574,0.030088430270552635,0.004365125671029091,0.11337199807167053,0.18124116957187653,0.0,0.05123819783329964,0.15651531517505646,0.055573854595422745,0.24538539350032806,0.0,0.0,0.23100198805332184,0.0,0.0025274234358221292,0.0010699736885726452,0.0,0.046714313328266144,0.0,0.03680446371436119,0.028106270357966423,0.15419118106365204,0.1759706288576126,0.0,0.0,0.1968907117843628,0.10357045382261276,0.3734864890575409,0.06775486469268799,0.0,0.0,0.021115737035870552,0.004906962160021067,0.0009897092822939157,0.008647123351693153,0.0004492134030442685,0.1921466439962387,0.04350031539797783,0.04408038407564163,0.03408166766166687,0.0,0.0,0.0,0.0,0.4079449474811554,0.0,0.0,0.0,0.018212785944342613,0.0,0.011616525240242481,0.04094018042087555,0.0,0.03470888361334801,0.007745606824755669,0.006216819863766432,0.042122840881347656,0.00031333399238064885,0.495652973651886,0.02153274044394493,0.041282735764980316,0.06592465937137604,0.0,0.0,0.04891258850693703,0.16438764333724976,0.0010342354653403163,0.3165172040462494,0.22187618911266327,0.20285539329051971,0.0,0.0,0.00011551852367119864,0.016035454347729683,0.01808653399348259,0.011247055605053902,0.08958017826080322,0.036482859402894974,0.1979270726442337,0.0,0.0,0.46613606810569763,0.33310040831565857,0.018331779167056084,0.0,0.0,0.0014944851864129305,0.30363592505455017,0.0,0.3225308060646057,0.20347975194454193,0.04246864095330238,0.0020479646045714617,-0.31100836396217346
153,0.08120213449001312,0.1303044557571411,0.05614428594708443,0.0,0.0,0.0,0.4657604694366455,0.08160395920276642,0.0,0.00893077626824379,0.05371366813778877,0.005408296827226877,0.0,0.31616899371147156,0.0,0.0762060359120369,0.023982413113117218,0.0,0.0,0.0,0.0,0.048933543264865875,0.0,0.33606788516044617,0.018604183569550514,0.0,0.0,0.4859839379787445,0.003901021322235465,0.09569519013166428,0.08327259123325348,0.28170046210289,0.0,0.28129372000694275,0.05252150446176529,0.07941029220819473,0.04895946756005287,0.2457580864429474,0.01459022518247366,0.12646321952342987,0.0290630254894495,0.1579252928495407,0.09229430556297302,0.10650097578763962,0.2649237811565399,0.10685159265995026,0.24489863216876984,0.015249825082719326,0.0,0.079450324177742,0.07814570516347885,0.0,0.17641587555408478,0.011969591490924358,0.02249750867486,0.00258762389421463,0.19156889617443085,0.6275901198387146,0.15899594128131866,0.06053537875413895,0.0,0.09595711529254913,0.09278234094381332,0.0,0.0,0.0016510207206010818,0.0,0.02643250860273838,0.14876008033752441,0.1176595464348793,0.021569736301898956,0.0,0.15344731509685516,0.09905482083559036,0.024313820526003838,0.04224366322159767,0.0022109299898147583,0.0960937961935997,0.0,0.12524724006652832,0.009819984436035156,0.0851726084947586,0.0,0.1525096446275711,0.04185156896710396,0.010015621781349182,0.05855005979537964,0.2139759510755539,0.3658679723739624,0.35693150758743286,0.04692491888999939,0.0,0.027036001905798912,0.07493535429239273,0.0017390616703778505,0.011998635716736317,0.4661988317966461,0.0,0.0,0.00020403116650413722,0.0,0.2859749495983124,0.0,0.2993674576282501,0.33247002959251404,0.14678405225276947,0.04184485971927643,0.01421617902815342,0.01534201204776764,0.0,0.0038635660894215107,0.06860636919736862,0.04346666485071182,0.17835476994514465,0.02248631976544857,0.0,0.03580044209957123,0.0,0.06682675331830978,0.005717145744711161,0.0,0.03592634201049805,0.013540834188461304,0.00432470440864563,0.0,0.3360396921634674,0.0,0.0,0.0,0.011448300443589687,0.0,0.12430936098098755,0.009467394091188908,0.005269590299576521,0.017151964828372,0.06783848255872726,0.0,0.0,0.08215072005987167,0.004887905903160572,0.0,0.0,0.017149480059742928,0.0,0.15547490119934082,0.0,0.019313856959342957,0.0,0.03935524821281433,0.00317838485352695,0.041736673563718796,0.19729216396808624,0.10070152580738068,0.0,0.0,0.23633182048797607,0.013459390960633755,0.0,0.02757866680622101,0.02972792647778988,0.2613396942615509,0.1305529922246933,0.02036074735224247,0.0,0.12192290276288986,0.09541302174329758,0.0023180998396128416,0.12332741171121597,0.0,0.0,0.0,0.0,0.03177539259195328,0.014760809950530529,0.12408708781003952,0.12142997235059738,0.003929405938833952,0.11349055916070938,0.03281562402844429,0.02858777716755867,0.0071045816875994205,0.0,0.2538747489452362,0.0,0.0,0.11947806924581528,0.23713140189647675,0.0,0.07387560606002808,0.0,0.0,0.01841636747121811,0.09041149914264679,0.0003650309517979622,0.19290977716445923,0.14959712326526642,0.035637300461530685,0.1977800875902176,0.012557456269860268,0.0073917158879339695,0.0898975282907486,0.0,0.02048194408416748,0.028229687362909317,0.0,0.0,0.0,0.0,0.0,0.040967874228954315,0.03307187184691429,0.31902021169662476,0.015229100361466408,0.21342897415161133,0.014648223295807838,0.04423965886235237,0.337442010641098,0.002534981817007065,0.02206924930214882,0.2408500760793686,0.0,0.02603243850171566,0.0,0.0,0.01418642420321703,0.0,0.03804829344153404,0.0015783228445798159,0.25969117879867554,0.0347227118909359,0.01027507334947586,0.0,0.33571165800094604,0.09664485603570938,0.09475000202655792,0.07593008130788803,0.015383817255496979,0.0,0.04559536650776863,0.051946382969617844,0.017387060448527336,0.0,0.0,0.3693423271179199,0.0,0.023310484364628792,0.06271734088659286,0.0,0.0,0.0,0.0,0.2725619375705719,0.0,0.0,0.004104651510715485,0.09570030868053436,0.0,0.06033584475517273,0.046977318823337555,0.001778542879037559,0.1484697461128235,0.0,0.0,0.17775216698646545,0.10696136951446533,0.19870944321155548,0.08497017621994019,0.0,0.16998045146465302,0.005583915859460831,0.0,0.07512134313583374,0.004493981134146452,0.0,0.35937753319740295,0.4346179962158203,0.21493013203144073,0.01654529944062233,0.0,0.0,0.0,0.0010078269988298416,0.031332727521657944,0.025586146861314774,0.04807702824473381,0.33628615736961365,0.0,0.0192159004509449,0.2949715852737427,0.1516961306333542,0.014058979228138924,0.0,0.0,0.0,0.25324681401252747,0.0,0.45099517703056335,0.06970153003931046,0.0026036840863525867,0.02218029461801052,0.2500429153442383,0.0638703852891922,0.013276522979140282,0.0,0.0,0.0,0.335460901260376,0.049788158386945724,0.016848094761371613,0.01959373988211155,0.1192018985748291,0.11472751200199127,0.0,0.22303742170333862,0.275554895401001,0.0,0.011928926222026348,0.1315649449825287,0.08957014977931976,0.0,0.02314114011824131,0.05358079448342323,0.0,0.2887517809867859,0.26961269974708557,0.0,0.0,0.3938469886779785,0.0,0.024858009070158005,0.0,0.31233859062194824,0.0003373372310306877,0.15237268805503845,0.10395126044750214,0.0,0.02825348637998104,0.04021443799138069,0.08813821524381638,0.1840033382177353,0.3005979061126709,0.012325461022555828,0.21747583150863647,0.006009830627590418,0.13705050945281982,0.0,0.30970993638038635,0.0,0.0,0.1713206022977829,0.008313809521496296,0.0,0.7282446026802063,0.0,0.0,0.20541594922542572,0.013050656765699387,0.7356860637664795,0.1978560835123062,0.016076266765594482,0.0,0.05456430837512016,0.27335992455482483,0.11752321571111679,0.0,0.0,0.0,0.6495761871337891,0.28292107582092285,0.23540566861629486,0.0,0.0,0.0951356366276741,0.87591552734375,0.0,0.011612892150878906,0.2339518815279007,0.0,0.0,0.16672880947589874,0.11369683593511581,0.0,0.00036079506389796734,0.1806754320859909,0.3276730477809906,0.05284794420003891,0.0,0.4302669167518616,0.6218665242195129,0.29355674982070923,0.07273878157138824,0.37453848123550415,0.10167412459850311,0.0,0.00668615847826004,0.18335746228694916,0.4867174029350281,0.0,0.0,0.035921595990657806,0.35149332880973816,0.536053478717804,0.0,0.31586953997612,0.1929216831922531,0.0,0.015755467116832733,0.29121696949005127,0.001494853408075869,0.0,0.37530675530433655,0.10510722547769547,0.0,0.20799696445465088,0.1065419390797615,0.007077335380017757,0.1708323061466217,0.3270508050918579,0.0,0.008606871590018272,0.21753911674022675,0.2720661759376526,0.0,0.0,0.1955406665802002,0.08650822192430496,0.0,0.0010077859042212367,0.2563461661338806,0.0,0.0,0.1235080361366272,0.005301470868289471,0.06921247392892838,0.0014578565023839474,0.25411954522132874,0.06033007800579071,0.0,0.19352535903453827,0.00040933964191935956,0.0,0.0,0.0,0.0,0.006377942394465208,0.04870814085006714,0.10578322410583496,0.02078287862241268,0.21005618572235107,0.0,0.0,0.02132727950811386,0.005392902530729771,0.0,0.0,0.13515642285346985,0.03502452000975609,0.0085755018517375,0.0,0.0,0.012197330594062805,0.01801108941435814,0.11926230043172836,0.0,0.010834737680852413,0.190739706158638,0.0,0.0,0.20849807560443878,0.0,0.06149435043334961,0.194657564163208,0.006038543302565813,0.0,0.5568512082099915,0.2211374044418335,0.0,0.011748124845325947,0.15001870691776276,0.032415203750133514,0.02200070209801197,0.0011994927190244198,0.08872040361166,0.004859786480665207,0.04872555658221245,0.10332979261875153,0.25541579723358154,0.0,0.0,0.0,0.0,0.5019413232803345,0.4043756425380707,0.0,0.2039462924003601,0.039559438824653625,0.13154399394989014,0.052669938653707504,0.44153380393981934,0.0,0.0824648067355156,0.0,0.005600187927484512,0.2277863770723343,0.012270423583686352,0.0,0.0857437252998352,0.5047435760498047,0.20843666791915894,0.04430871084332466,0.25779929757118225,0.5319267511367798,0.0,0.0,0.17708635330200195,0.034176524728536606,0.13577845692634583,0.0,0.0,0.1851639300584793,0.0,0.1314733922481537,0.2327018678188324,0.007826641201972961,0.18963861465454102,0.004223279654979706,0.4379979968070984,0.1710011512041092,0.31821128726005554,0.2796030640602112,0.09001155942678452,0.21803900599479675,0.10892681032419205,0.002505057957023382,0.06594624370336533,0.035082537680864334,0.0,0.0,0.0,0.02697053551673889,0.003304495243355632,0.0025778908748179674,0.013915243558585644,0.03129402920603752,0.21776752173900604,0.1900121569633484,0.05986658111214638,0.0031792446970939636,0.0,0.007395695894956589,0.0,0.7434573173522949,0.0,0.0,0.07460236549377441,0.0,0.0,0.016842026263475418,0.0071949041448533535,0.0,0.004167447332292795,0.19811606407165527,0.12371603399515152,0.01365527044981718,0.0,0.9271535277366638,0.0,0.06858193874359131,0.06732801347970963,0.0,0.0,0.17549438774585724,0.22491100430488586,0.0,0.061167020350694656,0.21867959201335907,0.0853915736079216,0.0,0.15760159492492676,0.0,0.256428986787796,0.02494940161705017,0.0,0.41839471459388733,0.012825747020542622,0.2629847228527069,0.0,0.0,0.18316690623760223,0.06727590411901474,0.02873341739177704,0.0,0.0,0.4921342730522156,0.21688398718833923,0.0,0.12653911113739014,0.6669278740882874,0.035688616335392,0.0030347537249326706,0.1914968341588974,0.08315255492925644,0.0016659870743751526,0.0,0.004582876805216074,0.0,0.39001384377479553,0.09868914633989334,0.0075249928049743176,0.028510862961411476,0.0984160527586937,0.08631820976734161,0.0,0.2931344211101532,0.15714839100837708,0.0189039446413517,0.026538485661149025,0.04245062544941902,0.012173042632639408,0.0,0.0,0.09382662922143936,0.0,0.3450845777988434,0.07050107419490814,0.0,0.0,0.5281971096992493,0.004647880792617798,0.02357877604663372,0.0321679525077343,0.34998854994773865,0.0,0.20034170150756836,0.07814652472734451,0.013506816700100899,0.005487275309860706,0.08831162005662918,0.09016211330890656,0.21804466843605042,0.19463996589183807,0.12106957286596298,0.12202850729227066,0.029260432347655296,0.2400786131620407,0.0010825233766809106,0.3154492974281311,0.0,0.001955196959897876,0.11386840790510178,0.04322803393006325,0.003644979791715741,0.5619617700576782,0.0,0.0,0.11711869388818741,0.06310519576072693,0.761947751045227,0.189070925116539,0.07751810550689697,0.0,0.14471684396266937,0.24065335094928741,0.08554252237081528,0.0,0.0,0.0,0.37710490822792053,0.27485013008117676,0.22857509553432465,0.0,0.0,0.07517565041780472,0.5187696218490601,0.0024277211632579565,0.09330446273088455,0.14151708781719208,0.029990676790475845,0.0,0.11654616892337799,0.042343009263277054,0.0,0.00966054480522871,0.18298158049583435,0.1945890486240387,0.01659793220460415,0.011664842255413532,0.423492968082428,0.4736311435699463,0.2883460223674774,0.03526734188199043,0.15185348689556122,0.04060663655400276,0.04978560656309128,0.033252593129873276,0.11653347313404083,0.5305604338645935,0.0,0.0038882573135197163,0.07539770007133484,0.10373488813638687,0.45490723848342896,0.0,0.24808494746685028,0.25205957889556885,0.019101057201623917,0.015630461275577545,0.11829695850610733,0.006322066765278578,0.0,0.1899116188287735,0.06357291340827942,0.0016381655586883426,0.23345701396465302,0.08608024567365646,0.0011527951573953032,0.09746148437261581,0.1472916454076767,0.013969451189041138,0.009455856867134571,0.17992554605007172,0.15238410234451294,0.00847809761762619,0.0,0.1277681589126587,0.11572743952274323,0.0025318381376564503,0.015055405907332897,0.11038017272949219,0.0,0.003810294670984149,0.14434170722961426,0.009741189889609814,0.02941298298537731,0.0052287462167441845,0.21894769370555878,0.016754869371652603,0.0,0.09693848341703415,0.024130789563059807,0.0,0.0,0.0,0.0,0.03453854098916054,0.0,0.07770205289125443,0.0,0.015267967246472836,0.001166085945442319,0.0,0.07048925012350082,0.028168490156531334,0.0,0.0,0.1517740786075592,0.06424959748983383,0.0,0.0006879523280076683,0.02861228585243225,0.06766000390052795,0.06755679100751877,0.024685561656951904,0.005468175280839205,0.09366858750581741,0.1790674477815628,0.0,0.003889926243573427,0.03349442780017853,0.0,0.03528619185090065,0.12793926894664764,0.012274392880499363,0.0,0.4353747069835663,0.17918598651885986,0.0,0.023579439148306847,0.0817112848162651,0.012318947352468967,0.0282715056091547,0.01921086385846138,0.11802134662866592,0.006652748677879572,0.006913122721016407,0.17346982657909393,0.280322402715683,0.0,0.0,0.0,0.00015752184845041484,0.27223291993141174,0.26177048683166504,0.0,0.20385752618312836,0.07217314094305038,0.042353250086307526,0.09819300472736359,0.18403632938861847,0.0,0.06932710111141205,0.0,0.00861565861850977,0.11334102600812912,0.008434689603745937,0.0,0.016293037682771683,0.27707916498184204,0.07075494527816772,0.05001343414187431,0.21829722821712494,0.4658527076244354,0.0,0.0023415645118802786,0.13069824874401093,0.011172217316925526,0.2170180380344391,0.010601724497973919,0.0,0.2070097178220749,0.0,0.09921494126319885,0.03222194314002991,0.001563340425491333,0.057765763252973557,0.0052824742160737514,0.2067095786333084,0.11155606806278229,0.3478747010231018,0.1318107396364212,0.030763214454054832,0.107935331761837,0.20494531095027924,0.028339136391878128,0.17290644347667694,0.050508689135313034,0.0,0.0,0.0130630973726511,0.0278608538210392,0.017509665340185165,0.0,0.009174185805022717,0.1433161199092865,0.07043846696615219,0.13266389071941376,0.010965808294713497,0.0,0.0,0.013398108072578907,0.0,0.590641438961029,0.0,0.0,0.0351722352206707,0.01328057050704956,0.0,0.01966310292482376,0.030708884820342064,0.0006425175233744085,0.04849069565534592,0.0881761834025383,0.013374644331634045,0.05054691433906555,0.0005881112301722169,0.6800387501716614,0.007015088107436895,0.000974623893853277,0.055089302361011505,0.0,0.0,0.10982127487659454,0.1822003424167633,0.00020832419977523386,0.24549558758735657,0.30991825461387634,0.09537751972675323,0.0,0.05205624923110008,0.0006191540742293,0.08347341418266296,0.0209874976426363,0.0,0.21625728905200958,0.07614188641309738,0.29746606945991516,0.0016000636387616396,0.0,0.21410313248634338,0.14943531155586243,0.03714084252715111,0.0,0.0,0.1780310869216919,0.2644023001194,0.0,0.20905983448028564,0.38963237404823303,0.028020286932587624,0.014489980414509773,-0.18057331442832947
154,0.13936327397823334,0.1309492290019989,0.032940126955509186,0.0,0.0,0.0,0.5419316291809082,0.044997427612543106,0.0,0.014592571184039116,0.032134875655174255,0.004197488538920879,0.0,0.32512497901916504,0.0,0.11213452368974686,0.053034573793411255,0.0,0.0,0.0,0.0,0.05965689942240715,0.0004904571687802672,0.2439228892326355,0.02040197141468525,0.0,0.0,0.5132509469985962,0.005691395606845617,0.08456170558929443,0.11467558145523071,0.3044714629650116,0.0,0.27589040994644165,0.08881299197673798,0.054374177008867264,0.0076985848136246204,0.2167614847421646,0.000980227836407721,0.0712294951081276,0.053150564432144165,0.16897551715373993,0.06976804882287979,0.0922950878739357,0.17511239647865295,0.19375599920749664,0.30268171429634094,0.035089362412691116,0.0,0.050484199076890945,0.17154592275619507,0.0,0.14898502826690674,0.011591779068112373,0.04159216210246086,0.0,0.2930511236190796,0.7720446586608887,0.230872243642807,0.07228634506464005,0.0,0.07470846176147461,0.1432105153799057,0.0,0.0,0.006553442683070898,0.0,0.0,0.22973498702049255,0.15209649503231049,0.047578904777765274,0.0,0.18698573112487793,0.16158148646354675,0.07895325124263763,0.04326494410634041,0.005984650459140539,0.06569289416074753,0.0,0.1667466014623642,0.008754666894674301,0.0586390420794487,0.0,0.14728467166423798,0.004209202714264393,0.0,0.052361879497766495,0.29221445322036743,0.32684215903282166,0.4045376479625702,0.045828063040971756,0.0,0.024281492456793785,0.08179768174886703,0.0009505481575615704,0.022092092782258987,0.5990543365478516,0.0,0.006803023628890514,0.0,0.0,0.3705189526081085,0.0,0.25928235054016113,0.42242541909217834,0.2633841633796692,0.04842107370495796,0.009328993037343025,0.010234924964606762,0.0,0.0,0.0757550448179245,0.056202612817287445,0.2691839337348938,0.07780871540307999,0.0,0.03574236109852791,0.0,0.08335167169570923,0.021126212552189827,0.0,0.06268658488988876,0.0,0.007107339333742857,0.0,0.29787173867225647,0.0,0.027969038113951683,0.0,0.031887397170066833,0.0,0.15716135501861572,0.032787639647722244,0.0028404805343598127,0.04282999038696289,0.1535758227109909,0.0,0.0,0.03209878131747246,0.0052841342985630035,0.0,0.0,0.01356243621557951,0.0,0.17132370173931122,0.0,0.04769638180732727,0.0,0.0,0.0,0.05085763335227966,0.15812772512435913,0.10888223350048065,0.0,0.0,0.3315962553024292,0.029835056513547897,0.0,0.03244197368621826,0.037380628287792206,0.314084529876709,0.23315203189849854,0.01127532683312893,0.0,0.13442353904247284,0.12560470402240753,0.0,0.18775396049022675,0.0,0.0,0.0029395318124443293,0.006274789106100798,0.015685349702835083,0.030371537432074547,0.25749948620796204,0.1409214735031128,0.02762984298169613,0.15047869086265564,0.0,0.021012669429183006,0.00032067569554783404,0.0,0.22331182658672333,0.0009397715330123901,0.0,0.20021231472492218,0.33857202529907227,0.0,0.0858248695731163,0.0,0.0,0.0,0.136429563164711,0.0028156705666333437,0.2817785441875458,0.11333531141281128,0.026592008769512177,0.21257689595222473,0.0,0.04629065841436386,0.13894441723823547,0.0,0.03996657952666283,0.09383060783147812,0.0,0.0,0.0,0.0,0.0,0.08951332420110703,0.0598008818924427,0.3814164996147156,0.051579877734184265,0.269925594329834,0.0,0.06194847449660301,0.4124361574649811,0.0,0.031630609184503555,0.2662738561630249,0.0,0.0719030499458313,0.0,0.0002740018826443702,0.019981587305665016,0.0,0.057966023683547974,0.0,0.3916202187538147,0.0,0.01986951008439064,0.0,0.34570854902267456,0.08772935718297958,0.07740967720746994,0.1548805832862854,0.04965906962752342,0.0,0.03874381631612778,0.09073533117771149,0.04935232177376747,0.0,0.0,0.3514971137046814,0.0,0.019741440191864967,0.05801594257354736,0.0,0.0,0.0,0.0,0.2989087700843811,0.0,0.0,0.010606723837554455,0.16359204053878784,0.0,0.07818112522363663,0.06165275350213051,0.00839863158762455,0.15542232990264893,0.0,0.0,0.19000829756259918,0.21569298207759857,0.10871965438127518,0.11954641342163086,0.0,0.19036974012851715,0.0018626308301463723,0.014529015868902206,0.08962477743625641,0.0,0.0,0.3292722702026367,0.6195824146270752,0.22882860898971558,0.07417351007461548,0.0,0.0,0.0,0.004225010517984629,0.012830684892833233,0.010045546106994152,0.05343419313430786,0.4802052974700928,2.3543834686279297e-05,0.06928496807813644,0.23774221539497375,0.16877882182598114,0.029411837458610535,0.0,0.006448511499911547,0.0,0.22850167751312256,0.0,0.557099461555481,0.046184953302145004,0.00124164333101362,0.025760721415281296,0.0,0.0718313679099083,0.018015746027231216,0.0,0.0,0.0,0.27275359630584717,0.1484372317790985,0.0,0.04810498282313347,0.23883986473083496,0.08213353902101517,0.0,0.3438971936702728,0.05982000008225441,0.011388599872589111,0.028157232329249382,0.07750417292118073,0.05924059823155403,0.0,0.002380573423579335,0.1660003364086151,0.0,0.43671858310699463,0.0969560369849205,0.0004222821444272995,0.0,0.4044864773750305,0.0,0.061714231967926025,0.0,0.23739129304885864,0.0,0.3317923843860626,0.0,0.012111199088394642,0.10466913878917694,0.04430151730775833,0.03414890542626381,0.34039628505706787,0.0021153967827558517,0.04705500602722168,0.21547701954841614,0.03313590586185455,0.2593705654144287,0.0,0.2605705261230469,0.0,0.0,0.007680184207856655,0.014085175469517708,0.0,0.4680076837539673,0.0,0.0,0.21748021245002747,0.0,0.60603928565979,0.020715897902846336,0.0,0.0,0.3038233518600464,0.07953238487243652,0.07468600571155548,0.0,0.0,0.0,0.45460745692253113,0.06094856187701225,0.07827237993478775,0.0,0.0,0.1453871876001358,0.5115773677825928,0.0,0.13626709580421448,0.08127165585756302,0.001099820714443922,0.0,0.23603108525276184,0.08673365414142609,0.0,0.0,0.2766192555427551,0.1743638515472412,0.0566718652844429,0.0,0.12071898579597473,0.5774126052856445,0.19518035650253296,0.02300511673092842,0.25596287846565247,0.06499116867780685,0.0,0.01682307943701744,0.005121075548231602,0.31888657808303833,0.0,0.0,0.057738326489925385,0.1272357851266861,0.17527979612350464,0.0,0.3455555737018585,0.23426182568073273,0.0,0.006296487059444189,0.1500864326953888,0.0,0.0,0.2169247418642044,0.075194351375103,0.0008769985288381577,0.12476226687431335,0.0,0.0,0.050379134714603424,0.06835015118122101,0.0,0.0,0.19863377511501312,0.03713062405586243,0.0019576363265514374,0.01824670098721981,0.08958455175161362,0.3599623143672943,0.0,0.0,0.09352298825979233,0.0,0.0,0.12442252039909363,0.0,0.058977313339710236,0.00037275534123182297,0.0,0.003391912905499339,0.0,0.17401908338069916,0.00017512543126940727,0.0,0.0,0.0,0.0,0.012215862981975079,0.03597531467676163,0.0,0.014968039467930794,0.32988476753234863,0.007807489484548569,0.0,0.0,0.010811915621161461,0.0,0.0,0.0,0.026828959584236145,0.028103286400437355,0.0,0.0,0.0,0.0,0.11636733263731003,0.0,0.10042742639780045,0.11306113749742508,0.0,0.0,0.08137521892786026,0.0,0.0031723137944936752,0.0068951016291975975,0.02660832181572914,0.0,0.01646443083882332,0.11741676181554794,0.0,0.0,0.23626336455345154,0.058516088873147964,0.015859682112932205,0.0,0.09229208528995514,0.0,0.0382094569504261,0.016981543973088264,0.1646217405796051,0.0,0.0,0.0,0.0,0.20850582420825958,0.26482605934143066,0.0,0.12287725508213043,0.016954101622104645,0.12109429389238358,0.05967216193675995,0.33016467094421387,0.0,0.05029129981994629,0.0,0.006418854463845491,0.03462160751223564,0.0,0.0,0.025000300258398056,0.06415598839521408,0.09579421579837799,0.00025176769122481346,0.13698385655879974,0.31837087869644165,0.0,0.0017071757465600967,0.22953689098358154,0.10200367867946625,0.16366511583328247,0.0,0.0,0.22016337513923645,0.0,0.010801752097904682,0.05580870434641838,0.0,0.13287918269634247,0.0,0.02135327458381653,0.027810702100396156,0.08158235251903534,0.29202699661254883,0.0,0.0,0.1307883858680725,0.022524086758494377,0.34814223647117615,0.03767762333154678,0.0,0.0,0.015569942072033882,0.010074217803776264,0.0,0.0,0.005402669310569763,0.09957554936408997,0.1258181780576706,0.01557752676308155,0.08796361833810806,0.0,0.0,0.0,0.0,0.4819853901863098,0.0,0.0,0.0,0.0,0.0,0.014751162379980087,0.010422985069453716,0.0,0.019477246329188347,0.07646943628787994,0.03518082946538925,0.0046099768951535225,0.0,0.6674237251281738,9.071826934814453e-05,0.10810166597366333,0.11234479397535324,0.0,0.0,0.0782475620508194,0.22346803545951843,0.0,0.08553983271121979,0.13421198725700378,0.18070892989635468,0.0,0.0296291783452034,0.0,0.08457081764936447,0.0910295620560646,0.0014741243794560432,0.20309726893901825,2.7766101993620396e-05,0.18787220120429993,0.0,0.0,0.449084997177124,0.285952627658844,0.01666386052966118,0.0,0.0,0.25322893261909485,0.3359697461128235,0.0,0.34385913610458374,0.38525599241256714,0.043353121727705,0.0,0.08011509478092194,0.09124484658241272,0.0068765864707529545,0.0,0.0,0.0,0.428865522146225,0.1317192167043686,0.0,0.023718126118183136,0.09418386220932007,0.0692257434129715,0.0,0.35321956872940063,0.01497266162186861,0.0574018694460392,0.05221117287874222,0.0014001006493344903,0.0,0.0,0.0,0.1173843964934349,0.0,0.36375412344932556,0.03948868438601494,0.0,0.0,0.5579611659049988,0.010247436352074146,0.0340949110686779,0.08432827144861221,0.340778112411499,0.0,0.3070891201496124,0.022016393020749092,0.08507648855447769,0.0,0.13219484686851501,0.016788745298981667,0.21704824268817902,0.04090621694922447,0.22284875810146332,0.11724185943603516,0.10779134184122086,0.2958942949771881,0.07374860346317291,0.3105466365814209,0.022193515673279762,0.0,0.031145568937063217,0.1182728111743927,0.0,0.34024080634117126,0.0,0.0258441511541605,0.07896725088357925,0.08312371373176575,0.7562065720558167,0.13744507730007172,0.07398782670497894,0.0,0.23561729490756989,0.12964661419391632,0.020162401720881462,0.0,0.00018942501628771424,0.0,0.17219339311122894,0.18445658683776855,0.13464069366455078,0.019716069102287292,0.0,0.11711486428976059,0.30317583680152893,0.0,0.186582550406456,0.03499337658286095,0.05178065970540047,0.0,0.1614179164171219,0.02574422024190426,0.015701062977313995,0.0,0.23882460594177246,0.023573236539959908,0.008028644137084484,0.04246649518609047,0.2703707218170166,0.4038354456424713,0.27433061599731445,0.02344973012804985,0.026839200407266617,0.031022628769278526,0.0834844633936882,0.03912276029586792,0.048175860196352005,0.5103862881660461,0.0,0.002820802154019475,0.10630165040493011,0.010125565342605114,0.23194153606891632,0.0,0.2363695651292801,0.37749162316322327,0.06183844059705734,0.04192154482007027,0.033983319997787476,0.0203582514077425,0.0,0.07781288772821426,0.05825614184141159,0.01505201030522585,0.22348356246948242,0.0656886175274849,0.0,0.029980281367897987,0.010480520315468311,0.045922767370939255,0.011462152004241943,0.11357944458723068,0.07843542844057083,0.02727195993065834,0.01200571283698082,0.03614197298884392,0.26970139145851135,0.006470164284110069,0.019957132637500763,0.01765940524637699,0.0,0.0,0.11735270172357559,0.005767082795500755,0.004305144306272268,0.02591123804450035,0.119644895195961,0.0,0.0,0.06838123500347137,0.04998739808797836,0.0,0.0024219017941504717,0.0005393123719841242,0.0,0.09080115705728531,0.0,0.037864744663238525,0.0,0.008562980219721794,0.0,0.040180716663599014,0.0587933212518692,0.07822102308273315,0.0,0.0,0.17897304892539978,0.06615730375051498,0.0,0.0016368164215236902,0.03224296122789383,0.15161284804344177,0.11038026958703995,0.012576822191476822,0.0,0.1747436672449112,0.13125742971897125,0.0,0.0928397849202156,0.0,0.0,0.012492234818637371,0.01536599826067686,0.020701108500361443,0.01712513156235218,0.15603777766227722,0.13187135756015778,0.001994468504562974,0.06002481281757355,0.0698654055595398,0.01606772281229496,0.003182706655934453,0.00030563812470063567,0.18031542003154755,0.0046311113983392715,0.0,0.1852719932794571,0.26069721579551697,0.0,0.020094629377126694,0.0,0.0,0.06239128112792969,0.15689878165721893,0.007715438958257437,0.20577730238437653,0.06871256977319717,0.02494281716644764,0.14024098217487335,0.04031950235366821,0.0026676366105675697,0.09497854113578796,0.0,0.026950085535645485,0.03998112678527832,0.0,0.0,0.0,0.013327903114259243,0.0037216718774288893,0.004150938708335161,0.13791926205158234,0.32970061898231506,0.02266295813024044,0.1169247105717659,0.1206476166844368,0.04859517887234688,0.3040500283241272,0.00012339279055595398,0.02959630824625492,0.27449336647987366,0.0,0.05121906101703644,0.0,0.0005541708669625223,0.02774917706847191,0.010513386689126492,0.0795513391494751,0.007737820502370596,0.2976486384868622,0.05205811932682991,0.023497939109802246,0.04089980944991112,0.26259294152259827,0.06466224044561386,0.3210137188434601,0.12034201622009277,0.0,0.0,0.03752099350094795,0.048045046627521515,0.010049354285001755,0.0,0.0009763613343238831,0.23614545166492462,0.002955569187179208,0.009288236498832703,0.013673250563442707,0.0,0.0,0.0,0.0,0.41121646761894226,0.0,0.0,0.00016634032363072038,0.1017865538597107,0.0,0.04439624026417732,0.03797871619462967,0.01697804220020771,0.11493488401174545,0.005159489344805479,0.0,0.08997704088687897,0.08575546741485596,0.38996344804763794,0.06677592545747757,0.0,0.1152995303273201,0.0,0.011801556684076786,0.0817151740193367,0.14123567938804626,0.0,0.33544668555259705,0.3982098698616028,0.19497457146644592,0.01344327349215746,0.0,0.0030224754009395838,0.004813939332962036,0.0206297617405653,0.004284410271793604,0.02492755651473999,0.06501612812280655,0.3698466420173645,0.0,0.03715606406331062,0.33826446533203125,0.30889981985092163,0.046817559748888016,0.0,0.00027051320648752153,0.033132802695035934,0.27106577157974243,0.0,0.4251165986061096,0.16837593913078308,0.013168924488127232,0.00779257295653224,-0.5825870037078857
155,0.0,0.14580698311328888,0.49901142716407776,0.0025319962296634912,0.0,0.0,0.6165251135826111,0.023064477369189262,0.0,0.0,0.06971359252929688,0.0,0.0,0.2560161054134369,0.0,0.19062575697898865,0.02071727253496647,0.0,0.0,0.0,0.0,0.13131533563137054,0.024541132152080536,0.6915145516395569,0.0,0.0,0.0,0.8383224606513977,0.07546878606081009,0.050354618579149246,0.2950911819934845,0.31335610151290894,0.0,0.40168699622154236,0.18109342455863953,0.38994666934013367,0.16907644271850586,0.7970860004425049,0.0,0.0014210757799446583,0.0,0.4300292432308197,0.0496140718460083,0.23809538781642914,0.5526755452156067,0.9194612503051758,0.09471753984689713,0.0,0.0,0.19541268050670624,0.3753562569618225,0.0,0.0,0.008799625560641289,0.21441571414470673,0.0,0.705437183380127,0.6566708087921143,0.1545850783586502,0.05330171808600426,0.0,0.031216956675052643,0.005395323503762484,0.0,0.0,0.11193660646677017,0.007867962121963501,0.0,0.1341460943222046,0.009054800495505333,0.6139037609100342,0.0,0.3648563325405121,0.0,0.11197283864021301,0.11362392455339432,0.0,0.5950393080711365,0.0,0.1136055514216423,0.018796073272824287,0.28434595465660095,0.002320026746019721,0.15566471219062805,0.0,0.0,0.15287916362285614,0.1682804375886917,0.4216732680797577,0.5398867726325989,0.10819404572248459,0.0,0.0,0.49480000138282776,0.0,0.0,0.4295858144760132,0.1101142019033432,0.0,0.007106830831617117,0.0,0.041176941245794296,0.0,0.523565411567688,0.7770289778709412,0.45221033692359924,0.25072622299194336,0.00425294041633606,0.0,0.0,0.0,0.23023076355457306,0.23016251623630524,0.2444600760936737,0.17344403266906738,0.0,0.0,0.0,0.23436005413532257,0.17837098240852356,0.0,0.055087246000766754,0.1792672872543335,0.01806602254509926,0.0,0.44949594140052795,0.0021692970767617226,0.251851886510849,0.0,0.0,0.0,0.008321575820446014,0.1466808319091797,0.0,0.08851303160190582,0.033986084163188934,0.0,0.0,0.037221238017082214,0.033826835453510284,0.0,0.01818820834159851,0.5972957611083984,0.0,0.5825796127319336,0.0,0.0,0.039336323738098145,0.0,0.0,0.0770333781838417,0.7553068995475769,0.2995852530002594,0.0,0.0,0.5816555023193359,0.004490009043365717,0.0,2.5456563889747486e-05,0.0,1.1863898038864136,0.3187517821788788,0.0,0.0,0.17561393976211548,0.04143685847520828,0.0,0.6736462712287903,0.0,0.0,0.0,0.0,0.053877200931310654,0.1280384510755539,0.0714355856180191,0.2393416315317154,0.022735506296157837,0.7789468765258789,0.0,0.0232236348092556,0.0,0.0,0.9064512252807617,0.006670026574283838,0.0,0.2480948567390442,0.21862371265888214,0.14484235644340515,0.6863566040992737,0.0,0.0,0.0,0.0,0.11936444789171219,0.1768777072429657,0.6465228199958801,0.019819585606455803,0.8549498319625854,0.0,0.07303962856531143,0.20340029895305634,0.0,0.014215032570064068,0.0,0.0,0.0,0.0,0.0,0.0,0.0027101635932922363,0.00014260431635193527,0.18936091661453247,0.08597730100154877,0.7086277008056641,0.0,0.25761011242866516,0.5193008780479431,0.0,0.07981596887111664,0.5699911713600159,0.011427074670791626,0.0072761401534080505,0.0,0.0,0.0,0.05793948844075203,0.023192021995782852,0.0,0.3738971948623657,0.008960005827248096,0.0,0.0,0.8568225502967834,0.4411666691303253,0.032102812081575394,0.20033086836338043,0.12933868169784546,0.00021978218865115196,0.2841806411743164,0.07842656970024109,0.002091595670208335,0.0,0.0,1.1752516031265259,0.0,0.039286598563194275,0.019569972530007362,0.0,0.0,0.0,0.0,0.008554468862712383,0.0,0.02693403698503971,0.0,0.8790748119354248,0.06585793942213058,0.07828748226165771,0.007446978706866503,0.08901925384998322,0.530750572681427,0.0,0.0,0.645555317401886,0.34800291061401367,0.0,0.5859456658363342,0.0,0.38418906927108765,0.045114580541849136,0.0,0.10873053222894669,0.0,0.028012918308377266,1.4983670711517334,0.8328608274459839,0.479095995426178,0.12274959683418274,0.0,0.0022740827407687902,0.0,0.0031924801878631115,0.4800146520137787,0.0,0.0031826640479266644,0.46405166387557983,0.0,0.0,0.6381208300590515,0.273648738861084,0.021513326093554497,0.010216942988336086,0.0,0.0,0.38818955421447754,0.12531189620494843,0.6468139886856079,0.0,0.007982944138348103,0.25170832872390747,0.5416882634162903,0.20798130333423615,0.2662208676338196,0.0,0.0,0.0,1.0151817798614502,0.0,0.007687476463615894,0.3833911120891571,0.008574907667934895,0.0,0.0,0.5910347104072571,0.0,0.009286771528422832,0.031797461211681366,0.0,0.0,0.017868485301733017,0.0,0.005202101077884436,0.03490433096885681,0.010885943658649921,0.16594313085079193,0.002946047345176339,0.0,0.7573108673095703,0.08457302302122116,0.03479490056633949,0.010237184353172779,0.563236653804779,0.0,0.005945172626525164,0.33577749133110046,0.03682831674814224,0.0,0.4683355689048767,0.061781223863363266,0.00038220908027142286,0.9565603137016296,0.31341519951820374,0.09620025753974915,0.04785769432783127,0.05707733333110809,0.6697444319725037,0.833453893661499,0.02908436208963394,0.0,0.17174343764781952,0.23679237067699432,0.017799368128180504,0.3031168282032013,0.0007998193032108247,0.07699310779571533,0.0,0.9315018057823181,1.8331695795059204,0.7444125413894653,0.2398565411567688,0.0,0.0,0.6691035628318787,0.0,0.0,0.0873865857720375,0.0018210263224318624,0.005587445106357336,0.8255873322486877,0.49270543456077576,0.3790234625339508,0.0,0.5453169941902161,0.5081740617752075,0.34983789920806885,0.0,0.24415846168994904,0.0,0.0,0.10514845699071884,0.02901189774274826,0.0,0.004890539683401585,0.2079983800649643,0.0,0.0,0.01102143432945013,0.8264026045799255,0.3188704550266266,0.41562047600746155,0.3089893162250519,0.0,0.0580042265355587,0.19683772325515747,0.0,0.5113283395767212,1.1613668203353882,0.0,0.007770908996462822,0.0001522666570963338,0.0193614698946476,0.7026661038398743,0.0,0.007349773310124874,0.5153951644897461,0.6618069410324097,0.17988085746765137,0.12752482295036316,0.2662500739097595,0.0,0.0,0.11951643228530884,0.3446751832962036,0.5295689702033997,1.036062240600586,0.0,0.22721992433071136,0.041940122842788696,0.25230488181114197,0.07628434151411057,0.0,0.7153369784355164,0.20243361592292786,0.0,0.0,0.0,0.0,0.3786470592021942,0.0,0.0003568604588508606,0.008688987232744694,0.0011408530408516526,0.6153426766395569,0.045276954770088196,0.13129590451717377,0.8938624858856201,0.0,0.0,0.3861851096153259,0.03218039125204086,0.0,0.0,0.050511106848716736,0.0,0.10378120839595795,0.0,0.6995187401771545,0.01035310234874487,0.0,0.0,0.0,0.4099135100841522,0.02441452629864216,0.0,0.0,1.2095826864242554,0.1161559596657753,0.0,0.026889128610491753,0.09963463246822357,0.6544652581214905,0.4566594362258911,0.20660609006881714,0.0,0.11996915936470032,0.26325523853302,0.0,0.4549017548561096,0.0,0.0,0.04590373858809471,0.015577699989080429,0.015657175332307816,0.04394957795739174,1.6305617094039917,0.04518449306488037,0.025149988010525703,0.4748533368110657,0.0,0.00365474377758801,0.0,0.003957320936024189,0.044352974742650986,0.024500951170921326,0.0,0.6721904873847961,1.0088274478912354,0.026550965383648872,0.7821952700614929,0.0,0.0,0.0,0.2487892508506775,0.0009642536169849336,0.4390808045864105,0.3713257610797882,0.029764117673039436,0.11204379051923752,0.0021208778489381075,0.48033010959625244,0.21520179510116577,0.0,0.12212736904621124,0.5535287261009216,0.0,0.014373896643519402,0.0,0.03374667093157768,0.0,0.29884591698646545,0.1842261701822281,0.948043942451477,0.06769970804452896,0.5200276374816895,0.0,0.061467062681913376,0.8895312547683716,0.0,0.23681220412254333,0.09617231786251068,0.0,0.6121633648872375,0.04192200303077698,0.22590668499469757,0.02272012270987034,0.0,0.8412157297134399,0.0,1.1102091073989868,0.0,0.37414121627807617,0.13676407933235168,0.47722452878952026,0.13262318074703217,0.02336915209889412,0.30786386132240295,0.5392465591430664,0.0,0.035478126257658005,0.023846281692385674,0.35487666726112366,0.0,0.003096733009442687,0.11704809963703156,0.0,0.10597465932369232,0.0,0.0,0.0,0.0,0.0,0.4555143117904663,0.0,0.0,0.0479726567864418,0.8151054978370667,0.008903443813323975,0.09689036011695862,0.06539367139339447,0.20186816155910492,0.05559519678354263,0.0,0.00819437950849533,0.2592633366584778,0.7912307977676392,0.022719040513038635,0.2114092856645584,0.0,0.20160086452960968,0.0,0.09890246391296387,0.3424542546272278,0.0,0.0,0.7940532565116882,1.2241188287734985,0.32358118891716003,0.5189617872238159,0.0,0.0,0.009715095162391663,0.08383305370807648,0.00691309804096818,0.09689944982528687,0.42356589436531067,0.8112440705299377,0.0,0.21159428358078003,0.0,0.15482690930366516,0.1566222459077835,0.0,0.10799307376146317,0.07062318176031113,0.0,0.13155683875083923,0.5431278944015503,0.21124865114688873,0.05948982015252113,0.0601903572678566,0.3513052463531494,0.21427422761917114,0.29904705286026,0.0,0.0005447423900477588,0.0,0.9008365869522095,0.007012609858065844,0.03052792139351368,0.23145517706871033,0.009690817445516586,0.0,0.01694761961698532,0.503082275390625,0.0,0.07158631831407547,0.09308250993490219,0.0,0.0,0.023003550246357918,0.0,0.05077552795410156,0.06435824930667877,0.12690486013889313,0.053235702216625214,0.0,0.0011636855779215693,0.8430010676383972,0.13723494112491608,0.03601455315947533,0.13261467218399048,0.5459598898887634,0.0,0.14181214570999146,0.3060307800769806,0.17486073076725006,0.0033871461637318134,0.588176429271698,0.044169291853904724,0.05210472270846367,0.5292313694953918,0.444338321685791,0.09936310350894928,0.2089901864528656,0.28045475482940674,0.9429664015769958,0.4747730493545532,0.0030578896403312683,0.00016716761456336826,0.13012243807315826,0.3465297520160675,0.001964587951079011,0.24145330488681793,0.055295202881097794,0.12250270694494247,0.0,1.046346664428711,1.472837209701538,0.6655465960502625,0.2119724154472351,0.0,0.02597757987678051,0.43797793984413147,0.0,0.018927033990621567,0.1996677964925766,0.0,0.0,0.7190094590187073,0.38274332880973816,0.49072664976119995,0.0,0.46767911314964294,0.1827085316181183,0.3563331067562103,0.018787959590554237,0.02424098178744316,0.15072403848171234,0.0037044479977339506,0.11731023341417313,0.011005072854459286,0.07356905192136765,0.012454373762011528,0.1518796980381012,0.02929503098130226,0.0054862662218511105,0.05520053207874298,0.7522658705711365,0.30240118503570557,0.49865156412124634,0.2391829788684845,0.0030802900437265635,0.02422601915895939,0.25549957156181335,0.010112186893820763,0.25706154108047485,1.0743136405944824,0.0009008323540911078,0.11096583306789398,0.005314752925187349,0.0016436775913462043,0.7269260287284851,0.0,0.08803638815879822,0.5514081716537476,0.7473636269569397,0.2634558081626892,0.0573623888194561,0.22085903584957123,0.0,0.0,0.16064347326755524,0.2173263281583786,0.5108897686004639,0.6633771061897278,0.0,0.1755009889602661,0.005904098507016897,0.22157151997089386,0.10636585205793381,0.007979384623467922,0.42515259981155396,0.18635964393615723,0.011256800033152103,0.0,0.013116451911628246,0.0033357562497258186,0.4615297317504883,0.0,0.01647963747382164,0.0,0.034678928554058075,0.5025443434715271,0.0015595193253830075,0.15485350787639618,0.597453236579895,0.0,0.0,0.2407483607530594,0.04342733696103096,0.0,0.0,0.393600195646286,0.0,0.21723811328411102,0.0,0.2845122218132019,0.002664723666384816,0.0,0.0,0.0,0.6623159646987915,0.25626644492149353,0.0,0.0,1.0097103118896484,0.017918603494763374,0.0,0.0029073080513626337,0.057196538895368576,0.9186343550682068,0.48146283626556396,0.06806078553199768,0.02462143637239933,0.1494743674993515,0.21842698752880096,0.0,0.5820396542549133,0.0,0.0,0.016242073848843575,0.009492912329733372,0.014875183813273907,0.10841763019561768,1.1635252237319946,0.02702956646680832,0.027124468237161636,0.5345937609672546,0.0,9.00895829545334e-05,0.0,0.015262385830283165,0.33589625358581543,0.07094796001911163,0.0,0.6263375282287598,0.8375691175460815,0.08355600386857986,0.8531791567802429,0.0,0.005098528228700161,0.0,0.14517730474472046,0.11345554888248444,0.35735589265823364,0.41004273295402527,0.017951808869838715,0.4149962067604065,0.0,0.2686629593372345,0.130192369222641,0.0,0.18407520651817322,0.21693861484527588,0.0,0.030503006651997566,0.0,0.0,0.0,0.3089182674884796,0.09468192607164383,0.8112993836402893,0.06423810869455338,0.660709023475647,0.0,0.16004453599452972,0.7492578625679016,0.02014286071062088,0.2657601535320282,0.15425918996334076,0.008628126233816147,0.450038880109787,0.0,0.08392107486724854,0.009006824344396591,0.010009022429585457,0.37922725081443787,0.0,0.9689457416534424,0.0,0.19078359007835388,0.031096912920475006,0.5816236138343811,0.2913716733455658,0.0,0.2872742712497711,0.4096640348434448,0.000534276245161891,0.06373715400695801,0.03350190818309784,0.22414951026439667,0.0,0.0037578227929770947,0.46673503518104553,0.0,0.1335553526878357,0.0012172744609415531,0.0,0.0,0.001637602224946022,0.0,0.39577367901802063,0.0,0.0,0.010643932037055492,0.8033007979393005,0.05023755878210068,0.11682415008544922,0.07403180748224258,0.15521584451198578,0.1676187366247177,0.0,0.005599560681730509,0.44365233182907104,0.7378082275390625,0.062127694487571716,0.42191416025161743,0.0,0.3330998122692108,0.0,0.050800010561943054,0.18271750211715698,0.0,0.006719647441059351,1.1073222160339355,1.131972074508667,0.34856855869293213,0.41318970918655396,0.0,0.0008072243072092533,0.017099343240261078,0.08046528697013855,0.1227426677942276,0.00992963183671236,0.34929031133651733,0.7878665924072266,0.017408089712262154,0.06601831316947937,0.15288716554641724,0.14865346252918243,0.10913688689470291,0.0,0.15932859480381012,0.007293399889022112,0.02009325660765171,0.21021786332130432,0.3991798758506775,0.024552475661039352,0.040675971657037735,0.1272159367799759,-0.5335478782653809
156,0.06082551181316376,0.1308518648147583,0.0278447438031435,0.0,0.0,0.0,0.4306882619857788,0.09225840121507645,0.0,0.009537520818412304,0.0771225094795227,0.006499812938272953,0.0,0.2563668191432953,0.0,0.08856651186943054,0.01899569481611252,0.005777932237833738,0.0,0.0,0.0,0.05432683974504471,0.0,0.4092021882534027,0.027059273794293404,0.0,0.0,0.47542867064476013,0.0026083060074597597,0.04668053984642029,0.0939190536737442,0.28113824129104614,0.0,0.27138417959213257,0.06875140964984894,0.03562169149518013,0.005385398864746094,0.17791712284088135,0.07117041945457458,0.09201987832784653,0.029485762119293213,0.09342250972986221,0.07525946199893951,0.05234663188457489,0.20897869765758514,0.08774768561124802,0.14736419916152954,0.030157502740621567,0.0,0.06699616461992264,0.10360207408666611,0.0,0.2339373528957367,0.0029582870192825794,0.03664713352918625,0.0,0.1901702880859375,0.5895224809646606,0.1447526514530182,0.03223007917404175,0.0,0.08724629878997803,0.0749724879860878,0.0,0.0,0.0019473874708637595,0.0,0.051872823387384415,0.11539485305547714,0.09773007780313492,0.015226508490741253,0.0,0.11235757917165756,0.12036027759313583,0.025422686710953712,0.04555847495794296,0.046272944658994675,0.09239701926708221,0.0,0.062182433903217316,0.031256455928087234,0.03887183219194412,0.0,0.14302249252796173,0.1256788671016693,0.0,0.04145298898220062,0.23229879140853882,0.4087119698524475,0.3445962369441986,0.03508120775222778,0.0,0.032315392047166824,0.08955342322587967,0.0025178424548357725,0.031725797802209854,0.4543115198612213,0.0,0.002052810275927186,0.001868265331722796,0.0039892904460430145,0.3038921058177948,0.0,0.42912396788597107,0.2709784507751465,0.14546893537044525,0.030701259151101112,0.0630008652806282,0.006613817065954208,0.0,0.0,0.039203714579343796,0.04068760946393013,0.23148177564144135,0.05917742848396301,0.0,0.0351959653198719,0.054920148104429245,0.07017724215984344,0.013459201902151108,0.0,0.06282036751508713,0.0013856816804036498,7.076832844177261e-05,0.0,0.30921047925949097,0.0,0.0,0.005227559246122837,0.026872044429183006,0.0,0.19608493149280548,0.0163350198417902,0.009538648650050163,0.0028195702470839024,0.06001489982008934,0.0,0.0,0.01754022017121315,6.956539436941966e-05,0.0,0.004476848058402538,0.0136537691578269,0.0,0.1728779822587967,2.50651082751574e-05,0.02867925725877285,0.0025897969026118517,0.03313300386071205,6.947598740225658e-05,0.040674787014722824,0.1552494764328003,0.07808460295200348,0.0,0.0,0.3040332496166229,0.03575501590967178,0.0,0.027436653152108192,0.028215846046805382,0.25390222668647766,0.09967430680990219,0.01412387378513813,0.0,0.014764287509024143,0.08839516341686249,0.0,0.07135935127735138,0.0,0.0,0.0,0.0,0.0063782925717532635,0.022452494129538536,0.13348641991615295,0.21371805667877197,0.021919284015893936,0.058620236814022064,0.005385638680309057,0.014757472090423107,0.00039129095966927707,0.004145471379160881,0.21196413040161133,0.0,0.0034512660931795835,0.11813545227050781,0.19384726881980896,0.0,0.038752175867557526,0.0,0.0,0.027115903794765472,0.0829756036400795,0.003553964663296938,0.17254602909088135,0.21017660200595856,0.022508079186081886,0.23875783383846283,0.040648575872182846,0.03331770375370979,0.11624476313591003,0.0,0.024599140509963036,0.04928724095225334,0.0,0.0,0.0,0.025443432852625847,0.01134742796421051,0.07346375286579132,0.03909764066338539,0.2746853828430176,0.0160532109439373,0.1590433120727539,0.002651978749781847,0.03716990351676941,0.3014051020145416,0.0,0.011116962879896164,0.2576583921909332,0.0,0.046479325741529465,0.0,0.0007771335076540709,0.009897897019982338,0.0019283152651041746,0.12332411855459213,0.005470143165439367,0.26795023679733276,0.03536948561668396,0.0039205532521009445,0.0,0.36142659187316895,0.060759980231523514,0.05136416479945183,0.07662983238697052,0.030665216967463493,0.0,0.030888423323631287,0.06866513937711716,0.0505264475941658,0.0,0.0,0.33362284302711487,0.0,0.06179492175579071,0.05002208426594734,0.0,0.0,0.0,0.0,0.2602007985115051,0.0,0.0,0.018851077184081078,0.10929762572050095,0.0,0.04688243567943573,0.05777110531926155,0.013247519731521606,0.13041895627975464,0.0,0.0,0.09419292956590652,0.12953051924705505,0.2679122984409332,0.05230896919965744,0.010518847964704037,0.08353870362043381,0.00923728384077549,0.006383512634783983,0.05621667578816414,0.0002845065318979323,0.0,0.3794073164463043,0.31433725357055664,0.1703210175037384,0.020697694271802902,0.0,0.0,0.0,0.0005331588326953351,0.019801760092377663,0.07746429741382599,0.03451462835073471,0.3375169634819031,0.00017051737813744694,0.05469174310564995,0.2561626434326172,0.08890366554260254,0.017309509217739105,0.0,0.0,0.0,0.2828369140625,0.0,0.41652727127075195,0.09194625914096832,0.039144907146692276,0.020381590351462364,0.04734303802251816,0.14053699374198914,0.06686712056398392,0.0,0.0,0.0,0.3773150146007538,0.08703867346048355,0.0,0.006837430410087109,0.12610624730587006,0.031102430075407028,0.0,0.2633059620857239,0.0,0.06909137964248657,0.005536296404898167,0.0,0.0,0.0,0.0,0.10371536761522293,0.0,0.46107080578804016,0.031925708055496216,0.0011268176604062319,0.0,0.5499475002288818,0.013974805362522602,0.027569115161895752,0.10523058474063873,0.2735280990600586,0.0,0.33667123317718506,0.03935416787862778,0.059441253542900085,0.005434919614344835,0.1749073714017868,0.016674524173140526,0.10154732316732407,0.03450597822666168,0.19220513105392456,0.07092946767807007,0.07805970311164856,0.23226645588874817,0.07256198674440384,0.14784397184848785,0.034064773470163345,0.0,0.10134097188711166,0.17467312514781952,0.0,0.2193375527858734,0.0,0.04567866027355194,0.027055129408836365,0.13351887464523315,0.614870011806488,0.12463681399822235,0.02601551078259945,0.0,0.1567479968070984,0.02616233564913273,0.0,0.0,0.0,0.0,0.05491650104522705,0.07411175966262817,0.025056222453713417,0.04942810535430908,0.0,0.12076102942228317,0.17873133718967438,0.0,0.1485358029603958,0.03659505397081375,0.08324280381202698,0.0,0.09064493328332901,0.04290638864040375,0.005890166386961937,0.0,0.21242789924144745,0.08482726663351059,0.004585076589137316,0.05599775165319443,0.166094109416008,0.4238869547843933,0.25266438722610474,0.039460159838199615,0.0018749128794297576,0.024998925626277924,0.12893016636371613,0.01513449102640152,0.058928996324539185,0.3741070330142975,0.0,0.0,0.047090135514736176,0.012967020273208618,0.10995950549840927,0.0,0.4359759986400604,0.3692011833190918,0.09271249175071716,0.05941716954112053,0.030388638377189636,0.007422605995088816,0.0,0.014757000841200352,0.06506732106208801,0.052835218608379364,0.22867143154144287,0.08892602473497391,0.0,0.007772636134177446,0.04092711582779884,0.07832656055688858,0.01300513930618763,0.027106698602437973,0.11654351651668549,0.043657414615154266,0.00985889881849289,0.003384679090231657,0.30834975838661194,0.0,0.006481914781033993,0.0009326515137217939,0.0,0.0,0.08152469247579575,0.010069857351481915,0.0030089018400758505,0.027274219319224358,0.07850787788629532,0.0,0.0,0.03409323841333389,0.0243197251111269,0.0,0.009267086163163185,0.01032024435698986,0.0,0.17370107769966125,0.0,0.018053757026791573,0.010276982560753822,0.05135377123951912,0.0,0.0664733424782753,0.08494577556848526,0.06763575971126556,0.0,0.0,0.27821001410484314,0.08850797265768051,0.0,0.00982236210256815,0.0378476083278656,0.21284827589988708,0.1276027262210846,0.014001627452671528,0.0,0.10902626067399979,0.06424994021654129,0.005476607941091061,0.11409936845302582,0.0,0.0,0.010881194844841957,0.001247977721504867,0.009159876964986324,0.04399195313453674,0.09230341017246246,0.18930228054523468,0.0,0.08494298905134201,0.022023219615221024,0.012055936269462109,0.0,0.006054259371012449,0.2933667302131653,0.0,0.0,0.14909997582435608,0.1322445422410965,0.0,0.05354779213666916,0.0,0.0,0.021363316103816032,0.06539938598871231,0.0011537624523043633,0.11682767421007156,0.1502152681350708,0.023070061579346657,0.24135780334472656,0.040453072637319565,0.0019733039662241936,0.1382036656141281,0.0,0.03128939867019653,0.029915055260062218,0.0,0.0,0.0,0.06910321116447449,0.0022983234375715256,0.018085794523358345,0.04054157808423042,0.2273787260055542,0.016954731196165085,0.14691027998924255,0.04890106990933418,0.0574750155210495,0.334446519613266,0.0,0.05369727313518524,0.32711300253868103,0.0,0.03989841789007187,0.006080301944166422,0.006294466555118561,0.012736164964735508,0.009901043027639389,0.13115203380584717,0.0022059022448956966,0.2139045149087906,0.008740459568798542,0.0012805002043023705,0.02142937481403351,0.3798803985118866,0.11443927139043808,0.19401824474334717,0.1474367082118988,0.0,0.0,0.042946577072143555,0.061169907450675964,0.019950248301029205,0.0,0.0,0.3815520703792572,0.0,0.03233662247657776,0.02590358629822731,0.0,0.0,0.0,0.0,0.21210387349128723,0.0,0.0,0.0002487360907252878,0.1518525779247284,0.0,0.07238707691431046,0.02334645204246044,0.04039961099624634,0.19570136070251465,0.0,0.0,0.11363842338323593,0.13719385862350464,0.2347230315208435,0.07245313376188278,0.0017183389281854033,0.08726336061954498,0.005661658011376858,0.02445615455508232,0.06490497291088104,0.06064123660326004,0.0,0.5199272632598877,0.30023446679115295,0.2032063752412796,0.009930961765348911,0.0,0.006418130826205015,0.0,0.017301933839917183,0.026750802993774414,0.07729224115610123,0.023375609889626503,0.3493107855319977,0.0,0.04896840453147888,0.3014233410358429,0.22445352375507355,0.034241922199726105,0.0,0.0,0.0,0.327629953622818,0.0,0.443866103887558,0.08081825822591782,0.0539696030318737,0.018516847863793373,0.11228284239768982,0.10860616713762283,0.013804505579173565,0.0,0.0,0.0,0.4799164831638336,0.09520749002695084,0.0,0.03509967774152756,0.043466925621032715,0.018337571993470192,0.0003561782941687852,0.3140292763710022,0.0,0.04123823344707489,0.06820059567689896,0.0,0.0,0.0,0.0,0.07978430390357971,0.0005248659872449934,0.28159618377685547,0.021722018718719482,0.0,0.0,0.5555239915847778,0.002218484180048108,0.03174888342618942,0.07427042722702026,0.3794073462486267,0.0,0.2981777489185333,0.0853370949625969,0.07863399386405945,0.00107726885471493,0.11697092652320862,0.0343049131333828,0.11664000153541565,0.06304623186588287,0.198268324136734,0.07314296811819077,0.09628070145845413,0.21237926185131073,0.12579184770584106,0.2222197949886322,0.02132384479045868,0.0,0.04487781971693039,0.11889541894197464,0.0,0.2808596193790436,0.011476944200694561,0.014488720335066319,0.008026765659451485,0.25484955310821533,0.7556014657020569,0.21589602530002594,0.09046760201454163,0.0,0.13432879745960236,0.1744374781847,0.0,0.0006261446978896856,0.03983988240361214,0.0,0.049235258251428604,0.22847825288772583,0.1908508539199829,0.015893766656517982,0.0,0.07259000837802887,0.1477486491203308,0.050631389021873474,0.11148107051849365,0.02586093358695507,0.05494622513651848,0.0,0.06628984212875366,0.02550567127764225,0.006606409326195717,0.0,0.18063971400260925,0.05793677642941475,0.002611954230815172,0.047288019210100174,0.3589249551296234,0.3432420790195465,0.2978558838367462,0.01576918736100197,0.0007248102338053286,0.021085945889353752,0.06724777817726135,0.02467053383588791,0.06341230124235153,0.5820294618606567,0.0,0.021744951605796814,0.031559187918901443,0.009453145787119865,0.3581334948539734,0.0,0.23054073750972748,0.3231221139431,0.19708922505378723,0.05845383182168007,0.02807265892624855,0.008702856488525867,0.0,0.00954829528927803,0.031625792384147644,0.02392588183283806,0.27169254422187805,0.07760059088468552,0.0,0.04842546954751015,0.026525825262069702,0.056511055678129196,0.005400349386036396,0.006472630426287651,0.07117808610200882,0.019807951524853706,0.002180672250688076,0.004854932427406311,0.20029345154762268,0.0,0.011263450607657433,0.0,0.025276146829128265,0.0,0.17538659274578094,0.01624268665909767,0.0004663064901251346,0.023609044030308723,0.11842288821935654,0.0,0.0,0.042795661836862564,0.026673614978790283,0.0,0.003879838390275836,0.0016534470487385988,0.0,0.10189349204301834,0.0,0.037764184176921844,0.0,0.00829568225890398,0.0,0.03539293631911278,0.07368766516447067,0.06148418411612511,0.0,0.0,0.25803494453430176,0.049611352384090424,0.0,0.034505974501371384,0.03661203384399414,0.18242762982845306,0.20851100981235504,0.007828800939023495,0.0004749079525936395,0.12168814241886139,0.14136339724063873,0.0,0.07393480092287064,0.0,0.0,0.006709763314574957,0.006348830182105303,0.005272973794490099,0.0320732444524765,0.240708127617836,0.11904513835906982,0.007602315861731768,0.06318642199039459,0.009511682204902172,0.009853256866335869,0.0,0.008323710411787033,0.178227037191391,0.0,0.00015527648793067783,0.23038078844547272,0.303628534078598,0.0,0.06912638992071152,0.0,0.0008469057502225041,0.0148297268897295,0.12525194883346558,0.0057728709653019905,0.22771252691745758,0.10486626625061035,0.019146699458360672,0.1071627289056778,0.014351197518408298,0.02780475839972496,0.060269664973020554,0.0,0.08214965462684631,0.05645664781332016,0.0018840376287698746,0.006202032323926687,0.0,0.04113256186246872,0.0008182630408555269,0.07727713882923126,0.09989163279533386,0.36183345317840576,0.0058772326447069645,0.15546949207782745,0.018704120069742203,0.012318973429501057,0.3371535539627075,0.007299714256078005,0.0220198892056942,0.21049027144908905,0.0,0.054497282952070236,0.0003119054308626801,0.0013798180734738708,0.01576009765267372,0.010102247819304466,0.08241664618253708,0.0,0.41035526990890503,0.0028825297486037016,0.005499167833477259,0.027659766376018524,0.29111820459365845,0.09272375702857971,0.13005253672599792,0.13005919754505157,0.040635235607624054,0.0,0.032697100192308426,0.0644390657544136,0.056333277374506,0.0,0.0017766765085980296,0.24219980835914612,0.0,0.06900440156459808,0.008526231162250042,0.0,0.0,0.0,0.0,0.36407068371772766,0.0,0.0,0.011365765705704689,0.08148502558469772,0.0,0.047597698867321014,0.09049877524375916,0.027757083997130394,0.10934246331453323,0.0,0.0,0.07786693423986435,0.1932193487882614,0.22075483202934265,0.038223959505558014,0.0,0.09800184518098831,0.0015881139552220702,0.010312318801879883,0.046965163201093674,0.026207413524389267,0.0,0.40738850831985474,0.426045298576355,0.1680499017238617,0.04154167324304581,0.0,0.007483168970793486,0.0028162223752588034,0.03123989887535572,0.007958846166729927,0.04809269681572914,0.09600430727005005,0.38620495796203613,0.0027456788811832666,0.04332125931978226,0.21595628559589386,0.16999469697475433,0.01586192660033703,0.0,0.028602901846170425,0.0015308494912460446,0.2050759494304657,0.016141975298523903,0.37387970089912415,0.10926215350627899,0.026497477665543556,0.004916829988360405,-0.3190871477127075
157,0.47120118141174316,0.07365681231021881,0.08961840718984604,0.0,0.0,0.0,0.831439733505249,0.008989649824798107,0.0,0.3964564800262451,0.0,0.0,0.0,0.4491686224937439,0.0,0.035337917506694794,0.04135981202125549,0.0,0.0,0.030930783599615097,0.0,0.010850334540009499,0.00281246704980731,0.048748284578323364,0.3225034177303314,0.0,0.0,0.5782067775726318,0.030639294534921646,0.012696266174316406,0.04378615692257881,0.5698590874671936,0.0,0.04029327630996704,0.11112887412309647,0.019081149250268936,0.0,0.22143319249153137,0.15412075817584991,0.06412317603826523,0.8953627347946167,0.22429847717285156,0.07351426035165787,0.0558491088449955,0.12124142050743103,0.11431688070297241,0.9510701298713684,0.0073657771572470665,0.0,0.14447513222694397,0.20022685825824738,0.0,0.5380289554595947,0.0,0.05348934605717659,0.0,0.3303150236606598,1.5779811143875122,0.42006242275238037,0.3389747738838196,0.0,0.0354682132601738,0.687696099281311,0.0,0.0,0.012775138020515442,0.0,0.03599477559328079,0.6962698698043823,0.3429916501045227,0.1331912726163864,0.0,0.5181646347045898,0.7858050465583801,0.0997137650847435,0.015420721843838692,0.2720581591129303,0.005516425706446171,0.0,0.08015940338373184,0.029736122116446495,0.0070083229802548885,0.02618277631700039,0.2742452025413513,0.0,0.015338887460529804,0.0,0.855745255947113,0.46281611919403076,0.3507367670536041,0.23611758649349213,0.0,0.03639582544565201,0.05847577750682831,0.011816181242465973,0.45876699686050415,0.9551774859428406,0.0,0.017864685505628586,0.00942707248032093,0.05246752128005028,0.5647271871566772,0.0,0.0,0.29727745056152344,0.29384541511535645,0.0754421129822731,0.1383531391620636,0.2500268518924713,0.0,0.0,0.09312436729669571,0.12506461143493652,0.4154202938079834,0.8557095527648926,0.0,0.15065021812915802,0.09240666776895523,0.1043626070022583,0.06516764312982559,0.0049246856942772865,0.5821627974510193,0.1594606190919876,0.00954743567854166,0.0,0.0019887578673660755,0.0,0.14643283188343048,0.0,0.0,0.011659961193799973,0.05352454632520676,0.25589683651924133,0.07275116443634033,0.1661113053560257,0.9795106053352356,0.0,0.0,0.4439154267311096,0.019385740160942078,0.0,0.0,0.0,0.0,0.035615019500255585,0.0,0.6650882959365845,0.0,0.0,0.0,0.0,0.07029123604297638,0.03461203724145889,0.0,0.0,0.8074477910995483,0.05531316623091698,0.0,0.004171664826571941,0.11453033983707428,0.22237679362297058,0.21927522122859955,0.20362801849842072,0.0,0.17180611193180084,0.2816776633262634,0.0,0.07285532355308533,0.0,0.0,0.027748726308345795,0.04435982555150986,0.031317878514528275,0.0400439016520977,1.3046811819076538,0.06390640884637833,0.0032191453501582146,0.22113937139511108,0.0,0.0,0.0,0.0,0.000924614374525845,0.03437243402004242,0.0,0.6312083601951599,0.9205843806266785,0.03839324414730072,0.16492651402950287,0.0,0.0,0.020845243707299232,0.30038172006607056,0.0010525385150685906,0.4309075176715851,0.09667374193668365,0.04156895726919174,0.040495652705430984,0.003465913934633136,0.05730389058589935,0.11298055201768875,0.0,0.04232950881123543,0.4458417296409607,0.0,0.0004476701724343002,0.0,0.2847159504890442,0.012307008728384972,0.024130472913384438,0.30788326263427734,0.8429533839225769,0.034904416650533676,0.11292809993028641,0.0,0.04054613038897514,0.6424926519393921,0.0,0.09689566493034363,0.11684473603963852,0.0,0.5013769865036011,0.06535843014717102,0.09035176038742065,0.06923404335975647,0.0,0.7744443416595459,0.0,0.8765925765037537,0.0,0.2490541636943817,0.3002563416957855,0.36030951142311096,0.11810871213674545,0.12204162776470184,0.1400010734796524,0.01887228526175022,0.0,0.012851299718022346,0.034340161830186844,0.12124844640493393,0.0,0.00038849361590109766,0.00527151208370924,0.0,0.0,0.0,0.0,0.0,0.0,0.0,0.572746992111206,0.0,0.0,0.020577093586325645,0.3704500198364258,0.017336905002593994,0.07829698920249939,0.18085885047912598,0.1754123717546463,0.08140101283788681,0.0,0.017251519486308098,0.2519451081752777,0.21423423290252686,0.32654333114624023,0.03583073616027832,0.0,0.11825892329216003,0.0,0.0873618796467781,0.505525529384613,0.01123120915144682,0.0,0.2748259902000427,0.8034087419509888,0.35167384147644043,0.13681234419345856,0.0,0.0,0.0017627410124987364,0.09196058660745621,0.0,0.13757538795471191,0.31278204917907715,0.6665862798690796,0.0,0.1625789999961853,0.04116997495293617,0.20434951782226562,0.10882603377103806,0.0,0.028392797335982323,0.38127994537353516,0.0210882481187582,0.00020723071065731347,0.4534177780151367,0.4482746720314026,0.014791440218687057,0.013002105988562107,0.047326672822237015,0.02483653835952282,0.152633398771286,0.0,0.0,0.0,0.19530390202999115,0.09981242567300797,0.005448769312351942,0.14594855904579163,0.28665807843208313,0.005430081393569708,0.0,0.2163628786802292,0.30270496010780334,0.0,0.0,0.2323768138885498,0.16503091156482697,0.002950377529487014,0.12526004016399384,0.06253933161497116,0.0,0.7223798036575317,0.2397715151309967,0.0015290003502741456,0.0,0.5729753375053406,0.05643611028790474,0.027906695380806923,0.0029408857226371765,0.3006060719490051,0.017926735803484917,0.12677399814128876,0.06636738777160645,0.012686572037637234,0.006395199801772833,0.21177425980567932,0.3399374485015869,0.08745767921209335,0.3078647255897522,0.043946512043476105,0.1550251692533493,0.0,0.24453520774841309,0.021531054750084877,0.2594996988773346,0.02339705266058445,0.0,0.3089161813259125,0.0,0.0,0.6995702981948853,0.0,0.005863581784069538,0.1627286821603775,0.09400811046361923,0.6879208087921143,0.06938095390796661,0.01794620417058468,0.0,0.07751675695180893,0.08547794073820114,0.03360338881611824,0.0,0.0,0.0,0.7257424592971802,0.1655047982931137,0.06047024950385094,0.0029362402856349945,0.0,0.16402532160282135,0.6157307028770447,0.0016857130685821176,0.11287879943847656,0.5234199166297913,0.05427442118525505,0.0,0.0,0.2656552493572235,0.0,0.03149526193737984,0.24071131646633148,0.6688908934593201,0.0,0.0004073187883477658,0.15094886720180511,0.6985570788383484,0.07344676554203033,0.14144355058670044,0.56916743516922,0.03109724260866642,0.2989841401576996,0.0,0.23608461022377014,0.23035183548927307,0.0,0.0,0.009091268293559551,0.36345019936561584,0.10548599809408188,0.0,0.6963908076286316,0.02782072126865387,0.04668102413415909,0.023132437840104103,0.42056211829185486,0.020051700994372368,0.0,0.28887730836868286,0.06597717851400375,0.07351567596197128,0.26484236121177673,0.2754072844982147,0.017064686864614487,0.04052145406603813,0.5577532649040222,0.005339788738638163,0.057659175246953964,0.2636955678462982,0.3516819179058075,0.09225129336118698,0.0029319466557353735,0.15376101434230804,0.030113792046904564,0.0,0.1118498370051384,0.40882784128189087,0.0,0.03443016856908798,0.030270317569375038,0.058648884296417236,0.03217191994190216,0.011756468564271927,0.1545453816652298,0.028854260221123695,0.0,0.062168192118406296,0.0,0.0,0.016216697171330452,0.0,0.0,0.11878400295972824,0.0,0.156867116689682,0.02999013103544712,0.024027366191148758,0.0,0.0,0.07722790539264679,0.002513858489692211,0.0,0.003649842692539096,0.46909379959106445,0.2280854433774948,0.004708565771579742,0.0,0.002145188394933939,0.1874149739742279,0.0207960307598114,0.13626399636268616,0.0,0.0,0.04142006114125252,0.010904956609010696,0.0,0.1993127316236496,0.0,0.11175232380628586,0.02569732628762722,0.0017967865569517016,0.0,0.3602597415447235,0.36195647716522217,0.0169257503002882,0.0,0.0847070962190628,0.0,0.00779850734397769,0.04371193051338196,0.16398079693317413,0.00045574011164717376,0.013107686303555965,0.08144646137952805,0.09534542262554169,0.0,0.050725292414426804,0.0,0.0,0.43245846033096313,0.11577267944812775,0.0,0.007469996809959412,0.4728533923625946,0.0,0.3876672387123108,0.6143349409103394,0.02244325540959835,0.3522230088710785,0.0,0.010573898442089558,0.046909112483263016,0.0,0.0,0.0,0.8950002789497375,0.43643316626548767,0.09493099898099899,0.08735974133014679,0.20038370788097382,0.0032947238069027662,0.030296236276626587,0.2920643389225006,0.0428040511906147,0.1416618376970291,0.0,0.0,0.20634305477142334,0.0,0.13592250645160675,0.5472972989082336,0.0297552403062582,0.10357619822025299,0.0042847562581300735,0.6085211634635925,0.4199145436286926,0.1444806158542633,0.2862287759780884,0.15208859741687775,0.15782049298286438,0.46563220024108887,0.08666675537824631,0.0931292176246643,0.03181371092796326,0.0,0.0,0.0,0.0,0.06737080961465836,0.0,0.04438963904976845,0.2009940892457962,0.3489714562892914,0.29473191499710083,0.0250861793756485,0.0,0.0,0.0,0.0,0.49115023016929626,0.0,0.0,0.039461132138967514,0.14373424649238586,0.0,0.0,0.00914212316274643,0.09822940826416016,0.0,0.008874873630702496,0.2574402987957001,0.03421575948596001,0.03901660442352295,0.7017879486083984,0.004055739846080542,0.18302574753761292,0.0,0.0,0.00020431206212379038,0.06908184289932251,0.10687526315450668,0.0,0.5978986620903015,0.03660645708441734,0.20826350152492523,0.0,0.23674435913562775,2.7008354663848877e-06,0.43981119990348816,0.005491127725690603,0.0,0.5788677334785461,0.026708513498306274,0.20097754895687103,0.0,0.024825280532240868,0.34915152192115784,0.0688042938709259,0.058993108570575714,0.0,0.0,0.4806489050388336,0.37263020873069763,0.0,0.10149367153644562,0.5653463006019592,0.3900281488895416,0.06177482753992081,0.4334990680217743,0.08196693658828735,0.028911728411912918,0.0,0.0,0.0,0.7534741759300232,0.03348369523882866,0.024098530411720276,0.34174588322639465,0.0020203329622745514,0.007188329007476568,0.017236893996596336,0.49814373254776,0.009984621778130531,0.0,0.07002881914377213,0.0,0.0,0.024769319221377373,0.0,0.055021870881319046,0.036395490169525146,0.059783246368169785,0.2277071475982666,0.0,0.004680183716118336,0.6773962378501892,0.07914192974567413,0.01052167359739542,0.032080139964818954,0.5633904337882996,0.0,0.07834893465042114,0.16411757469177246,0.024818165227770805,0.0,0.15441839396953583,0.15955214202404022,0.13213901221752167,0.7703778743743896,0.28787684440612793,0.10291355103254318,0.09478551149368286,0.1437453031539917,0.16901938617229462,0.8124784827232361,9.492784556641709e-06,0.0,0.09075573831796646,0.09745272248983383,0.0,0.6601552367210388,0.010998615995049477,0.016313526779413223,0.0,0.38690099120140076,1.4932348728179932,0.521899402141571,0.3027215600013733,0.0,0.09188492596149445,0.7033388018608093,0.001457601087167859,0.004779841285198927,0.07254373282194138,0.0,0.09513422846794128,0.7100093960762024,0.4667888581752777,0.04471447691321373,0.0,0.35865890979766846,0.7047451138496399,0.11170008033514023,0.04405851662158966,0.2614938020706177,0.0,0.0015267877606675029,0.081425741314888,0.050656456500291824,0.0,0.025646204128861427,0.23242807388305664,0.0,0.01347640622407198,0.0,0.8852602243423462,0.425701379776001,0.3508268892765045,0.14393369853496552,0.0010576844215393066,0.03733624890446663,0.048353467136621475,0.018798330798745155,0.36043962836265564,1.046762466430664,0.0,0.05254324898123741,0.03286535665392876,0.08369117975234985,0.7974399924278259,0.0,0.005078582558780909,0.2597435414791107,0.28526774048805237,0.08878841251134872,0.13010673224925995,0.21424102783203125,0.0,0.017176805064082146,0.0607672818005085,0.09903621673583984,0.46558523178100586,0.6000358462333679,0.0,0.22032630443572998,0.10258088260889053,0.03032594919204712,0.039330240339040756,0.09355755895376205,0.44164687395095825,0.10918096452951431,0.008787108585238457,0.00019596666970755905,0.0,0.0038125873543322086,0.1604609340429306,0.0,0.0010310247307643294,0.013950744643807411,0.060476154088974,0.2545621395111084,0.043110042810440063,0.12776124477386475,0.7506585121154785,0.009751313365995884,0.0019328814232721925,0.35323140025138855,0.047496337443590164,0.0,0.0,0.0017711702967062593,0.001690388540737331,0.031067265197634697,0.0,0.5001256465911865,0.0,0.0,0.0,0.0,0.09956671297550201,0.045138221234083176,0.0,0.0,0.6313389539718628,0.10068704932928085,0.0,0.00010434910655021667,0.05600987747311592,0.22044788300991058,0.18710444867610931,0.13103987276554108,0.0306698027998209,0.15335319936275482,0.3171525299549103,0.0,0.04459277540445328,0.0021793886553496122,0.0,0.03162997588515282,0.061028819531202316,0.024070022627711296,0.00015323088155128062,1.2799378633499146,0.059031903743743896,0.002674936782568693,0.05411852151155472,0.0024442963767796755,0.0,0.0,0.02212502621114254,0.002704883459955454,0.03162525221705437,0.0,0.5556656718254089,0.8792037963867188,0.03417133912444115,0.1786814033985138,0.0,0.000977876828983426,0.048778802156448364,0.3677698075771332,0.0,0.3611920177936554,0.08315020799636841,0.03256520628929138,0.019716471433639526,0.028461599722504616,0.0364379845559597,0.0824756771326065,0.0,0.11286069452762604,0.3219364583492279,0.0036779462825506926,0.014142614789307117,0.0,0.2936776876449585,0.03051706962287426,0.1460839956998825,0.34566542506217957,0.8466782569885254,0.02062414586544037,0.08653747290372849,0.017541835084557533,0.026842176914215088,0.5734729170799255,0.03050297312438488,0.07477609068155289,0.07480034977197647,0.003244838211685419,0.4548036754131317,0.08618638664484024,0.09979725629091263,0.08219250291585922,0.006941747851669788,0.5715091824531555,0.005592152941972017,0.8470945358276367,0.0,0.23739032447338104,0.22595050930976868,0.2161247730255127,0.057748325169086456,0.10063821077346802,0.11233337223529816,0.01576082408428192,0.0,0.012031301856040955,0.023947754874825478,0.13654105365276337,0.0,0.009837763383984566,0.02408808469772339,0.008028288371860981,0.08685591071844101,0.0,0.0,0.0,0.0015384495491161942,0.0,0.7004583477973938,0.0,0.0,0.03799758851528168,0.21779517829418182,0.004190419334918261,0.06418336927890778,0.12403701990842819,0.11908280849456787,0.013311623595654964,0.0,0.04039802774786949,0.1057484969496727,0.21759159862995148,0.5045032501220703,0.06806093454360962,0.0,0.10043864697217941,0.0,0.04844420775771141,0.2917679250240326,0.025281695649027824,0.010909593664109707,0.26115572452545166,0.7268261313438416,0.2547008693218231,0.08647995442152023,0.005324726924300194,0.0,0.025118647143244743,0.1211860403418541,0.0,0.12679080665111542,0.3587425947189331,0.6028189659118652,0.008725670166313648,0.06616844236850739,0.0537467859685421,0.1813071370124817,0.06272923201322556,0.0,0.03307971730828285,0.34135302901268005,0.07580652832984924,0.030287129804491997,0.31552237272262573,0.4657766819000244,0.0397612601518631,0.00913345068693161,-0.6064429879188538
158,0.13936327397823334,0.1309492290019989,0.032940126955509186,0.0,0.0,0.0,0.5419316291809082,0.044997427612543106,0.0,0.014592571184039116,0.032134875655174255,0.004197488538920879,0.0,0.32512497901916504,0.0,0.11213452368974686,0.053034573793411255,0.0,0.0,0.0,0.0,0.05965689942240715,0.0004904571687802672,0.2439228892326355,0.02040197141468525,0.0,0.0,0.5132509469985962,0.005691395606845617,0.08456170558929443,0.11467558145523071,0.3044714629650116,0.0,0.27589040994644165,0.08881299197673798,0.054374177008867264,0.0076985848136246204,0.2167614847421646,0.000980227836407721,0.0712294951081276,0.053150564432144165,0.16897551715373993,0.06976804882287979,0.0922950878739357,0.17511239647865295,0.19375599920749664,0.30268171429634094,0.035089362412691116,0.0,0.050484199076890945,0.17154592275619507,0.0,0.14898502826690674,0.011591779068112373,0.04159216210246086,0.0,0.2930511236190796,0.7720446586608887,0.230872243642807,0.07228634506464005,0.0,0.07470846176147461,0.1432105153799057,0.0,0.0,0.006553442683070898,0.0,0.0,0.22973498702049255,0.15209649503231049,0.047578904777765274,0.0,0.18698573112487793,0.16158148646354675,0.07895325124263763,0.04326494410634041,0.005984650459140539,0.06569289416074753,0.0,0.1667466014623642,0.008754666894674301,0.0586390420794487,0.0,0.14728467166423798,0.004209202714264393,0.0,0.052361879497766495,0.29221445322036743,0.32684215903282166,0.4045376479625702,0.045828063040971756,0.0,0.024281492456793785,0.08179768174886703,0.0009505481575615704,0.022092092782258987,0.5990543365478516,0.0,0.006803023628890514,0.0,0.0,0.3705189526081085,0.0,0.25928235054016113,0.42242541909217834,0.2633841633796692,0.04842107370495796,0.009328993037343025,0.010234924964606762,0.0,0.0,0.0757550448179245,0.056202612817287445,0.2691839337348938,0.07780871540307999,0.0,0.03574236109852791,0.0,0.08335167169570923,0.021126212552189827,0.0,0.06268658488988876,0.0,0.007107339333742857,0.0,0.29787173867225647,0.0,0.027969038113951683,0.0,0.031887397170066833,0.0,0.15716135501861572,0.032787639647722244,0.0028404805343598127,0.04282999038696289,0.1535758227109909,0.0,0.0,0.03209878131747246,0.0052841342985630035,0.0,0.0,0.01356243621557951,0.0,0.17132370173931122,0.0,0.04769638180732727,0.0,0.0,0.0,0.05085763335227966,0.15812772512435913,0.10888223350048065,0.0,0.0,0.3315962553024292,0.029835056513547897,0.0,0.03244197368621826,0.037380628287792206,0.314084529876709,0.23315203189849854,0.01127532683312893,0.0,0.13442353904247284,0.12560470402240753,0.0,0.18775396049022675,0.0,0.0,0.0029395318124443293,0.006274789106100798,0.015685349702835083,0.030371537432074547,0.25749948620796204,0.1409214735031128,0.02762984298169613,0.15047869086265564,0.0,0.021012669429183006,0.00032067569554783404,0.0,0.22331182658672333,0.0009397715330123901,0.0,0.20021231472492218,0.33857202529907227,0.0,0.0858248695731163,0.0,0.0,0.0,0.136429563164711,0.0028156705666333437,0.2817785441875458,0.11333531141281128,0.026592008769512177,0.21257689595222473,0.0,0.04629065841436386,0.13894441723823547,0.0,0.03996657952666283,0.09383060783147812,0.0,0.0,0.0,0.0,0.0,0.08951332420110703,0.0598008818924427,0.3814164996147156,0.051579877734184265,0.269925594329834,0.0,0.06194847449660301,0.4124361574649811,0.0,0.031630609184503555,0.2662738561630249,0.0,0.0719030499458313,0.0,0.0002740018826443702,0.019981587305665016,0.0,0.057966023683547974,0.0,0.3916202187538147,0.0,0.01986951008439064,0.0,0.34570854902267456,0.08772935718297958,0.07740967720746994,0.1548805832862854,0.04965906962752342,0.0,0.03874381631612778,0.09073533117771149,0.04935232177376747,0.0,0.0,0.3514971137046814,0.0,0.019741440191864967,0.05801594257354736,0.0,0.0,0.0,0.0,0.2989087700843811,0.0,0.0,0.010606723837554455,0.16359204053878784,0.0,0.07818112522363663,0.06165275350213051,0.00839863158762455,0.15542232990264893,0.0,0.0,0.19000829756259918,0.21569298207759857,0.10871965438127518,0.11954641342163086,0.0,0.19036974012851715,0.0018626308301463723,0.014529015868902206,0.08962477743625641,0.0,0.0,0.3292722702026367,0.6195824146270752,0.22882860898971558,0.07417351007461548,0.0,0.0,0.0,0.004225010517984629,0.012830684892833233,0.010045546106994152,0.05343419313430786,0.4802052974700928,2.3543834686279297e-05,0.06928496807813644,0.23774221539497375,0.16877882182598114,0.029411837458610535,0.0,0.006448511499911547,0.0,0.22850167751312256,0.0,0.557099461555481,0.046184953302145004,0.00124164333101362,0.025760721415281296,0.0061040217988193035,0.06880408525466919,0.03536578640341759,0.0,0.0,0.0,0.38780492544174194,0.1197165697813034,0.0,0.037508003413677216,0.0989476814866066,0.038345493376255035,0.0,0.3549444079399109,0.0,0.010442896746098995,0.03110593929886818,0.0,0.017921235412359238,0.0,0.0,0.12734220921993256,0.0,0.26567530632019043,0.060257814824581146,0.004238154739141464,0.0,0.43624138832092285,0.0,0.05555219575762749,0.0,0.25408488512039185,0.0,0.3310168981552124,0.014484088867902756,0.04183720052242279,0.11549732089042664,0.08893012255430222,0.0008634947007521987,0.2331138700246811,0.012251738458871841,0.1367436945438385,0.10559754818677902,0.05391998589038849,0.21893440186977386,0.0023542249109596014,0.28774502873420715,0.0,0.0,0.0390886627137661,0.0347495898604393,0.0,0.2516728341579437,0.0,0.0,0.03227931261062622,0.027715671807527542,0.6574223637580872,0.09216894954442978,0.022818010300397873,0.0,0.30619174242019653,0.1149662509560585,0.0,0.0,0.0006019067368470132,0.0,0.13910387456417084,0.0604010745882988,0.13013148307800293,0.0,0.0,0.19044454395771027,0.2438884675502777,0.011499328538775444,0.09304179251194,0.015279917046427727,0.02995450235903263,0.0,0.2654597759246826,0.061622001230716705,0.0,0.0,0.24329522252082825,0.03231249377131462,0.067192941904068,0.0047441525384783745,0.1709526926279068,0.43928128480911255,0.21904276311397552,0.036556318402290344,0.01682674139738083,0.06547475606203079,0.02170504629611969,0.00616228673607111,0.0,0.3912597596645355,0.0,0.0,0.0,0.0,0.155173659324646,0.0,0.19655488431453705,0.29826802015304565,0.03490891680121422,0.020281072705984116,0.06284711509943008,0.0,0.0,0.02441662922501564,0.10121722519397736,0.025487303733825684,0.1208670511841774,0.0,0.0,0.054783064872026443,0.016851600259542465,0.005510414019227028,0.0,0.0019397186115384102,0.02654799446463585,0.0,0.014069408178329468,0.0,0.3297421932220459,0.0,0.0,0.0,0.0,0.0,0.07833869755268097,0.0,0.04074191302061081,0.0015957769937813282,0.005140172317624092,0.0,0.0,0.21260638535022736,0.025064630433917046,0.0,0.0005513011710718274,0.0,0.0,0.011334110051393509,0.0,0.002112343907356262,0.02691890113055706,0.26221030950546265,0.0,0.01916671358048916,0.000654387753456831,0.011511769145727158,0.0,0.0,0.017419010400772095,0.025748280808329582,0.010655480436980724,0.015295667573809624,0.0,0.0,0.021305276080965996,0.07994918525218964,0.0,0.1852964460849762,0.11069299280643463,0.0,0.011153636500239372,0.009267576038837433,0.0,0.0,0.0,0.018165409564971924,0.0,0.05316299945116043,0.0407886765897274,0.0,0.0024412870407104492,0.07059203088283539,0.07790489494800568,0.0,0.0,0.08876419067382812,0.0,0.017266735434532166,0.05404057726264,0.2415611296892166,0.0,0.0016466537490487099,0.0,0.0,0.041088443249464035,0.25360390543937683,0.0,0.12383871525526047,0.011304434388875961,0.1350174844264984,0.07054778933525085,0.1372537910938263,0.0,0.024835286661982536,0.0,0.03753321245312691,0.025175828486680984,0.0,0.0,0.017825089395046234,0.0,0.0,0.014215787872672081,0.08739546686410904,0.2943885326385498,0.0,0.11430039256811142,0.021238163113594055,0.10470309108495712,0.339995801448822,0.0,0.0,0.1982286423444748,0.0,0.01071952749043703,0.0,0.0,0.09740602970123291,0.0,0.011751427315175533,0.0,0.15634271502494812,0.08540341258049011,0.0,0.0,0.14748695492744446,0.09395583719015121,0.25663721561431885,0.07406147569417953,0.0,0.0,0.020387625321745872,0.01538551039993763,0.0,0.00719385826960206,0.0,0.16996608674526215,0.026659458875656128,0.0,0.07360130548477173,0.0,0.0,0.0,0.0,0.32359611988067627,0.0,0.0,0.0,0.010584025643765926,0.0,0.011825509369373322,0.03790057450532913,0.0,0.04889298975467682,0.0,0.013431636616587639,0.039945073425769806,0.0,0.34531912207603455,0.018624737858772278,0.020474392920732498,0.14828287065029144,0.0,0.0,0.0892474427819252,0.09451217949390411,0.0,0.21196463704109192,0.35531309247016907,0.2530839443206787,0.0,0.0,0.0,0.0,0.068316251039505,0.01290583610534668,0.05122509226202965,0.03257610648870468,0.22381067276000977,0.0013890471309423447,0.0,0.3367077112197876,0.2896602153778076,0.0205904059112072,0.0,0.0,0.0071034301072359085,0.2525218725204468,0.0,0.4131990075111389,0.16086408495903015,0.014720653183758259,0.0,0.0763394832611084,0.08654829859733582,0.023458441719412804,0.0,0.0,0.0,0.4740675985813141,0.10591552406549454,0.0,0.02212170697748661,0.03767026215791702,0.044855017215013504,0.0,0.36154794692993164,0.0,0.060774315148591995,0.060053229331970215,0.0,0.0,0.0,0.0,0.0937667116522789,0.0,0.2965605854988098,0.026537228375673294,0.00047980662202462554,0.0,0.5715904235839844,0.005199989769607782,0.036540254950523376,0.07788009941577911,0.34403282403945923,0.0,0.30140694975852966,0.03592933341860771,0.10689789801836014,0.0009880115976557136,0.13761670887470245,0.003812655108049512,0.17384065687656403,0.03969627991318703,0.2544468641281128,0.07355725765228271,0.12956932187080383,0.26804929971694946,0.09221401810646057,0.3250751793384552,0.024450883269309998,0.0,0.05092155188322067,0.12983651459217072,0.0,0.2723384499549866,0.0034114813897758722,0.025575166568160057,0.002992711728438735,0.14600509405136108,0.7806640267372131,0.16057540476322174,0.0942474752664566,0.0,0.20189043879508972,0.15138401091098785,0.0,0.0,0.01060996763408184,0.0,0.04844658821821213,0.19689825177192688,0.15897247195243835,0.029732605442404747,0.0,0.1202961876988411,0.20313982665538788,0.021409476175904274,0.16941089928150177,0.01695396937429905,0.06429768353700638,0.0,0.15638229250907898,0.015856558457016945,0.017878055572509766,0.0,0.22023844718933105,0.009298977442085743,0.005827273707836866,0.04312579333782196,0.29234573245048523,0.33109089732170105,0.28618109226226807,0.02438213862478733,0.0,0.029989007860422134,0.08701430261135101,0.0315544418990612,0.0375896580517292,0.5480441451072693,0.0,0.009127471596002579,0.06090926006436348,0.0,0.22434118390083313,0.0,0.20921729505062103,0.3889302611351013,0.10639756172895432,0.04356279596686363,0.017073480412364006,0.01306319609284401,0.0,0.004606279078871012,0.05736185982823372,0.0318916030228138,0.2216433882713318,0.06202752888202667,0.0,0.03005022555589676,0.0003986904921475798,0.05586883798241615,0.011144683696329594,0.020457983016967773,0.07833968102931976,0.020480943843722343,0.008953454904258251,0.002046740846708417,0.252060204744339,0.0010944058885797858,0.022685134783387184,0.0,0.0,0.0,0.09506360441446304,0.00801561214029789,0.0018016403773799539,0.034577369689941406,0.11504510045051575,0.0,0.0,0.08215086907148361,0.06384503841400146,0.0,0.0,0.002832279307767749,0.0,0.0950322300195694,0.0,0.04167136922478676,0.00022579729557037354,0.004466383717954159,0.0,0.05496341735124588,0.0636613741517067,0.06856749206781387,0.0,0.0,0.198700413107872,0.07415984570980072,0.0,0.019564377143979073,0.03196357563138008,0.15234419703483582,0.14223138988018036,0.011228753253817558,0.0,0.19500420987606049,0.12896135449409485,0.0,0.11255878955125809,0.0,0.0,0.011399256996810436,0.005225860979408026,0.013122500851750374,0.02074083685874939,0.16483157873153687,0.11481919884681702,0.002363150706514716,0.09796017408370972,0.02495027333498001,0.017305642366409302,0.0,0.0,0.17649485170841217,0.006957948207855225,0.0,0.214199498295784,0.3060244917869568,0.0,0.04699087142944336,0.0,0.0,0.004540577530860901,0.14564432203769684,0.0041133747436106205,0.2203560620546341,0.06869375705718994,0.025966351851820946,0.13887837529182434,0.001973306993022561,0.012225854210555553,0.07695155590772629,0.0,0.055496588349342346,0.039389628916978836,0.0,0.0013922887155786157,0.0,0.0,0.0,0.011994211003184319,0.1280507594347,0.3226357698440552,0.022855382412672043,0.168392613530159,0.03411661833524704,0.04526780918240547,0.3749571144580841,0.0,0.03329557552933693,0.23345732688903809,0.0,0.06053803488612175,0.0,0.0011158452834933996,0.01680086739361286,0.00562367495149374,0.07532162219285965,0.0,0.3381580114364624,0.0023936363868415356,0.013516385108232498,0.02573571354150772,0.26549339294433594,0.0979769304394722,0.2816140353679657,0.1444740891456604,0.0005260411999188364,0.000512215425260365,0.04856867343187332,0.050654951483011246,0.014462987892329693,0.0,0.0016427788650617003,0.2568608522415161,0.0,0.007140834350138903,0.010886994190514088,0.0,0.0,0.0,0.0,0.35440197587013245,0.0,0.0,0.0,0.11590287834405899,0.0,0.04855117201805115,0.06126399338245392,0.023460745811462402,0.13481473922729492,0.0,0.0,0.11128232628107071,0.11843916028738022,0.23369312286376953,0.06910435110330582,0.0,0.13960464298725128,0.0,0.011849717237055302,0.07939902693033218,0.08292648196220398,0.0,0.3914971649646759,0.4890984892845154,0.21896423399448395,0.028658324852585793,0.0,0.0032049964647740126,0.0,0.03462420776486397,0.016153257340192795,0.008609410375356674,0.09866174310445786,0.38672173023223877,0.0,0.040522053837776184,0.30086633563041687,0.3019302785396576,0.037590909749269485,0.0,0.0004794531560037285,0.0017609167844057083,0.2395215630531311,0.0,0.45219072699546814,0.10861018300056458,0.0015143026830628514,0.015253501012921333,-0.4974798560142517
159,0.0,0.05932925269007683,0.03235556557774544,0.0,0.0,0.0,0.4257378578186035,0.12299922853708267,0.0,0.008388910442590714,0.09966904670000076,0.011791544035077095,0.0,0.2796831727027893,0.0,0.07691676169633865,0.022831309586763382,0.006025059148669243,0.0,0.0,0.0,0.10844731330871582,0.0,0.41518592834472656,0.029925810173153877,0.0,0.0,0.4514228403568268,0.0,0.0478677898645401,0.020838003605604172,0.23196600377559662,0.0,0.2995498776435852,0.005732339806854725,0.06790250539779663,0.05939936637878418,0.16976574063301086,0.03864775970578194,0.2356370985507965,0.0,0.10571733862161636,0.09973226487636566,0.06740159541368484,0.2783487141132355,0.010238590650260448,0.20389001071453094,0.03689182549715042,0.0,0.09256070852279663,0.054090194404125214,0.0,0.16018980741500854,0.0,0.0074836136773228645,0.020116468891501427,0.04707938805222511,0.5082555413246155,0.056413840502500534,0.01972316950559616,0.0,0.20449398458003998,0.03317580744624138,0.0,0.0,0.0,0.0,0.054270029067993164,0.03645430505275726,0.06392461061477661,0.0,0.0,0.14137892425060272,0.12036502361297607,0.0,0.06896506249904633,0.04189208522439003,0.11077287793159485,0.0,0.13288551568984985,0.042401399463415146,0.052221380174160004,0.0,0.16440095007419586,0.09850500524044037,0.02979953959584236,0.00020233448594808578,0.1325562596321106,0.42232614755630493,0.2994224727153778,0.017817888408899307,0.0,0.05688152834773064,0.10078435391187668,0.009576226584613323,0.002518198685720563,0.3527146577835083,0.0,0.0,0.006228077225387096,0.0,0.15987277030944824,0.0,0.38986116647720337,0.2983805537223816,0.028356505557894707,0.01847221702337265,0.06707514822483063,0.0,0.0,0.0007798081496730447,0.05747596174478531,0.0345136821269989,0.15996187925338745,0.0,0.0,0.030046803876757622,0.009839728474617004,0.035423509776592255,0.016423393040895462,0.00616725068539381,0.008526597172021866,0.0,0.0,0.0,0.3741344213485718,0.0,0.0,0.0,0.0,0.0,0.0627286285161972,0.0,0.034715745598077774,0.007755976635962725,0.0,0.0,0.0,0.0739750936627388,0.014665970578789711,0.0,0.0,0.01847076416015625,0.0,0.10224633663892746,0.02101670578122139,0.0,0.01619229093194008,0.11056739091873169,0.0,0.02128177508711815,0.0774611085653305,0.06893043220043182,0.0,0.0,0.08354371786117554,0.020459916442632675,0.0,0.0030762283131480217,0.00014550425112247467,0.13770577311515808,0.011293429881334305,0.020504171028733253,0.0,0.11047389358282089,0.07048856467008591,0.0,0.03689929470419884,0.0,0.0,0.0,0.0,0.028703683987259865,0.0001472514122724533,0.005170893855392933,0.2030411809682846,0.0,0.014255431480705738,0.0656791478395462,0.04221207648515701,0.0,0.0,0.21820586919784546,0.0,0.013138450682163239,0.04387538507580757,0.18699276447296143,0.0,0.0,0.0,0.0,0.023476066067814827,0.13123877346515656,0.0,0.1273481249809265,0.14131689071655273,0.07225652039051056,0.2146875560283661,0.07822437584400177,0.0,0.07499593496322632,0.0,0.009786216542124748,0.011815031990408897,0.0,0.0,0.004138807766139507,0.0,0.0,5.1342882215976715e-05,0.035829346626996994,0.20922881364822388,0.0,0.17153719067573547,0.014624008908867836,0.06433236598968506,0.3086042106151581,0.00015429779887199402,0.0,0.26426059007644653,0.0,5.7223718613386154e-05,0.0,0.0,0.040289491415023804,0.0,0.07007525861263275,0.0,0.14057625830173492,0.11574726551771164,0.0021488741040229797,0.0,0.26627400517463684,0.08462244272232056,0.13839484751224518,0.05613437294960022,0.0,0.0024886506143957376,0.04421273618936539,0.006888640113174915,0.0,0.02624998614192009,0.0,0.35043856501579285,0.0,0.0012562774354591966,0.05830555409193039,0.0,0.0,0.0,0.0,0.25585922598838806,0.0,0.0,0.0,0.048715632408857346,0.0,0.028681281954050064,0.03992769494652748,0.00938272662460804,0.1051856279373169,0.0,0.0,0.09588617086410522,0.006325313355773687,0.3900904655456543,0.06642946600914001,0.014775997027754784,0.13216336071491241,0.0,0.0,0.06883955001831055,0.019894486293196678,0.0010143090039491653,0.3122558295726776,0.28798726201057434,0.2560153007507324,0.0,0.0,0.0,0.0,0.004075534176081419,0.02595742605626583,0.0512518584728241,0.020625311881303787,0.21556952595710754,0.0,0.007710026111453772,0.346756249666214,0.15731629729270935,0.02281152456998825,0.0,0.0,0.0,0.3107682466506958,0.0,0.41110339760780334,0.08234594762325287,0.03344424068927765,0.005130158271640539,0.6265518665313721,0.10198905318975449,0.05953284353017807,0.0,0.0,0.0,0.7515262365341187,0.0,0.005997200962156057,0.33713990449905396,0.0,0.007094020955264568,0.0,0.5277624726295471,0.0,0.013185760006308556,0.010307291522622108,0.0,0.0,0.016213472932577133,0.0,0.017194047570228577,0.0,0.021701736375689507,0.32104745507240295,0.0031791774090379477,0.0,0.5892305374145508,0.028870930895209312,0.014123651199042797,0.009405359625816345,0.5815383195877075,0.0,0.01249829214066267,0.1261976659297943,0.0,0.0,0.18475332856178284,0.13074997067451477,0.11709906905889511,0.9778827428817749,0.17585408687591553,0.0920524001121521,0.015393058769404888,0.04326937347650528,0.11912864446640015,0.9937963485717773,0.0,0.0,0.09972959011793137,0.0993637889623642,0.00035436637699604034,0.6457789540290833,0.0,0.01580161228775978,0.0,0.2507564127445221,1.673448085784912,0.519743800163269,0.2866400480270386,0.0,0.011296342127025127,0.7964369654655457,0.0,0.0,0.003461772110313177,0.0,0.09446407854557037,0.7570356130599976,0.5365166068077087,0.04918650910258293,0.0,0.5062230825424194,0.9321569204330444,0.058233119547367096,0.0001923159434227273,0.2946719527244568,0.0,0.0,0.13688543438911438,0.04289599508047104,0.0,0.01910005323588848,0.25709962844848633,0.0,0.013673586770892143,0.0001445779053028673,0.8624047040939331,0.43083393573760986,0.346205472946167,0.1830655038356781,0.0012920971494168043,0.043040644377470016,0.041064634919166565,0.0,0.42805346846580505,1.085631251335144,0.0,0.022852744907140732,0.020375927910208702,0.09038594365119934,0.6717265844345093,0.0,0.0,0.32217952609062195,0.2909783124923706,0.07088485360145569,0.1768294870853424,0.24347369372844696,0.0,0.0061462088488042355,0.0725427120923996,0.09245749562978745,0.49896717071533203,0.797393798828125,0.0,0.23473575711250305,0.08355241268873215,0.05042588710784912,0.06101848930120468,0.01242744829505682,0.593374490737915,0.12819118797779083,0.0,0.0,0.0,0.0,0.10762962698936462,0.0,0.0,0.010879806242883205,0.016989052295684814,0.2731631398200989,0.09098386019468307,0.11738048493862152,1.018180012702942,0.001106754643842578,0.0,0.4594056308269501,0.03158276528120041,0.0,0.0,0.0,0.0,0.03252526372671127,0.0,0.6585482358932495,0.0,0.0,0.0,0.0,0.04458177089691162,0.0075468625873327255,0.0,0.0,0.747495174407959,0.06370317190885544,0.0,0.006325714290142059,0.11503159999847412,0.1168094277381897,0.21639925241470337,0.22776249051094055,0.0,0.16542233526706696,0.277255117893219,0.0,0.0437040738761425,0.0,0.0,0.03003772161900997,0.025253204628825188,0.024996569380164146,0.0,1.4825466871261597,0.026580845937132835,0.0,0.08745327591896057,0.003419003216549754,0.0,0.0,0.0,0.002589050680398941,0.021765276789665222,0.0,0.5804710388183594,0.9799450635910034,0.010735206305980682,0.1171012744307518,0.0,0.0,0.022988006472587585,0.4079577624797821,6.914449386385968e-06,0.4785967767238617,0.0535961352288723,0.047114353626966476,0.025469055399298668,0.012049971148371696,0.012593726627528667,0.11432421207427979,0.0,0.04888246953487396,0.42761704325675964,0.0,0.0027317889034748077,0.0,0.3314647078514099,0.006402596831321716,0.09285430610179901,0.4125763177871704,0.9093844294548035,0.03486814349889755,0.03824598714709282,0.0,0.023304428905248642,0.6029248237609863,0.0,0.04393009468913078,0.03362266719341278,0.0,0.5325636863708496,0.079740509390831,0.056746214628219604,0.11148496717214584,0.0,0.720099925994873,0.0,0.9244384765625,0.0,0.32762211561203003,0.2955177426338196,0.28017961978912354,0.04279254004359245,0.09277550876140594,0.10445880889892578,0.009657928720116615,0.0,0.009632796980440617,0.036489374935626984,0.16346269845962524,0.0,0.008961288258433342,0.0,0.0,0.0030241161584854126,0.0,0.0,0.0,0.0,0.0,0.6880106329917908,0.0,0.0,0.02821456454694271,0.273453950881958,0.0,0.05461541935801506,0.12136010825634003,0.12061037868261337,0.03258294612169266,0.0,0.01113986223936081,0.13561563193798065,0.13754749298095703,0.388441264629364,0.00929124467074871,0.0,0.0625646561384201,0.0,0.098090261220932,0.4232443571090698,0.07870655506849289,0.0,0.19479870796203613,0.8332344889640808,0.22934220731258392,0.08278602361679077,0.0,0.0,0.003294867929071188,0.10251322388648987,0.0,0.148237943649292,0.3040401339530945,0.6533412933349609,0.0,0.09418903291225433,0.02251279354095459,0.18070650100708008,0.08483501523733139,0.0,0.017580902203917503,0.4703996181488037,0.004119207616895437,4.840238761971705e-05,0.3504849374294281,0.5619075894355774,0.029748916625976562,0.00442101527005434,0.538249671459198,0.10292799770832062,0.025019753724336624,0.0076180147007107735,0.0,0.0,0.7458878755569458,0.004878247156739235,0.02189415693283081,0.2091633528470993,0.044082533568143845,0.0,0.008554450236260891,0.5426510572433472,0.0,0.011100060306489468,0.07648660987615585,0.0,0.028788184747099876,0.03598130866885185,0.0,0.020371409133076668,0.02794737182557583,0.031915295869112015,0.17856881022453308,0.0,0.00013982543896418065,0.6029626727104187,0.06151045486330986,0.04449866712093353,0.0356794148683548,0.5225633382797241,0.0,0.027334358543157578,0.23521532118320465,0.022325780242681503,0.0,0.1409883201122284,0.11453539878129959,0.15687468647956848,0.6885915398597717,0.1871626079082489,0.16522473096847534,0.06828972697257996,0.10392318665981293,0.24668003618717194,0.7585908770561218,0.0008621133747510612,0.0,0.04488154128193855,0.029060835018754005,0.0021271798759698868,0.5778331756591797,0.002816386055201292,0.0006636004545725882,0.0,0.46032434701919556,1.4324407577514648,0.5902345180511475,0.2302498072385788,0.0,0.03185930848121643,0.7315646409988403,0.0,0.0,0.07664445042610168,0.0010095072211697698,0.15807005763053894,0.6903755068778992,0.6055719256401062,0.03891342133283615,0.0,0.3239316940307617,0.6069965362548828,0.14474697411060333,0.01072248537093401,0.1194944754242897,0.0,0.009534742683172226,0.15297599136829376,0.06159057095646858,0.0,0.039042286574840546,0.14780265092849731,0.07033958286046982,0.028426941484212875,0.0,0.8061639070510864,0.38550785183906555,0.43289586901664734,0.10759606212377548,0.09753339737653732,0.07280833274126053,0.008977901190519333,0.010178937576711178,0.2641613483428955,1.079665184020996,0.0,0.08043235540390015,0.02759108506143093,0.12105488777160645,0.88113933801651,0.0,0.08787300437688828,0.28554239869117737,0.4308997094631195,0.08834615349769592,0.17347373068332672,0.15282988548278809,0.0,0.023695074021816254,0.06637921929359436,0.04230017215013504,0.4083065986633301,0.48432230949401855,0.0009961422765627503,0.2596346139907837,0.0872638076543808,0.013760296627879143,0.029538031667470932,0.010299528948962688,0.3844590485095978,0.03672167658805847,0.0,0.006874632555991411,0.0,0.028376106172800064,0.07860354334115982,0.017462357878684998,0.0009007065673358738,0.01339432131499052,0.04496889188885689,0.23891675472259521,0.05008142068982124,0.06770777702331543,0.723922073841095,0.002393473871052265,0.0,0.34513869881629944,0.07025164365768433,0.0,0.0,0.0002962944854516536,0.0,0.01929178461432457,0.0,0.39109161496162415,0.0,0.005497524980455637,0.0,0.0,0.10474791377782822,0.03812961280345917,0.0,0.0,0.5617567896842957,0.08842509984970093,0.0,0.012289414182305336,0.07401958107948303,0.16792026162147522,0.24929523468017578,0.1302696168422699,0.008712160401046276,0.16687247157096863,0.2564486563205719,0.0,0.11745648831129074,0.0,0.0,0.00968956295400858,0.017876289784908295,0.05226049944758415,0.01389090996235609,1.2463501691818237,0.04343995824456215,0.010816900059580803,0.058508824557065964,0.022051744163036346,0.006695939693599939,0.0,0.001365595730021596,0.04462495818734169,0.03772091865539551,0.002062151674181223,0.45809605717658997,0.8889604210853577,0.005680565256625414,0.21566489338874817,0.0,0.0,0.04275549203157425,0.3717533051967621,0.010224534198641777,0.4619370996952057,0.08704451471567154,0.11730722337961197,0.05050685629248619,0.06299927085638046,0.13038137555122375,0.02684706822037697,0.0,0.09656570106744766,0.2928140163421631,0.0,0.018676189705729485,0.0,0.13034120202064514,0.09198515117168427,0.24265417456626892,0.2891920506954193,0.8087749481201172,0.008277196437120438,0.1360480636358261,0.04238481447100639,0.05400223657488823,0.5308515429496765,0.011731105856597424,0.046231675893068314,0.058110181242227554,0.0,0.39165833592414856,0.033066317439079285,0.08425894379615784,0.08474554866552353,0.0,0.4249388575553894,0.048042722046375275,0.8201928734779358,0.0009824131848290563,0.24194501340389252,0.1504702866077423,0.2073034644126892,0.06570205092430115,0.04683225229382515,0.07922683656215668,0.11867699027061462,0.0,0.0,0.02181975729763508,0.17762646079063416,0.0,0.003798819612711668,0.021915709599852562,0.06759174168109894,0.12568305432796478,0.025635458528995514,0.0026079039089381695,0.0,0.007719736546278,0.0,0.7362208962440491,0.0,0.0,0.04141009971499443,0.08917441219091415,0.01698187366127968,0.09846381098031998,0.11436774581670761,0.03674120828509331,0.021806912496685982,0.0,0.008326041512191296,0.1254572570323944,0.2971378266811371,0.35512396693229675,0.07856319844722748,0.0027629330288618803,0.12790647149085999,0.0,0.020610790699720383,0.24975347518920898,0.017572518438100815,0.0,0.1765740066766739,0.8096192479133606,0.22864781320095062,0.160809725522995,0.0008590470533818007,0.0,0.015699032694101334,0.08203230798244476,0.007451734971255064,0.09454353153705597,0.30642929673194885,0.6054344177246094,0.0,0.05240607634186745,0.051995642483234406,0.11845927685499191,0.07965404540300369,0.0,0.060321588069200516,0.23196931183338165,0.039688579738140106,0.0448068305850029,0.2970193028450012,0.42164573073387146,0.03347128629684448,0.005439241416752338,1.3031024932861328
160,0.22094476222991943,0.14054520428180695,0.09013261646032333,0.0,0.0,0.0,0.6588271260261536,0.03160395100712776,0.0,0.020282255485653877,0.030668985098600388,4.8391182644991204e-05,0.0,0.378491073846817,0.0,0.1291886866092682,0.06406199187040329,0.0,0.0,0.0,0.0,0.04763749614357948,0.0003955448919441551,0.17513398826122284,0.01570470817387104,0.0,0.0,0.5239138603210449,0.009133611805737019,0.11950044333934784,0.1729031205177307,0.3255641460418701,0.0,0.2711847126483917,0.09746825695037842,0.07384435087442398,0.0,0.27858608961105347,0.0014014645712450147,0.04736912250518799,0.10500334948301315,0.19752764701843262,0.0965365543961525,0.14179392158985138,0.16406172513961792,0.3161715269088745,0.368338018655777,0.055773310363292694,0.0,0.057086799293756485,0.2257363200187683,0.0,0.10150031745433807,0.025044431909918785,0.04974522069096565,0.0,0.37102070450782776,0.9085069298744202,0.3089969754219055,0.10204744338989258,0.0,0.03075166791677475,0.1935710459947586,0.0,0.0,0.026142865419387817,0.0,0.0,0.2858754098415375,0.19732236862182617,0.13593867421150208,0.0,0.23975789546966553,0.08821187168359756,0.11395858973264694,0.03317858278751373,0.004298361949622631,0.07485201954841614,0.0,0.17212708294391632,0.0,0.1020430475473404,0.0,0.13918602466583252,0.003818890079855919,0.0,0.0660281553864479,0.35816606879234314,0.27159711718559265,0.47343194484710693,0.06052437797188759,0.0,0.023132864385843277,0.09661015123128891,0.0,0.017151296138763428,0.683111846446991,0.0,0.006811114493757486,0.0,0.0,0.381049245595932,0.0,0.2429874837398529,0.5291200876235962,0.4083310067653656,0.07440757006406784,0.0018404468428343534,0.04264454543590546,0.0,0.0,0.10005410760641098,0.09563950449228287,0.3020831346511841,0.158161923289299,0.0,0.041728902608156204,0.0,0.11698582023382187,0.03499315679073334,0.0,0.09543427079916,0.0,0.015206818468868732,0.0,0.24782127141952515,0.0,0.0501696951687336,0.0,0.04587603360414505,0.0,0.13304241001605988,0.08093365281820297,0.0,0.05981432646512985,0.2590380311012268,0.0,0.0,0.05880764499306679,0.017418095842003822,0.0,0.0,0.04267056658864021,0.0,0.2592597007751465,0.0,0.10746940970420837,0.0004739375435747206,0.0,0.0,0.06556162983179092,0.2338898479938507,0.13459709286689758,0.0,0.0,0.4282986521720886,0.008946042507886887,0.0,0.03916550800204277,0.06340761482715607,0.47576290369033813,0.34863853454589844,0.017108643427491188,0.0,0.17082755267620087,0.16946418583393097,0.0,0.30623140931129456,0.0,0.0,0.000395260751247406,0.004878504201769829,0.036664947867393494,0.04120807722210884,0.37681856751441956,0.11775359511375427,0.030656814575195312,0.2588388919830322,0.0,0.013618293218314648,0.0,0.0,0.2694055438041687,0.00976558867841959,0.0,0.31513792276382446,0.39880311489105225,0.0,0.20581138134002686,0.0,0.0,0.0,0.15206921100616455,0.00962871965020895,0.33797529339790344,0.11150622367858887,0.027154812589287758,0.23265770077705383,0.0,0.062419675290584564,0.16966550052165985,0.0,0.04936261847615242,0.08863583952188492,0.0,0.0,0.0,0.0,0.0,0.10591818392276764,0.05489668250083923,0.44872844219207764,0.07953664660453796,0.3567698001861572,0.0,0.0658046081662178,0.5147473812103271,0.0,0.06095756217837334,0.30114734172821045,0.0,0.09896978735923767,0.0,0.0,0.013136133551597595,0.0,0.05813196673989296,0.0,0.45586490631103516,0.0,0.045702382922172546,0.0,0.39402005076408386,0.10609857738018036,0.037652403116226196,0.19468587636947632,0.08198626339435577,0.0,0.0875866636633873,0.16983669996261597,0.07651930302381516,0.0,0.0,0.43078458309173584,0.0,0.01758643239736557,0.041931867599487305,0.0,0.0,0.0,0.0,0.23852965235710144,0.0,0.0,0.01029555220156908,0.2641388475894928,0.0,0.10598953813314438,0.06739082932472229,0.008337886072695255,0.1966341733932495,0.0,0.0,0.2588692903518677,0.2941206693649292,0.031080832704901695,0.2026253193616867,0.0,0.2693580687046051,0.003598752897232771,0.024133136495947838,0.08557991683483124,0.0,0.0,0.39627817273139954,0.785223662853241,0.2727339267730713,0.13424012064933777,0.0,0.0,0.0,0.011498001404106617,0.030290033668279648,0.006917781196534634,0.06586119532585144,0.5442156195640564,0.0,0.09026734530925751,0.23580262064933777,0.1912364363670349,0.045507654547691345,0.0011794420424848795,0.011645256541669369,0.0,0.20276668667793274,0.018214184790849686,0.6153550148010254,0.03174259141087532,2.8369440769893117e-05,0.048023808747529984,0.0,0.16214905679225922,0.5330719351768494,0.0,0.0,0.0,0.31358081102371216,0.10509566217660904,0.0,0.0,0.3186233639717102,0.02226499654352665,0.0,0.20145507156848907,0.0,0.07259836792945862,0.0,0.08865614980459213,0.0,0.0,0.0,0.25417980551719666,0.0994223803281784,1.191296100616455,0.0,0.0,0.0,0.8721672296524048,0.07042256742715836,0.05661662295460701,0.18560203909873962,0.2585592567920685,0.0,0.5462996959686279,0.03738097473978996,0.3461686372756958,0.35208138823509216,0.8040738701820374,0.0,0.030076639726758003,0.0,0.32140734791755676,0.06604255735874176,0.2554272711277008,0.7953928112983704,0.7308225631713867,0.0014955608639866114,0.0,0.0,0.26392048597335815,0.2035049945116043,0.0,0.010464704595506191,0.0033947958145290613,0.16689713299274445,0.07047966867685318,0.4425944685935974,0.2880314290523529,0.029134733602404594,0.0,0.0,0.11906199902296066,0.0,0.0,0.0,0.06350622326135635,0.0,0.028439411893486977,0.017688343301415443,0.005326041951775551,0.5362184643745422,0.0,0.21918922662734985,0.00537406699731946,0.036062292754650116,0.3191298544406891,0.0010341281304135919,0.7660940289497375,0.013479543849825859,0.029995514079928398,0.0958518236875534,0.22321780025959015,0.0,0.21961170434951782,0.4324352443218231,0.0007764829788357019,0.16604645550251007,0.016383817419409752,0.5891011357307434,0.35992228984832764,0.07817855477333069,0.030573023483157158,0.005652646999806166,0.6424549221992493,0.0,0.0,0.14148467779159546,0.14857815206050873,0.0,0.04551137983798981,0.0,0.002112792572006583,0.0,0.9003251194953918,0.6780465841293335,0.07879741489887238,0.18865720927715302,0.013078545220196247,0.0,0.0,0.0,0.16962838172912598,0.15342938899993896,0.1802610158920288,0.005033979658037424,0.0,0.0,0.05807514861226082,0.15573425590991974,0.20989401638507843,0.0023752988781780005,0.0006821851129643619,0.24479730427265167,0.0007927550468593836,0.0020891064777970314,0.5965977311134338,0.0,0.24952594935894012,0.06942643970251083,0.0,0.0,0.0037977092433720827,0.0607009083032608,0.0,0.024962052702903748,0.0,0.0,0.0,0.0,0.0074360859580338,0.0,0.10025390237569809,0.6635034680366516,0.0,0.6403995156288147,0.0,0.0,0.1532972902059555,0.08301395922899246,0.0,0.02938174642622471,0.7948206663131714,0.23930570483207703,0.0,0.0,0.4160849153995514,0.038473788648843765,0.0,0.0,0.0,1.1210771799087524,0.09964151680469513,0.0,0.0,0.12575450539588928,0.005041774827986956,0.07557030767202377,0.45175546407699585,0.009242394007742405,0.0,0.03377756103873253,0.0,0.022498521953821182,0.08699049055576324,0.007693715393543243,0.40508726239204407,0.0,0.5195655226707458,0.04189614579081535,0.003975010477006435,0.0,0.0,1.0153435468673706,0.0,0.0007678009569644928,0.05863228067755699,0.02158953808248043,0.14279671013355255,0.5183115005493164,0.0,0.0,0.0,0.0,0.08830049633979797,0.04277775064110756,0.812528669834137,0.0,1.0112040042877197,0.1334242820739746,0.0,0.22948357462882996,0.0,0.0027231797575950623,0.0,0.0,0.0,0.0,0.0,0.06667784601449966,0.0,0.0,0.011863243766129017,0.05227559804916382,0.5909634232521057,0.1384352296590805,0.17177732288837433,0.27102041244506836,0.0,0.049171462655067444,0.6376717686653137,0.0,0.0,0.0,0.0,0.0,0.07383076101541519,0.0,0.2693559527397156,0.05463137850165367,0.16552315652370453,0.0,0.0,0.9299265742301941,0.4908600449562073,0.05941116809844971,0.15298539400100708,0.003194616176187992,0.0,0.25436320900917053,0.01962142623960972,0.0,0.0,0.0,1.2242276668548584,0.0,0.09344367682933807,0.021903565153479576,0.0,0.0,0.0,0.0,0.04599309340119362,0.0,0.043691881000995636,0.0,0.7253287434577942,0.02289697341620922,0.01222948171198368,0.0027926750481128693,0.05159781873226166,0.4422927796840668,0.0,0.010746123269200325,0.4534866511821747,0.13592667877674103,0.04867821931838989,0.424836665391922,0.1732911616563797,0.1662491112947464,0.024125095456838608,0.0,0.03821765258908272,0.000841346278320998,0.02212604321539402,1.696088433265686,0.3476841449737549,0.4229219853878021,0.017409151419997215,0.0,0.0015657693147659302,0.06350893527269363,0.0,0.5287981033325195,0.0,0.0,0.21676912903785706,0.0,0.0,0.872157871723175,0.3349108397960663,0.003909425809979439,0.01390617061406374,0.0,0.0,0.6346315741539001,0.03558976203203201,0.4705301821231842,0.0,0.17284242808818817,0.31560102105140686,0.10510575026273727,0.14672523736953735,0.2000771313905716,0.0,0.0,0.0,0.46921736001968384,0.07472629100084305,0.0,0.013389239087700844,0.0558304488658905,0.001662914757616818,0.0,0.33365923166275024,0.0,0.102207712829113,0.05877915397286415,0.0,0.0,0.0,0.0,0.09950979053974152,0.06347091495990753,0.5701899528503418,0.0,0.0,0.0,0.7255390882492065,0.04341336339712143,0.039988014847040176,0.17110814154148102,0.35031142830848694,0.0,0.39698314666748047,0.076596200466156,0.2585844397544861,0.058993708342313766,0.4728241562843323,3.085084608756006e-05,0.04668978229165077,0.007068953942507505,0.3474346399307251,0.06410017609596252,0.25419437885284424,0.478484570980072,0.5944463610649109,0.1036163792014122,0.009035374969244003,0.0,0.10340626537799835,0.2087884247303009,0.0,0.10224685817956924,0.014480572193861008,0.0882766917347908,0.00021787869627587497,0.49646568298339844,0.7156475782394409,0.21285706758499146,0.041291844099760056,0.0,0.08042175322771072,0.0352109931409359,0.0,0.0,0.0927758514881134,0.0,0.0004113850009161979,0.20552624762058258,0.04855310916900635,0.3090682029724121,0.0,0.22125962376594543,0.020466621965169907,0.055168941617012024,0.1481897383928299,0.003776053199544549,0.31806352734565735,0.0,0.1163751482963562,0.010097164660692215,0.15895459055900574,0.008274218067526817,0.19052039086818695,0.07058119028806686,0.004164000041782856,0.11747004091739655,0.2112589329481125,0.3794003427028656,0.39552009105682373,0.05907558277249336,0.002922980347648263,0.04721534252166748,0.25333794951438904,0.0206786897033453,0.0339074432849884,0.4631446599960327,0.010769029147922993,0.009677514433860779,0.02455803006887436,0.0,0.13333271443843842,0.0,0.3301927447319031,0.5417424440383911,0.3159724175930023,0.1749163419008255,0.013518424704670906,0.005217695143073797,0.0,0.0002682410122361034,0.09419534355401993,0.054520659148693085,0.22259820997714996,0.08886043727397919,0.0,0.01147596724331379,0.0,0.11355539411306381,0.09245479106903076,0.016417982056736946,0.0658179298043251,0.09314878284931183,0.007096555549651384,0.0,0.32443979382514954,0.007594008464366198,0.16244041919708252,0.0,0.0009743602713569999,0.0,0.049319617450237274,0.06928188353776932,0.0,0.06891331076622009,0.09241578727960587,0.0,0.010708139277994633,0.05497153848409653,0.04487228021025658,0.0,0.0003774852375499904,0.3846491575241089,0.0,0.3624391555786133,0.0,0.002203462179750204,0.0071747200563549995,0.0,0.0,0.04660404473543167,0.5143301486968994,0.2342250794172287,0.0,0.0,0.45252731442451477,0.007277159485965967,0.0,0.006177372764796019,0.028030849993228912,0.7520104050636292,0.29533782601356506,0.006744755897670984,0.0,0.13933305442333221,0.0735458955168724,0.02395564876496792,0.3557461202144623,0.0,0.0,0.01177788246423006,0.0,0.03302150219678879,0.1396082043647766,0.1317025125026703,0.14280371367931366,0.005346049088984728,0.38476449251174927,0.009981045499444008,0.00963614322245121,0.0,0.0007122721872292459,0.534099280834198,0.0019715107046067715,0.0,0.2836765646934509,0.20001152157783508,0.027651304379105568,0.4124568998813629,0.002206645207479596,0.0,0.0,0.02360411360859871,0.09919433295726776,0.21578846871852875,0.3639976680278778,0.017826959490776062,0.5279315710067749,0.0,0.013209409080445766,0.10358137637376785,0.0,0.1013059988617897,0.0,0.0,0.001908383914269507,0.0,0.0,0.0,0.05173894390463829,0.005306161940097809,0.2420286387205124,0.057292353361845016,0.4469209909439087,0.02163173072040081,0.09065382182598114,0.4049135148525238,0.0036346057895570993,0.06557266414165497,0.33707839250564575,0.006697759032249451,0.010907648131251335,0.0,0.0,0.0,0.016578203067183495,0.036979157477617264,0.006859475281089544,0.3772987723350525,0.0,0.0048715840093791485,0.0,0.5643630027770996,0.3266978859901428,0.1362261325120926,0.18921774625778198,0.057439133524894714,0.0,0.09963978081941605,0.07502220571041107,0.012747245840728283,0.0,0.0022886155638843775,0.708808958530426,0.0,0.07968700677156448,0.004660415928810835,0.0,0.0,0.0,0.0,0.20559249818325043,0.0,0.015713224187493324,0.0,0.43964365124702454,0.0016537219053134322,0.04949728026986122,0.025695234537124634,0.042604200541973114,0.25130030512809753,0.0,0.0,0.3267867863178253,0.3155395984649658,0.05312786623835564,0.2671704590320587,0.0034390187356621027,0.19319681823253632,0.025500934571027756,0.008519026450812817,0.02817424386739731,0.006593944039195776,0.012082780711352825,1.0907037258148193,0.5846582651138306,0.253113329410553,0.0723741203546524,0.0,0.014078371226787567,0.0,0.02469351328909397,0.1751355081796646,0.0,0.036922354251146317,0.42604658007621765,0.0024140779860317707,0.01931321993470192,0.4866655766963959,0.2361115962266922,0.0841175988316536,0.0,0.023065656423568726,0.0,0.2813607156276703,0.057149261236190796,0.4226227402687073,0.009397788904607296,0.039266254752874374,0.12288152426481247,-1.2928725481033325
161,0.014787054620683193,0.05027679353952408,0.0,0.0,0.0,0.0,0.0014132842188701034,0.1677975207567215,0.008885676972568035,0.0713910236954689,0.4609341621398926,0.1196858286857605,0.0,0.03700810298323631,0.7841307520866394,0.0,0.0,0.7744059562683105,0.5526137351989746,0.0,0.28707948327064514,0.137808695435524,0.0,0.9679061770439148,0.29392534494400024,0.0,0.0,0.4888606071472168,0.008155476301908493,0.0023255583364516497,0.0,0.12677541375160217,0.1208590492606163,0.15079040825366974,0.0,0.0,0.0,0.004634795244783163,0.5038045048713684,0.2185785323381424,0.11265522241592407,0.0,0.18829771876335144,0.0,0.24229875206947327,0.0,0.09688829630613327,0.01061295997351408,0.0,0.44543537497520447,0.0,0.023905595764517784,0.901021420955658,0.0,0.0,0.7014630436897278,0.0,0.28318172693252563,0.0006404802552424371,0.0,0.0,0.1809568852186203,0.07511215656995773,0.5564777255058289,0.0,0.0,0.0,1.3926869630813599,0.06863885372877121,0.007480463478714228,0.0,0.0,0.02647174708545208,0.8084182143211365,0.0,0.1334744244813919,0.570733368396759,0.12211326509714127,0.0,0.0,0.3629327714443207,0.0,0.029657868668437004,0.17430344223976135,1.2865523099899292,0.028276896104216576,0.0,0.040947865694761276,0.6766427159309387,0.03916173055768013,0.0,1.0636895895004272,0.033361226320266724,0.1680450737476349,0.021429872140288353,0.1692977100610733,0.03174629434943199,0.0,0.0,0.08814438432455063,0.7017534375190735,0.03521110489964485,0.0,1.0596938133239746,0.0,0.0,0.0,0.6335500478744507,0.0,0.0,0.7277067303657532,0.002203448209911585,0.004656982608139515,0.08565493673086166,0.03616661578416824,0.06632345169782639,0.022452032193541527,0.9085556268692017,0.0,0.0,0.5509346127510071,0.2204904854297638,0.0,0.0,0.5871886610984802,0.16562114655971527,0.0,0.0,0.7285634875297546,0.0,0.0,0.23448562622070312,0.0,0.0004234396037645638,0.0,0.07915712893009186,0.18136928975582123,0.0,0.03507634252309799,0.0,0.0,0.11095491796731949,0.0,0.0022997763007879257,0.010567249730229378,0.13669398427009583,0.020163552835583687,0.04905623942613602,0.08716901391744614,0.0,0.0,0.016659162938594818,0.0,0.0,0.0,0.01512387115508318,0.11449827998876572,0.044814325869083405,0.0,0.0,0.013601923361420631,0.0,0.025605762377381325,0.0,0.0,0.0752793475985527,0.029823774471879005,0.0,0.5892157554626465,0.0,0.1820969432592392,0.27163147926330566,0.0,0.0,0.11761742830276489,0.6598884463310242,0.0,0.0,0.3461064100265503,0.0,0.08237478882074356,0.18196113407611847,0.03189510852098465,0.0,0.17795662581920624,0.0,0.0,0.0,0.0,0.00689741550013423,0.0,0.9418544769287109,0.17617307603359222,0.0,0.0018421352142468095,0.44265827536582947,0.0,0.12808382511138916,0.9668642282485962,0.0,0.22362875938415527,0.0,0.0,0.06068989634513855,0.015309944748878479,0.0,0.23742079734802246,1.3257406949996948,0.6063694953918457,0.0,0.2894732356071472,0.12775976955890656,0.0,0.0,0.6434283256530762,0.011309350840747356,0.00022308678308036178,0.0,0.0,0.3452727496623993,0.0,0.07258887588977814,0.654579222202301,0.0,0.1898859590291977,0.16491064429283142,0.5272949934005737,0.7577964663505554,0.0,0.795553982257843,0.07056856900453568,0.3462618887424469,0.23949885368347168,0.005282830912619829,0.22142799198627472,0.003822695231065154,0.0,0.0,0.0,0.005126917734742165,0.0,0.0,0.005353860557079315,0.10302425920963287,0.6323486566543579,0.47388574481010437,0.0,0.0,0.0,0.0,0.0,0.7709600329399109,0.023650722578167915,0.0,0.016019625589251518,0.0,0.0,0.0,0.0015355892246589065,0.0,0.0,0.6325470209121704,0.46709752082824707,0.0,0.0,1.451484203338623,0.0,0.27409645915031433,5.8843197621172294e-05,0.0,0.0,0.06541647017002106,0.42251309752464294,0.0,0.2021440714597702,0.0,0.014916940592229366,0.0,0.6093316674232483,0.0,0.7267975211143494,0.0,0.0,0.9362725615501404,0.0,0.0,0.0,0.0,0.3874030113220215,0.0061736698262393475,0.04882936179637909,0.0,0.0,0.740717351436615,0.4981197416782379,0.0,0.0,0.8140105605125427,0.4411256015300751,0.07760218530893326,0.04734303802251816,0.14053699374198914,0.06686712056398392,0.0,0.0,0.0,0.3773150146007538,0.08703867346048355,0.0,0.006837430410087109,0.12610624730587006,0.031102430075407028,0.0,0.2633059620857239,0.0,0.06909137964248657,0.005536296404898167,0.0,0.0,0.0,0.0,0.10371536761522293,0.0,0.46107080578804016,0.031925708055496216,0.0011268176604062319,0.0,0.5499475002288818,0.013974805362522602,0.027569115161895752,0.10523058474063873,0.2735280990600586,0.0,0.33667123317718506,0.03935416787862778,0.059441253542900085,0.005434919614344835,0.1749073714017868,0.016674524173140526,0.10154732316732407,0.03450597822666168,0.19220513105392456,0.07092946767807007,0.07805970311164856,0.23226645588874817,0.07256198674440384,0.14784397184848785,0.034064773470163345,0.0,0.10134097188711166,0.17467312514781952,0.0,0.2193375527858734,0.0,0.04567866027355194,0.027055129408836365,0.13351887464523315,0.614870011806488,0.12463681399822235,0.02601551078259945,0.0,0.1567479968070984,0.02616233564913273,0.0,0.0,0.0,0.0,0.05491650104522705,0.07411175966262817,0.025056222453713417,0.04942810535430908,0.0,0.12076102942228317,0.17873133718967438,0.0,0.1485358029603958,0.03659505397081375,0.08324280381202698,0.0,0.09064493328332901,0.04290638864040375,0.005890166386961937,0.0,0.21242789924144745,0.08482726663351059,0.004585076589137316,0.05599775165319443,0.166094109416008,0.4238869547843933,0.25266438722610474,0.039460159838199615,0.0018749128794297576,0.024998925626277924,0.12893016636371613,0.01513449102640152,0.058928996324539185,0.3741070330142975,0.0,0.0,0.047090135514736176,0.012967020273208618,0.10995950549840927,0.0,0.4359759986400604,0.3692011833190918,0.09271249175071716,0.05941716954112053,0.030388638377189636,0.007422605995088816,0.0,0.014757000841200352,0.06506732106208801,0.052835218608379364,0.22867143154144287,0.08892602473497391,0.0,0.007772636134177446,0.04092711582779884,0.07832656055688858,0.01300513930618763,0.027106698602437973,0.11654351651668549,0.043657414615154266,0.00985889881849289,0.003384679090231657,0.30834975838661194,0.0,0.006481914781033993,0.0009326515137217939,0.0,0.0,0.08152469247579575,0.010069857351481915,0.0030089018400758505,0.027274219319224358,0.07850787788629532,0.0,0.0,0.03409323841333389,0.0243197251111269,0.0,0.009267086163163185,0.01032024435698986,0.0,0.17370107769966125,0.0,0.018053757026791573,0.010276982560753822,0.05135377123951912,0.0,0.0664733424782753,0.08494577556848526,0.06763575971126556,0.0,0.0,0.27821001410484314,0.08850797265768051,0.0,0.00982236210256815,0.0378476083278656,0.21284827589988708,0.1276027262210846,0.014001627452671528,0.0,0.10902626067399979,0.06424994021654129,0.005476607941091061,0.11409936845302582,0.0,0.0,0.010881194844841957,0.001247977721504867,0.009159876964986324,0.04399195313453674,0.09230341017246246,0.18930228054523468,0.0,0.08494298905134201,0.022023219615221024,0.012055936269462109,0.0,0.006054259371012449,0.2933667302131653,0.0,0.0,0.14909997582435608,0.1322445422410965,0.0,0.05354779213666916,0.0,0.0,0.021363316103816032,0.06539938598871231,0.0011537624523043633,0.11682767421007156,0.1502152681350708,0.023070061579346657,0.24135780334472656,0.040453072637319565,0.0019733039662241936,0.1382036656141281,0.0,0.03128939867019653,0.029915055260062218,0.0,0.0,0.0,0.06910321116447449,0.0022983234375715256,0.018085794523358345,0.04054157808423042,0.2273787260055542,0.016954731196165085,0.14691027998924255,0.04890106990933418,0.0574750155210495,0.334446519613266,0.0,0.05369727313518524,0.32711300253868103,0.0,0.03989841789007187,0.006080301944166422,0.006294466555118561,0.012736164964735508,0.009901043027639389,0.13115203380584717,0.0022059022448956966,0.2139045149087906,0.008740459568798542,0.0012805002043023705,0.02142937481403351,0.3798803985118866,0.11443927139043808,0.19401824474334717,0.1474367082118988,0.0,0.0,0.042946577072143555,0.061169907450675964,0.019950248301029205,0.0,0.0,0.3815520703792572,0.0,0.03233662247657776,0.02590358629822731,0.0,0.0,0.0,0.0,0.21210387349128723,0.0,0.0,0.0002487360907252878,0.1518525779247284,0.0,0.07238707691431046,0.02334645204246044,0.04039961099624634,0.19570136070251465,0.0,0.0,0.11363842338323593,0.13719385862350464,0.2347230315208435,0.07245313376188278,0.0017183389281854033,0.08726336061954498,0.005661658011376858,0.02445615455508232,0.06490497291088104,0.06064123660326004,0.0,0.5199272632598877,0.30023446679115295,0.2032063752412796,0.009930961765348911,0.0,0.006418130826205015,0.0,0.017301933839917183,0.026750802993774414,0.07729224115610123,0.023375609889626503,0.3493107855319977,0.0,0.04896840453147888,0.3014233410358429,0.22445352375507355,0.034241922199726105,0.0,0.0,0.0,0.327629953622818,0.0,0.443866103887558,0.08081825822591782,0.0539696030318737,0.018516847863793373,0.14808018505573273,0.09694963693618774,0.0,0.0,0.0,0.0,0.23455750942230225,0.1209254264831543,0.02287684939801693,0.030303088948130608,0.2469313144683838,0.11436009407043457,0.0,0.22293983399868011,0.2957206070423126,0.0,0.0025561139918863773,0.16953954100608826,0.07770203053951263,0.0,0.04752316325902939,0.15046493709087372,0.0,0.5255371928215027,0.093464694917202,0.0,0.0024898038245737553,0.573820948600769,0.01434596162289381,0.00964272953569889,0.041797738522291183,0.2862822711467743,4.1581690311431885e-05,0.21656851470470428,0.04778158292174339,0.0026482322718948126,0.0,0.046230051666498184,0.23804216086864471,0.2642691731452942,0.14824388921260834,0.09349053353071213,0.17019937932491302,0.01782621257007122,0.25016728043556213,0.0,0.175603449344635,0.0065281265415251255,0.006105543579906225,0.1530144363641739,0.01750021241605282,0.006594226695597172,0.6470373272895813,0.0,0.0,0.25326481461524963,0.010556411929428577,0.6399582028388977,0.11949018388986588,0.04401734843850136,0.0,0.1940966695547104,0.18806132674217224,0.13464856147766113,0.0021110193338245153,0.0,0.0,0.6656999588012695,0.1895878165960312,0.14239002764225006,0.0,0.002407639054581523,0.022946421056985855,0.5387259721755981,0.0,0.1252567023038864,0.23660054802894592,0.042176391929388046,0.0,0.042237021028995514,0.0941256508231163,0.0,0.015077087096869946,0.2102976143360138,0.4536146819591522,0.01771206595003605,0.014717767015099525,0.2920398414134979,0.5566145777702332,0.18561597168445587,0.016001520678400993,0.37705495953559875,0.04800643399357796,0.06401955336332321,0.032255131751298904,0.13575433194637299,0.3678399324417114,0.0,0.0038256843108683825,0.09649982303380966,0.29492518305778503,0.3685351610183716,0.0,0.4258715808391571,0.13438312709331512,0.0,0.0005214557168073952,0.21797218918800354,0.006579072680324316,0.0,0.35435590147972107,0.04876919463276863,0.0,0.24727335572242737,0.06159115955233574,0.0,0.10924448072910309,0.28504157066345215,0.0009426676551811397,0.0007245821179822087,0.3317340314388275,0.15057501196861267,0.02951875329017639,0.0,0.23010949790477753,0.11589856445789337,0.009912336245179176,0.005969678517431021,0.21952858567237854,0.0,0.0027263895608484745,0.1836760938167572,0.0,0.02374822087585926,0.003930078353732824,0.13897916674613953,0.04333774745464325,0.0019150301814079285,0.026452437043190002,0.01616428792476654,0.004901788663119078,0.010627392679452896,0.0,0.003421404166147113,0.050310611724853516,0.008714119903743267,0.044784314930438995,0.0004174933710601181,0.04305420443415642,0.0,0.0,0.02794039249420166,0.020040525123476982,0.0,0.004758543334901333,0.12584292888641357,0.07853320240974426,0.0009530892712064087,0.0,0.041211195290088654,0.03646807000041008,0.020268121734261513,0.008032470010221004,0.01949695497751236,0.04733942076563835,0.14647144079208374,0.002001265762373805,0.0,0.14025548100471497,0.0,0.06588663160800934,0.17896337807178497,0.007531909737735987,0.0005676392465829849,0.290985643863678,0.30625978112220764,0.0,0.0,0.13027231395244598,0.0,0.02204451523721218,0.08615048974752426,0.11050301045179367,0.010045282542705536,0.0289946086704731,0.07831994444131851,0.1277139037847519,0.0,0.00014836899936199188,0.0034567154943943024,0.003481946885585785,0.38452622294425964,0.2127653807401657,0.0,0.1008777767419815,0.14876648783683777,0.03159727156162262,0.08902374655008316,0.34664610028266907,0.0,0.06636032462120056,0.0,0.0,0.10689031332731247,0.023590615019202232,0.0,0.02522052824497223,0.6073763966560364,0.1572657823562622,0.016565760597586632,0.2812093198299408,0.3304213583469391,0.0,0.0005008887383155525,0.22146117687225342,0.0,0.09507843106985092,0.009828370064496994,0.0,0.279574453830719,0.010312643833458424,0.07324308902025223,0.18420779705047607,0.0002395719347987324,0.11297782510519028,0.07814463973045349,0.26707974076271057,0.2217847853899002,0.21792101860046387,0.24119865894317627,0.058869827538728714,0.1743553727865219,0.21678093075752258,0.01696544513106346,0.21363098919391632,0.02617824450135231,0.0,0.0,0.00909995287656784,0.007420544978231192,0.0004975736374035478,0.0,0.006025593727827072,0.1084887757897377,0.14997439086437225,0.24770967662334442,0.0,0.00038816221058368683,0.0,0.0,0.0,0.6214584708213806,0.0,0.0,0.033222366124391556,0.0014511429471895099,0.0,0.004805822856724262,0.01522892713546753,0.0343170091509819,0.01674862764775753,0.13981641829013824,0.0435347817838192,0.0,0.0,0.9171668887138367,0.0,0.031151091679930687,0.0008345350506715477,0.0,0.0,0.05620448663830757,0.2576102614402771,0.0037942349445074797,0.2869535982608795,0.11675720661878586,0.09563957154750824,0.0,0.15860949456691742,0.0,0.21065056324005127,0.010861445218324661,0.0,0.38541942834854126,0.04936915263533592,0.17565396428108215,0.0011946674203500152,0.0,0.23353557288646698,0.1198262944817543,0.054420389235019684,0.0,0.0,0.27808648347854614,0.3343883454799652,0.0,0.1408545821905136,0.4826515316963196,0.11087369918823242,0.014002010226249695,2.3401381969451904
162,0.0025873344857245684,0.13585908710956573,0.4188261032104492,0.0,0.013337739743292332,0.0,0.6130809783935547,0.015800639986991882,0.0,0.006505417171865702,0.08898595720529556,0.0,0.00015295048069674522,0.30958256125450134,0.0,0.21095700562000275,0.05286915972828865,0.0,0.0,0.0,0.0,0.14503537118434906,0.06614942103624344,0.6432040333747864,0.0,0.0,0.0,0.8561299443244934,0.09372619539499283,0.10233940184116364,0.25723132491111755,0.34724411368370056,0.0,0.41224727034568787,0.17688502371311188,0.3581065237522125,0.2100290060043335,0.7566576600074768,0.0,0.0006816925597377121,0.013075802475214005,0.41245779395103455,0.03843193128705025,0.26906919479370117,0.5695322751998901,0.9940401911735535,0.17291243374347687,0.0,0.0,0.1745021641254425,0.37659838795661926,0.0,0.0,0.010444670915603638,0.17522010207176208,0.0,0.7042160034179688,0.7724694609642029,0.13528621196746826,0.0627419576048851,0.0,0.02960403822362423,0.03661889582872391,0.0,0.0,0.1707005798816681,0.0,0.0,0.15659789741039276,0.07956720143556595,0.661893904209137,0.0,0.4053252339363098,0.00433012330904603,0.19719982147216797,0.088860884308815,0.0,0.6119802594184875,0.0,0.154743030667305,0.03643806651234627,0.3121055066585541,0.0,0.16333860158920288,0.0,0.0,0.17165769636631012,0.17891784012317657,0.4083419442176819,0.586459219455719,0.1003975197672844,0.0,0.007281877100467682,0.4532729387283325,0.003973290324211121,0.0,0.4737531244754791,0.08482812345027924,0.0,7.079293482092908e-06,0.0,0.11804653704166412,0.0,0.3648677170276642,0.8138812184333801,0.43301859498023987,0.24352224171161652,0.0,0.0,0.0,0.0,0.23855270445346832,0.2959643006324768,0.3037886917591095,0.23611398041248322,0.0,0.0,0.0,0.31595245003700256,0.13520389795303345,0.0,0.08833401650190353,0.1410306990146637,0.017636412754654884,0.0,0.4511290192604065,0.0,0.3015214502811432,0.0,0.0,0.0,0.022263551130890846,0.21841123700141907,0.0,0.08934114873409271,0.020806368440389633,0.0,0.0,0.023486163467168808,0.025607548654079437,0.0,0.04637288302183151,0.6431799530982971,0.0,0.5764697790145874,0.0,0.0,0.02110847271978855,0.0,0.0,0.04865337163209915,0.863132894039154,0.285574346780777,0.0,0.0,0.509784996509552,0.0009865412721410394,0.0,0.0035560044925659895,0.0,1.2009449005126953,0.30265936255455017,0.0,0.0,0.23499737679958344,0.04889153689146042,0.0,0.7649177312850952,0.0,0.0,0.0,0.0,0.024952275678515434,0.1094878539443016,0.08693233132362366,0.1737070232629776,0.030324647203087807,0.8394080400466919,0.0,0.03877520561218262,0.0,0.0,0.8962275385856628,0.013357308693230152,0.0,0.23367884755134583,0.28008121252059937,0.09680304676294327,0.8239158391952515,0.0,0.0,0.0,0.0,0.10398153215646744,0.2060699462890625,0.5573480129241943,0.011149889789521694,0.8204668164253235,0.0,0.12019021064043045,0.2124636322259903,0.0,0.020742515102028847,0.012630989775061607,0.0,0.0,0.0,0.0,0.0,0.0020231653470546007,0.0008421839447692037,0.3281800150871277,0.1096607968211174,0.7776158452033997,0.0,0.31718358397483826,0.6373356580734253,0.0,0.08381611108779907,0.5517266392707825,0.0,0.029018227010965347,0.0,0.0,0.0,0.03063669241964817,0.02573554217815399,0.0,0.4344276189804077,0.0030014992225915194,0.011209092102944851,0.0,0.892559289932251,0.44275838136672974,0.034284669905900955,0.3003927767276764,0.28880107402801514,0.00024700205540284514,0.28658926486968994,0.061447568237781525,0.0,0.0,0.0,1.099347710609436,0.0,0.001245227176696062,0.03902974724769592,0.0,0.0,0.0,0.0,0.013753063976764679,0.0,0.03464912250638008,0.0,0.8918401002883911,0.08138201385736465,0.08713257312774658,0.02270696870982647,0.07310900837182999,0.544219434261322,0.0,0.0,0.6484411954879761,0.3360390365123749,0.0,0.621476948261261,0.0024727615527808666,0.4337714910507202,0.044861968606710434,0.0,0.11540990322828293,0.0,0.020326660946011543,1.4763914346694946,0.9861167073249817,0.5236881971359253,0.20327894389629364,0.0,0.009984523057937622,0.0,0.00389877799898386,0.4789929986000061,0.0,0.027494143694639206,0.5249226689338684,0.0,0.0,0.584367036819458,0.31529656052589417,0.02047247439622879,0.0,0.0,0.0,0.3155219256877899,0.18434230983257294,0.7010661959648132,0.0,0.0021418051328510046,0.25001099705696106,0.0,0.15798823535442352,0.5601649880409241,0.0,0.0,0.0,0.44443634152412415,0.071738101541996,0.0,0.0,0.19791114330291748,0.004780867602676153,0.005373915191739798,0.19369655847549438,0.0,0.10133176296949387,0.0,0.0,0.0,0.0,0.0,0.21889431774616241,0.08665861934423447,1.0037529468536377,0.0,0.0,0.0,0.8775172829627991,0.08808505535125732,0.033179059624671936,0.23348252475261688,0.2660458981990814,0.0,0.4841587245464325,0.09064127504825592,0.37376466393470764,0.36171144247055054,0.8002050518989563,0.0,0.00011120778071926907,0.0,0.4371699392795563,0.0415678434073925,0.2870276868343353,0.734644889831543,0.8025611042976379,0.011659681797027588,0.0,0.0,0.24627338349819183,0.3121108114719391,0.0,0.001709587057121098,0.005285365041345358,0.17951259016990662,0.010520152747631073,0.5436130166053772,0.4403592348098755,0.08089417964220047,0.0,0.0,0.09579356759786606,0.0,0.0,0.0,0.057793617248535156,0.0,0.0,0.039858072996139526,0.0010976168559864163,0.5871623754501343,0.0,0.2691119611263275,0.0,0.052575238049030304,0.27512994408607483,0.0,0.7442752718925476,0.0010737694101408124,0.08556698262691498,0.07485749572515488,0.2558077275753021,0.0008931741467677057,0.2282744199037552,0.22044320404529572,0.0,0.18033474683761597,0.021380385383963585,0.5279111862182617,0.43102094531059265,0.11688588559627533,0.0,0.0007903981604613364,0.565895140171051,0.001979650231078267,0.0,0.2020007222890854,0.12075895816087723,0.0,0.031473517417907715,0.0,0.0,0.0,0.7551568150520325,0.7360173463821411,0.1745629608631134,0.2089177519083023,0.011775485239923,0.0,0.0,0.0,0.2136659473180771,0.2002289891242981,0.16070504486560822,0.058981649577617645,0.0,0.0,0.0011603079037740827,0.20221161842346191,0.17340798676013947,0.0,0.05195354297757149,0.2498607635498047,0.018612997606396675,0.0,0.5502147674560547,0.0,0.2766103148460388,0.005514482501894236,0.0,0.0,0.006195764522999525,0.10075095295906067,0.0,0.05133194848895073,0.0,0.0,0.0,0.0,0.015823205932974815,0.0,0.08605700731277466,0.6626020669937134,0.0,0.6247814893722534,0.0,0.0,0.13287903368473053,0.04965979605913162,0.0,0.04936990886926651,0.795603334903717,0.19644179940223694,0.0,0.0,0.5115007758140564,0.03614059463143349,0.0,0.0,0.0,1.1151150465011597,0.16824783384799957,0.0,0.0,0.17917652428150177,0.007946056313812733,0.05175385624170303,0.5464858412742615,0.0,0.0,0.016031570732593536,0.0,0.029355475679039955,0.10630376636981964,0.0,0.33463194966316223,0.00014525196456816047,0.6424973011016846,0.001482496620155871,0.007303236518055201,0.0,0.0,0.9842861294746399,0.0,0.0,0.11881294846534729,0.034007467329502106,0.13513168692588806,0.6313749551773071,0.0,0.0,0.0,0.0001224440784426406,0.09469595551490784,0.06654366850852966,0.7098208069801331,0.0015895465621724725,0.9691662192344666,0.0035142898559570312,0.026256190612912178,0.21147044003009796,0.0,0.010310692712664604,0.0,0.0,0.0,0.0,0.0,0.012370101176202297,0.0,0.0,0.05693491920828819,0.06538969278335571,0.6699142456054688,0.04861350357532501,0.23495347797870636,0.4376850724220276,0.0,0.0935404971241951,0.6648993492126465,0.0,0.0,0.0,0.0,0.0,0.06644019484519958,0.006657052785158157,0.10924728214740753,0.14056678116321564,0.02715810388326645,0.0,0.0,0.8924106955528259,0.4951096773147583,0.05526234582066536,0.18273143470287323,0.045840732753276825,0.0,0.26493290066719055,0.03855220228433609,0.0,0.0,0.0,1.1857706308364868,0.0,0.060454607009887695,0.017494844272732735,0.0,0.0,0.0,0.0,0.02182810939848423,0.0,0.05795319378376007,0.0,0.8203878402709961,0.03498203307390213,0.036841608583927155,0.0036348828580230474,0.06927856057882309,0.48136112093925476,0.0,0.0,0.5532345771789551,0.24402554333209991,0.005826431792229414,0.4645098149776459,0.08375051617622375,0.24381133913993835,0.0514240525662899,0.0,0.07434640824794769,0.0,0.024106455966830254,1.687408685684204,0.5347533822059631,0.46931490302085876,0.02360270358622074,0.0,0.0009344708523713052,0.011653868481516838,0.0021249905694276094,0.543274998664856,0.0,0.0,0.30835050344467163,0.001334693282842636,0.0,0.7725444436073303,0.3331720530986786,0.016632547602057457,0.004139282740652561,0.0,0.0,0.5580418705940247,0.06895602494478226,0.605607271194458,0.0,0.09890732914209366,0.3308049738407135,0.0,0.10541287809610367,0.35654231905937195,0.0,0.0,0.0,0.5049005746841431,0.06986135244369507,0.0,0.007160763721913099,0.06200382858514786,0.0,0.00757869565859437,0.36478927731513977,0.0,0.08318240940570831,0.05091796815395355,0.0,0.0,0.0,0.0,0.14029325544834137,0.09170069545507431,0.7297430634498596,0.0,0.0,0.0,0.8184372186660767,0.037045177072286606,0.04413414001464844,0.18590882420539856,0.39167165756225586,0.0,0.48965778946876526,0.1246706172823906,0.4198683500289917,0.20881405472755432,0.6867815256118774,0.0,0.014363364316523075,0.0,0.41284382343292236,0.026774663478136063,0.2951577305793762,0.6358231902122498,0.827004075050354,0.08548104017972946,0.0,0.0,0.11171893775463104,0.27486953139305115,0.0,0.06370505690574646,0.033400241285562515,0.12643131613731384,0.0,0.6869210600852966,0.7236797213554382,0.14632107317447662,0.02345423772931099,0.0,0.04404101520776749,0.01919916272163391,0.0,0.0,0.20291943848133087,0.0,0.0,0.15988273918628693,0.06722129881381989,0.48228219151496887,0.0,0.2749827802181244,0.006163538433611393,0.09714888781309128,0.1662227064371109,0.0,0.5021591186523438,0.0,0.09812285751104355,0.03635653853416443,0.2852188050746918,0.01021074503660202,0.21879689395427704,0.07968468219041824,0.0,0.10224323719739914,0.15927018225193024,0.46505293250083923,0.4351201355457306,0.060145702213048935,0.0,0.0034489764366298914,0.4134301245212555,0.009424149990081787,6.511720130220056e-05,0.42807531356811523,0.05166994780302048,0.0030720075592398643,0.013172617182135582,0.0,0.05658857524394989,0.0,0.33071961998939514,0.6799502968788147,0.3650006055831909,0.2421264350414276,0.011648883111774921,0.0,0.0,0.0,0.1515476256608963,0.1671627163887024,0.1910000443458557,0.1394568830728531,0.0,0.0004778302682098001,0.0012018382549285889,0.18715079128742218,0.07983596622943878,0.0,0.0678311139345169,0.12413188815116882,0.00778069905936718,0.0,0.3858191668987274,0.0,0.25093087553977966,0.0,0.005388298537582159,0.0,0.030416205525398254,0.1211586594581604,0.0,0.058971285820007324,0.004919537343084812,0.0,0.014220064505934715,0.02409742958843708,0.041576094925403595,0.0,0.04675029590725899,0.6962495446205139,0.0,0.4887557923793793,0.0,0.0,0.024064401164650917,0.003993483260273933,0.0,0.026997677981853485,0.8116903305053711,0.23809853196144104,0.0,0.0,0.4876890778541565,0.0016784659819677472,0.0,0.012784933671355247,0.0,1.0284682512283325,0.2702977955341339,0.0,0.0,0.18125784397125244,0.03893987461924553,0.014099820517003536,0.5088512301445007,0.0,0.0,0.012815910391509533,0.0,0.007828800939023495,0.16370725631713867,0.068951316177845,0.16062010824680328,0.010602195747196674,0.5498173832893372,0.0074918391183018684,0.007411137223243713,0.0,0.0,0.7050080299377441,0.004423935431987047,0.0,0.23765160143375397,0.22544975578784943,0.07096762955188751,0.699152946472168,0.0009838605765253305,0.0,0.0,0.0,0.1400202363729477,0.17161992192268372,0.5498576760292053,0.008559002541005611,0.724898636341095,0.0,0.04279641434550285,0.1234750896692276,0.0,0.11837120354175568,0.0,0.0,0.0,0.0,0.0,0.0,0.06482678651809692,0.001990644494071603,0.2285376936197281,0.04464707523584366,0.695514440536499,0.0009216846083290875,0.20528478920459747,0.4517916142940521,0.0,0.06717237830162048,0.39873647689819336,0.02630310133099556,0.0403861366212368,0.0,0.0,0.0,0.029410099610686302,0.013589677400887012,0.0031998506747186184,0.3979925513267517,0.007083449047058821,0.0,0.0,0.7603749632835388,0.4480050504207611,0.09494943916797638,0.1868080049753189,0.1480480134487152,0.003843760583549738,0.1809033304452896,0.04604090005159378,0.013452447019517422,0.0,0.0,0.9152064919471741,0.0,0.1032525822520256,0.018554620444774628,0.0,0.0,0.0,0.0,0.14300884306430817,0.0,0.027661608532071114,0.0,0.6642585396766663,0.013887681998312473,0.019519733265042305,0.02414127252995968,0.047228120267391205,0.3078015148639679,0.0,0.0,0.48355406522750854,0.35774433612823486,0.0022432084660977125,0.42908594012260437,0.016238020732998848,0.2522293031215668,0.01866472139954567,0.0,0.05802607908844948,0.0,0.010134782642126083,1.5286145210266113,0.7052323222160339,0.3888872265815735,0.06885378807783127,0.0,0.008743556216359138,0.011222388595342636,0.01601994037628174,0.3553498685359955,0.0,0.040870267897844315,0.4157906770706177,0.0005195816629566252,0.0,0.6396541595458984,0.2707427442073822,0.013343044556677341,0.0,0.029139939695596695,0.0,0.3128712773323059,0.13620051741600037,0.4677935540676117,0.0,0.044105786830186844,0.16794897615909576,-1.0911822319030762
163,0.010871869511902332,0.07731997221708298,0.003566709579899907,0.0,0.0,0.0,0.04559313878417015,0.11703434586524963,0.0,0.11888720095157623,0.3507412374019623,0.05653119087219238,0.0,0.17350120842456818,0.505478024482727,0.00857020728290081,0.0,0.46795812249183655,0.2322935312986374,0.0,0.07316320389509201,0.12406948208808899,0.0,0.7825745344161987,0.1916106790304184,0.0,0.0,0.43740853667259216,0.007325485348701477,0.024916749447584152,0.0,0.22016794979572296,0.029709842056035995,0.15841196477413177,0.0029914577025920153,0.0,0.0,0.03199658915400505,0.378593772649765,0.2828337252140045,0.0804596021771431,0.006402889732271433,0.15086038410663605,0.0,0.2261563390493393,0.0,0.17662449181079865,0.006084487773478031,0.0,0.25810757279396057,0.0,0.011152436025440693,0.7868145704269409,0.0005660715396516025,0.0,0.373820036649704,0.0,0.4491714835166931,0.020521901547908783,0.003996139857918024,0.0,0.16990849375724792,0.05170299485325813,0.3407718241214752,0.0,0.0,0.0,0.9618178606033325,0.09241757541894913,0.024016285315155983,0.0,0.0,0.07885036617517471,0.6561362743377686,0.0,0.1077125146985054,0.4123365879058838,0.048879384994506836,0.0,0.0,0.2283109873533249,0.0,0.0810321718454361,0.1760140210390091,0.8165987133979797,0.02723129466176033,0.0,0.10090456157922745,0.6226677298545837,0.051211703568696976,0.036699194461107254,0.6775757074356079,0.009577463380992413,0.09479627758264542,0.002111513167619705,0.07794614881277084,0.08407287299633026,0.0,0.0,0.057358790189027786,0.47546476125717163,0.08803736418485641,0.0,0.7763113379478455,0.013242719694972038,0.0,0.00516851432621479,0.5325803756713867,0.0007167694275267422,0.0,0.43509915471076965,0.015372054651379585,0.0,0.20939652621746063,0.044629354029893875,0.01122763566672802,0.01651938445866108,0.5213087201118469,0.0,0.026259923353791237,0.33882585167884827,0.18468904495239258,0.0034294009674340487,0.0,0.2915039658546448,0.17220360040664673,0.0,0.0,0.4217320680618286,0.0,0.0,0.14112578332424164,0.0,0.01899428851902485,0.006146268919110298,0.10085500031709671,0.07333336770534515,0.0,0.06503919512033463,0.0,0.0,0.005832727067172527,0.0,0.0,0.03514448553323746,0.06012934446334839,0.026763135567307472,0.0003349623875692487,0.012731467373669147,0.0,0.0,0.013106280006468296,0.00867252703756094,0.0,0.003177858889102936,0.07045069336891174,0.07448088377714157,0.0,0.0,0.0,0.024432053789496422,0.0,0.04679444059729576,0.004463404417037964,0.0,0.08203338086605072,0.0,0.0,0.23979292809963226,0.015345552004873753,0.09395954757928848,0.08317802101373672,0.0,0.0,0.07283718883991241,0.4676276743412018,0.0,0.0,0.305989533662796,0.0,0.11758439987897873,0.010457456111907959,0.042501989752054214,0.0030821163672953844,0.02681034430861473,0.0,0.0036640597973018885,0.0,0.0,0.0,0.0,0.5571654438972473,0.15573330223560333,0.0,0.04269517585635185,0.24129420518875122,0.0,0.14727114140987396,0.7018538117408752,0.0,0.15674175322055817,0.0,0.0,0.0,0.0,0.0,0.038185667246580124,0.969298243522644,0.4245877265930176,0.0,0.21162959933280945,0.0971364825963974,0.0,0.0,0.47147804498672485,0.033204350620508194,0.026572788134217262,0.0,0.0,0.1445673257112503,0.0,0.07977751642465591,0.46467071771621704,0.0,0.16922208666801453,0.0016907869139686227,0.3108319342136383,0.48557350039482117,0.012285270728170872,0.5551717877388,0.07063960283994675,0.19996227324008942,0.29451823234558105,0.008445100858807564,0.24594470858573914,0.003985076677054167,0.0,0.0,0.0,0.006948967929929495,0.0,0.0,0.011709816753864288,0.05111215263605118,0.42276373505592346,0.21626794338226318,0.04822269454598427,0.0,0.0,0.0,0.0,0.670013964176178,0.0,0.0,0.0018558526644483209,0.0,0.0,0.0,0.0037636396009474993,0.0,0.0,0.2675582468509674,0.21541042625904083,0.0,0.0,1.0181695222854614,0.0,0.22362855076789856,0.021951530128717422,0.0,0.0,0.09064236283302307,0.3240807056427002,0.0,0.1750108301639557,0.0,0.04259307682514191,0.0,0.37795671820640564,0.0,0.43422287702560425,0.0,0.0,0.6266641616821289,0.0,0.0488186739385128,0.0,0.0,0.43252328038215637,0.034887030720710754,0.04148560389876366,0.0,0.0,0.5253356099128723,0.4231692850589752,0.0,0.01734388805925846,0.7080551385879517,0.2885471284389496,0.047415561974048615,0.06787832826375961,0.05811480060219765,0.014211419969797134,0.0,0.0,0.0,0.41265836358070374,0.10149651765823364,0.0,0.08190383017063141,0.1042557805776596,0.1130463033914566,0.0,0.3956300914287567,0.06952878087759018,0.0,0.05560525879263878,0.016488811001181602,0.04420168697834015,0.0,0.0,0.12779511511325836,0.0,0.21885183453559875,0.14721877872943878,0.0,0.0,0.4070872664451599,0.0,0.11027774959802628,0.0,0.2720177471637726,0.0,0.2567577660083771,0.001421270309947431,0.0,0.07416902482509613,0.05352232605218887,0.07030357420444489,0.3804885447025299,0.14465706050395966,0.008073371835052967,0.21588796377182007,0.004902535118162632,0.16479919850826263,0.0,0.43837639689445496,0.0,0.0,0.003590442705899477,0.015518829226493835,0.0,0.5419965386390686,0.0,0.0,0.11368078738451004,0.006369689479470253,0.8648465275764465,0.16095079481601715,0.019094781950116158,0.0,0.21815556287765503,0.3443748652935028,0.06071776896715164,0.0,0.0,0.0,0.4106925129890442,0.26063698530197144,0.27685895562171936,0.0,0.0,0.17238527536392212,0.5800347328186035,0.0,0.027481287717819214,0.11837230622768402,0.0,0.0,0.28226006031036377,0.06856788694858551,0.0,0.0,0.2480916678905487,0.06138283759355545,0.051657743752002716,0.0,0.3481515944004059,0.555867075920105,0.3004991114139557,0.04433474317193031,0.11337072402238846,0.08710829168558121,2.5828680350059585e-07,0.0,0.044013381004333496,0.583694338798523,0.0,0.002315690042451024,0.05295543000102043,0.1556079089641571,0.45044395327568054,0.0,0.16231702268123627,0.28812935948371887,0.039362210780382156,0.008513337932527065,0.1287335455417633,0.010846664197742939,0.0,0.24199004471302032,0.10874000936746597,0.005953604821115732,0.21999116241931915,0.0,0.0,0.12856194376945496,0.07077966630458832,0.0,0.0,0.15173956751823425,0.04664839431643486,0.0,0.013140267692506313,0.05754287913441658,0.2680415213108063,0.0,0.0,0.054843541234731674,0.0,0.0,0.15770265460014343,0.0,0.05413597822189331,0.0,0.1221349760890007,0.007507991511374712,0.0,0.20002567768096924,0.0067799994722008705,0.0,0.0,0.0,0.0,0.02173352986574173,0.03391529619693756,0.0577838234603405,0.01179102435708046,0.2521604895591736,0.0001850724220275879,0.0,0.0009352107299491763,0.019673356786370277,0.0,0.0,0.052492666989564896,0.006080500781536102,0.02205962873995304,0.0,0.0,0.024952588602900505,0.012672746554017067,0.13386252522468567,0.0,0.11644279956817627,0.19615735113620758,0.0,0.0,0.009422214701771736,0.0,0.010470637120306492,0.03087213635444641,0.046050529927015305,0.0,0.34071674942970276,0.0984259843826294,0.0,0.0017557955579832196,0.14050765335559845,0.06802567094564438,0.007409385405480862,0.0,0.0699230432510376,0.011205176822841167,0.028682589530944824,0.11904088407754898,0.40809574723243713,0.0,0.0,0.0,0.0,0.21200530230998993,0.39301151037216187,0.0,0.2785851061344147,0.011464533396065235,0.15173566341400146,0.018851974979043007,0.22960062325000763,0.0,0.03481920436024666,0.0,0.010516221635043621,0.11732729524374008,0.0,0.0,0.008985218591988087,0.12131340056657791,0.02341398037970066,0.00559441652148962,0.24687974154949188,0.4758864641189575,0.0,0.0033606349024921656,0.10459184646606445,0.09142984449863434,0.2788500189781189,0.0,0.0,0.21641956269741058,0.0,0.11996396631002426,0.02499803900718689,0.0,0.15347637236118317,0.0,0.07982156425714493,0.012167822569608688,0.26312461495399475,0.19058887660503387,0.03501315787434578,0.0007345958147197962,0.11766094714403152,0.009052414447069168,0.26113006472587585,0.03294967859983444,0.0,0.0,0.019833339378237724,0.06020434573292732,0.003712174715474248,0.0,0.00951799750328064,0.036935631185770035,0.07533591985702515,0.01307003665715456,0.06761883199214935,0.0,0.0,0.0,0.0,0.5545676946640015,0.0,0.0,0.0014181719161570072,0.0,0.0,0.019087988883256912,0.01564817689359188,0.0,0.009680645540356636,0.0196930393576622,0.020412122830748558,0.02372746542096138,0.0,0.6969292163848877,0.007930561900138855,0.060869719833135605,0.11547493934631348,0.0,0.0,0.10229233652353287,0.19334615767002106,0.0,0.025629281997680664,0.3926642835140228,0.18155984580516815,0.0,0.022372886538505554,0.0,0.02961764670908451,0.0941004753112793,0.0,0.12208914756774902,0.004175237845629454,0.2887105941772461,0.0,0.0,0.33003029227256775,0.2939903736114502,0.02147575095295906,0.0,0.0,0.3170093595981598,0.23059800267219543,0.0,0.4088364839553833,0.43126317858695984,0.019628049805760384,0.0,0.032722558826208115,0.042595021426677704,0.0026023685932159424,0.0,0.0,0.0,0.17435626685619354,0.1934809684753418,8.4639475971926e-05,0.0707722008228302,0.2909248173236847,0.13306300342082977,0.0,0.3066204786300659,0.4293797016143799,0.0,0.0018236390314996243,0.29618144035339355,0.08325489610433578,0.0,0.0426752083003521,0.18236751854419708,0.0,0.5880565643310547,0.13141606748104095,0.0,0.0,0.5212417244911194,0.0,0.020617928355932236,0.0,0.28512001037597656,0.0011388028506189585,0.21616806089878082,0.0,0.013077255338430405,0.0,0.027208887040615082,0.313703328371048,0.37200653553009033,0.10617918521165848,0.031405333429574966,0.16530632972717285,0.0030556267593055964,0.2830854654312134,0.0,0.21282699704170227,0.0,0.0,0.17007067799568176,0.0,0.007395543623715639,0.7721027135848999,0.0,0.0,0.3858785629272461,0.00043319741962477565,0.639975368976593,0.052591901272535324,0.012196172960102558,0.0,0.256926953792572,0.159455806016922,0.2729383707046509,0.0,0.0,0.0,0.8385780453681946,0.16127118468284607,0.11620312184095383,0.0,0.0,0.05554749444127083,0.5880577564239502,0.0,0.15399299561977386,0.32837873697280884,0.03327558562159538,0.0,0.03229425102472305,0.10782081633806229,0.0,0.03373751789331436,0.22697731852531433,0.5934553742408752,0.015291042625904083,0.0,0.2530820965766907,0.6242771744728088,0.10257415473461151,0.019210653379559517,0.5361150503158569,0.014464139007031918,0.014886238612234592,0.002064353786408901,0.07048439979553223,0.28954124450683594,0.0,0.0,0.13500840961933136,0.35220757126808167,0.26522549986839294,0.0,0.42808592319488525,0.0977146103978157,0.00644587492570281,0.004378520417958498,0.28522002696990967,0.0037645602133125067,0.0,0.45554232597351074,0.010064495727419853,0.0,0.21807897090911865,0.03392812982201576,0.0,0.06851350516080856,0.3535582423210144,0.0,0.011275893077254295,0.4114866852760315,0.12072602659463882,0.0005813442403450608,0.0,0.29660218954086304,0.19887036085128784,0.0,0.0,0.3463139235973358,0.0,0.0023800726048648357,0.16317588090896606,0.0,0.013945643790066242,0.004799372982233763,0.09223291277885437,0.034274935722351074,0.0,0.07791998982429504,0.0,0.0,0.0,0.0,0.0,0.013190245255827904,0.024478722363710403,0.027144189924001694,0.000105871215055231,0.0239144004881382,0.0,0.0,0.011764129623770714,0.0,0.0,0.0,0.04114072024822235,0.08912060409784317,0.0,0.0,0.0028720085974782705,0.03778860345482826,0.0,0.04311851039528847,0.0,0.021261602640151978,0.14648880064487457,0.0,0.0,0.19158965349197388,0.0,0.027251215651631355,0.06763830035924911,0.0006607280229218304,0.0,0.1638873815536499,0.3388744294643402,0.0,0.0,0.22388805449008942,0.0007515786564908922,0.04437072202563286,0.0052341497503221035,0.022968415170907974,0.009554547257721424,0.010744274593889713,0.03654129430651665,0.14845339953899384,0.0,0.0,0.0,0.0,0.4851333498954773,0.241254523396492,0.0,0.13079074025154114,0.16414813697338104,0.011622264049947262,0.06289979070425034,0.5417543053627014,0.0,0.07410112768411636,0.0,0.0,0.022297991439700127,0.0,0.0,0.001100301742553711,0.7172310948371887,0.32865217328071594,0.0,0.2916985750198364,0.19851626455783844,0.0,0.0,0.42778652906417847,0.008734665811061859,0.05286595597863197,0.0,0.0,0.20975996553897858,0.0,0.08095622062683105,0.2932157516479492,0.0,0.11860547214746475,0.0026287033688277006,0.20924100279808044,0.3267773389816284,0.10790126025676727,0.48472264409065247,0.04309596121311188,0.12528198957443237,0.20918008685112,0.004783071111887693,0.3544318974018097,0.0,0.0,0.0,0.0023022096138447523,0.014872414059937,0.0,0.0,0.009611226618289948,0.031527552753686905,0.30777910351753235,0.21680422127246857,0.010950686410069466,0.0,0.0,0.0,0.0,0.6708769202232361,0.0,0.0,0.0018076564883813262,0.0,0.0,0.0,0.009627321735024452,0.0,0.0,0.20524786412715912,0.10112509876489639,0.004819291178137064,0.0,0.9885823726654053,0.0,0.13759256899356842,0.014574696309864521,0.0,0.0,0.06956137716770172,0.37325090169906616,0.0,0.1464473456144333,0.036102477461099625,0.03022460825741291,0.0,0.2655634880065918,0.0,0.2820870578289032,0.0028223679400980473,0.0,0.459202378988266,0.0020623854361474514,0.1259915828704834,0.0,0.0,0.4351302981376648,0.17123837769031525,0.016106752678751945,0.0,0.0,0.41705670952796936,0.36253997683525085,0.0,0.09470696747303009,0.5829390287399292,0.16547563672065735,0.012044453993439674,2.2530357837677
164,0.2938356101512909,0.1227269396185875,0.21596424281597137,0.0,0.0,0.0,0.8851597905158997,0.0,0.014155596494674683,0.29749301075935364,0.0,0.0,0.0,0.5164159536361694,0.0,0.1590624749660492,0.05402419716119766,0.0,0.0,0.0,0.0,0.0,0.02507593110203743,0.013667652383446693,0.12309308350086212,0.013499096035957336,0.0,0.6662677526473999,0.06754399836063385,0.031231900677084923,0.11768078804016113,0.4254717528820038,0.0,0.03803813457489014,0.1541692465543747,0.07068108767271042,0.0,0.4906601011753082,0.024001389741897583,0.003120020730420947,0.6144158244132996,0.2729329466819763,0.1081928163766861,0.0986732766032219,0.14002002775669098,0.582213819026947,0.7020936012268066,0.021339422091841698,0.0,0.10111027956008911,0.21760264039039612,0.0,0.14757880568504333,0.012181910686194897,0.12230134010314941,0.0,0.6754289865493774,1.4218438863754272,0.5517569780349731,0.12864099442958832,0.0,0.0,0.4388497471809387,0.0,0.0,0.09830973297357559,0.0,0.0,0.5003424882888794,0.2847082018852234,0.37648364901542664,0.0,0.5531821250915527,0.4171430766582489,0.34860584139823914,0.005943004973232746,0.10013393312692642,0.01866343431174755,0.0,0.16061554849147797,0.015843508765101433,0.006443396210670471,0.0,0.24304428696632385,0.0,0.01705504208803177,0.0021788552403450012,0.4974845051765442,0.23435811698436737,0.39047518372535706,0.2989770770072937,0.0,0.009717526845633984,0.11683100461959839,0.0,0.2648296356201172,0.7960958480834961,0.0,0.03135275840759277,0.0,0.002349013229832053,0.3745461404323578,0.007155656814575195,0.017414016649127007,0.5647628903388977,0.4909447729587555,0.194431871175766,0.041392844170331955,0.19712769985198975,0.0,0.0,0.097533218562603,0.2763754427433014,0.4713403284549713,0.6726646423339844,0.0,0.08940394967794418,0.01664816588163376,0.20440581440925598,0.0669822096824646,0.0,0.45186424255371094,0.20070810616016388,0.008493750356137753,0.0,0.0,0.0,0.37949487566947937,0.0,0.012012056075036526,0.0,0.0018989489180967212,0.42397117614746094,0.047498323023319244,0.14499206840991974,0.589181125164032,0.0,0.0,0.383912056684494,0.07331107556819916,0.0,0.0,0.12655089795589447,0.0,0.1404617875814438,0.0,0.4588763415813446,0.00011086017184425145,0.0,0.0,0.005170671734958887,0.42232438921928406,0.07572504132986069,0.0,0.0,0.8337776064872742,0.06230107694864273,0.0,0.017378468066453934,0.07304259389638901,0.5681642293930054,0.27872273325920105,0.19383186101913452,0.0,0.1833799183368683,0.24070215225219727,0.0,0.38362130522727966,0.0,0.0,0.010671925731003284,0.0,0.0025681511033326387,0.021292610093951225,0.9132615923881531,0.0,0.03488936647772789,0.45757928490638733,0.0,0.04474512115120888,0.0,0.0,0.17076340317726135,0.1348239928483963,0.0,0.4834468364715576,0.7130151391029358,0.013132288120687008,0.6338921189308167,0.0,0.0,0.0,0.1818908303976059,0.04078112915158272,0.31988975405693054,0.19884398579597473,0.044817663729190826,0.2733651101589203,0.0,0.34894347190856934,0.17884722352027893,0.0,0.07489974796772003,0.41684308648109436,0.0,0.014821243472397327,0.0,0.0,0.0,0.16897475719451904,0.10141202062368393,0.636853814125061,0.031764086335897446,0.528606116771698,0.0,0.23201170563697815,0.806786835193634,0.0,0.19322644174098969,0.1522952765226364,0.0,0.45927801728248596,0.0,0.08787636458873749,0.029848609119653702,0.0017822101945057511,0.43623819947242737,0.0,0.8252312541007996,0.0,0.25155845284461975,0.03476683050394058,0.4145831763744354,0.17981845140457153,0.03060896508395672,0.3296317756175995,0.4372631013393402,0.0,0.06352093815803528,0.030109314247965813,0.21644531190395355,0.0,0.0021792296320199966,0.2672531008720398,0.0,0.01586179807782173,0.01430684793740511,0.0,0.0,0.0,0.0,0.29194536805152893,0.0,0.0,0.01564343273639679,0.7194657921791077,0.014765891246497631,0.11697208136320114,0.04678322374820709,0.13261258602142334,0.13425710797309875,0.0,0.0008579731220379472,0.3556729853153229,0.534029483795166,0.0,0.27212604880332947,0.0,0.3537173271179199,0.0,0.05130459740757942,0.33310362696647644,0.0,0.0,0.7029582858085632,1.0354692935943604,0.36634016036987305,0.38936927914619446,0.0,0.0,0.0,0.0898631289601326,0.07136956602334976,0.02328616939485073,0.3065605163574219,0.668428897857666,0.0,0.0855339989066124,0.05334167554974556,0.18058405816555023,0.08044854551553726,0.0,0.061173804104328156,0.0,0.007732123136520386,0.12285417318344116,0.5892371535301208,0.06804404407739639,0.050128210335969925,0.0847257524728775,0.2500429153442383,0.0638703852891922,0.013276522979140282,0.0,0.0,0.0,0.335460901260376,0.049788158386945724,0.016848094761371613,0.01959373988211155,0.1192018985748291,0.11472751200199127,0.0,0.22303742170333862,0.275554895401001,0.0,0.011928926222026348,0.1315649449825287,0.08957014977931976,0.0,0.02314114011824131,0.05358079448342323,0.0,0.2887517809867859,0.26961269974708557,0.0,0.0,0.3938469886779785,0.0,0.024858009070158005,0.0,0.31233859062194824,0.0003373372310306877,0.15237268805503845,0.10395126044750214,0.0,0.02825348637998104,0.04021443799138069,0.08813821524381638,0.1840033382177353,0.3005979061126709,0.012325461022555828,0.21747583150863647,0.006009830627590418,0.13705050945281982,0.0,0.30970993638038635,0.0,0.0,0.1713206022977829,0.008313809521496296,0.0,0.7282446026802063,0.0,0.0,0.20541594922542572,0.013050656765699387,0.7356860637664795,0.1978560835123062,0.016076266765594482,0.0,0.05456430837512016,0.27335992455482483,0.11752321571111679,0.0,0.0,0.0,0.6495761871337891,0.28292107582092285,0.23540566861629486,0.0,0.0,0.0951356366276741,0.87591552734375,0.0,0.011612892150878906,0.2339518815279007,0.0,0.0,0.16672880947589874,0.11369683593511581,0.0,0.00036079506389796734,0.1806754320859909,0.3276730477809906,0.05284794420003891,0.0,0.4302669167518616,0.6218665242195129,0.29355674982070923,0.07273878157138824,0.37453848123550415,0.10167412459850311,0.0,0.00668615847826004,0.18335746228694916,0.4867174029350281,0.0,0.0,0.035921595990657806,0.35149332880973816,0.536053478717804,0.0,0.31586953997612,0.1929216831922531,0.0,0.015755467116832733,0.29121696949005127,0.001494853408075869,0.0,0.37530675530433655,0.10510722547769547,0.0,0.20799696445465088,0.1065419390797615,0.007077335380017757,0.1708323061466217,0.3270508050918579,0.0,0.008606871590018272,0.21753911674022675,0.2720661759376526,0.0,0.0,0.1955406665802002,0.08650822192430496,0.0,0.0010077859042212367,0.2563461661338806,0.0,0.0,0.1235080361366272,0.005301470868289471,0.06921247392892838,0.0014578565023839474,0.25411954522132874,0.06033007800579071,0.0,0.19352535903453827,0.00040933964191935956,0.0,0.0,0.0,0.0,0.006377942394465208,0.04870814085006714,0.10578322410583496,0.02078287862241268,0.21005618572235107,0.0,0.0,0.02132727950811386,0.005392902530729771,0.0,0.0,0.13515642285346985,0.03502452000975609,0.0085755018517375,0.0,0.0,0.012197330594062805,0.01801108941435814,0.11926230043172836,0.0,0.010834737680852413,0.190739706158638,0.0,0.0,0.20849807560443878,0.0,0.06149435043334961,0.194657564163208,0.006038543302565813,0.0,0.5568512082099915,0.2211374044418335,0.0,0.011748124845325947,0.15001870691776276,0.032415203750133514,0.02200070209801197,0.0011994927190244198,0.08872040361166,0.004859786480665207,0.04872555658221245,0.10332979261875153,0.25541579723358154,0.0,0.0,0.0,0.0,0.5019413232803345,0.4043756425380707,0.0,0.2039462924003601,0.039559438824653625,0.13154399394989014,0.052669938653707504,0.44153380393981934,0.0,0.0824648067355156,0.0,0.005600187927484512,0.2277863770723343,0.012270423583686352,0.0,0.0857437252998352,0.5047435760498047,0.20843666791915894,0.04430871084332466,0.25779929757118225,0.5319267511367798,0.0,0.0,0.17708635330200195,0.034176524728536606,0.13577845692634583,0.0,0.0,0.1851639300584793,0.0,0.1314733922481537,0.2327018678188324,0.007826641201972961,0.18963861465454102,0.004223279654979706,0.4379979968070984,0.1710011512041092,0.31821128726005554,0.2796030640602112,0.09001155942678452,0.21803900599479675,0.10892681032419205,0.002505057957023382,0.06594624370336533,0.035082537680864334,0.0,0.0,0.0,0.02697053551673889,0.003304495243355632,0.0025778908748179674,0.013915243558585644,0.03129402920603752,0.21776752173900604,0.1900121569633484,0.05986658111214638,0.0031792446970939636,0.0,0.007395695894956589,0.0,0.7434573173522949,0.0,0.0,0.07460236549377441,0.0,0.0,0.016842026263475418,0.0071949041448533535,0.0,0.004167447332292795,0.19811606407165527,0.12371603399515152,0.01365527044981718,0.0,0.9271535277366638,0.0,0.06858193874359131,0.06732801347970963,0.0,0.0,0.17549438774585724,0.22491100430488586,0.0,0.061167020350694656,0.21867959201335907,0.0853915736079216,0.0,0.15760159492492676,0.0,0.256428986787796,0.02494940161705017,0.0,0.41839471459388733,0.012825747020542622,0.2629847228527069,0.0,0.0,0.18316690623760223,0.06727590411901474,0.02873341739177704,0.0,0.0,0.4921342730522156,0.21688398718833923,0.0,0.12653911113739014,0.6669278740882874,0.035688616335392,0.0030347537249326706,0.3029787540435791,0.11503038555383682,0.13158534467220306,0.0,0.018549904227256775,0.0,0.6141892075538635,0.049698606133461,0.014732572250068188,0.16478298604488373,0.023388100787997246,0.0507027767598629,0.0010632629273459315,0.420880526304245,0.07773208618164062,0.073866106569767,0.058286476880311966,0.00296054407954216,0.0,0.006905772723257542,0.0,0.08434045314788818,0.003226845758035779,0.12862789630889893,0.12050972133874893,0.0,0.0,0.6138696074485779,0.04563526064157486,0.00665197242051363,0.03298851475119591,0.42419272661209106,0.0,0.09805575013160706,0.11960092931985855,0.01447551604360342,0.0,0.23886655271053314,0.09705064445734024,0.1399342268705368,0.471171110868454,0.21830812096595764,0.1216244250535965,0.07608164846897125,0.20786051452159882,0.22631020843982697,0.5599913001060486,0.009164988063275814,0.0,0.08160334825515747,0.11050858348608017,0.00013250112533569336,0.4793255031108856,0.00010606013529468328,0.03685721382498741,0.017388591542840004,0.29940852522850037,1.1741985082626343,0.39671072363853455,0.15991289913654327,0.0,0.11360634863376617,0.44007164239883423,0.02716504968702793,0.010372591204941273,0.01930387131869793,0.0,0.16553495824337006,0.48228827118873596,0.29872357845306396,0.138783261179924,0.0,0.28654181957244873,0.6260706782341003,0.1016540676355362,0.0670631006360054,0.1623901128768921,0.011469150893390179,0.0,0.13370029628276825,0.03957827016711235,0.0,0.0,0.22999726235866547,0.049017634242773056,0.018680483102798462,0.0,0.6008577346801758,0.3704659938812256,0.3172026574611664,0.15697608888149261,0.06847456842660904,0.018833830952644348,0.08233123272657394,0.02676672302186489,0.22638051211833954,0.7762289643287659,0.0,0.028493577614426613,0.0761745274066925,0.03459013253450394,0.5382238030433655,0.0,0.032664697617292404,0.40539979934692383,0.16580502688884735,0.0885375440120697,0.09198746085166931,0.07641638070344925,0.0,0.12016214430332184,0.06533204019069672,0.07899320870637894,0.38109999895095825,0.4236997663974762,0.0,0.12794436514377594,0.1053285226225853,0.06280869990587234,0.0527370385825634,0.13294155895709991,0.35758495330810547,0.11870504915714264,0.0,0.060029711574316025,0.02304989844560623,0.0,0.2076881378889084,0.05488806590437889,0.0,0.0,0.13105732202529907,0.1755317896604538,0.050647396594285965,0.07030274718999863,0.473181813955307,0.00675430241972208,0.0,0.2687433063983917,0.0544249601662159,0.0,0.0,0.019446896389126778,0.01396635640412569,0.025435030460357666,0.0,0.3192429840564728,0.005904687102884054,0.0,0.0,0.0,0.2099941223859787,0.03788628801703453,0.0,0.0,0.48492613434791565,0.043534841388463974,0.0,0.0024922103621065617,0.04986336827278137,0.26765066385269165,0.13283458352088928,0.08719177544116974,0.016238555312156677,0.191426083445549,0.2532412111759186,0.0,0.11565299332141876,0.0058782934211194515,0.0,0.024152401834726334,0.12213502079248428,0.0,0.000503196963109076,0.8519987463951111,0.05942979454994202,0.0027343393303453922,0.18432997167110443,0.03574361279606819,0.030140697956085205,0.0,0.028303606435656548,0.10845674574375153,0.049670156091451645,0.0,0.3953542709350586,0.5296251773834229,0.007470390293747187,0.22447709739208221,0.0,0.0030730522703379393,0.12265433371067047,0.2852803170681,0.014974907040596008,0.2947898507118225,0.13528847694396973,0.029286039993166924,0.16308927536010742,0.053218938410282135,0.06832879036664963,0.11288873106241226,0.0,0.05837980657815933,0.3135855197906494,0.005021483637392521,0.008148926310241222,0.0,0.14694836735725403,0.007438330445438623,0.08005771785974503,0.25899091362953186,0.6589500904083252,0.011846328154206276,0.16099362075328827,0.09539240598678589,0.09826654195785522,0.5026312470436096,0.030586889013648033,0.07023146003484726,0.188007190823555,0.010468759573996067,0.2935633659362793,0.004921236541122198,0.06839686632156372,0.04522734135389328,0.02678108774125576,0.44666796922683716,0.04951436445116997,0.6592638492584229,0.019642114639282227,0.13582271337509155,0.12414441257715225,0.25667282938957214,0.07578963041305542,0.1186901330947876,0.17720840871334076,0.059491973370313644,0.0,0.0167072806507349,0.03483109548687935,0.0798315778374672,0.0,0.010120878927409649,0.1348661184310913,0.030972307547926903,0.07502525299787521,0.0,0.0,0.0,0.006605328526347876,0.0,0.5683906674385071,0.0,0.0,0.029887855052947998,0.29705387353897095,0.002157566836103797,0.052116699516773224,0.04669371619820595,0.04389910399913788,0.07041051983833313,0.05311380699276924,0.02103366330265999,0.15787124633789062,0.1688384860754013,0.5120132565498352,0.10112877190113068,0.0,0.17882798612117767,0.0,0.017445510253310204,0.26252949237823486,0.10088709741830826,0.0008779678610153496,0.4525359272956848,0.6386680603027344,0.18263517320156097,0.12687619030475616,0.012375964783132076,0.00018705926777329296,0.024816634133458138,0.05397769808769226,0.009975728578865528,0.13851900398731232,0.23330000042915344,0.507255494594574,0.006892509758472443,0.02464309148490429,0.10225405544042587,0.19652079045772552,0.0544249527156353,0.0,0.010859292931854725,0.13991765677928925,0.11237981170415878,0.04183538630604744,0.3039136528968811,0.3555997908115387,0.03485678881406784,0.0813675969839096,-0.914605975151062
165,0.06082551181316376,0.1308518648147583,0.0278447438031435,0.0,0.0,0.0,0.4306882619857788,0.09225840121507645,0.0,0.009537520818412304,0.0771225094795227,0.006499812938272953,0.0,0.2563668191432953,0.0,0.08856651186943054,0.01899569481611252,0.005777932237833738,0.0,0.0,0.0,0.05432683974504471,0.0,0.4092021882534027,0.027059273794293404,0.0,0.0,0.47542867064476013,0.0026083060074597597,0.04668053984642029,0.0939190536737442,0.28113824129104614,0.0,0.27138417959213257,0.06875140964984894,0.03562169149518013,0.005385398864746094,0.17791712284088135,0.07117041945457458,0.09201987832784653,0.029485762119293213,0.09342250972986221,0.07525946199893951,0.05234663188457489,0.20897869765758514,0.08774768561124802,0.14736419916152954,0.030157502740621567,0.0,0.06699616461992264,0.10360207408666611,0.0,0.2339373528957367,0.0029582870192825794,0.03664713352918625,0.0,0.1901702880859375,0.5895224809646606,0.1447526514530182,0.03223007917404175,0.0,0.08724629878997803,0.0749724879860878,0.0,0.0,0.0019473874708637595,0.0,0.051872823387384415,0.11539485305547714,0.09773007780313492,0.015226508490741253,0.0,0.11235757917165756,0.12036027759313583,0.025422686710953712,0.04555847495794296,0.046272944658994675,0.09239701926708221,0.0,0.062182433903217316,0.031256455928087234,0.03887183219194412,0.0,0.14302249252796173,0.1256788671016693,0.0,0.04145298898220062,0.23229879140853882,0.4087119698524475,0.3445962369441986,0.03508120775222778,0.0,0.032315392047166824,0.08955342322587967,0.0025178424548357725,0.031725797802209854,0.4543115198612213,0.0,0.002052810275927186,0.001868265331722796,0.0039892904460430145,0.3038921058177948,0.0,0.42912396788597107,0.2709784507751465,0.14546893537044525,0.030701259151101112,0.0630008652806282,0.006613817065954208,0.0,0.0,0.039203714579343796,0.04068760946393013,0.23148177564144135,0.05917742848396301,0.0,0.0351959653198719,0.054920148104429245,0.07017724215984344,0.013459201902151108,0.0,0.06282036751508713,0.0013856816804036498,7.076832844177261e-05,0.0,0.30921047925949097,0.0,0.0,0.005227559246122837,0.026872044429183006,0.0,0.19608493149280548,0.0163350198417902,0.009538648650050163,0.0028195702470839024,0.06001489982008934,0.0,0.0,0.01754022017121315,6.956539436941966e-05,0.0,0.004476848058402538,0.0136537691578269,0.0,0.1728779822587967,2.50651082751574e-05,0.02867925725877285,0.0025897969026118517,0.03313300386071205,6.947598740225658e-05,0.040674787014722824,0.1552494764328003,0.07808460295200348,0.0,0.0,0.3040332496166229,0.03575501590967178,0.0,0.027436653152108192,0.028215846046805382,0.25390222668647766,0.09967430680990219,0.01412387378513813,0.0,0.014764287509024143,0.08839516341686249,0.0,0.07135935127735138,0.0,0.0,0.0,0.0,0.0063782925717532635,0.022452494129538536,0.13348641991615295,0.21371805667877197,0.021919284015893936,0.058620236814022064,0.005385638680309057,0.014757472090423107,0.00039129095966927707,0.004145471379160881,0.21196413040161133,0.0,0.0034512660931795835,0.11813545227050781,0.19384726881980896,0.0,0.038752175867557526,0.0,0.0,0.027115903794765472,0.0829756036400795,0.003553964663296938,0.17254602909088135,0.21017660200595856,0.022508079186081886,0.23875783383846283,0.040648575872182846,0.03331770375370979,0.11624476313591003,0.0,0.024599140509963036,0.04928724095225334,0.0,0.0,0.0,0.025443432852625847,0.01134742796421051,0.07346375286579132,0.03909764066338539,0.2746853828430176,0.0160532109439373,0.1590433120727539,0.002651978749781847,0.03716990351676941,0.3014051020145416,0.0,0.011116962879896164,0.2576583921909332,0.0,0.046479325741529465,0.0,0.0007771335076540709,0.009897897019982338,0.0019283152651041746,0.12332411855459213,0.005470143165439367,0.26795023679733276,0.03536948561668396,0.0039205532521009445,0.0,0.36142659187316895,0.060759980231523514,0.05136416479945183,0.07662983238697052,0.030665216967463493,0.0,0.030888423323631287,0.06866513937711716,0.0505264475941658,0.0,0.0,0.33362284302711487,0.0,0.06179492175579071,0.05002208426594734,0.0,0.0,0.0,0.0,0.2602007985115051,0.0,0.0,0.018851077184081078,0.10929762572050095,0.0,0.04688243567943573,0.05777110531926155,0.013247519731521606,0.13041895627975464,0.0,0.0,0.09419292956590652,0.12953051924705505,0.2679122984409332,0.05230896919965744,0.010518847964704037,0.08353870362043381,0.00923728384077549,0.006383512634783983,0.05621667578816414,0.0002845065318979323,0.0,0.3794073164463043,0.31433725357055664,0.1703210175037384,0.020697694271802902,0.0,0.0,0.0,0.0005331588326953351,0.019801760092377663,0.07746429741382599,0.03451462835073471,0.3375169634819031,0.00017051737813744694,0.05469174310564995,0.2561626434326172,0.08890366554260254,0.017309509217739105,0.0,0.0,0.0,0.2828369140625,0.0,0.41652727127075195,0.09194625914096832,0.039144907146692276,0.020381590351462364,0.01359045971184969,0.06842907518148422,0.012967283837497234,0.0,0.0,0.0,0.27339187264442444,0.13347871601581573,0.0,0.04216497391462326,0.2059255838394165,0.07142982631921768,0.0,0.33623993396759033,0.045446086674928665,0.01442609541118145,0.0028870534151792526,0.06494036316871643,0.023400966078042984,0.0,0.0007160819950513542,0.12235639989376068,0.0,0.3818981945514679,0.08162401616573334,0.0,0.0,0.3998706042766571,0.0029305501375347376,0.042115360498428345,0.003075650194659829,0.26704317331314087,0.0,0.2883268892765045,0.0002589946088846773,0.008165821433067322,0.06492599099874496,0.03526395559310913,0.029881412163376808,0.22347784042358398,0.03393346443772316,0.06279740482568741,0.18208734691143036,0.010179105214774609,0.24151937663555145,0.0,0.24904532730579376,0.0,0.0,0.028346916660666466,0.029407700523734093,0.0,0.5092979669570923,0.0,0.0,0.15015088021755219,0.0002261863846797496,0.575769305229187,0.05552315711975098,0.005887157749384642,0.0,0.23285433650016785,0.09257085621356964,0.04567568749189377,0.0,0.0,0.0,0.41690266132354736,0.11741648614406586,0.10853424668312073,0.0,0.0,0.10275048762559891,0.48404446244239807,0.0,0.11883912980556488,0.07380825281143188,0.006214309483766556,0.0,0.1819303035736084,0.07198487222194672,0.0,0.0,0.27160152792930603,0.16704079508781433,0.040256600826978683,0.0,0.16247114539146423,0.5311940312385559,0.17626839876174927,0.02109970711171627,0.23755131661891937,0.05475069582462311,0.0,0.008783196099102497,0.015023920685052872,0.30743035674095154,0.0,0.0,0.04731198400259018,0.13922865688800812,0.2096046656370163,0.0,0.2855217456817627,0.22231009602546692,0.0011938376119360328,0.009548623114824295,0.13182908296585083,0.0,0.0,0.1789725124835968,0.07690439373254776,0.0,0.16038250923156738,0.00031190449954010546,0.0,0.04568907618522644,0.0739215761423111,0.0,0.011702573858201504,0.14719165861606598,0.04617661237716675,0.006241334602236748,0.008690955117344856,0.08801243454217911,0.25527065992355347,0.0,0.0,0.08684554696083069,0.0,0.0,0.13178184628486633,0.0,0.04007420316338539,0.000641721417196095,0.02492900937795639,0.0,0.0,0.14865925908088684,0.0030413679778575897,0.0,0.0,0.0,0.0,0.019925247877836227,0.015870505943894386,0.002986953593790531,0.009519594721496105,0.23764832317829132,0.005111345089972019,0.0,0.0014322857605293393,0.008897701278328896,0.0,0.0,0.01089381892234087,0.03507944568991661,0.012861368246376514,0.0,0.0,0.0017559909028932452,0.007886558771133423,0.06268095970153809,0.0,0.08598712831735611,0.12352471798658371,0.0,0.0,0.061136987060308456,0.0,0.007282293401658535,0.020492829382419586,0.007796814199537039,0.0,0.08072422444820404,0.09445689618587494,0.0,0.0,0.18299929797649384,0.027347246184945107,0.02876567281782627,0.0,0.09175162762403488,0.0,0.026110593229532242,0.048503629863262177,0.16464252769947052,0.0,0.0,0.0,0.0,0.20111574232578278,0.25530195236206055,0.0,0.14515960216522217,0.016259904950857162,0.07362816482782364,0.055704694241285324,0.26955389976501465,0.0,0.04042985662817955,0.0,0.006281314883381128,0.04510199651122093,0.0,0.0,0.029178142547607422,0.1237763985991478,0.09986547380685806,0.0002521371643524617,0.12091970443725586,0.32551586627960205,0.0,0.0,0.22372913360595703,0.05508660152554512,0.1676347255706787,0.0,0.0,0.16392312943935394,0.0,0.02314501814544201,0.07144699990749359,0.0,0.11428382992744446,0.0,0.01438187900930643,0.04751647263765335,0.10912704467773438,0.2670091390609741,0.009262476116418839,0.0037018044386059046,0.139445960521698,0.011627181433141232,0.2773013114929199,0.023589083924889565,0.0,0.0,0.002551002660766244,0.018405983224511147,0.0,0.0,0.0,0.08504431694746017,0.11358300596475601,0.016217699274420738,0.09076856821775436,0.0,0.0,0.0,0.0,0.48401907086372375,0.0,0.0,0.0023380310740321875,0.0,0.0,0.008695918135344982,0.007594543043524027,0.0,0.022749854251742363,0.027145804837346077,0.03500255197286606,0.016240466386079788,0.0,0.5716292858123779,0.002176095964387059,0.08420208841562271,0.07017448544502258,0.0,0.0,0.05654827132821083,0.19191080331802368,0.0,0.1275525689125061,0.11963040381669998,0.11768019199371338,0.0,0.019038954749703407,0.0,0.062384121119976044,0.014463196508586407,0.0008846620912663639,0.18584492802619934,0.002169413259252906,0.17702285945415497,0.0,0.0,0.39399969577789307,0.21218609809875488,0.014484514482319355,0.0,0.0,0.23619689047336578,0.307256281375885,0.0,0.27758392691612244,0.3707291781902313,0.04442350193858147,0.0,0.06885109841823578,0.07955057173967361,0.0,0.0,0.0,0.0,0.38873210549354553,0.13688257336616516,0.0,0.030826812610030174,0.10091255605220795,0.06264228373765945,0.0,0.33771413564682007,0.012706011533737183,0.04499056935310364,0.027751408517360687,0.0016454847063869238,0.0,0.0,0.0,0.1093597561120987,0.0,0.3650725483894348,0.03908088803291321,0.0,0.0,0.5503818392753601,0.0076964437030255795,0.019415466114878654,0.062454160302877426,0.357374906539917,0.0,0.29084813594818115,0.013503455556929111,0.059858255088329315,0.0,0.10020408034324646,0.04113391414284706,0.19714757800102234,0.05574692413210869,0.18402308225631714,0.09888462722301483,0.05875086039304733,0.27584928274154663,0.02604600600898266,0.27349889278411865,0.010385126806795597,0.0,0.03558572754263878,0.07915943115949631,0.0,0.4045717120170593,0.0,0.006510099396109581,0.058212731033563614,0.07370054721832275,0.7143402695655823,0.11783597618341446,0.06870126724243164,0.0,0.2093600183725357,0.12925438582897186,0.009962533600628376,0.0,0.000748489226680249,0.0,0.18859952688217163,0.18678385019302368,0.15030597150325775,0.00780521472916007,0.0,0.08764461427927017,0.30091023445129395,0.0,0.1619798094034195,0.04218185320496559,0.04368789494037628,0.0,0.09129856526851654,0.025316860526800156,0.00296516390517354,0.0,0.22768346965312958,0.05707763880491257,0.009213017299771309,0.024381784722208977,0.28682759404182434,0.4113065004348755,0.24184176325798035,0.016792839393019676,0.02430848591029644,0.024009503424167633,0.05448205769062042,0.028102058917284012,0.056400690227746964,0.47406715154647827,0.0,0.0012505801860243082,0.09528529644012451,0.030638355761766434,0.24461503326892853,0.0,0.22368651628494263,0.30993402004241943,0.044343672692775726,0.0436181016266346,0.040808092802762985,0.02038143388926983,0.0,0.0730808824300766,0.03288308158516884,0.009427331387996674,0.2298884093761444,0.06518233567476273,0.0,0.03538962081074715,0.03105226345360279,0.030060814693570137,0.006730095949023962,0.11265222728252411,0.07935268431901932,0.023842886090278625,0.003561215242370963,0.04596281796693802,0.2266983687877655,0.002632003976032138,0.004084595013409853,0.02328409068286419,0.0,0.0,0.13467244803905487,0.00015330003225244582,0.00878821313381195,0.004923908971250057,0.09944116324186325,0.0,0.0,0.044693734496831894,0.039374321699142456,0.0,0.0010020803892984986,0.0,0.0,0.06473015993833542,0.0,0.02678428776562214,0.0,0.00464657973498106,0.0,0.01733275130391121,0.037110477685928345,0.046939749270677567,0.0,0.0,0.1552564799785614,0.0628150925040245,0.0,0.013806465081870556,0.03633635491132736,0.10609757155179977,0.08725253492593765,0.00846539530903101,2.07577090804989e-06,0.13669972121715546,0.13866281509399414,0.0,0.04242789372801781,0.0,0.0,0.005486813839524984,0.019762437790632248,0.007843798957765102,0.009145539253950119,0.16502036154270172,0.12192758917808533,0.0,0.022008802741765976,0.05570082366466522,0.009479446336627007,0.008638055995106697,0.002372698625549674,0.1511448174715042,0.0,0.0,0.17753149569034576,0.2261626422405243,0.0,0.0035717636346817017,0.0,0.0,0.07757493853569031,0.15496106445789337,0.0032278145663440228,0.19072672724723816,0.06439430266618729,0.02115013636648655,0.10215146839618683,0.04579555615782738,0.0,0.05904317647218704,0.0,0.02295326627790928,0.03173784166574478,0.0,0.00026775329024530947,0.0,0.10842854529619217,0.009462915360927582,0.007611062843352556,0.14044657349586487,0.3150908946990967,0.00964588113129139,0.06258739531040192,0.10705454647541046,0.0272100530564785,0.263468861579895,0.0015526668867096305,0.009425070136785507,0.23472128808498383,0.0,0.04813781753182411,0.0017444923287257552,0.0,0.029290450736880302,0.005929936654865742,0.09289587289094925,0.015618918463587761,0.28926825523376465,0.05298902466893196,0.01947643980383873,0.04006091132760048,0.24357615411281586,0.05974357947707176,0.2736818492412567,0.0677933543920517,0.0,0.0,0.016477620229125023,0.03683812543749809,0.006360221188515425,0.0,0.0,0.18499122560024261,0.004436197225004435,0.038585249334573746,0.010406967252492905,0.0,0.0,0.0,0.0,0.4308273494243622,0.0,0.0,0.0,0.04990749806165695,0.0,0.03874295577406883,0.03615603595972061,0.008688963949680328,0.09343826770782471,0.008255910128355026,0.0,0.0476994626224041,0.033767133951187134,0.42725473642349243,0.01842031255364418,0.001150587690062821,0.044688630849123,0.0,0.004699243698269129,0.0610828772187233,0.12453975528478622,0.0,0.3276870846748352,0.2799201011657715,0.1442551463842392,0.0011677428847178817,0.0,0.0028959333430975676,0.007514860946685076,0.014512407593429089,9.956368012353778e-05,0.07353510707616806,0.05482416972517967,0.3130394518375397,0.0,0.024700943380594254,0.30764642357826233,0.23050938546657562,0.024632032960653305,0.0,0.0006316739600151777,0.03028678521513939,0.25790807604789734,0.0,0.33181074261665344,0.21334166824817657,0.025142760947346687,0.0,-0.2876293361186981
166,0.13153815269470215,0.12858760356903076,0.03004780039191246,0.0,0.0,0.0,0.5562533140182495,0.05380178242921829,0.0,0.010689820162951946,0.03480154275894165,0.00260109337978065,0.0,0.3128419816493988,0.0,0.10133884102106094,0.05611870810389519,0.0,0.0,0.0,0.0,0.05313727259635925,0.0,0.23703445494174957,0.02067524753510952,0.0,0.0,0.4913625419139862,0.011280184611678123,0.09143953025341034,0.11721061915159225,0.31382495164871216,0.0,0.282706618309021,0.09305407851934433,0.054687339812517166,0.008726174011826515,0.21744012832641602,0.001476589939557016,0.07102115452289581,0.06225984916090965,0.16409090161323547,0.08353523164987564,0.11004164069890976,0.1733936071395874,0.16816218197345734,0.2776561677455902,0.026863113045692444,0.0,0.046216439455747604,0.16113682091236115,0.0,0.15428856015205383,0.019062049686908722,0.04703988507390022,0.0,0.30243420600891113,0.7333893775939941,0.2095789760351181,0.06671468168497086,0.0,0.08180157095193863,0.14018121361732483,0.0,0.0,0.009148037992417812,0.0,0.0,0.2182289958000183,0.15299701690673828,0.0365862138569355,0.0,0.17397506535053253,0.1411513388156891,0.0771331712603569,0.04741378873586655,0.009152904152870178,0.0588875412940979,0.0,0.1588183045387268,0.00938901025801897,0.06765460968017578,0.0,0.13808095455169678,0.0011169823119416833,0.0,0.058433063328266144,0.28909072279930115,0.33238694071769714,0.41317516565322876,0.03734861686825752,0.0,0.02431419864296913,0.07341345399618149,0.0,0.016532711684703827,0.5905753374099731,0.0,0.005387780722230673,0.0,0.0,0.3674263060092926,0.0,0.26546066999435425,0.41535863280296326,0.2449435591697693,0.05567939952015877,0.008707800880074501,0.005539460573345423,0.0,0.0,0.06696517765522003,0.04628325626254082,0.2565564215183258,0.0803874060511589,0.0,0.03540181741118431,0.0,0.09012733399868011,0.021488627418875694,0.0,0.056905072182416916,0.0,0.008996901102364063,0.0,0.32387545704841614,0.0,0.027254806831479073,0.0,0.033114347606897354,0.0,0.16968075931072235,0.03239649161696434,0.0028584820684045553,0.0330452062189579,0.13951373100280762,0.0,0.0,0.05075351893901825,0.010137014091014862,0.0,0.0,0.013710932806134224,0.0,0.14939726889133453,0.0,0.04916941747069359,0.0,0.007824589498341084,0.0,0.05180671811103821,0.15970702469348907,0.09217426925897598,0.0,0.0,0.31081023812294006,0.01859320141375065,0.0,0.03400709107518196,0.03834942728281021,0.30184850096702576,0.2095961570739746,0.013509219512343407,0.0,0.13388940691947937,0.11398546397686005,0.0,0.1704460084438324,0.0,0.0,0.0,0.002265953691676259,0.022037873044610023,0.02868298813700676,0.2555587887763977,0.11340128630399704,0.026940813288092613,0.1474878191947937,0.0,0.02282305806875229,0.0,0.0,0.22601720690727234,0.0,0.0,0.2037024348974228,0.33564332127571106,0.0,0.08683321624994278,0.0,0.0,0.0,0.14073991775512695,0.008201501332223415,0.28719282150268555,0.09654376655817032,0.02784579247236252,0.21012119948863983,0.0,0.04135638475418091,0.12204794585704803,0.0,0.03324095532298088,0.09259480237960815,0.0,0.0,0.0,0.0,0.0,0.09389567375183105,0.05115225166082382,0.37553492188453674,0.04071866348385811,0.2569482922554016,0.0,0.07176444679498672,0.40695667266845703,0.0007231479394249618,0.028414223343133926,0.2533780038356781,0.0,0.07320413738489151,0.0,0.0003991533594671637,0.013262348249554634,0.0,0.058382511138916016,0.0,0.36639687418937683,0.0,0.010631314478814602,0.0,0.33714237809181213,0.07933700084686279,0.07300762087106705,0.13905219733715057,0.05063137784600258,0.0,0.03970684856176376,0.08612551540136337,0.0627865344285965,0.0,0.0,0.34194737672805786,0.0,0.019089147448539734,0.05012441426515579,0.0,0.0,0.0,0.0,0.2785615026950836,0.0,0.0,0.01285085640847683,0.15001901984214783,0.0,0.07677320390939713,0.05956804007291794,0.005413317121565342,0.15919899940490723,0.0,0.0,0.16626282036304474,0.21273648738861084,0.10866978019475937,0.11625723540782928,0.0,0.18332929909229279,0.0,0.006549063138663769,0.08812972158193588,0.0012092192191630602,0.0,0.3314476013183594,0.5888422727584839,0.21927380561828613,0.06503534317016602,0.0,0.0,0.0,0.002769127953797579,0.013730060309171677,0.007652553729712963,0.046891529113054276,0.4589390456676483,0.0,0.06468583643436432,0.23182375729084015,0.16791141033172607,0.021466994658112526,0.0,0.003176826983690262,0.0,0.23012106120586395,0.0,0.5445550084114075,0.04758678004145622,0.002124018734320998,0.024829111993312836,0.38118964433670044,0.07837416976690292,0.03823133558034897,0.0,0.0,0.0,0.5790640115737915,0.003326982958242297,0.029432812705636024,0.19286756217479706,0.10758259147405624,0.0028474414721131325,0.0,0.38536858558654785,0.02461482211947441,0.0,0.016789009794592857,0.027123963460326195,0.12072154134511948,0.0,0.004897499922662973,0.016896653920412064,0.004638529848307371,0.10546398162841797,0.440922349691391,0.0071641537360847,0.0,0.49047955870628357,0.041276633739471436,0.060943473130464554,0.006886598654091358,0.4720984399318695,0.0,0.04138636216521263,0.13531269133090973,0.00812607817351818,0.008196800947189331,0.06356117874383926,0.13485543429851532,0.07997775822877884,0.6761992573738098,0.13334351778030396,0.286941796541214,0.008988945744931698,0.07992159575223923,0.013205662369728088,0.6434640288352966,0.0,0.003358559450134635,0.08802392333745956,0.004214971326291561,0.0,0.7938790321350098,0.0,0.0,0.0,0.16107480227947235,1.1484535932540894,0.39758989214897156,0.11801084131002426,0.0,0.03487510606646538,0.46147051453590393,0.0,0.0,0.0,0.0,0.33486512303352356,0.5289795398712158,0.3874220848083496,0.0,0.0,0.26268020272254944,0.836611270904541,0.02296517603099346,0.017429949715733528,0.313886433839798,0.0,0.0,0.15288354456424713,0.0807470753788948,0.0,0.05784270167350769,0.18741218745708466,0.11146467924118042,0.05129338428378105,0.0,0.6170791983604431,0.6062928438186646,0.2366178333759308,0.10740449279546738,0.25658950209617615,0.17657367885112762,0.04514965042471886,0.007383226882666349,0.4415247142314911,0.7590649127960205,0.0,0.014602812007069588,0.0,0.3105282485485077,0.616969645023346,0.0,0.1618640273809433,0.1525653451681137,0.1388927698135376,0.04274468868970871,0.29769495129585266,0.13501852750778198,0.0,0.14265969395637512,0.14832644164562225,0.02738412655889988,0.3553997576236725,0.4821789264678955,0.0,0.21609614789485931,0.2432112693786621,0.0,0.010478896088898182,0.08656995743513107,0.49531289935112,0.043554823845624924,0.009201970882713795,0.005443796515464783,0.0,0.004852664656937122,0.020202260464429855,0.05740494653582573,0.0,0.013387629762291908,0.02447332628071308,0.1529630422592163,0.06225475296378136,0.000930824491661042,0.5190996527671814,0.04269310459494591,0.0,0.3537687063217163,0.021509366109967232,0.0,0.0,0.0,0.004847466945648193,0.04023757949471474,0.03877078369259834,0.4172421395778656,0.0029835663735866547,0.11043335497379303,0.0,0.0,0.03351666405797005,0.007603663485497236,0.0,0.0,0.4872070252895355,0.029344890266656876,0.008398914709687233,0.00223281211219728,0.07636895775794983,0.035632576793432236,0.12454960495233536,0.2254081815481186,0.0,0.0661156103014946,0.22887594997882843,0.0,0.0,0.007385425269603729,0.0,0.03396102413535118,0.06675418466329575,0.08392243832349777,0.01112435944378376,1.0505043268203735,0.06310298293828964,0.0,0.0038680359721183777,0.04260384663939476,4.584491398418322e-05,0.0,0.009002028964459896,0.05529293417930603,0.03649861365556717,0.021921105682849884,0.31978049874305725,0.6329163908958435,0.006315536797046661,0.03913787379860878,0.0,0.0,0.09365842491388321,0.43041273951530457,0.0,0.2337115854024887,0.1397315263748169,0.2435908168554306,0.017021536827087402,0.1666475385427475,0.01529174204915762,0.07694153487682343,0.0,0.05545322969555855,0.3656834065914154,0.0064361183904111385,0.0,0.031544029712677,0.3903891444206238,0.12578415870666504,0.1351502686738968,0.27651891112327576,0.6945382952690125,0.0,0.005843734834343195,0.08637471497058868,0.05190419778227806,0.33252817392349243,0.0,0.018382230773568153,0.04998285695910454,0.0002707477833610028,0.3616614043712616,0.2906755208969116,0.08870458602905273,0.20405292510986328,0.007553280796855688,0.670069694519043,0.0774533748626709,0.5318949818611145,0.029290083795785904,0.3924879729747772,0.26276424527168274,0.16984285414218903,0.021704886108636856,0.10519524663686752,0.06302261352539062,0.0,0.0,0.0,0.0158331748098135,0.09362750500440598,0.0,0.020597103983163834,0.004197483416646719,0.15238988399505615,0.1342049390077591,0.043799061328172684,0.0,0.0,0.003813305636867881,0.0,0.6936378479003906,0.0,0.0,0.07870399951934814,0.10361583530902863,0.0,0.002555561251938343,0.07382847368717194,0.04533527418971062,0.0,0.004108475521206856,0.08453526347875595,0.025111252442002296,0.08085054904222488,0.5831391215324402,0.003238282399252057,0.07238040119409561,0.04503963142633438,0.0,0.0030268339905887842,0.22606630623340607,0.08037219196557999,0.0,0.14306053519248962,0.3526217043399811,0.2220289260149002,0.0,0.12796151638031006,0.0,0.13903988897800446,0.1252993792295456,0.0,0.25602683424949646,0.25677892565727234,0.4652930796146393,0.0,0.030141634866595268,0.029896480962634087,0.10088828951120377,0.1251419335603714,0.0,0.0,0.5430286526679993,0.06583156436681747,0.0,0.22673232853412628,0.6634736061096191,0.0666990801692009,0.0,0.28186631202697754,0.09122506529092789,0.00806446373462677,0.0,0.0,0.0,0.5857304930686951,0.06744348257780075,0.018529705703258514,0.13350240886211395,0.051977843046188354,0.01954936981201172,0.0005581256118603051,0.3869567811489105,0.005868921056389809,0.00242764875292778,0.054515570402145386,0.0,0.019419437274336815,0.006550823803991079,0.0,0.05852440744638443,0.02137022092938423,0.16344404220581055,0.10974907130002975,0.0,0.003731030970811844,0.5720099806785583,0.054941918700933456,0.03597226366400719,0.08891770988702774,0.44647741317749023,0.0,0.13468991219997406,0.13780935108661652,0.031495608389377594,0.0,0.12251386791467667,0.07522360235452652,0.1602308452129364,0.3911101520061493,0.20553067326545715,0.16920821368694305,0.082425557076931,0.1728031486272812,0.09273781627416611,0.4885614514350891,0.0,0.007910262793302536,0.06472354382276535,0.08762596547603607,0.0,0.5349265933036804,0.016034437343478203,0.007577271666377783,0.009026811458170414,0.2671436667442322,1.0370725393295288,0.34354496002197266,0.17344091832637787,0.0,0.1048063412308693,0.3795073926448822,0.001005169004201889,0.00015397071547340602,0.048439331352710724,0.0,0.09650790691375732,0.460219144821167,0.35181933641433716,0.006978542543947697,0.0,0.16403023898601532,0.43716856837272644,0.07436869293451309,0.06702915579080582,0.1466064304113388,0.007116583175957203,0.0026092485059052706,0.1118217259645462,0.03876802325248718,0.003280250821262598,0.03147030994296074,0.19205017387866974,0.04391874745488167,0.007858658209443092,0.0114009203389287,0.5641598105430603,0.414271742105484,0.31120821833610535,0.07489059865474701,0.06647244840860367,0.06415530294179916,0.06993045657873154,0.02069169282913208,0.19531621038913727,0.7601205706596375,0.0,0.031184032559394836,0.02436540089547634,0.07281478494405746,0.6053924560546875,0.0,0.19310525059700012,0.26574379205703735,0.19165192544460297,0.05644970014691353,0.09566961228847504,0.09007403254508972,0.0,0.04584787040948868,0.0758504867553711,0.03843006491661072,0.3484330177307129,0.27069807052612305,0.0,0.14180921018123627,0.08837119489908218,0.031079962849617004,0.01990288309752941,0.07226327806711197,0.24573929607868195,0.07671970874071121,0.007045752834528685,0.0027236384339630604,0.029254639521241188,0.028133977204561234,0.11148317158222198,0.0209669079631567,0.000467134261270985,0.02137254737317562,0.06449232250452042,0.12370779365301132,0.03625379875302315,0.042858656495809555,0.3765859007835388,0.011035679839551449,0.002295644721016288,0.17488257586956024,0.043646376579999924,0.0,0.0018875467358157039,0.0,0.007463520858436823,0.055141597986221313,0.0,0.20561933517456055,0.0,0.013204854913055897,0.0,0.0,0.0772865042090416,0.05565856769680977,0.0,0.0004643600550480187,0.3783147633075714,0.07964198291301727,0.0,0.002631722018122673,0.06699755787849426,0.1521831750869751,0.14986470341682434,0.055937886238098145,0.012470935471355915,0.12800857424736023,0.19732211530208588,0.0,0.04584722965955734,0.0,0.0,0.03288104757666588,0.04088326171040535,0.0483773835003376,0.004349458497017622,0.730924129486084,0.08376642316579819,0.001789579982869327,0.035462636500597,0.02417938970029354,0.0,0.002707845065742731,0.017513271421194077,0.1174900159239769,0.027764398604631424,0.005390239413827658,0.3488207459449768,0.5799622535705566,0.014319675974547863,0.08961119502782822,0.0,0.0037713421043008566,0.033781521022319794,0.2753169536590576,0.025814134627580643,0.24293099343776703,0.06408784538507462,0.06903631240129471,0.09690633416175842,0.031079595908522606,0.028662681579589844,0.08133751899003983,0.0,0.0828946977853775,0.18520092964172363,0.0042096092365682125,0.009319323115050793,0.0012363799614831805,0.15247736871242523,0.0499458871781826,0.14101608097553253,0.19399325549602509,0.6109785437583923,0.008087892085313797,0.06264837086200714,0.028459960594773293,0.060155417770147324,0.3839525580406189,0.015126213431358337,0.03882431611418724,0.12014269828796387,0.005504333879798651,0.2555268406867981,0.04782380163669586,0.034870047122240067,0.08453835546970367,0.0052098664455115795,0.2828294336795807,0.02749696373939514,0.571726381778717,0.003165844129398465,0.16703663766384125,0.11849583685398102,0.22199945151805878,0.0326271615922451,0.12098579853773117,0.11048316210508347,0.009312081150710583,0.0,0.005908104591071606,0.04780181124806404,0.10140033066272736,0.0,0.021932879462838173,0.11558330059051514,0.03138105571269989,0.1231037974357605,0.01934235543012619,0.0,0.0,0.022765252739191055,0.0,0.5699309706687927,0.0,0.0,0.03469414636492729,0.11301237344741821,0.0,0.053416140377521515,0.09840177744626999,0.04497790336608887,0.043257154524326324,0.0,0.0004691962094511837,0.06341371685266495,0.1637142449617386,0.39602985978126526,0.03651304170489311,0.004423775710165501,0.10706327110528946,0.0,0.019648564979434013,0.12935321033000946,0.04493475705385208,0.001868011779151857,0.2948208749294281,0.4887101352214813,0.20973828434944153,0.03938751295208931,0.005187033209949732,0.0,0.03126797080039978,0.06680313497781754,0.0,0.0939115509390831,0.24216043949127197,0.46612682938575745,0.0021123141050338745,0.024997860193252563,0.11448812484741211,0.16511985659599304,0.08801286667585373,0.0,0.0084952088072896,0.13504792749881744,0.1614355593919754,0.016195734962821007,0.29108020663261414,0.3299766182899475,0.04752233624458313,0.006350127514451742,0.19791878759860992
167,0.4131839871406555,0.059250492602586746,0.028756121173501015,0.004445741418749094,0.0,0.0,0.5656653642654419,0.018349740654230118,0.03760075569152832,0.14509405195713043,0.1356019228696823,0.014812207780778408,0.0,0.3548623025417328,0.031922534108161926,0.0,0.008691570721566677,0.058697666972875595,0.13726122677326202,0.005344265606254339,0.0022851868998259306,0.005730575416237116,0.0,0.16414545476436615,0.42752805352211,0.0027536842972040176,0.0053381482139229774,0.4650440216064453,0.03364168480038643,0.08668088167905807,0.027550382539629936,0.41861486434936523,0.0,0.011976998299360275,0.2241167575120926,0.0,0.0,0.08772578090429306,0.19295762479305267,0.12891623377799988,0.6091896891593933,0.0450713150203228,0.3034476935863495,0.0,0.09821467846632004,0.026867805048823357,0.5582608580589294,0.0016409866511821747,0.0,0.09931690245866776,0.0,0.0,0.7537484169006348,0.0,0.0,0.0,0.24861808121204376,1.065958857536316,0.40364494919776917,0.11656896024942398,0.0,0.0031114311423152685,0.45088115334510803,0.0,0.0,0.0,0.0,0.379576712846756,0.5284143090248108,0.4035486876964569,0.0,0.0,0.22604413330554962,0.7926527261734009,0.03784502297639847,0.0,0.2647179067134857,0.0,0.0002971559879370034,0.1577298641204834,0.13237540423870087,0.0,0.06842095404863358,0.13355907797813416,0.1941370964050293,0.03557085618376732,0.0,0.5674266219139099,0.6343843340873718,0.2929762005805969,0.13954316079616547,0.30292731523513794,0.1914157122373581,0.0537002794444561,0.008551635779440403,0.4343968331813812,0.7670871615409851,0.0,0.03624368831515312,0.004754796624183655,0.34881624579429626,0.7691382765769958,0.0,0.2651955485343933,0.12953989207744598,0.21316733956336975,0.05648849532008171,0.32704976201057434,0.08943314850330353,0.0,0.16608327627182007,0.1567421853542328,0.03832867369055748,0.348503977060318,0.4229736328125,0.0,0.24419580399990082,0.23424454033374786,0.000668188207782805,0.024304455146193504,0.08182394504547119,0.4689546227455139,0.037317775189876556,0.0,0.03941787779331207,0.0014265448553487659,0.010857309214770794,0.03562178090214729,0.09493060410022736,0.0,0.03000667132437229,0.010115349665284157,0.1448407769203186,0.06821335852146149,0.0032564231660217047,0.5180273056030273,0.04087541624903679,0.0,0.24684014916419983,0.0,0.0,0.006564407143741846,0.0,0.005633406341075897,0.043732743710279465,0.042011745274066925,0.34063073992729187,0.0010999493533745408,0.13377970457077026,0.0,0.0,0.06590627133846283,0.051273882389068604,0.0,0.0,0.4721083641052246,0.025831550359725952,0.0,0.002324212109670043,0.0910501778125763,0.11102942377328873,0.1317925900220871,0.15750841796398163,0.0,0.021820465102791786,0.18422530591487885,0.0,0.008175368420779705,0.021212680265307426,0.0,0.04389044642448425,0.06650056689977646,0.08580281585454941,0.006684142630547285,1.01799738407135,0.13585138320922852,0.0,0.013127279467880726,0.05972303822636604,0.0,0.01574423536658287,0.009603251703083515,0.07317528873682022,0.06676268577575684,0.02309226058423519,0.22850601375102997,0.6041838526725769,0.011618955992162228,0.053450971841812134,0.0,0.0042247711680829525,0.10601464658975601,0.38242873549461365,0.01502479612827301,0.23525677621364594,0.1830906718969345,0.22970452904701233,0.06493767350912094,0.1749606430530548,0.03666279464960098,0.08670389652252197,0.0,0.04698404669761658,0.33608004450798035,0.007289208471775055,0.0,0.03869006782770157,0.3881424069404602,0.18037644028663635,0.2004544734954834,0.21211016178131104,0.6759573817253113,0.0033075609244406223,0.011371951550245285,0.12365813553333282,0.07598339021205902,0.2856427729129791,0.0,0.017336184158921242,0.0728309378027916,0.0,0.3717106878757477,0.24866275489330292,0.09666901081800461,0.22385458648204803,0.005470606964081526,0.6827483177185059,0.1206415668129921,0.5475194454193115,0.09483611583709717,0.41342827677726746,0.2687534689903259,0.22325502336025238,0.01940208673477173,0.021834364160895348,0.05544435605406761,0.007005775813013315,0.0,0.0,0.008993668481707573,0.10692109912633896,0.0,0.013084768317639828,0.047072332352399826,0.18166996538639069,0.20962630212306976,0.057139258831739426,0.0,0.0,0.006825323682278395,0.0,0.733639657497406,0.0,0.0,0.08737572282552719,0.09283994138240814,0.00390911428257823,0.0020814111921936274,0.043242085725069046,0.04980260878801346,0.0,0.003389717312529683,0.05944429710507393,0.07044120877981186,0.12077300995588303,0.6233004927635193,0.003968448378145695,0.09583421051502228,0.054092343896627426,0.0,0.006798204965889454,0.17803619801998138,0.046510711312294006,0.0,0.10467618703842163,0.3731209933757782,0.24961340427398682,0.008758485317230225,0.1367526352405548,0.0,0.16856126487255096,0.0851195752620697,0.0,0.25689801573753357,0.1888369619846344,0.44030991196632385,0.0,0.05787813663482666,0.07076170295476913,0.02863115444779396,0.1261596530675888,0.0,0.0,0.47889596223831177,0.08520065993070602,0.0,0.21355323493480682,0.6312716603279114,0.08144309371709824,0.0,0.04734303802251816,0.14053699374198914,0.06686712056398392,0.0,0.0,0.0,0.3773150146007538,0.08703867346048355,0.0,0.006837430410087109,0.12610624730587006,0.031102430075407028,0.0,0.2633059620857239,0.0,0.06909137964248657,0.005536296404898167,0.0,0.0,0.0,0.0,0.10371536761522293,0.0,0.46107080578804016,0.031925708055496216,0.0011268176604062319,0.0,0.5499475002288818,0.013974805362522602,0.027569115161895752,0.10523058474063873,0.2735280990600586,0.0,0.33667123317718506,0.03935416787862778,0.059441253542900085,0.005434919614344835,0.1749073714017868,0.016674524173140526,0.10154732316732407,0.03450597822666168,0.19220513105392456,0.07092946767807007,0.07805970311164856,0.23226645588874817,0.07256198674440384,0.14784397184848785,0.034064773470163345,0.0,0.10134097188711166,0.17467312514781952,0.0,0.2193375527858734,0.0,0.04567866027355194,0.027055129408836365,0.13351887464523315,0.614870011806488,0.12463681399822235,0.02601551078259945,0.0,0.1567479968070984,0.02616233564913273,0.0,0.0,0.0,0.0,0.05491650104522705,0.07411175966262817,0.025056222453713417,0.04942810535430908,0.0,0.12076102942228317,0.17873133718967438,0.0,0.1485358029603958,0.03659505397081375,0.08324280381202698,0.0,0.09064493328332901,0.04290638864040375,0.005890166386961937,0.0,0.21242789924144745,0.08482726663351059,0.004585076589137316,0.05599775165319443,0.166094109416008,0.4238869547843933,0.25266438722610474,0.039460159838199615,0.0018749128794297576,0.024998925626277924,0.12893016636371613,0.01513449102640152,0.058928996324539185,0.3741070330142975,0.0,0.0,0.047090135514736176,0.012967020273208618,0.10995950549840927,0.0,0.4359759986400604,0.3692011833190918,0.09271249175071716,0.05941716954112053,0.030388638377189636,0.007422605995088816,0.0,0.014757000841200352,0.06506732106208801,0.052835218608379364,0.22867143154144287,0.08892602473497391,0.0,0.007772636134177446,0.04092711582779884,0.07832656055688858,0.01300513930618763,0.027106698602437973,0.11654351651668549,0.043657414615154266,0.00985889881849289,0.003384679090231657,0.30834975838661194,0.0,0.006481914781033993,0.0009326515137217939,0.0,0.0,0.08152469247579575,0.010069857351481915,0.0030089018400758505,0.027274219319224358,0.07850787788629532,0.0,0.0,0.03409323841333389,0.0243197251111269,0.0,0.009267086163163185,0.01032024435698986,0.0,0.17370107769966125,0.0,0.018053757026791573,0.010276982560753822,0.05135377123951912,0.0,0.0664733424782753,0.08494577556848526,0.06763575971126556,0.0,0.0,0.27821001410484314,0.08850797265768051,0.0,0.00982236210256815,0.0378476083278656,0.21284827589988708,0.1276027262210846,0.014001627452671528,0.0,0.10902626067399979,0.06424994021654129,0.005476607941091061,0.11409936845302582,0.0,0.0,0.010881194844841957,0.001247977721504867,0.009159876964986324,0.04399195313453674,0.09230341017246246,0.18930228054523468,0.0,0.08494298905134201,0.022023219615221024,0.012055936269462109,0.0,0.006054259371012449,0.2933667302131653,0.0,0.0,0.14909997582435608,0.1322445422410965,0.0,0.05354779213666916,0.0,0.0,0.021363316103816032,0.06539938598871231,0.0011537624523043633,0.11682767421007156,0.1502152681350708,0.023070061579346657,0.24135780334472656,0.040453072637319565,0.0019733039662241936,0.1382036656141281,0.0,0.03128939867019653,0.029915055260062218,0.0,0.0,0.0,0.06910321116447449,0.0022983234375715256,0.018085794523358345,0.04054157808423042,0.2273787260055542,0.016954731196165085,0.14691027998924255,0.04890106990933418,0.0574750155210495,0.334446519613266,0.0,0.05369727313518524,0.32711300253868103,0.0,0.03989841789007187,0.006080301944166422,0.006294466555118561,0.012736164964735508,0.009901043027639389,0.13115203380584717,0.0022059022448956966,0.2139045149087906,0.008740459568798542,0.0012805002043023705,0.02142937481403351,0.3798803985118866,0.11443927139043808,0.19401824474334717,0.1474367082118988,0.0,0.0,0.042946577072143555,0.061169907450675964,0.019950248301029205,0.0,0.0,0.3815520703792572,0.0,0.03233662247657776,0.02590358629822731,0.0,0.0,0.0,0.0,0.21210387349128723,0.0,0.0,0.0002487360907252878,0.1518525779247284,0.0,0.07238707691431046,0.02334645204246044,0.04039961099624634,0.19570136070251465,0.0,0.0,0.11363842338323593,0.13719385862350464,0.2347230315208435,0.07245313376188278,0.0017183389281854033,0.08726336061954498,0.005661658011376858,0.02445615455508232,0.06490497291088104,0.06064123660326004,0.0,0.5199272632598877,0.30023446679115295,0.2032063752412796,0.009930961765348911,0.0,0.006418130826205015,0.0,0.017301933839917183,0.026750802993774414,0.07729224115610123,0.023375609889626503,0.3493107855319977,0.0,0.04896840453147888,0.3014233410358429,0.22445352375507355,0.034241922199726105,0.0,0.0,0.0,0.327629953622818,0.0,0.443866103887558,0.08081825822591782,0.0539696030318737,0.018516847863793373,0.22466039657592773,0.08056844025850296,0.014204218983650208,0.0,0.0,0.0,0.5261430144309998,0.08233868330717087,0.019089331850409508,0.11581850051879883,0.09256850928068161,0.029862988740205765,0.0016662407433614135,0.355096697807312,0.011281910352408886,0.0,0.044200535863637924,0.0035765045322477818,0.0338347926735878,0.00781344249844551,0.0007893875590525568,0.07264925539493561,0.012848421931266785,0.23314212262630463,0.1254858821630478,0.0,0.0006451569497585297,0.5869542956352234,0.04910687357187271,0.03190718963742256,0.08261527866125107,0.42949381470680237,0.0,0.14432965219020844,0.12966541945934296,0.02233060449361801,0.0,0.11116413027048111,0.1123153492808342,0.17151008546352386,0.33631277084350586,0.17569425702095032,0.1760987490415573,0.06735976040363312,0.18425874412059784,0.073358453810215,0.41796478629112244,0.0,0.006427477579563856,0.07254353165626526,0.07077005505561829,0.0,0.5719075202941895,0.010008583776652813,0.00028490321710705757,0.030716029927134514,0.23204238712787628,0.9837271571159363,0.31263741850852966,0.1465163230895996,0.0,0.12241727113723755,0.35702013969421387,0.0034210849553346634,0.0011614457471296191,0.045805077999830246,0.0,0.17842882871627808,0.430789053440094,0.31015434861183167,0.004894430749118328,0.0,0.15080061554908752,0.4728417992591858,0.060278601944446564,0.07884033024311066,0.16064442694187164,0.006407381501048803,0.002678311662748456,0.07863777875900269,0.06400545686483383,0.0,0.031910087913274765,0.1966370791196823,0.10689904540777206,0.011657309718430042,0.007398919202387333,0.5335191488265991,0.48972010612487793,0.27049723267555237,0.0882936343550682,0.11433693021535873,0.07242345809936523,0.06735065579414368,0.016480280086398125,0.22116482257843018,0.6943211555480957,0.0,0.029851287603378296,0.03564615175127983,0.1228376030921936,0.5731364488601685,0.0,0.24155370891094208,0.2282145470380783,0.17989885807037354,0.05504024028778076,0.14263562858104706,0.07348928600549698,0.0,0.07750814408063889,0.06339701265096664,0.0387471504509449,0.34502705931663513,0.25510308146476746,0.0,0.14332912862300873,0.1340961754322052,0.020957890897989273,0.016563447192311287,0.09755153208971024,0.2557695508003235,0.08358734101057053,0.003054005792364478,0.018234048038721085,0.028491849079728127,0.017914092168211937,0.0947498306632042,0.04413847625255585,0.0,0.01952175237238407,0.07591520249843597,0.11158999055624008,0.033933140337467194,0.034770648926496506,0.33000969886779785,0.013841073028743267,0.002622434636577964,0.14657056331634521,0.03644740208983421,0.0,0.005554438102990389,0.002869019750505686,0.003963258117437363,0.05801249295473099,0.0,0.17551684379577637,0.00022106543474365026,0.029821831732988358,0.0,0.0,0.07086564600467682,0.05777893215417862,0.0,0.0032599852420389652,0.347490519285202,0.08466402441263199,0.0,0.0,0.05987595394253731,0.1494491845369339,0.1249028667807579,0.05765838548541069,0.014239916577935219,0.11151403188705444,0.18087969720363617,0.0,0.030418450012803078,0.0,0.0,0.03608643263578415,0.04233330115675926,0.03821208328008652,0.00521340686827898,0.6530384421348572,0.12662775814533234,0.0014338413020595908,0.010470650158822536,0.030411511659622192,0.0,0.00920216552913189,0.0159680787473917,0.10754255205392838,0.020878246054053307,0.0049149938859045506,0.3013823628425598,0.5048729181289673,0.008011224679648876,0.07788664847612381,0.0,0.002832583151757717,0.07833858579397202,0.2572689354419708,0.017175186425447464,0.20869632065296173,0.10824834555387497,0.07069649547338486,0.09527155756950378,0.10806164890527725,0.026783067733049393,0.08116700500249863,0.0,0.08782952278852463,0.1707916259765625,0.005916675087064505,0.008486623875796795,0.0020249539520591497,0.2520701587200165,0.09506091475486755,0.1286315768957138,0.18980298936367035,0.5505170822143555,0.005197595804929733,0.047274861484766006,0.05385040119290352,0.04753971844911575,0.32896241545677185,0.015161725692451,0.027330035343766212,0.14589674770832062,0.00125697476323694,0.22014649212360382,0.08977297693490982,0.03815014287829399,0.11167792230844498,0.01058061420917511,0.31892356276512146,0.0514700673520565,0.5244591236114502,0.02746489644050598,0.15714001655578613,0.1265418976545334,0.23496881127357483,0.03692727908492088,0.12919630110263824,0.10445687919855118,0.0041322908364236355,0.0,0.006573555059731007,0.02395264431834221,0.07773181051015854,0.0,0.014893143437802792,0.10873866081237793,0.06227240711450577,0.1618180274963379,0.022023547440767288,0.0,0.0,0.018418293446302414,0.0,0.574566662311554,0.0,0.0,0.032733019441366196,0.10368571430444717,0.0,0.040890876203775406,0.08098932355642319,0.0498029924929142,0.02398613840341568,0.0015807021409273148,0.016824226826429367,0.06285887211561203,0.13724611699581146,0.4877571165561676,0.032761212438344955,0.019500821828842163,0.0880964919924736,0.0,0.014777791686356068,0.12099055200815201,0.05293130502104759,0.0034875476267188787,0.32249361276626587,0.3813088536262512,0.21957342326641083,0.02373083494603634,0.0155441639944911,0.00019166756828781217,0.06596484035253525,0.05956290289759636,0.0,0.14844517409801483,0.2025708705186844,0.4244949519634247,0.004941144492477179,0.026776570826768875,0.12620989978313446,0.15309880673885345,0.08193469792604446,0.0,0.003512550611048937,0.1705145388841629,0.18352793157100677,0.019306203350424767,0.2470962554216385,0.3712782561779022,0.07415706664323807,0.0006930354866199195,-0.020573703572154045
168,0.13153815269470215,0.12858760356903076,0.03004780039191246,0.0,0.0,0.0,0.5562533140182495,0.05380178242921829,0.0,0.010689820162951946,0.03480154275894165,0.00260109337978065,0.0,0.3128419816493988,0.0,0.10133884102106094,0.05611870810389519,0.0,0.0,0.0,0.0,0.05313727259635925,0.0,0.23703445494174957,0.02067524753510952,0.0,0.0,0.4913625419139862,0.011280184611678123,0.09143953025341034,0.11721061915159225,0.31382495164871216,0.0,0.282706618309021,0.09305407851934433,0.054687339812517166,0.008726174011826515,0.21744012832641602,0.001476589939557016,0.07102115452289581,0.06225984916090965,0.16409090161323547,0.08353523164987564,0.11004164069890976,0.1733936071395874,0.16816218197345734,0.2776561677455902,0.026863113045692444,0.0,0.046216439455747604,0.16113682091236115,0.0,0.15428856015205383,0.019062049686908722,0.04703988507390022,0.0,0.30243420600891113,0.7333893775939941,0.2095789760351181,0.06671468168497086,0.0,0.08180157095193863,0.14018121361732483,0.0,0.0,0.009148037992417812,0.0,0.0,0.2182289958000183,0.15299701690673828,0.0365862138569355,0.0,0.17397506535053253,0.1411513388156891,0.0771331712603569,0.04741378873586655,0.009152904152870178,0.0588875412940979,0.0,0.1588183045387268,0.00938901025801897,0.06765460968017578,0.0,0.13808095455169678,0.0011169823119416833,0.0,0.058433063328266144,0.28909072279930115,0.33238694071769714,0.41317516565322876,0.03734861686825752,0.0,0.02431419864296913,0.07341345399618149,0.0,0.016532711684703827,0.5905753374099731,0.0,0.005387780722230673,0.0,0.0,0.3674263060092926,0.0,0.26546066999435425,0.41535863280296326,0.2449435591697693,0.05567939952015877,0.008707800880074501,0.005539460573345423,0.0,0.0,0.06696517765522003,0.04628325626254082,0.2565564215183258,0.0803874060511589,0.0,0.03540181741118431,0.0,0.09012733399868011,0.021488627418875694,0.0,0.056905072182416916,0.0,0.008996901102364063,0.0,0.32387545704841614,0.0,0.027254806831479073,0.0,0.033114347606897354,0.0,0.16968075931072235,0.03239649161696434,0.0028584820684045553,0.0330452062189579,0.13951373100280762,0.0,0.0,0.05075351893901825,0.010137014091014862,0.0,0.0,0.013710932806134224,0.0,0.14939726889133453,0.0,0.04916941747069359,0.0,0.007824589498341084,0.0,0.05180671811103821,0.15970702469348907,0.09217426925897598,0.0,0.0,0.31081023812294006,0.01859320141375065,0.0,0.03400709107518196,0.03834942728281021,0.30184850096702576,0.2095961570739746,0.013509219512343407,0.0,0.13388940691947937,0.11398546397686005,0.0,0.1704460084438324,0.0,0.0,0.0,0.002265953691676259,0.022037873044610023,0.02868298813700676,0.2555587887763977,0.11340128630399704,0.026940813288092613,0.1474878191947937,0.0,0.02282305806875229,0.0,0.0,0.22601720690727234,0.0,0.0,0.2037024348974228,0.33564332127571106,0.0,0.08683321624994278,0.0,0.0,0.0,0.14073991775512695,0.008201501332223415,0.28719282150268555,0.09654376655817032,0.02784579247236252,0.21012119948863983,0.0,0.04135638475418091,0.12204794585704803,0.0,0.03324095532298088,0.09259480237960815,0.0,0.0,0.0,0.0,0.0,0.09389567375183105,0.05115225166082382,0.37553492188453674,0.04071866348385811,0.2569482922554016,0.0,0.07176444679498672,0.40695667266845703,0.0007231479394249618,0.028414223343133926,0.2533780038356781,0.0,0.07320413738489151,0.0,0.0003991533594671637,0.013262348249554634,0.0,0.058382511138916016,0.0,0.36639687418937683,0.0,0.010631314478814602,0.0,0.33714237809181213,0.07933700084686279,0.07300762087106705,0.13905219733715057,0.05063137784600258,0.0,0.03970684856176376,0.08612551540136337,0.0627865344285965,0.0,0.0,0.34194737672805786,0.0,0.019089147448539734,0.05012441426515579,0.0,0.0,0.0,0.0,0.2785615026950836,0.0,0.0,0.01285085640847683,0.15001901984214783,0.0,0.07677320390939713,0.05956804007291794,0.005413317121565342,0.15919899940490723,0.0,0.0,0.16626282036304474,0.21273648738861084,0.10866978019475937,0.11625723540782928,0.0,0.18332929909229279,0.0,0.006549063138663769,0.08812972158193588,0.0012092192191630602,0.0,0.3314476013183594,0.5888422727584839,0.21927380561828613,0.06503534317016602,0.0,0.0,0.0,0.002769127953797579,0.013730060309171677,0.007652553729712963,0.046891529113054276,0.4589390456676483,0.0,0.06468583643436432,0.23182375729084015,0.16791141033172607,0.021466994658112526,0.0,0.003176826983690262,0.0,0.23012106120586395,0.0,0.5445550084114075,0.04758678004145622,0.002124018734320998,0.024829111993312836,0.0,0.0718313679099083,0.018015746027231216,0.0,0.0,0.0,0.27275359630584717,0.1484372317790985,0.0,0.04810498282313347,0.23883986473083496,0.08213353902101517,0.0,0.3438971936702728,0.05982000008225441,0.011388599872589111,0.028157232329249382,0.07750417292118073,0.05924059823155403,0.0,0.002380573423579335,0.1660003364086151,0.0,0.43671858310699463,0.0969560369849205,0.0004222821444272995,0.0,0.4044864773750305,0.0,0.061714231967926025,0.0,0.23739129304885864,0.0,0.3317923843860626,0.0,0.012111199088394642,0.10466913878917694,0.04430151730775833,0.03414890542626381,0.34039628505706787,0.0021153967827558517,0.04705500602722168,0.21547701954841614,0.03313590586185455,0.2593705654144287,0.0,0.2605705261230469,0.0,0.0,0.007680184207856655,0.014085175469517708,0.0,0.4680076837539673,0.0,0.0,0.21748021245002747,0.0,0.60603928565979,0.020715897902846336,0.0,0.0,0.3038233518600464,0.07953238487243652,0.07468600571155548,0.0,0.0,0.0,0.45460745692253113,0.06094856187701225,0.07827237993478775,0.0,0.0,0.1453871876001358,0.5115773677825928,0.0,0.13626709580421448,0.08127165585756302,0.001099820714443922,0.0,0.23603108525276184,0.08673365414142609,0.0,0.0,0.2766192555427551,0.1743638515472412,0.0566718652844429,0.0,0.12071898579597473,0.5774126052856445,0.19518035650253296,0.02300511673092842,0.25596287846565247,0.06499116867780685,0.0,0.01682307943701744,0.005121075548231602,0.31888657808303833,0.0,0.0,0.057738326489925385,0.1272357851266861,0.17527979612350464,0.0,0.3455555737018585,0.23426182568073273,0.0,0.006296487059444189,0.1500864326953888,0.0,0.0,0.2169247418642044,0.075194351375103,0.0008769985288381577,0.12476226687431335,0.0,0.0,0.050379134714603424,0.06835015118122101,0.0,0.0,0.19863377511501312,0.03713062405586243,0.0019576363265514374,0.01824670098721981,0.08958455175161362,0.3599623143672943,0.0,0.0,0.09352298825979233,0.0,0.0,0.12442252039909363,0.0,0.058977313339710236,0.00037275534123182297,0.0,0.003391912905499339,0.0,0.17401908338069916,0.00017512543126940727,0.0,0.0,0.0,0.0,0.012215862981975079,0.03597531467676163,0.0,0.014968039467930794,0.32988476753234863,0.007807489484548569,0.0,0.0,0.010811915621161461,0.0,0.0,0.0,0.026828959584236145,0.028103286400437355,0.0,0.0,0.0,0.0,0.11636733263731003,0.0,0.10042742639780045,0.11306113749742508,0.0,0.0,0.08137521892786026,0.0,0.0031723137944936752,0.0068951016291975975,0.02660832181572914,0.0,0.01646443083882332,0.11741676181554794,0.0,0.0,0.23626336455345154,0.058516088873147964,0.015859682112932205,0.0,0.09229208528995514,0.0,0.0382094569504261,0.016981543973088264,0.1646217405796051,0.0,0.0,0.0,0.0,0.20850582420825958,0.26482605934143066,0.0,0.12287725508213043,0.016954101622104645,0.12109429389238358,0.05967216193675995,0.33016467094421387,0.0,0.05029129981994629,0.0,0.006418854463845491,0.03462160751223564,0.0,0.0,0.025000300258398056,0.06415598839521408,0.09579421579837799,0.00025176769122481346,0.13698385655879974,0.31837087869644165,0.0,0.0017071757465600967,0.22953689098358154,0.10200367867946625,0.16366511583328247,0.0,0.0,0.22016337513923645,0.0,0.010801752097904682,0.05580870434641838,0.0,0.13287918269634247,0.0,0.02135327458381653,0.027810702100396156,0.08158235251903534,0.29202699661254883,0.0,0.0,0.1307883858680725,0.022524086758494377,0.34814223647117615,0.03767762333154678,0.0,0.0,0.015569942072033882,0.010074217803776264,0.0,0.0,0.005402669310569763,0.09957554936408997,0.1258181780576706,0.01557752676308155,0.08796361833810806,0.0,0.0,0.0,0.0,0.4819853901863098,0.0,0.0,0.0,0.0,0.0,0.014751162379980087,0.010422985069453716,0.0,0.019477246329188347,0.07646943628787994,0.03518082946538925,0.0046099768951535225,0.0,0.6674237251281738,9.071826934814453e-05,0.10810166597366333,0.11234479397535324,0.0,0.0,0.0782475620508194,0.22346803545951843,0.0,0.08553983271121979,0.13421198725700378,0.18070892989635468,0.0,0.0296291783452034,0.0,0.08457081764936447,0.0910295620560646,0.0014741243794560432,0.20309726893901825,2.7766101993620396e-05,0.18787220120429993,0.0,0.0,0.449084997177124,0.285952627658844,0.01666386052966118,0.0,0.0,0.25322893261909485,0.3359697461128235,0.0,0.34385913610458374,0.38525599241256714,0.043353121727705,0.0,0.07459727674722672,0.08719296753406525,0.0048875827342271805,0.0,0.0,0.0,0.4253992736339569,0.13365109264850616,0.0,0.022485531866550446,0.0954573005437851,0.07238620519638062,0.0,0.34907838702201843,0.01717577688395977,0.055036723613739014,0.05268489569425583,0.0008455001516267657,0.0,0.0,0.0,0.11339870095252991,0.0,0.3568490445613861,0.03990460932254791,0.0,0.0,0.5493944883346558,0.011820308864116669,0.03343363478779793,0.08412433415651321,0.34325623512268066,0.0,0.31109848618507385,0.02249002829194069,0.08619455248117447,0.0,0.12503638863563538,0.018083956092596054,0.21820120513439178,0.04129026457667351,0.22216661274433136,0.12330108135938644,0.11946795135736465,0.29163429141044617,0.06342176347970963,0.30412694811820984,0.020933883264660835,0.0,0.027048522606492043,0.1133236214518547,0.0,0.33784666657447815,0.0,0.02724962681531906,0.08083774149417877,0.08673153817653656,0.7441256642341614,0.11880641430616379,0.06926357001066208,0.0,0.2372129261493683,0.12694324553012848,0.023901846259832382,0.0,0.0015931843081489205,0.0,0.17480416595935822,0.18129673600196838,0.1393488049507141,0.017787810415029526,0.0,0.10994654893875122,0.29083457589149475,0.00033023871947079897,0.18785353004932404,0.03328325226902962,0.055194731801748276,0.0,0.15343457460403442,0.024920737370848656,0.02031356282532215,0.0,0.237797811627388,0.01658468134701252,0.008521538227796555,0.04229016229510307,0.2642820477485657,0.39801663160324097,0.2757282555103302,0.020168352872133255,0.02403908222913742,0.02690988779067993,0.07906679064035416,0.034849606454372406,0.042699847370386124,0.5051981806755066,0.0,0.0030651751440018415,0.10094870626926422,0.008683555759489536,0.23791469633579254,0.0,0.23387347161769867,0.37595701217651367,0.06069619953632355,0.03909856081008911,0.033243026584386826,0.02015063166618347,0.0,0.0847814753651619,0.05535106733441353,0.01265580952167511,0.2218892127275467,0.06041726842522621,0.0,0.0292145274579525,0.007611576933413744,0.04792167618870735,0.01043242309242487,0.1154671385884285,0.07174980640411377,0.027248704805970192,0.011093231849372387,0.04369090497493744,0.28191980719566345,0.006860129069536924,0.014297609217464924,0.014165852218866348,0.0,0.0007187786395661533,0.1131306067109108,0.006140725687146187,0.0036272364668548107,0.027334632351994514,0.11096194386482239,0.0,0.0,0.07806406170129776,0.055103953927755356,0.0,0.0019205877324566245,0.0015672617591917515,0.0,0.08113030344247818,0.0,0.032552432268857956,0.0,0.022783594205975533,0.0,0.03637731820344925,0.058707285672426224,0.0711410865187645,0.0,0.0,0.17078350484371185,0.06442759931087494,0.0,0.003928638529032469,0.03435133770108223,0.14670127630233765,0.10732965171337128,0.012602449394762516,0.0,0.17398138344287872,0.1295149326324463,0.0,0.09071741253137589,0.0,0.0,0.010751701891422272,0.014744616113603115,0.02308041602373123,0.01924613118171692,0.15061736106872559,0.12104228138923645,0.0029343271162360907,0.05880027264356613,0.07121015340089798,0.01603153720498085,0.002253803890198469,0.0037114135921001434,0.19001881778240204,0.002307661809027195,0.0,0.17656560242176056,0.2575889229774475,0.0,0.019941071048378944,0.0,0.0,0.0574856735765934,0.15892396867275238,0.006989289540797472,0.20892544090747833,0.0623040534555912,0.025120871141552925,0.14271065592765808,0.040815286338329315,0.0027040233835577965,0.0881865918636322,0.0,0.028773963451385498,0.03990723565220833,0.0,0.0,0.0,0.011396531015634537,0.00195618299767375,0.004789682570844889,0.1303596794605255,0.3248511254787445,0.021442614495754242,0.11231482028961182,0.11795923858880997,0.05020367354154587,0.3055346608161926,0.0,0.027634993195533752,0.2629740536212921,2.567635601735674e-05,0.04942215979099274,0.0,0.0,0.026866929605603218,0.011815745383501053,0.07697738707065582,0.005121328867971897,0.2965765595436096,0.05409683659672737,0.017672967165708542,0.036645181477069855,0.25285258889198303,0.06363407522439957,0.31494325399398804,0.11460594087839127,0.0,0.0,0.03798231482505798,0.04993664100766182,0.010691192001104355,0.0,0.0015350745525211096,0.23467043042182922,0.001472091069445014,0.01105736568570137,0.012669169344007969,0.0,0.0,0.0,0.0,0.40614908933639526,0.0,0.0,0.0003220538201276213,0.0968920961022377,0.0,0.04626770690083504,0.03806786239147186,0.01563199982047081,0.11590467393398285,0.004888233263045549,0.0,0.08115329593420029,0.08245907723903656,0.3852981626987457,0.06657484918832779,0.0,0.10742013156414032,0.0,0.01154797151684761,0.07478642463684082,0.14154429733753204,0.0,0.32862597703933716,0.3853219449520111,0.18919038772583008,0.009640493430197239,0.0,0.0,0.007918426766991615,0.02177063189446926,0.003273607464507222,0.021665040403604507,0.06315643340349197,0.3554628789424896,0.0,0.03230295330286026,0.33596423268318176,0.3047032356262207,0.04103581979870796,0.0,0.0018385834991931915,0.03367205336689949,0.2630315124988556,0.0,0.41804543137550354,0.1685565561056137,0.01004699058830738,0.007818168960511684,-0.6189361214637756
169,0.0,0.06824825704097748,0.014882892370223999,0.0,0.0,0.0,0.13127805292606354,0.19287800788879395,0.0,0.03886881843209267,0.326225221157074,0.045642971992492676,0.0,0.2339913249015808,0.23528113961219788,0.01603882573544979,0.003488001646474004,0.29349327087402344,0.17274333536624908,0.0,0.000559498555958271,0.22123634815216064,0.0,0.7362873554229736,0.07065153867006302,0.0,0.0,0.45469701290130615,0.0,0.07130879163742065,0.0,0.1619151085615158,0.0,0.33614104986190796,0.008828948251903057,0.01182740367949009,0.05543254315853119,0.11655546724796295,0.16033560037612915,0.36008697748184204,0.0,0.015733204782009125,0.19540013372898102,0.01621987484395504,0.3399679660797119,0.0,0.08929218351840973,0.012424830347299576,0.0,0.05466800183057785,0.0,0.0,0.4219684898853302,0.0,0.0,0.3178839087486267,0.0,0.37715113162994385,0.0,0.0006786733865737915,0.0,0.29335641860961914,0.0,0.19696998596191406,0.0,0.0,0.0,0.5971920490264893,0.006644205655902624,0.003463718108832836,0.0,0.0,0.09131234884262085,0.3853863477706909,0.0,0.1403382122516632,0.1712188869714737,0.1587323248386383,0.0,0.08457507193088531,0.12880438566207886,0.002260303357616067,0.0,0.19184619188308716,0.5672146081924438,0.0172166395932436,0.0019479249604046345,0.0288429856300354,0.6297174096107483,0.15643076598644257,0.015320192091166973,0.4597880244255066,0.04231899976730347,0.08890001475811005,0.007486240938305855,0.008352411910891533,0.11421410739421844,0.0,0.0,0.12453726679086685,0.20769383013248444,0.08268564939498901,0.0,0.706093966960907,0.17413970828056335,0.0,0.00823449157178402,0.24197398126125336,0.0,0.0,0.2537301778793335,0.02137787826359272,0.0,0.12162002176046371,0.0,0.0,0.0048004817217588425,0.2526828944683075,0.0,0.011156284250319004,0.3137394189834595,0.01885492354631424,0.0,0.0,0.20749656856060028,0.45469629764556885,0.0,0.0,0.299348384141922,0.0,0.0,0.1607961803674698,0.0,0.0,0.0,0.0,0.0,0.0,0.029782969504594803,0.0,0.0,0.034843169152736664,0.003337132977321744,0.0,0.12350612878799438,0.09862085431814194,0.0,0.012352284044027328,0.28372663259506226,0.0,0.0,0.03543012589216232,0.028393138200044632,0.0,0.0,0.0,0.03187275305390358,0.019190793856978416,0.0,0.0,0.14464102685451508,0.0,0.020871512591838837,0.0,0.011686667799949646,0.06887874007225037,0.0,0.0,0.1659962683916092,0.0,0.0009803958237171173,0.0,0.002394553739577532,0.0,0.0,0.4027126431465149,0.0,0.0,0.27322888374328613,0.001433543860912323,0.043835241347551346,0.0,0.11880583316087723,0.0,0.0501784011721611,0.0,0.000710667110979557,0.0,0.0,0.0,0.0,0.3359883427619934,0.12587623298168182,0.0,0.060521721839904785,0.2202279269695282,0.009533783420920372,0.25130027532577515,0.4644009470939636,0.0,0.11344622075557709,0.0,0.0,0.0,0.0,0.0,0.052987948060035706,0.32227760553359985,0.19483166933059692,0.0,0.050049517303705215,0.07776015996932983,0.0,0.0,0.34252023696899414,0.06956936419010162,0.03393881395459175,0.0,0.0,0.34964829683303833,0.0,0.0050017135217785835,0.11025737971067429,0.0,0.1221945509314537,0.0,0.11149471253156662,0.2911040186882019,0.019174158573150635,0.5083954334259033,0.004992855712771416,0.0,0.27662432193756104,0.02104881964623928,0.30541613698005676,0.05311852693557739,0.0,0.0,0.0003149844706058502,0.017214816063642502,0.0,0.011198965832591057,0.0,0.2818734347820282,0.19244293868541718,0.14070060849189758,0.09277281910181046,0.0009623263031244278,0.0,0.0,0.0,0.48684361577033997,0.0,0.0,0.0,0.0,0.0,0.022590933367609978,0.010663345456123352,0.0,0.014806222170591354,0.17451994121074677,0.07612249255180359,0.01330342423170805,0.0,0.832625687122345,0.013788971118628979,0.1926182210445404,0.06229934096336365,0.0,0.0,0.04756287485361099,0.20668262243270874,0.0,0.17630994319915771,0.0013630450703203678,0.15047751367092133,0.0,0.19270865619182587,0.0,0.27670764923095703,0.010728323832154274,0.001820916309952736,0.35819992423057556,0.0,0.1279371976852417,0.0,0.0,0.5798078179359436,0.19436880946159363,0.024785444140434265,0.0,0.0,0.20889580249786377,0.4405536651611328,0.0,0.21187978982925415,0.371809184551239,0.16620013117790222,0.001124432310461998,0.21135397255420685,0.16368333995342255,0.3006960451602936,0.002022149972617626,0.0,0.0,0.6620597839355469,0.007338314782828093,0.01444399543106556,0.2242066115140915,0.11454814672470093,0.0,0.006280526518821716,0.4398556649684906,0.0,0.009850467555224895,0.01355209480971098,0.0,0.029359210282564163,0.002865022514015436,0.0,0.008065898902714252,0.04125101491808891,0.22342093288898468,0.15631404519081116,0.0,0.0,0.5896819829940796,0.051792412996292114,0.03436441347002983,0.020618952810764313,0.3704442083835602,0.0,0.03597940132021904,0.2675250470638275,0.03427460417151451,0.024952037259936333,0.41178885102272034,0.06738121807575226,0.0063053942285478115,0.45375940203666687,0.1704915314912796,0.24578538537025452,0.06500820815563202,0.14888985455036163,0.37461671233177185,0.365071564912796,0.00728614954277873,0.0,0.08387341350317001,0.049301937222480774,0.024698102846741676,0.33403024077415466,0.0024955717381089926,0.04790530726313591,0.0,0.6341126561164856,1.0662723779678345,0.47533494234085083,0.07243207842111588,0.0,0.0,0.29114994406700134,0.0,0.0,0.030841363593935966,0.003048443468287587,0.11773202568292618,0.39951276779174805,0.3035438358783722,0.2064230740070343,0.0,0.2849150598049164,0.35565266013145447,0.1292908489704132,0.0032504878472536802,0.16454321146011353,0.027914052829146385,0.05700276419520378,0.07382573932409286,0.09183510392904282,0.0,0.004968573804944754,0.16115079820156097,0.15292750298976898,0.036931272596120834,0.006592522840946913,0.4098944365978241,0.4637494683265686,0.23136471211910248,0.1696758270263672,0.17911551892757416,0.13305436074733734,0.19771039485931396,0.0,0.3549935817718506,0.6166591644287109,0.0,0.0038551469333469868,0.0,0.12752480804920197,0.4324106276035309,0.0,0.23713107407093048,0.27916571497917175,0.35417088866233826,0.13047058880329132,0.20352843403816223,0.13989180326461792,0.0,0.011352458968758583,0.10612738132476807,0.127827450633049,0.32633140683174133,0.511719822883606,0.0,0.1708398014307022,0.1291632205247879,0.08304929733276367,0.05834691599011421,0.0,0.5261316299438477,0.21322683990001678,0.0,0.0,0.011463630944490433,0.0,0.28547045588493347,0.019630268216133118,0.0,0.0,0.0010322887683287263,0.3106068968772888,0.07316531985998154,0.054214298725128174,0.3361462354660034,0.0,0.0,0.2943195402622223,0.03190044313669205,0.0,0.0,0.10404369980096817,0.0,0.1476890742778778,0.005969866644591093,0.2932624816894531,0.01536628883332014,0.09134518355131149,0.0,0.0,0.40263253450393677,0.020653344690799713,0.0,0.0,0.8684978485107422,0.075149767100811,0.018069501966238022,0.010028261691331863,0.042474403977394104,0.4163159430027008,0.22669334709644318,0.17270304262638092,0.0,0.07547541707754135,0.1286180317401886,0.0013771954691037536,0.20559315383434296,0.005333349108695984,0.0,0.06609470397233963,0.004401098471134901,0.02549971640110016,0.02965303137898445,0.781672477722168,0.07660334557294846,0.02138376608490944,0.16806825995445251,0.01080312766134739,0.018513699993491173,0.0,0.042925164103507996,0.12901437282562256,0.04174438863992691,0.01700666919350624,0.2911026179790497,0.46161794662475586,0.0,0.521885335445404,0.0,0.0,0.016904396936297417,0.10552322864532471,0.0,0.1781127154827118,0.4355640411376953,0.22152642905712128,0.1534048169851303,0.09620432555675507,0.2731040120124817,0.11747045814990997,0.0,0.09102772921323776,0.3304016590118408,0.0,0.0018539518350735307,0.03087480179965496,0.0,0.0910230204463005,0.21245895326137543,0.09627927094697952,0.4468301832675934,0.000563003879506141,0.39303451776504517,0.05527415871620178,0.0703425481915474,0.5113773345947266,0.018741104751825333,0.09145786613225937,0.12788067758083344,0.005904513876885176,0.3377918004989624,0.1075432226061821,0.1490030288696289,0.05730927735567093,0.0050107515417039394,0.5648149251937866,0.07215465605258942,0.5766286849975586,0.007657333742827177,0.2248346358537674,0.06827103346586227,0.44339719414711,0.17542152106761932,0.024963874369859695,0.1377827674150467,0.23502187430858612,0.0,0.01472224947065115,0.007736827712506056,0.1735798716545105,0.01623666286468506,0.005489659495651722,0.12048237770795822,0.07032069563865662,0.1927460879087448,0.07577567547559738,0.0,0.0,0.0,0.0,0.394935667514801,0.0,0.0,0.07308560609817505,0.49655094742774963,0.0072781117632985115,0.04997655376791954,0.054081499576568604,0.09324093908071518,0.023699847981333733,0.0,0.07982303202152252,0.19840936362743378,0.4267433285713196,0.1031820997595787,0.12373550236225128,0.05542928725481033,0.13857121765613556,0.0,0.0081739891320467,0.17589424550533295,0.0,0.0,0.8221926093101501,0.5827541947364807,0.23567628860473633,0.2619774043560028,0.003103991039097309,0.0,0.04674599692225456,0.08386930078268051,0.060932695865631104,0.17490558326244354,0.23034024238586426,0.47793886065483093,0.006964626256376505,0.06950539350509644,0.08496613800525665,0.092059426009655,0.1277420073747635,0.0,0.005977871362119913,0.05714227631688118,0.0987311527132988,0.03154429420828819,0.3692677915096283,0.1976015567779541,0.12157999724149704,0.06478565186262131,0.054891739040613174,0.09545204043388367,0.16614529490470886,0.0,0.0,0.0,0.44744575023651123,0.1270972490310669,0.0,0.136032834649086,0.06581532210111618,0.04990606755018234,0.0,0.3933320939540863,0.033148933202028275,0.03539310395717621,0.021476661786437035,0.007884139195084572,0.0,0.00769780483096838,0.0,0.12747402489185333,0.0023890063166618347,0.4035209119319916,0.1024097427725792,0.0010857683373615146,0.0,0.6563277840614319,0.04757107049226761,0.005603134632110596,0.029548125341534615,0.3409081697463989,0.0,0.19314207136631012,0.052250828593969345,0.06806283444166183,0.0,0.25644123554229736,0.10959386825561523,0.21147996187210083,0.2226562201976776,0.26177677512168884,0.13369643688201904,0.10258500277996063,0.350421667098999,0.1568988859653473,0.38920924067497253,0.01558699645102024,0.0,0.08207505941390991,0.06504012644290924,0.0,0.4201354384422302,0.0,0.03822246938943863,0.09399357438087463,0.17739853262901306,0.9475757479667664,0.18898862600326538,0.09124086797237396,0.0,0.2369813323020935,0.15519894659519196,0.027516867965459824,0.0,0.0007882451172918081,0.0,0.24276211857795715,0.2396000772714615,0.07758963853120804,0.11712958663702011,0.0,0.24327649176120758,0.48577532172203064,0.016725610941648483,0.21032249927520752,0.1548943966627121,0.07864215970039368,0.0,0.07145597785711288,0.05185970291495323,0.0,0.0010312816593796015,0.29686835408210754,0.137625589966774,0.016773635521531105,0.0,0.280872642993927,0.45062610507011414,0.15997782349586487,0.14245983958244324,0.056631311774253845,0.004314037039875984,0.09279008209705353,0.026238135993480682,0.1748446375131607,0.43043509125709534,0.0,0.0005766482790932059,0.127694234251976,0.036901865154504776,0.1774975061416626,0.0,0.11927385628223419,0.32611536979675293,0.053746357560157776,0.07381998002529144,0.10290192067623138,0.049994464963674545,0.0,0.11441206932067871,0.04169222339987755,0.05797799304127693,0.27384471893310547,0.27269479632377625,0.0,0.04476575925946236,0.10254224389791489,0.05679536610841751,0.049248553812503815,0.12706181406974792,0.2813400328159332,0.1932680755853653,0.00656305393204093,0.06598483771085739,0.14816048741340637,0.0,0.1725730299949646,0.0341939814388752,0.0,0.0,0.08526954799890518,0.10766679793596268,0.040909893810749054,0.07116241008043289,0.17728397250175476,0.0,0.0,0.20705421268939972,0.0389922596514225,0.0,0.0,0.047373220324516296,0.0,0.1010374054312706,0.0,0.14054276049137115,0.0007660805131308734,0.010212231427431107,0.0,0.0,0.17983123660087585,0.011466381140053272,0.0,0.0,0.39179858565330505,0.07821423560380936,0.000948274158872664,0.0,0.03906775265932083,0.29428985714912415,0.03642842918634415,0.06052958220243454,0.0017988880863413215,0.170871764421463,0.14939093589782715,0.0,0.0807773545384407,0.007222404237836599,0.0,0.015376620925962925,0.01487735752016306,0.0,0.014527070336043835,0.32965734601020813,0.11610912531614304,0.0033585845958441496,0.12783989310264587,0.06716333329677582,0.004633081145584583,0.0,0.009352543391287327,0.14739713072776794,0.029614083468914032,0.0,0.2363838255405426,0.27716851234436035,0.013504956848919392,0.20192131400108337,0.0,0.0,0.09527331590652466,0.08491987735033035,0.009028250351548195,0.15365755558013916,0.2127884030342102,0.01870376244187355,0.23693527281284332,0.1346563696861267,0.04083815589547157,0.1280902922153473,0.0,0.010221844539046288,0.14775393903255463,0.0,0.0,0.0,0.07171711325645447,0.01638522557914257,0.0016866396181285381,0.1730773150920868,0.3122692406177521,0.011425638571381569,0.15909798443317413,0.17943714559078217,0.09645992517471313,0.36576706171035767,0.0018820245750248432,0.059798501431941986,0.2634081542491913,0.0028663543052971363,0.15712274610996246,0.006094594486057758,0.05911910533905029,0.028597168624401093,0.04168764129281044,0.3395368158817291,0.03833174705505371,0.3871840536594391,0.07635979354381561,0.07484138011932373,0.0662764459848404,0.3258255422115326,0.1256493479013443,0.3439755141735077,0.1662815362215042,0.012988558039069176,0.0,0.018473496660590172,0.006327758077532053,0.05114647373557091,0.0,0.001854386879131198,0.1866687834262848,0.02953384257853031,0.07458355277776718,0.004056425765156746,0.0,0.0,0.0,0.0,0.4508519172668457,0.0,0.0,0.008424390107393265,0.28930455446243286,0.0,0.01151326298713684,0.0407106876373291,0.07984919846057892,0.06499812006950378,0.006706011015921831,0.03861934691667557,0.13857074081897736,0.1549583077430725,0.514461874961853,0.0644540786743164,0.0,0.08730759471654892,0.0,0.011696952395141125,0.17720860242843628,0.13840582966804504,0.0,0.6307547688484192,0.3085663914680481,0.20325005054473877,0.032645970582962036,0.0031023079063743353,0.004032547120004892,0.046440813690423965,0.037308741360902786,0.04458754137158394,0.1516391485929489,0.135024294257164,0.36301320791244507,0.0,0.03731497377157211,0.32613813877105713,0.30409032106399536,0.04221496731042862,0.0,0.0,0.06877199560403824,0.22017554938793182,0.0,0.3181450366973877,0.24801582098007202,0.10415223240852356,0.07284943014383316,0.7556328773498535
170,0.0,0.03161059692502022,0.00622536102309823,0.0,0.0,0.0,0.35370221734046936,0.15201398730278015,0.0,0.04674272984266281,0.13705843687057495,0.05526185780763626,0.0,0.28101012110710144,0.11450622230768204,0.046580005437135696,0.031126148998737335,0.07864316552877426,0.02029356174170971,0.0,0.0,0.16359646618366241,0.0,0.47103723883628845,0.04791581630706787,0.0,0.0,0.43054038286209106,0.0,0.10521570593118668,0.0,0.2353605479001999,0.0,0.3083347678184509,0.009710920043289661,0.024553634226322174,0.05855833366513252,0.1599736511707306,0.1311933994293213,0.3689975142478943,0.0,0.027227312326431274,0.14509263634681702,0.05705585703253746,0.2758854925632477,0.0,0.22041413187980652,0.02051747776567936,0.0,0.046926721930503845,0.0,0.0,0.3113836348056793,0.0,0.0,0.15561655163764954,0.018771685659885406,0.6060494780540466,0.03776859492063522,0.0328306183218956,0.0,0.22764237225055695,0.06877189129590988,0.02965904027223587,0.0,0.0,0.0,0.2925293743610382,0.1021830216050148,0.07393296808004379,0.0,0.0,0.12525838613510132,0.3077864646911621,0.0,0.05004667490720749,0.04186837747693062,0.10920896381139755,0.0,0.14550884068012238,0.04674912989139557,0.0283183753490448,0.0,0.18740803003311157,0.27592733502388,0.017506083473563194,0.0,0.15246470272541046,0.5604473948478699,0.3819352984428406,0.028102494776248932,0.07852300256490707,0.03742114081978798,0.08397766947746277,0.00425479793921113,0.00887646246701479,0.3804180324077606,0.0,0.0,0.07738213986158371,0.006151220761239529,0.3194887936115265,0.0,0.39682257175445557,0.31385305523872375,0.015248752199113369,0.018224839121103287,0.10716562718153,0.0,0.0,0.13176913559436798,0.04529505595564842,0.02702391892671585,0.17666073143482208,0.002117709955200553,0.0,0.037974726408720016,0.05608776584267616,0.014166106469929218,0.0,0.14431487023830414,0.00791903492063284,0.0,0.0017754469299688935,0.11185307055711746,0.47884199023246765,0.0,0.0,0.0759754478931427,0.0,0.0,0.1730702817440033,0.0,0.0034784965682774782,0.0,0.0010813426924869418,0.0,0.0,0.05321827158331871,0.0,0.0,0.018352609127759933,0.0071005248464643955,0.0,0.10716076195240021,0.04520498961210251,0.0,0.011481154710054398,0.1774127185344696,0.0,0.0,0.12000587582588196,0.04139327257871628,0.0,0.0,0.07133152335882187,0.01250413991510868,0.0,0.0,0.0,0.28750327229499817,0.0,0.021259751170873642,0.0,0.09077479690313339,0.10870549082756042,0.0,0.017358237877488136,0.014477846212685108,0.0,0.0,0.0,0.024079976603388786,0.0,0.025210708379745483,0.3548561930656433,0.0,0.01372133195400238,0.1511603742837906,0.04073219746351242,0.009104824624955654,0.0,0.16035890579223633,0.0,0.017102153971791267,0.02199629880487919,0.2282022386789322,0.0,0.0,0.0,0.0003752158081624657,0.2343170940876007,0.1549796164035797,0.0,0.21491190791130066,0.2015073448419571,0.0433051735162735,0.22208860516548157,0.23069660365581512,0.0,0.10483404994010925,0.0,0.0,0.031140485778450966,0.0,0.0,0.001711166580207646,0.039862144738435745,0.05425170436501503,0.0011690817773342133,0.08858606964349747,0.2396193891763687,0.0,0.050390034914016724,0.14669643342494965,0.0833149328827858,0.23896969854831696,0.0,0.0,0.35907527804374695,0.0,0.0027861371636390686,0.0,0.0,0.052036382257938385,0.0,0.09230406582355499,0.04710059612989426,0.1340467631816864,0.3164439797401428,0.004678328055888414,0.0,0.3369561433792114,0.037305720150470734,0.2084953486919403,0.042411379516124725,0.0,0.0,0.015036193653941154,0.03847891837358475,0.00014680458116345108,0.013869578950107098,0.0021417737007141113,0.3123501241207123,0.04028411582112312,0.04794623702764511,0.06598750501871109,0.0,0.0,0.0,0.0,0.37562474608421326,0.0,0.0,0.0,0.014637519605457783,0.0,0.03301529213786125,0.029317932203412056,0.0,0.04525386542081833,0.006901920773088932,0.0,0.059391047805547714,0.0,0.6391079425811768,0.04560234025120735,0.0341622456908226,0.11533604562282562,0.0,0.0,0.06244610622525215,0.07921250909566879,0.0,0.0917990431189537,0.21868722140789032,0.21441993117332458,0.0,0.011599224992096424,0.0,0.07770887762308121,0.0,0.0,0.10066727548837662,0.0,0.2914300858974457,0.0,0.0,0.46560001373291016,0.2092493325471878,0.008825263939797878,0.0,0.0,0.07932811975479126,0.3108879625797272,0.0,0.4341419041156769,0.23120613396167755,0.071748286485672,0.0,0.19096942245960236,0.06657204777002335,0.014637235552072525,0.0,0.0,0.0,0.25212806463241577,0.03590346872806549,0.01669534482061863,0.09201082587242126,0.17550627887248993,0.05560586228966713,0.0,0.30988994240760803,0.2218373864889145,0.0,0.0,0.14808447659015656,0.10742507874965668,0.0,0.01971619203686714,0.06867247074842453,0.0,0.34367820620536804,0.2164638787508011,0.0,0.0,0.4123300015926361,0.0050306436605751514,0.051289644092321396,0.0,0.31302839517593384,0.0,0.14565959572792053,0.032239269465208054,0.0007679172558709979,0.023347895592451096,0.03677438199520111,0.1457180678844452,0.2611095905303955,0.27090322971343994,0.02531818114221096,0.19820046424865723,0.0,0.1093292236328125,0.0,0.3725196123123169,0.0,0.0,0.121455617249012,0.0019010765245184302,0.0,0.7374283671379089,0.0,0.0,0.14336898922920227,0.0016067863907665014,0.7674259543418884,0.1797519028186798,0.027640899643301964,0.0,0.05040149763226509,0.2974924147129059,0.12340424209833145,0.0,0.0,0.0,0.6155166029930115,0.27918994426727295,0.25422996282577515,0.0,0.0,0.1434609591960907,0.7372457981109619,0.0,0.011934120208024979,0.21990759670734406,0.0,0.0,0.13895262777805328,0.13836990296840668,0.0,0.06236310675740242,0.19517755508422852,0.2653966546058655,0.07203363627195358,0.0,0.3199876546859741,0.5587625503540039,0.17344285547733307,0.03874891623854637,0.3496263325214386,0.0727778822183609,0.0,0.004447184968739748,0.10321836918592453,0.4113636612892151,0.0,0.0022775547113269567,0.00438864529132843,0.40473562479019165,0.3651406466960907,0.0,0.29468026757240295,0.09619895368814468,0.019928015768527985,0.01005264651030302,0.3714379370212555,0.030462712049484253,0.0,0.28306397795677185,0.08470229059457779,0.0,0.25612854957580566,0.07241783291101456,0.0,0.1541435271501541,0.24148207902908325,0.0,0.007854459807276726,0.15729127824306488,0.22154827415943146,0.016538679599761963,0.0,0.08611736446619034,0.03561508655548096,0.0,0.0,0.1302153319120407,0.0,0.0,0.043357208371162415,0.010124062187969685,0.07303908467292786,0.002827913500368595,0.1854272037744522,0.04228357970714569,0.0,0.2104029357433319,0.0052359625697135925,0.0,0.0,0.0,0.0,0.027805205434560776,0.05792625620961189,0.05554915964603424,0.0,0.16626007854938507,0.0,0.0,0.0,0.00028230829047970474,0.0,0.0,0.12635299563407898,0.06894265860319138,0.0,0.0,0.0,0.0,0.03202933073043823,0.11312462389469147,0.00226426450535655,0.04264003783464432,0.1630694568157196,0.0,0.0,0.09979967027902603,0.0,0.05066360533237457,0.03795298933982849,0.02013598196208477,0.0,0.3752627372741699,0.11681999266147614,0.0,0.0,0.22169966995716095,0.008932462893426418,0.03518933802843094,0.0,0.09111177921295166,0.017615631222724915,0.045465752482414246,0.08376587182283401,0.2702322006225586,0.0,0.0,0.0,0.0,0.31884339451789856,0.35967954993247986,0.0,0.19007739424705505,0.03453550115227699,0.12031012028455734,0.024028269574046135,0.4160534143447876,0.0,0.04355234652757645,0.0,0.00763992452993989,0.10343591123819351,0.0,0.0,0.0683162659406662,0.5607102513313293,0.2043638527393341,0.009016272611916065,0.2651447653770447,0.3810056149959564,0.0,0.0,0.21214018762111664,0.054769303649663925,0.1420644372701645,0.0,0.0,0.030252784490585327,0.01757875084877014,0.1319584995508194,0.3323647081851959,0.0,0.16875940561294556,0.0,0.22486169636249542,0.11828604340553284,0.2328578382730484,0.22495105862617493,0.12113206833600998,0.15403763949871063,0.1274459958076477,0.006419497076421976,0.1770574003458023,0.0008375893230549991,0.0,0.0,0.0,0.009176014922559261,0.0,0.0,0.007667143363505602,0.0,0.24307012557983398,0.08279936760663986,0.0745639055967331,0.0,0.0,0.0,0.0,0.6997887492179871,0.0,0.0,0.03638496622443199,0.0,0.0,0.01215039100497961,0.01215918269008398,0.0,0.0,0.056050315499305725,0.08578643947839737,0.0,0.0,0.7135717868804932,0.0,0.1129380464553833,0.030258430168032646,0.0,0.0,0.13622279465198517,0.25617414712905884,0.0,0.07253029942512512,0.11423657834529877,0.0854414775967598,0.0,0.1332719624042511,0.0,0.1579771786928177,0.050880298018455505,0.0,0.31869715452194214,0.0186690092086792,0.19831949472427368,0.0,0.0,0.2677072286605835,0.04208596050739288,0.031335022300481796,0.0,0.0,0.4959276020526886,0.18558450043201447,0.0,0.10464989393949509,0.6725872159004211,0.07083355635404587,0.0,0.03445453569293022,0.020307786762714386,0.004194650333374739,0.0,0.0,0.0,0.2052406221628189,0.18504762649536133,0.0022241019178181887,0.06051873415708542,0.25717344880104065,0.11373891681432724,0.0,0.3031308948993683,0.3229828178882599,0.0059342654421925545,0.0070131756365299225,0.2456194907426834,0.0725274458527565,0.0,0.019676130264997482,0.15332381427288055,0.0,0.5701494812965393,0.12270268052816391,0.0,0.0,0.496406227350235,0.005554815288633108,0.015864863991737366,0.0,0.31279507279396057,0.0,0.23739153146743774,0.0012435948010534048,0.010252157226204872,0.0,0.03574234992265701,0.2764973044395447,0.35651543736457825,0.0925309881567955,0.06465534120798111,0.14630328118801117,0.009378494694828987,0.3009384870529175,0.0,0.2105165719985962,0.0,0.0,0.15679696202278137,0.0,0.003128981916233897,0.6696327924728394,0.0,0.0,0.3078269362449646,0.00022383275791071355,0.6305902600288391,0.03619491308927536,0.04740004613995552,0.0,0.25591540336608887,0.13611847162246704,0.15311437845230103,0.0,0.0,0.0,0.6939110159873962,0.15372487902641296,0.11366500705480576,0.0,0.0,0.060496147722005844,0.5046038031578064,0.0,0.14079509675502777,0.22275201976299286,0.033635810017585754,0.0,0.048781994730234146,0.11507768929004669,0.0,0.04005530849099159,0.22528915107250214,0.4925547242164612,0.018956251442432404,0.0,0.22544635832309723,0.5926465392112732,0.1802026629447937,0.021960275247693062,0.4030775725841522,0.013904265128076077,0.03228618949651718,0.010136834345757961,0.07307812571525574,0.284616619348526,0.0,0.0,0.1192176342010498,0.24396775662899017,0.26694387197494507,0.0,0.37452128529548645,0.11555368453264236,0.004321320913732052,0.0035565714351832867,0.24278514087200165,0.011150519363582134,0.0,0.3377525806427002,0.018117891624569893,0.0008700080215930939,0.21576839685440063,0.04848858341574669,0.003587042912840843,0.05174665525555611,0.24913154542446136,0.0,0.0017515522195026278,0.3345266878604889,0.10217422991991043,0.006733594462275505,0.0,0.2586168944835663,0.2260197550058365,0.0,0.0,0.233442023396492,0.0,0.002565898932516575,0.1452525556087494,0.0,0.009410681203007698,0.01141373161226511,0.08296198397874832,0.014142826199531555,0.0,0.08741024136543274,0.0,0.0,0.0,0.0,0.0,0.03308650851249695,0.022873545065522194,0.021554287523031235,0.0015735082561150193,0.035692889243364334,0.0,0.0,0.040486834943294525,0.0,0.0,0.0,0.07158441841602325,0.09123479574918747,0.0,0.0,0.004759268835186958,0.08882863819599152,0.0,0.04491433873772621,0.0006762190605513752,0.04979688674211502,0.12489035725593567,0.0017240905435755849,0.0,0.1466071903705597,0.0,0.02362002804875374,0.04293486103415489,0.007761288899928331,0.0,0.12666524946689606,0.32094866037368774,0.0,0.0,0.2228666990995407,0.006509265396744013,0.04916565120220184,0.004936504177749157,0.04374893382191658,0.0056673865765333176,0.007776243612170219,0.03829667717218399,0.16303469240665436,0.0,0.0,0.0,0.0,0.41992512345314026,0.1946505606174469,0.0,0.14266321063041687,0.1478978395462036,0.010328012518584728,0.09297949820756912,0.4586388170719147,0.0,0.08677778393030167,0.0,0.0,0.01296315435320139,0.0,0.0,5.299291296978481e-05,0.5581566691398621,0.2843870222568512,0.0,0.24266602098941803,0.21387310326099396,0.0,0.0,0.36154359579086304,0.01871662773191929,0.08097478747367859,0.0,0.0,0.18997161090373993,0.0006147912354208529,0.06856700032949448,0.21048535406589508,0.0,0.09568362683057785,0.001045453012920916,0.16930162906646729,0.24868617951869965,0.10900935530662537,0.4179550111293793,0.03457856923341751,0.10194971412420273,0.24477049708366394,0.02262236177921295,0.34738001227378845,0.00028107885736972094,0.0,0.0,0.0,0.018283819779753685,0.0015909838257357478,0.0,0.021467050537467003,0.0538933090865612,0.22624725103378296,0.1458330899477005,0.014984087087213993,0.0,0.0,0.0,0.0,0.6014226078987122,0.0,0.0,0.004150755703449249,0.0,0.0,0.0,0.016655702143907547,0.0,0.0,0.08083277940750122,0.06270577758550644,0.009417291730642319,0.0,0.8523479104042053,0.00048585719196125865,0.10514611750841141,0.029859164729714394,0.0,0.0,0.08208081871271133,0.2985741198062897,0.0,0.17664261162281036,0.0404076911509037,0.06270492076873779,0.0,0.17401953041553497,0.0,0.21407867968082428,0.0,0.0,0.33823662996292114,0.0072498139925301075,0.15355893969535828,0.0,0.0,0.42787355184555054,0.17420600354671478,0.014853663742542267,0.0,0.0,0.3396280109882355,0.3342919945716858,0.0,0.13427643477916718,0.49846628308296204,0.13397684693336487,0.009457306936383247,-0.028845161199569702
171,0.014787054620683193,0.05027679353952408,0.0,0.0,0.0,0.0,0.0014132842188701034,0.1677975207567215,0.008885676972568035,0.0713910236954689,0.4609341621398926,0.1196858286857605,0.0,0.03700810298323631,0.7841307520866394,0.0,0.0,0.7744059562683105,0.5526137351989746,0.0,0.28707948327064514,0.137808695435524,0.0,0.9679061770439148,0.29392534494400024,0.0,0.0,0.4888606071472168,0.008155476301908493,0.0023255583364516497,0.0,0.12677541375160217,0.1208590492606163,0.15079040825366974,0.0,0.0,0.0,0.004634795244783163,0.5038045048713684,0.2185785323381424,0.11265522241592407,0.0,0.18829771876335144,0.0,0.24229875206947327,0.0,0.09688829630613327,0.01061295997351408,0.0,0.44543537497520447,0.0,0.023905595764517784,0.901021420955658,0.0,0.0,0.7014630436897278,0.0,0.28318172693252563,0.0006404802552424371,0.0,0.0,0.1809568852186203,0.07511215656995773,0.5564777255058289,0.0,0.0,0.0,1.3926869630813599,0.06863885372877121,0.007480463478714228,0.0,0.0,0.02647174708545208,0.8084182143211365,0.0,0.1334744244813919,0.570733368396759,0.12211326509714127,0.0,0.0,0.3629327714443207,0.0,0.029657868668437004,0.17430344223976135,1.2865523099899292,0.028276896104216576,0.0,0.040947865694761276,0.6766427159309387,0.03916173055768013,0.0,1.0636895895004272,0.033361226320266724,0.1680450737476349,0.021429872140288353,0.1692977100610733,0.03174629434943199,0.0,0.0,0.08814438432455063,0.7017534375190735,0.03521110489964485,0.0,1.0596938133239746,0.0,0.0,0.0,0.6335500478744507,0.0,0.0,0.7277067303657532,0.002203448209911585,0.004656982608139515,0.08565493673086166,0.03616661578416824,0.06632345169782639,0.022452032193541527,0.9085556268692017,0.0,0.0,0.5509346127510071,0.2204904854297638,0.0,0.0,0.5871886610984802,0.16562114655971527,0.0,0.0,0.7285634875297546,0.0,0.0,0.23448562622070312,0.0,0.0004234396037645638,0.0,0.07915712893009186,0.18136928975582123,0.0,0.03507634252309799,0.0,0.0,0.11095491796731949,0.0,0.0022997763007879257,0.010567249730229378,0.13669398427009583,0.020163552835583687,0.04905623942613602,0.08716901391744614,0.0,0.0,0.016659162938594818,0.0,0.0,0.0,0.01512387115508318,0.11449827998876572,0.044814325869083405,0.0,0.0,0.013601923361420631,0.0,0.025605762377381325,0.0,0.0,0.0752793475985527,0.029823774471879005,0.0,0.5892157554626465,0.0,0.1820969432592392,0.27163147926330566,0.0,0.0,0.11761742830276489,0.6598884463310242,0.0,0.0,0.3461064100265503,0.0,0.08237478882074356,0.18196113407611847,0.03189510852098465,0.0,0.17795662581920624,0.0,0.0,0.0,0.0,0.00689741550013423,0.0,0.9418544769287109,0.17617307603359222,0.0,0.0018421352142468095,0.44265827536582947,0.0,0.12808382511138916,0.9668642282485962,0.0,0.22362875938415527,0.0,0.0,0.06068989634513855,0.015309944748878479,0.0,0.23742079734802246,1.3257406949996948,0.6063694953918457,0.0,0.2894732356071472,0.12775976955890656,0.0,0.0,0.6434283256530762,0.011309350840747356,0.00022308678308036178,0.0,0.0,0.3452727496623993,0.0,0.07258887588977814,0.654579222202301,0.0,0.1898859590291977,0.16491064429283142,0.5272949934005737,0.7577964663505554,0.0,0.795553982257843,0.07056856900453568,0.3462618887424469,0.23949885368347168,0.005282830912619829,0.22142799198627472,0.003822695231065154,0.0,0.0,0.0,0.005126917734742165,0.0,0.0,0.005353860557079315,0.10302425920963287,0.6323486566543579,0.47388574481010437,0.0,0.0,0.0,0.0,0.0,0.7709600329399109,0.023650722578167915,0.0,0.016019625589251518,0.0,0.0,0.0,0.0015355892246589065,0.0,0.0,0.6325470209121704,0.46709752082824707,0.0,0.0,1.451484203338623,0.0,0.27409645915031433,5.8843197621172294e-05,0.0,0.0,0.06541647017002106,0.42251309752464294,0.0,0.2021440714597702,0.0,0.014916940592229366,0.0,0.6093316674232483,0.0,0.7267975211143494,0.0,0.0,0.9362725615501404,0.0,0.0,0.0,0.0,0.3874030113220215,0.0061736698262393475,0.04882936179637909,0.0,0.0,0.740717351436615,0.4981197416782379,0.0,0.0,0.8140105605125427,0.4411256015300751,0.07760218530893326,0.21835029125213623,0.09956363588571548,0.0384676419198513,0.0,0.0,0.0,0.33715906739234924,0.059216730296611786,0.017512908205389977,0.10980261117219925,0.16082477569580078,0.01777663640677929,0.0,0.3836466372013092,0.12852606177330017,0.03636793792247772,0.003232085146009922,0.12849530577659607,0.05346963554620743,0.0,0.0,0.069413922727108,0.0,0.35476428270339966,0.1238357201218605,0.0,0.0,0.4117734730243683,0.008149519562721252,0.0788789689540863,0.011916269548237324,0.2901255190372467,0.0,0.11965332925319672,0.06384796649217606,0.0,0.02397857792675495,0.07796783000230789,0.16823506355285645,0.30082112550735474,0.31584417819976807,0.025825588032603264,0.2164282351732254,0.0,0.13068516552448273,0.00971502810716629,0.38206276297569275,0.0,0.0,0.08807948976755142,0.004578184336423874,0.0,0.6208317875862122,0.0,0.0,0.04199458658695221,0.056427001953125,0.831071138381958,0.2238951325416565,0.015422130934894085,0.0,0.014288024976849556,0.2882229685783386,0.02136329375207424,0.0,0.0,0.0,0.43381014466285706,0.25862282514572144,0.23496325314044952,0.0,0.0,0.1886502057313919,0.6162446737289429,0.005101572256535292,0.03335614874958992,0.1996307373046875,0.0,0.0,0.10210008919239044,0.08806134015321732,0.0,0.05096672102808952,0.1850556880235672,0.22314368188381195,0.05548402667045593,0.0,0.28929752111434937,0.5009729862213135,0.1775590479373932,0.050680745393037796,0.2913142740726471,0.04844851791858673,0.0018681545043364167,0.0,0.0997905507683754,0.45754119753837585,0.0,0.005124810617417097,0.0,0.33765891194343567,0.376232773065567,0.0,0.34927040338516235,0.14936096966266632,0.11458471417427063,0.01480936724692583,0.29317182302474976,0.043854571878910065,0.0,0.22141888737678528,0.07179924100637436,0.003668945748358965,0.27881771326065063,0.1159224659204483,0.0,0.14790619909763336,0.1909882128238678,0.0,0.03681175038218498,0.13377045094966888,0.21930237114429474,0.03923065960407257,0.0,0.030716413632035255,0.02998698502779007,0.0,0.0,0.08356926590204239,0.0,0.0,0.019129090011119843,0.03239317238330841,0.04197065532207489,0.030865494161844254,0.20867177844047546,0.02217513881623745,0.0,0.2090674191713333,0.01112489216029644,0.0,0.0,0.0,0.0,0.05412377789616585,0.030864153057336807,0.08997751027345657,0.0,0.09197860956192017,0.0,0.0,0.02017062157392502,0.012506883591413498,0.0,0.0,0.23073549568653107,0.10862500220537186,0.0,0.00206971843726933,0.007474579848349094,0.032855074852705,0.03927597030997276,0.098565973341465,0.007039519492536783,0.02979707159101963,0.1598106175661087,0.0,0.0009322464466094971,0.04337522014975548,0.0,0.020565215498209,0.030141571536660194,0.015149067156016827,0.0,0.42462122440338135,0.11056826263666153,0.0,0.004417091608047485,0.1672649085521698,0.014094929210841656,0.020460372790694237,0.0,0.09520450234413147,0.019090697169303894,0.018131818622350693,0.08537910133600235,0.33934974670410156,0.0,0.007491643074899912,0.0,0.0,0.21473699808120728,0.2838228940963745,0.0,0.17169983685016632,0.10780840367078781,0.06925055384635925,0.11594205349683762,0.2920725643634796,0.0,0.08347893506288528,0.0,0.007006207946687937,0.08526883274316788,0.0,0.0,0.011678793467581272,0.4321897625923157,0.15045049786567688,0.05091669782996178,0.17775842547416687,0.3649847209453583,0.0,0.0,0.17671771347522736,0.05798174440860748,0.1837529093027115,0.0,0.0,0.039646923542022705,0.01092261541634798,0.13594114780426025,0.24311572313308716,0.0,0.12158858776092529,0.0,0.18785491585731506,0.12915457785129547,0.2688094675540924,0.14075809717178345,0.15526142716407776,0.11138749122619629,0.2222631275653839,0.03258925676345825,0.0995333343744278,0.0,0.0,0.0,0.013973714783787727,0.007578507997095585,0.014912145212292671,0.0,0.009360040538012981,0.02927371859550476,0.1400759220123291,0.09455231577157974,0.07158461213111877,0.004744863603264093,0.0,0.004389640409499407,0.0,0.628820538520813,0.0,0.0,0.041817788034677505,0.0,0.0,0.025136031210422516,0.0007106636767275631,0.007327877916395664,0.0007253653602674603,0.02064277045428753,0.054262880235910416,0.04930511489510536,0.014769461937248707,0.5688287615776062,0.01482363510876894,0.10211290419101715,0.05475768819451332,0.0,0.0,0.08510737121105194,0.15327347815036774,0.0,0.14846393465995789,0.20990662276744843,0.14237435162067413,0.0,0.05367618054151535,0.0,0.08919505774974823,0.040981028228998184,0.004135313909500837,0.25530707836151123,0.023365825414657593,0.24330070614814758,0.0,0.0,0.3008722960948944,0.03640312701463699,0.025701338425278664,0.0,0.0,0.3529437780380249,0.19727672636508942,0.0,0.18650159239768982,0.5692127346992493,0.1097656786441803,0.0,0.22421373426914215,0.048544444143772125,0.00016238955140579492,0.0,0.0,0.0,0.1649509072303772,0.12021568417549133,0.019818998873233795,0.05861135199666023,0.2677971422672272,0.11893472820520401,0.0,0.22501322627067566,0.5161536335945129,0.0,0.0,0.3557588756084442,0.1320112943649292,0.0,0.0444609560072422,0.17039604485034943,0.0,0.5935044884681702,0.14777052402496338,0.0,0.0009388907346874475,0.5498224496841431,0.0031569788698107004,0.006566253956407309,0.0,0.2962869703769684,0.01194006111472845,0.16277951002120972,0.023881593719124794,0.020969057455658913,0.0,0.020421616733074188,0.3634569048881531,0.3069045841693878,0.25761678814888,0.05535833165049553,0.1881054788827896,0.0023921960964798927,0.2545047998428345,0.0,0.2021665871143341,0.0,0.0,0.2512040138244629,0.0,0.010629053227603436,0.8280279636383057,0.0,0.0,0.4087284803390503,0.002705465303733945,0.6529801487922668,0.11526437848806381,0.022266900166869164,0.0,0.17037884891033173,0.21093718707561493,0.2654237151145935,0.0,0.0,0.0,0.9358314871788025,0.17519983649253845,0.09905829280614853,0.0,0.0,0.0633874163031578,0.7202433943748474,0.0,0.10788502544164658,0.3734974265098572,0.05900932103395462,0.0,0.0220319963991642,0.11712602525949478,0.0,0.03742299973964691,0.20103159546852112,0.6876769661903381,0.021989254280924797,0.0,0.2831311821937561,0.5960176587104797,0.10441967844963074,0.012049687094986439,0.6208037734031677,0.03255145251750946,0.035078465938568115,0.032129187136888504,0.14170284569263458,0.3036925494670868,0.0,0.0001958443026524037,0.11373376846313477,0.47183457016944885,0.31421247124671936,0.0,0.4620188772678375,0.04932985082268715,0.004492069128900766,0.0,0.3630879819393158,0.0032958576921373606,0.0,0.5141598582267761,0.048040617257356644,0.0,0.24508844316005707,0.0729852095246315,0.008985070511698723,0.11768678575754166,0.4906338155269623,0.0,0.006439464632421732,0.4381933808326721,0.22071877121925354,0.0,0.0,0.3556736707687378,0.09130971133708954,0.0,0.0030385565478354692,0.40575915575027466,0.0,0.0,0.10649684816598892,0.0,0.00702705467119813,0.0082947863265872,0.1891491860151291,0.07700110226869583,0.0,0.0796702578663826,0.0004939346108585596,2.063603824353777e-05,0.0,0.0,0.0,0.014753871597349644,0.032959599047899246,0.05826129391789436,0.005345099605619907,0.0037565992679446936,0.0,0.0,0.017608800902962685,0.0,0.0,0.00042901208507828414,0.11294005066156387,0.09758920222520828,0.0018477984704077244,0.0,0.023220833390951157,0.021557683125138283,0.0,0.03978252038359642,0.008256739005446434,0.005645571742206812,0.15392114222049713,0.014858401380479336,0.0,0.3103826940059662,0.0,0.061132729053497314,0.1426028609275818,0.005083473864942789,0.0,0.3899811804294586,0.3648501932621002,0.0,0.0,0.1908416450023651,0.0,0.014456454664468765,0.03611590340733528,0.03165506199002266,0.010772359557449818,0.010213022120296955,0.03796371817588806,0.10896984487771988,0.0,0.0,0.0,0.0,0.58454829454422,0.2404945194721222,0.0,0.07789165526628494,0.19644403457641602,0.012187470681965351,0.062504343688488,0.5754781365394592,0.0,0.09257567673921585,0.0,0.0,0.10208161175251007,0.0,0.0,0.0009972179541364312,0.8854287266731262,0.3325977921485901,0.003545378567650914,0.33921489119529724,0.28101012110710144,0.0,0.0,0.3891803026199341,0.007167393807321787,0.030330508947372437,0.0,0.0,0.2563974857330322,0.001620354363694787,0.09310264140367508,0.37509283423423767,0.0,0.12975609302520752,0.058636777102947235,0.38960859179496765,0.38024815917015076,0.14794641733169556,0.44737187027931213,0.11213145405054092,0.26472121477127075,0.19501496851444244,0.006668065674602985,0.242399662733078,0.0,0.0,0.0,0.0,0.005532151088118553,0.0,0.0,0.014428636990487576,0.03809069097042084,0.3483146131038666,0.33780962228775024,0.0,0.0,0.0,0.0,0.0,0.7421706318855286,0.0008000474772416055,0.0,0.03976096212863922,0.0,0.0,0.0,0.0,0.0,0.0,0.2683921456336975,0.17580954730510712,0.0,0.0,1.1355648040771484,0.0,0.1144912913441658,0.0051267510280013084,0.0,0.0,0.06715625524520874,0.3803732991218567,0.0,0.182693749666214,0.043761447072029114,0.04619643837213516,0.0,0.33595719933509827,0.0,0.3627083897590637,0.0016485104570165277,0.0,0.555395781993866,0.017667902633547783,0.1073564663529396,0.0,0.0,0.3163732886314392,0.07167503982782364,0.03230249881744385,0.0,0.0,0.5077307820320129,0.33547085523605347,0.0,0.050954729318618774,0.6641543507575989,0.1820497214794159,0.030180731788277626,2.3474106788635254
172,0.13936327397823334,0.1309492290019989,0.032940126955509186,0.0,0.0,0.0,0.5419316291809082,0.044997427612543106,0.0,0.014592571184039116,0.032134875655174255,0.004197488538920879,0.0,0.32512497901916504,0.0,0.11213452368974686,0.053034573793411255,0.0,0.0,0.0,0.0,0.05965689942240715,0.0004904571687802672,0.2439228892326355,0.02040197141468525,0.0,0.0,0.5132509469985962,0.005691395606845617,0.08456170558929443,0.11467558145523071,0.3044714629650116,0.0,0.27589040994644165,0.08881299197673798,0.054374177008867264,0.0076985848136246204,0.2167614847421646,0.000980227836407721,0.0712294951081276,0.053150564432144165,0.16897551715373993,0.06976804882287979,0.0922950878739357,0.17511239647865295,0.19375599920749664,0.30268171429634094,0.035089362412691116,0.0,0.050484199076890945,0.17154592275619507,0.0,0.14898502826690674,0.011591779068112373,0.04159216210246086,0.0,0.2930511236190796,0.7720446586608887,0.230872243642807,0.07228634506464005,0.0,0.07470846176147461,0.1432105153799057,0.0,0.0,0.006553442683070898,0.0,0.0,0.22973498702049255,0.15209649503231049,0.047578904777765274,0.0,0.18698573112487793,0.16158148646354675,0.07895325124263763,0.04326494410634041,0.005984650459140539,0.06569289416074753,0.0,0.1667466014623642,0.008754666894674301,0.0586390420794487,0.0,0.14728467166423798,0.004209202714264393,0.0,0.052361879497766495,0.29221445322036743,0.32684215903282166,0.4045376479625702,0.045828063040971756,0.0,0.024281492456793785,0.08179768174886703,0.0009505481575615704,0.022092092782258987,0.5990543365478516,0.0,0.006803023628890514,0.0,0.0,0.3705189526081085,0.0,0.25928235054016113,0.42242541909217834,0.2633841633796692,0.04842107370495796,0.009328993037343025,0.010234924964606762,0.0,0.0,0.0757550448179245,0.056202612817287445,0.2691839337348938,0.07780871540307999,0.0,0.03574236109852791,0.0,0.08335167169570923,0.021126212552189827,0.0,0.06268658488988876,0.0,0.007107339333742857,0.0,0.29787173867225647,0.0,0.027969038113951683,0.0,0.031887397170066833,0.0,0.15716135501861572,0.032787639647722244,0.0028404805343598127,0.04282999038696289,0.1535758227109909,0.0,0.0,0.03209878131747246,0.0052841342985630035,0.0,0.0,0.01356243621557951,0.0,0.17132370173931122,0.0,0.04769638180732727,0.0,0.0,0.0,0.05085763335227966,0.15812772512435913,0.10888223350048065,0.0,0.0,0.3315962553024292,0.029835056513547897,0.0,0.03244197368621826,0.037380628287792206,0.314084529876709,0.23315203189849854,0.01127532683312893,0.0,0.13442353904247284,0.12560470402240753,0.0,0.18775396049022675,0.0,0.0,0.0029395318124443293,0.006274789106100798,0.015685349702835083,0.030371537432074547,0.25749948620796204,0.1409214735031128,0.02762984298169613,0.15047869086265564,0.0,0.021012669429183006,0.00032067569554783404,0.0,0.22331182658672333,0.0009397715330123901,0.0,0.20021231472492218,0.33857202529907227,0.0,0.0858248695731163,0.0,0.0,0.0,0.136429563164711,0.0028156705666333437,0.2817785441875458,0.11333531141281128,0.026592008769512177,0.21257689595222473,0.0,0.04629065841436386,0.13894441723823547,0.0,0.03996657952666283,0.09383060783147812,0.0,0.0,0.0,0.0,0.0,0.08951332420110703,0.0598008818924427,0.3814164996147156,0.051579877734184265,0.269925594329834,0.0,0.06194847449660301,0.4124361574649811,0.0,0.031630609184503555,0.2662738561630249,0.0,0.0719030499458313,0.0,0.0002740018826443702,0.019981587305665016,0.0,0.057966023683547974,0.0,0.3916202187538147,0.0,0.01986951008439064,0.0,0.34570854902267456,0.08772935718297958,0.07740967720746994,0.1548805832862854,0.04965906962752342,0.0,0.03874381631612778,0.09073533117771149,0.04935232177376747,0.0,0.0,0.3514971137046814,0.0,0.019741440191864967,0.05801594257354736,0.0,0.0,0.0,0.0,0.2989087700843811,0.0,0.0,0.010606723837554455,0.16359204053878784,0.0,0.07818112522363663,0.06165275350213051,0.00839863158762455,0.15542232990264893,0.0,0.0,0.19000829756259918,0.21569298207759857,0.10871965438127518,0.11954641342163086,0.0,0.19036974012851715,0.0018626308301463723,0.014529015868902206,0.08962477743625641,0.0,0.0,0.3292722702026367,0.6195824146270752,0.22882860898971558,0.07417351007461548,0.0,0.0,0.0,0.004225010517984629,0.012830684892833233,0.010045546106994152,0.05343419313430786,0.4802052974700928,2.3543834686279297e-05,0.06928496807813644,0.23774221539497375,0.16877882182598114,0.029411837458610535,0.0,0.006448511499911547,0.0,0.22850167751312256,0.0,0.557099461555481,0.046184953302145004,0.00124164333101362,0.025760721415281296,0.0444430336356163,0.07585025578737259,0.0596744678914547,0.0,0.0,0.0,0.5032318830490112,0.1006401777267456,0.0,0.041910625994205475,0.05049874261021614,0.014015737920999527,0.0,0.4347849488258362,0.0,0.04230000823736191,0.028981806710362434,0.0,0.0026888754218816757,0.0,0.0,0.11833570152521133,0.0,0.18054699897766113,0.03541525453329086,0.0,0.0,0.4430232346057892,0.0,0.11466711014509201,0.0,0.2550187110900879,0.0,0.3017619252204895,0.020598165690898895,0.0604245699942112,0.1044049859046936,0.1542169749736786,0.004517966881394386,0.2475479245185852,0.06699080765247345,0.15954016149044037,0.14535650610923767,0.06855398416519165,0.20427200198173523,0.03400818258523941,0.3524695634841919,0.004712284542620182,0.0,0.042264584451913834,0.06008313596248627,0.0,0.2115153968334198,0.009097959846258163,0.01408938504755497,0.0,0.07226443290710449,0.7879100441932678,0.17311501502990723,0.02455783635377884,0.0,0.21640382707118988,0.18632987141609192,0.0,0.0,0.0045583173632621765,0.0,0.02810702472925186,0.09685593098402023,0.16328950226306915,0.008671414107084274,0.0,0.2536718547344208,0.19696557521820068,0.03294995799660683,0.07402412593364716,0.018536385148763657,0.024990910664200783,0.0,0.2490258514881134,0.026814129203557968,0.002575143240392208,0.0,0.22816096246242523,0.0,0.04670272767543793,0.01205832976847887,0.20468682050704956,0.37521523237228394,0.2634257674217224,0.05484597384929657,0.0,0.045658085495233536,0.022283894941210747,0.0,0.0,0.4911733865737915,0.0,0.007565263658761978,0.0,0.0,0.22011245787143707,0.0,0.15924489498138428,0.3463002145290375,0.11092934012413025,0.02291780337691307,0.02632175385951996,0.016154680401086807,0.0,0.014935711398720741,0.08543577045202255,0.051878422498703,0.19031016528606415,0.006918660365045071,0.0,0.05203720182180405,0.002430466003715992,0.027104774489998817,0.01247197575867176,0.0,0.028797192499041557,0.0,0.018052438274025917,0.0,0.2922423779964447,0.0,0.006531218066811562,0.0,0.007534862961620092,0.0,0.07826769351959229,0.008404596708714962,0.030537547543644905,0.004191500134766102,0.031223855912685394,0.0,0.0,0.2368088960647583,0.036749329417943954,0.0,0.0,0.010744890198111534,0.0,0.04473710060119629,0.0,0.030379576608538628,0.00666317343711853,0.20823118090629578,0.0,0.028696691617369652,0.012015383690595627,0.024520665407180786,0.0,0.0,0.10619356483221054,0.022859835997223854,0.0,0.026955358684062958,0.003726240945979953,0.04587069898843765,0.037090495228767395,0.08535883575677872,0.0,0.19361045956611633,0.12618553638458252,0.0,0.04140438884496689,0.0,0.0,0.0,0.0,0.02619062177836895,0.0,0.1241508424282074,0.0327555313706398,0.0,0.026614796370267868,0.02658422663807869,0.09685712307691574,0.0,0.0,0.0916207879781723,0.004956310614943504,0.006188729777932167,0.08826304972171783,0.32976505160331726,0.0,0.028089238330721855,0.0,0.0,0.008525921031832695,0.2431333363056183,0.0,0.14676183462142944,0.022064795717597008,0.13387852907180786,0.11392822116613388,0.06648281216621399,0.009942286647856236,0.04605909809470177,0.0,0.035323143005371094,0.03272716701030731,0.0,0.0,0.0,0.0,0.0,0.037554167211055756,0.07536044716835022,0.3084615170955658,0.0,0.179529070854187,0.011165432631969452,0.13020770251750946,0.410579115152359,0.0,0.0,0.18275567889213562,0.0,0.05520377680659294,0.0,0.0,0.047062184661626816,0.0,0.005127454176545143,0.0,0.21944841742515564,0.018332278355956078,0.0008703875355422497,0.0,0.19018763303756714,0.10682249069213867,0.18371890485286713,0.09265635907649994,0.016275009140372276,0.0011079779360443354,0.03815322741866112,0.02999594807624817,0.012215547263622284,0.009717436507344246,0.0,0.23036131262779236,0.003274358808994293,0.0,0.07301310449838638,0.0,0.0,0.0,0.0,0.30350252985954285,0.0,0.0,0.0028147022239863873,0.04166276007890701,0.0,0.03598805516958237,0.04286778345704079,0.006839023437350988,0.051818303763866425,0.0,0.0,0.12477481365203857,0.020941542461514473,0.23057445883750916,0.06408359110355377,0.005845719948410988,0.22141486406326294,0.0,0.0,0.08554073423147202,0.050323791801929474,0.0,0.24589897692203522,0.5095770359039307,0.2986169159412384,0.0025203016120940447,0.0,0.0,0.0,0.07623254507780075,0.021172819659113884,0.033401988446712494,0.03302504122257233,0.31032487750053406,0.0007510203868150711,0.0,0.32742953300476074,0.2838101089000702,0.018117755651474,0.0,0.0,0.0,0.20602302253246307,0.0,0.5100954174995422,0.1267443299293518,0.019214611500501633,0.0,0.10372642427682877,0.08486977219581604,0.02636648900806904,0.0,0.0,0.0,0.5379453301429749,0.07766401022672653,0.0,0.0251053124666214,0.018227793276309967,0.022706352174282074,0.0,0.39064931869506836,0.0,0.06616071611642838,0.06518197059631348,0.0,0.0,0.0,0.0,0.0812763050198555,0.009805281646549702,0.21943016350269318,0.023363832384347916,0.0008782504592090845,0.0,0.5760830044746399,0.006939601618796587,0.04238579422235489,0.08079957962036133,0.3508621156215668,0.0,0.2888299822807312,0.05665382370352745,0.11192217469215393,0.0008047901792451739,0.15382948517799377,0.007549104746431112,0.1574375480413437,0.07932790368795395,0.2687763273715973,0.06865635514259338,0.13407059013843536,0.242762491106987,0.15520666539669037,0.3694029748439789,0.03190819174051285,0.0,0.043961603194475174,0.13686279952526093,0.0,0.2458060085773468,0.0016388115473091602,0.030452871695160866,0.0,0.21263127028942108,0.8626580238342285,0.22424595057964325,0.11412540823221207,0.0,0.15429295599460602,0.2086459845304489,0.0,0.0,0.027512915432453156,0.0,0.008907271549105644,0.23718629777431488,0.21099255979061127,0.03761843219399452,0.0,0.14706003665924072,0.19067424535751343,0.04401858150959015,0.12732720375061035,0.013628470711410046,0.049555081874132156,0.0,0.1629934310913086,0.008770929649472237,0.01985738053917885,0.0,0.21385325491428375,0.003759923158213496,0.0045841955579817295,0.041120145469903946,0.3564230501651764,0.2823455035686493,0.3182353377342224,0.02739396132528782,0.0,0.027535302564501762,0.07876478135585785,0.033218614757061005,0.036326814442873,0.6344677805900574,0.0,0.009867021813988686,0.0393742136657238,0.0,0.29713356494903564,0.0,0.19127872586250305,0.41517364978790283,0.18679091334342957,0.048743415623903275,0.014549237675964832,0.019423559308052063,0.0,0.0,0.05820702388882637,0.03378620743751526,0.2458430379629135,0.07362518459558487,0.0,0.04544888064265251,0.0,0.06022508442401886,0.013191001489758492,0.011029803194105625,0.07469648867845535,0.015895074233412743,0.01086367480456829,0.0,0.21653911471366882,0.0,0.01799708604812622,0.0,0.001266921404749155,0.0,0.08292321860790253,0.022642025724053383,0.0018604898359626532,0.03068549744784832,0.13975466787815094,0.0,0.0,0.09933340549468994,0.06626466661691666,0.0,0.0,0.003396980930119753,0.0,0.10317179560661316,0.0,0.051840417087078094,0.0,0.0028770077042281628,0.0,0.0593264102935791,0.07938803732395172,0.07192812860012054,0.0,0.0,0.2379584014415741,0.06289950758218765,0.0,0.02710641548037529,0.039861373603343964,0.17750145494937897,0.19768179953098297,0.011349313892424107,0.0,0.19343949854373932,0.13949079811573029,0.0,0.13208742439746857,0.0,0.0,0.005978734698146582,0.0029560960829257965,0.014323211275041103,0.018497483804821968,0.2682138681411743,0.09366724640130997,0.003882790682837367,0.11066456139087677,0.01000526174902916,0.015443775802850723,0.0,0.0,0.1709507256746292,0.00891334842890501,0.0,0.26513248682022095,0.37144556641578674,0.0,0.07892225682735443,0.0,0.0,0.0,0.16212312877178192,0.0030419637914747,0.2561829388141632,0.06240424886345863,0.027459392324090004,0.11788564175367355,0.0,0.016336828470230103,0.0757426992058754,0.0,0.07414212822914124,0.04676418378949165,0.0,0.0027045346796512604,0.0,0.0,0.0,0.03069806471467018,0.13730484247207642,0.363094300031662,0.023149732500314713,0.1959291696548462,0.013409342616796494,0.04658607393503189,0.42188021540641785,0.0,0.036875877529382706,0.2231847196817398,0.0,0.07705352455377579,0.0,0.0009954265551641583,0.013856316916644573,0.0027194544672966003,0.06386209279298782,0.0,0.41414588689804077,0.0,0.015639521181583405,0.019716547802090645,0.26180949807167053,0.09068749099969864,0.24050326645374298,0.15887269377708435,0.01335710659623146,0.0005658057634718716,0.049532391130924225,0.059126127511262894,0.01846274733543396,0.0,0.0018237733747810125,0.2525968849658966,0.0,0.01572471484541893,0.011943628080189228,0.0,0.0,0.0,0.0,0.34081095457077026,0.0,0.0,0.0,0.11812122911214828,0.0,0.053690262138843536,0.061779532581567764,0.023389138281345367,0.1321086883544922,0.0,0.0,0.11743751913309097,0.1604434847831726,0.17314180731773376,0.07623150199651718,0.0,0.17501473426818848,0.0,0.010279806330800056,0.078475721180439,0.058776650577783585,0.0,0.38295790553092957,0.5944286584854126,0.22996224462985992,0.03901033103466034,0.0,0.002934873104095459,0.0,0.038959357887506485,0.01804937794804573,0.008820846676826477,0.12957017123699188,0.441630095243454,0.0,0.04920700192451477,0.26122140884399414,0.28886353969573975,0.03597784787416458,0.0,0.007249271031469107,0.0017599649727344513,0.1954929232597351,0.0028055841103196144,0.47550979256629944,0.0872998759150505,0.0,0.008628328330814838,-0.2875864803791046
173,0.014847127720713615,0.05549310892820358,0.04484972357749939,0.0,0.0,0.0,0.29979604482650757,0.15675362944602966,0.0,0.027844134718179703,0.1864253431558609,0.011458323337137699,0.0,0.28872010111808777,0.11386097222566605,0.04713281989097595,0.011698311194777489,0.1347702145576477,0.08777546882629395,0.0,0.0,0.1279701292514801,0.0,0.5604342222213745,0.047743137925863266,0.0,0.0,0.401605486869812,0.003180675208568573,0.11415580660104752,0.01733187772333622,0.21697548031806946,0.0,0.29460692405700684,0.027202334254980087,0.03034842014312744,0.07063046842813492,0.20655617117881775,0.12734243273735046,0.32949090003967285,0.005795372650027275,0.016762766987085342,0.18472182750701904,0.0377250574529171,0.2996150255203247,0.0,0.17776715755462646,0.04058545455336571,0.0,0.09721146523952484,0.0,0.0,0.30733293294906616,0.0010963998502120376,0.0,0.1928301751613617,0.04144620895385742,0.4790341258049011,0.03129182755947113,0.012386132963001728,0.0,0.18035051226615906,0.02449902892112732,0.0,0.0,0.0,0.0,0.3051126003265381,0.03770091384649277,0.059443581849336624,0.0,0.0,0.10706070810556412,0.1993013620376587,0.0,0.05002829432487488,0.10787375271320343,0.0786156877875328,0.0,0.07800614833831787,0.06961459666490555,0.043557967990636826,0.0,0.19359439611434937,0.35321614146232605,0.01978311315178871,0.001097528263926506,0.09364944696426392,0.5535780787467957,0.2878287136554718,0.03069443628191948,0.2177271544933319,0.03920089080929756,0.12630562484264374,0.004714308772236109,0.0030801412649452686,0.2428455352783203,0.0,0.0,0.015097513794898987,0.0697178840637207,0.17675864696502686,0.0,0.5372355580329895,0.19698292016983032,0.038985878229141235,0.008396434597671032,0.17671236395835876,0.0,0.0,0.11640559881925583,0.049882158637046814,0.028917985036969185,0.13745713233947754,0.0031287800520658493,0.0,0.028257951140403748,0.13464292883872986,0.012610726058483124,0.0,0.12242289632558823,0.012358486652374268,0.008635107427835464,0.003975376486778259,0.08222167193889618,0.4046458899974823,0.0,0.0,0.1363540142774582,0.0,0.0,0.11620558053255081,0.0,0.0,0.0,0.0009637321345508099,0.0,0.0,0.06425007432699203,0.0,0.0,0.025239840149879456,0.0,0.0,0.12327076494693756,0.05948583409190178,0.0,0.045010555535554886,0.1847454309463501,0.006569211371243,0.0,0.14800426363945007,0.028600649908185005,0.0,0.0,0.11197352409362793,0.01922685094177723,0.014821972697973251,0.0011029401794075966,0.0,0.22310175001621246,0.004534360021352768,0.03733030706644058,0.0,0.017161810770630836,0.07350648939609528,0.0009543001651763916,0.006583415903151035,0.02591811865568161,0.0,0.0,0.0,0.025690920650959015,0.0,0.023772891610860825,0.3049702048301697,0.0,0.004510003142058849,0.18780486285686493,0.03854566439986229,0.017509644851088524,0.0,0.17840202152729034,0.0,0.01562155969440937,0.014517026953399181,0.09511887282133102,0.0,0.0,0.0,0.0,0.1885886937379837,0.09733659774065018,0.0,0.08713335543870926,0.2543538212776184,0.06350947171449661,0.2707640528678894,0.2977134883403778,0.0,0.14907142519950867,0.0,0.0053191473707556725,0.011475820094347,0.0,0.0,0.008283615112304688,0.08155960589647293,0.12981021404266357,0.005323493387550116,0.03002859838306904,0.17080263793468475,0.0,0.05869360640645027,0.1731719672679901,0.07469864189624786,0.18358749151229858,0.0,0.0,0.28170737624168396,0.0,0.0,0.02375858649611473,0.0,0.0670635923743248,0.0,0.12784649431705475,0.12223110347986221,0.09166157245635986,0.32749953866004944,0.004227631259709597,0.0,0.32373756170272827,0.05742151290178299,0.15967079997062683,0.026286598294973373,0.0,0.0,0.014190485700964928,0.031125172972679138,0.0,0.012449480593204498,0.005756955593824387,0.323525995016098,0.0830875113606453,0.0709274560213089,0.08567024022340775,0.0,0.0,0.0,0.0,0.35637223720550537,0.0,0.0,3.8098543882369995e-05,0.012392891570925713,0.0,0.020606040954589844,0.03145328909158707,0.0,0.03960312157869339,0.032240670174360275,0.0024644332006573677,0.07274112850427628,0.013227860443294048,0.5982808470726013,0.035539887845516205,0.05246398597955704,0.11210731416940689,0.0,0.0,0.05919291079044342,0.0596957802772522,0.0,0.2487698644399643,0.0906534418463707,0.1895616352558136,0.0,0.03584323823451996,0.0,0.1338142305612564,0.0,0.002734212204813957,0.16871844232082367,0.010483735240995884,0.20648902654647827,0.0,0.005460018292069435,0.4373261332511902,0.13452719151973724,0.01343661267310381,0.0,0.0,0.08738178759813309,0.3739527463912964,0.0,0.35599350929260254,0.23308739066123962,0.12413041293621063,0.005940059199929237,0.38118964433670044,0.07837416976690292,0.03823133558034897,0.0,0.0,0.0,0.5790640115737915,0.003326982958242297,0.029432812705636024,0.19286756217479706,0.10758259147405624,0.0028474414721131325,0.0,0.38536858558654785,0.02461482211947441,0.0,0.016789009794592857,0.027123963460326195,0.12072154134511948,0.0,0.004897499922662973,0.016896653920412064,0.004638529848307371,0.10546398162841797,0.440922349691391,0.0071641537360847,0.0,0.49047955870628357,0.041276633739471436,0.060943473130464554,0.006886598654091358,0.4720984399318695,0.0,0.04138636216521263,0.13531269133090973,0.00812607817351818,0.008196800947189331,0.06356117874383926,0.13485543429851532,0.07997775822877884,0.6761992573738098,0.13334351778030396,0.286941796541214,0.008988945744931698,0.07992159575223923,0.013205662369728088,0.6434640288352966,0.0,0.003358559450134635,0.08802392333745956,0.004214971326291561,0.0,0.7938790321350098,0.0,0.0,0.0,0.16107480227947235,1.1484535932540894,0.39758989214897156,0.11801084131002426,0.0,0.03487510606646538,0.46147051453590393,0.0,0.0,0.0,0.0,0.33486512303352356,0.5289795398712158,0.3874220848083496,0.0,0.0,0.26268020272254944,0.836611270904541,0.02296517603099346,0.017429949715733528,0.313886433839798,0.0,0.0,0.15288354456424713,0.0807470753788948,0.0,0.05784270167350769,0.18741218745708466,0.11146467924118042,0.05129338428378105,0.0,0.6170791983604431,0.6062928438186646,0.2366178333759308,0.10740449279546738,0.25658950209617615,0.17657367885112762,0.04514965042471886,0.007383226882666349,0.4415247142314911,0.7590649127960205,0.0,0.014602812007069588,0.0,0.3105282485485077,0.616969645023346,0.0,0.1618640273809433,0.1525653451681137,0.1388927698135376,0.04274468868970871,0.29769495129585266,0.13501852750778198,0.0,0.14265969395637512,0.14832644164562225,0.02738412655889988,0.3553997576236725,0.4821789264678955,0.0,0.21609614789485931,0.2432112693786621,0.0,0.010478896088898182,0.08656995743513107,0.49531289935112,0.043554823845624924,0.009201970882713795,0.005443796515464783,0.0,0.004852664656937122,0.020202260464429855,0.05740494653582573,0.0,0.013387629762291908,0.02447332628071308,0.1529630422592163,0.06225475296378136,0.000930824491661042,0.5190996527671814,0.04269310459494591,0.0,0.3537687063217163,0.021509366109967232,0.0,0.0,0.0,0.004847466945648193,0.04023757949471474,0.03877078369259834,0.4172421395778656,0.0029835663735866547,0.11043335497379303,0.0,0.0,0.03351666405797005,0.007603663485497236,0.0,0.0,0.4872070252895355,0.029344890266656876,0.008398914709687233,0.00223281211219728,0.07636895775794983,0.035632576793432236,0.12454960495233536,0.2254081815481186,0.0,0.0661156103014946,0.22887594997882843,0.0,0.0,0.007385425269603729,0.0,0.03396102413535118,0.06675418466329575,0.08392243832349777,0.01112435944378376,1.0505043268203735,0.06310298293828964,0.0,0.0038680359721183777,0.04260384663939476,4.584491398418322e-05,0.0,0.009002028964459896,0.05529293417930603,0.03649861365556717,0.021921105682849884,0.31978049874305725,0.6329163908958435,0.006315536797046661,0.03913787379860878,0.0,0.0,0.09365842491388321,0.43041273951530457,0.0,0.2337115854024887,0.1397315263748169,0.2435908168554306,0.017021536827087402,0.1666475385427475,0.01529174204915762,0.07694153487682343,0.0,0.05545322969555855,0.3656834065914154,0.0064361183904111385,0.0,0.031544029712677,0.3903891444206238,0.12578415870666504,0.1351502686738968,0.27651891112327576,0.6945382952690125,0.0,0.005843734834343195,0.08637471497058868,0.05190419778227806,0.33252817392349243,0.0,0.018382230773568153,0.04998285695910454,0.0002707477833610028,0.3616614043712616,0.2906755208969116,0.08870458602905273,0.20405292510986328,0.007553280796855688,0.670069694519043,0.0774533748626709,0.5318949818611145,0.029290083795785904,0.3924879729747772,0.26276424527168274,0.16984285414218903,0.021704886108636856,0.10519524663686752,0.06302261352539062,0.0,0.0,0.0,0.0158331748098135,0.09362750500440598,0.0,0.020597103983163834,0.004197483416646719,0.15238988399505615,0.1342049390077591,0.043799061328172684,0.0,0.0,0.003813305636867881,0.0,0.6936378479003906,0.0,0.0,0.07870399951934814,0.10361583530902863,0.0,0.002555561251938343,0.07382847368717194,0.04533527418971062,0.0,0.004108475521206856,0.08453526347875595,0.025111252442002296,0.08085054904222488,0.5831391215324402,0.003238282399252057,0.07238040119409561,0.04503963142633438,0.0,0.0030268339905887842,0.22606630623340607,0.08037219196557999,0.0,0.14306053519248962,0.3526217043399811,0.2220289260149002,0.0,0.12796151638031006,0.0,0.13903988897800446,0.1252993792295456,0.0,0.25602683424949646,0.25677892565727234,0.4652930796146393,0.0,0.030141634866595268,0.029896480962634087,0.10088828951120377,0.1251419335603714,0.0,0.0,0.5430286526679993,0.06583156436681747,0.0,0.22673232853412628,0.6634736061096191,0.0666990801692009,0.0,0.1326206475496292,0.026885220780968666,0.027223091572523117,0.0,0.0,0.0,0.40775546431541443,0.13074703514575958,0.006416635122150183,0.15140999853610992,0.10216565430164337,0.03111194260418415,0.0,0.343983918428421,0.12854038178920746,0.0,0.032390449196100235,0.030273016542196274,0.0,0.0,0.003205543849617243,0.11059834808111191,0.0034567515831440687,0.3960667848587036,0.2234009951353073,0.00010430199472466484,0.0,0.6176170110702515,0.02125655859708786,0.013713384047150612,0.0008642147877253592,0.42723846435546875,0.0,0.18558864295482635,0.00939228292554617,0.055281709879636765,0.0,0.08518112450838089,0.22062529623508453,0.22994215786457062,0.4014052748680115,0.1903776079416275,0.10714339464902878,0.05199616402387619,0.29058536887168884,0.0,0.4672832489013672,0.0,0.0,0.13394929468631744,0.0009434512467123568,0.0,0.6901294589042664,0.0,0.0,0.09911090135574341,0.013180517591536045,0.9466449618339539,0.17233340442180634,0.125994473695755,0.0,0.22681064903736115,0.2538737654685974,0.016004830598831177,0.0,0.0,0.0,0.48511186242103577,0.3157067596912384,0.16272510588169098,0.0,0.0,0.1842668503522873,0.6200050115585327,0.0,0.14040152728557587,0.3147096335887909,0.02490256167948246,0.0,0.04201969876885414,0.05852824077010155,0.0,0.012694783508777618,0.25842413306236267,0.2016214281320572,0.006209089420735836,0.0,0.42000246047973633,0.5305610299110413,0.15831981599330902,0.07174454629421234,0.17604628205299377,0.04815011844038963,0.0623115636408329,0.04133017733693123,0.21034455299377441,0.47779178619384766,0.0,0.0,0.10425715893507004,0.1623920202255249,0.2757570147514343,0.0,0.14366893470287323,0.16883045434951782,0.0034656536299735308,0.006221011281013489,0.16848386824131012,0.057919103652238846,0.0,0.1756012886762619,0.04428443685173988,0.060819268226623535,0.296851247549057,0.2914807200431824,0.0041803293861448765,0.08460313826799393,0.2448747605085373,0.013448902405798435,0.0133367870002985,0.24400167167186737,0.2796539068222046,0.06673557311296463,0.004689457826316357,0.12843677401542664,0.10672318190336227,0.0,0.023097876459360123,0.1111268475651741,0.0,0.022401662543416023,0.09758447855710983,0.05681965872645378,0.040302395820617676,0.010910434648394585,0.2971874177455902,0.016375401988625526,0.0,0.16349409520626068,0.012951265089213848,0.0,0.0,0.0,0.0,0.029628708958625793,0.0,0.193928524851799,0.0036890809424221516,0.007389371749013662,0.0,0.0,0.020602283999323845,0.0,0.0,0.0,0.2634749114513397,0.11064982414245605,0.0018984143389388919,0.0002825860574375838,0.03582137078046799,0.05627742409706116,0.004879273008555174,0.10225800424814224,0.0025883198250085115,0.08967144042253494,0.17859773337841034,0.0070046852342784405,0.0,0.034226249903440475,0.0,0.01910579204559326,0.0552697479724884,0.02646506205201149,0.0,0.5096868872642517,0.17624695599079132,0.0,0.0,0.07196096330881119,0.0,0.0030082613229751587,0.005071380641311407,0.011549481190741062,0.005103011149913073,0.0,0.2531519830226898,0.38067829608917236,0.012036013416945934,0.007307265419512987,0.0,0.0,0.24518759548664093,0.22063812613487244,0.0,0.15106451511383057,0.11347077786922455,0.033818166702985764,0.06562899053096771,0.24611462652683258,0.0,0.13473856449127197,0.0,0.004620902705937624,0.14490854740142822,0.0,0.0,0.0,0.45995089411735535,0.15291988849639893,0.011806883849203587,0.29510611295700073,0.4150683283805847,0.0062738386914134026,0.0021075450349599123,0.19203731417655945,0.023321202024817467,0.2591864764690399,0.0010564257390797138,0.0,0.17604492604732513,0.0,0.1879832148551941,0.19160296022891998,0.02414688654243946,0.09094667434692383,0.00899895466864109,0.4367617666721344,0.09604436159133911,0.3391440212726593,0.13232077658176422,0.17544227838516235,0.17560900747776031,0.22569425404071808,0.04577023908495903,0.32057681679725647,0.05212846025824547,0.0,0.0,0.0015573961427435279,0.025283383205533028,0.04177965968847275,0.0,0.019460827112197876,0.05028561130166054,0.13063077628612518,0.08127352595329285,0.0,0.0,0.0,0.0,0.0,0.5720698237419128,0.0,0.0,0.021133696660399437,0.11853260546922684,0.0,0.0,0.048896823078393936,0.052955303341150284,0.001624869997613132,0.002914692973718047,0.0767454281449318,0.011314555071294308,0.0014507954474538565,0.7263028621673584,0.0,0.02091536670923233,0.006652128417044878,0.0,0.00452596228569746,0.14219516515731812,0.1959785372018814,0.0,0.2985285222530365,0.1483834832906723,0.15360614657402039,0.0,0.040443304926157,0.004860971588641405,0.10976791381835938,0.037115778774023056,0.0,0.26805052161216736,0.1434895098209381,0.30054745078086853,0.0,0.013400526717305183,0.2751502990722656,0.22612033784389496,0.04722404107451439,0.0,0.0,0.38656291365623474,0.2559816241264343,0.0,0.24557697772979736,0.5052546858787537,0.09612882882356644,0.008477212861180305,1.17038094997406
174,0.08555958420038223,0.12197568267583847,0.2657015025615692,0.0,0.0,0.0,0.554180920124054,0.021581020206212997,0.017007816582918167,0.21662405133247375,0.038197752088308334,0.0,0.0,0.3360939621925354,0.0,0.06665964424610138,0.0,0.0,0.0,0.002113375812768936,0.0,0.007220244500786066,0.015379172749817371,0.3887833058834076,0.102030910551548,0.0010325330076739192,0.0,0.6312861442565918,0.045153792947530746,0.010146803222596645,0.059204887598752975,0.33228492736816406,0.0,0.07084959000349045,0.12692604959011078,0.045857563614845276,0.0,0.407912015914917,0.1568085253238678,0.0225753765553236,0.3744402229785919,0.14112697541713715,0.14026446640491486,0.022651849314570427,0.22281070053577423,0.27632641792297363,0.29302582144737244,0.016876500099897385,0.0,0.21918454766273499,0.09299203008413315,0.0036158524453639984,0.27891597151756287,0.005374039988964796,0.07116185128688812,0.0,0.41538572311401367,0.9314582943916321,0.2796251177787781,0.05751028284430504,0.0,0.0019695856608450413,0.12170346081256866,0.0,0.0,0.0,0.0,0.0763348862528801,0.2722720503807068,0.11276166886091232,0.14645832777023315,0.0,0.2893589437007904,0.3741455078125,0.04340989515185356,0.021139616146683693,0.2529618740081787,0.1186448335647583,0.0,0.0010672964854165912,0.07905300706624985,0.020018666982650757,0.0,0.17820706963539124,0.20426733791828156,0.012238740921020508,0.0,0.27588608860969543,0.4460205137729645,0.22320733964443207,0.14955686032772064,0.013567081652581692,0.003707310650497675,0.2024647742509842,0.0,0.2945483326911926,0.4101978838443756,0.0,0.0,0.0,0.04244392737746239,0.2840019762516022,0.00411278335377574,0.31425219774246216,0.2280573844909668,0.12307335436344147,0.09157802164554596,0.2031387835741043,0.026713285595178604,0.0,0.0,0.07896634191274643,0.14438621699810028,0.3046388328075409,0.4688125550746918,0.0,0.07591549307107925,0.18129348754882812,0.10110453516244888,0.06893303245306015,0.0,0.4285569190979004,0.2511771321296692,0.0026447863783687353,0.0,0.0020820030476897955,0.0,0.30782973766326904,0.0,0.005357574671506882,0.0,0.03129344806075096,0.21093177795410156,0.07609601318836212,0.07444217056035995,0.24039311707019806,0.0,0.0,0.1519589126110077,0.0,0.0,0.0,0.10135243088006973,0.0,0.1860274374485016,0.0,0.19337835907936096,0.0028471872210502625,0.0,0.0,0.0,0.3886139392852783,0.016819126904010773,0.0,0.0,0.774865448474884,0.08855872601270676,0.0,0.0017891466850414872,0.018777329474687576,0.4813806712627411,0.06210532411932945,0.1007334366440773,0.0,0.0007535979384556413,0.09028535336256027,0.0,0.08702776581048965,0.0,0.0,0.036823149770498276,0.0,0.0,0.00760143855586648,0.5416900515556335,0.18172045052051544,0.017451245337724686,0.20712952315807343,0.0,0.007264137268066406,0.0,0.019961338490247726,0.19897539913654327,0.05118269473314285,0.0,0.2572493553161621,0.35811975598335266,0.016123278066515923,0.4241897761821747,0.0,0.0,0.0,0.012896138243377209,0.030953455716371536,0.12596027553081512,0.512128472328186,0.04305853322148323,0.3555532693862915,0.05528116971254349,0.09849698841571808,0.20765426754951477,0.0,0.021168846637010574,0.2402060478925705,0.0,0.0,0.0,0.07784321159124374,0.05353492125868797,0.10897692292928696,0.04056359454989433,0.3583240211009979,0.02623583748936653,0.32427823543548584,0.004896427039057016,0.07091834396123886,0.4582730233669281,0.0,0.06341103464365005,0.22205977141857147,0.005846045445650816,0.2567245662212372,0.034743890166282654,0.0548991933465004,0.013052741065621376,0.038681820034980774,0.570581316947937,0.0036336169578135014,0.4904848039150238,0.0,0.15490292012691498,0.1085275411605835,0.5043468475341797,0.19228427112102509,0.02460399642586708,0.13433824479579926,0.04553646966814995,0.0,0.02135668694972992,0.0024436318781226873,0.1435951292514801,0.005415624938905239,0.0007463902584277093,0.26009079813957214,0.0,0.13062314689159393,0.021742774173617363,0.0,0.0,0.0,0.0,0.28524693846702576,0.0,0.0,0.02518092468380928,0.49875590205192566,0.0,0.0016351882368326187,0.017628444358706474,0.17282985150814056,0.08895856887102127,0.0,0.05073035880923271,0.20874564349651337,0.34945476055145264,0.2417229264974594,0.09288235008716583,0.0,0.08240842074155807,0.0,0.0,0.17382189631462097,0.0,0.0,0.9008073806762695,0.376160591840744,0.21095295250415802,0.09500398486852646,0.0,0.0,0.035066377371549606,0.01199956052005291,0.06941776722669601,0.1840866655111313,0.1734108179807663,0.3803858757019043,0.0,0.055089958012104034,0.1297026127576828,0.058198411017656326,0.06397438794374466,0.0,0.0018858835101127625,0.04392554238438606,0.1822126805782318,0.0,0.34922048449516296,0.1641208529472351,0.1791517436504364,0.1352359652519226,0.06787832826375961,0.05811480060219765,0.014211419969797134,0.0,0.0,0.0,0.41265836358070374,0.10149651765823364,0.0,0.08190383017063141,0.1042557805776596,0.1130463033914566,0.0,0.3956300914287567,0.06952878087759018,0.0,0.05560525879263878,0.016488811001181602,0.04420168697834015,0.0,0.0,0.12779511511325836,0.0,0.21885183453559875,0.14721877872943878,0.0,0.0,0.4070872664451599,0.0,0.11027774959802628,0.0,0.2720177471637726,0.0,0.2567577660083771,0.001421270309947431,0.0,0.07416902482509613,0.05352232605218887,0.07030357420444489,0.3804885447025299,0.14465706050395966,0.008073371835052967,0.21588796377182007,0.004902535118162632,0.16479919850826263,0.0,0.43837639689445496,0.0,0.0,0.003590442705899477,0.015518829226493835,0.0,0.5419965386390686,0.0,0.0,0.11368078738451004,0.006369689479470253,0.8648465275764465,0.16095079481601715,0.019094781950116158,0.0,0.21815556287765503,0.3443748652935028,0.06071776896715164,0.0,0.0,0.0,0.4106925129890442,0.26063698530197144,0.27685895562171936,0.0,0.0,0.17238527536392212,0.5800347328186035,0.0,0.027481287717819214,0.11837230622768402,0.0,0.0,0.28226006031036377,0.06856788694858551,0.0,0.0,0.2480916678905487,0.06138283759355545,0.051657743752002716,0.0,0.3481515944004059,0.555867075920105,0.3004991114139557,0.04433474317193031,0.11337072402238846,0.08710829168558121,2.5828680350059585e-07,0.0,0.044013381004333496,0.583694338798523,0.0,0.002315690042451024,0.05295543000102043,0.1556079089641571,0.45044395327568054,0.0,0.16231702268123627,0.28812935948371887,0.039362210780382156,0.008513337932527065,0.1287335455417633,0.010846664197742939,0.0,0.24199004471302032,0.10874000936746597,0.005953604821115732,0.21999116241931915,0.0,0.0,0.12856194376945496,0.07077966630458832,0.0,0.0,0.15173956751823425,0.04664839431643486,0.0,0.013140267692506313,0.05754287913441658,0.2680415213108063,0.0,0.0,0.054843541234731674,0.0,0.0,0.15770265460014343,0.0,0.05413597822189331,0.0,0.1221349760890007,0.007507991511374712,0.0,0.20002567768096924,0.0067799994722008705,0.0,0.0,0.0,0.0,0.02173352986574173,0.03391529619693756,0.0577838234603405,0.01179102435708046,0.2521604895591736,0.0001850724220275879,0.0,0.0009352107299491763,0.019673356786370277,0.0,0.0,0.052492666989564896,0.006080500781536102,0.02205962873995304,0.0,0.0,0.024952588602900505,0.012672746554017067,0.13386252522468567,0.0,0.11644279956817627,0.19615735113620758,0.0,0.0,0.009422214701771736,0.0,0.010470637120306492,0.03087213635444641,0.046050529927015305,0.0,0.34071674942970276,0.0984259843826294,0.0,0.0017557955579832196,0.14050765335559845,0.06802567094564438,0.007409385405480862,0.0,0.0699230432510376,0.011205176822841167,0.028682589530944824,0.11904088407754898,0.40809574723243713,0.0,0.0,0.0,0.0,0.21200530230998993,0.39301151037216187,0.0,0.2785851061344147,0.011464533396065235,0.15173566341400146,0.018851974979043007,0.22960062325000763,0.0,0.03481920436024666,0.0,0.010516221635043621,0.11732729524374008,0.0,0.0,0.008985218591988087,0.12131340056657791,0.02341398037970066,0.00559441652148962,0.24687974154949188,0.4758864641189575,0.0,0.0033606349024921656,0.10459184646606445,0.09142984449863434,0.2788500189781189,0.0,0.0,0.21641956269741058,0.0,0.11996396631002426,0.02499803900718689,0.0,0.15347637236118317,0.0,0.07982156425714493,0.012167822569608688,0.26312461495399475,0.19058887660503387,0.03501315787434578,0.0007345958147197962,0.11766094714403152,0.009052414447069168,0.26113006472587585,0.03294967859983444,0.0,0.0,0.019833339378237724,0.06020434573292732,0.003712174715474248,0.0,0.00951799750328064,0.036935631185770035,0.07533591985702515,0.01307003665715456,0.06761883199214935,0.0,0.0,0.0,0.0,0.5545676946640015,0.0,0.0,0.0014181719161570072,0.0,0.0,0.019087988883256912,0.01564817689359188,0.0,0.009680645540356636,0.0196930393576622,0.020412122830748558,0.02372746542096138,0.0,0.6969292163848877,0.007930561900138855,0.060869719833135605,0.11547493934631348,0.0,0.0,0.10229233652353287,0.19334615767002106,0.0,0.025629281997680664,0.3926642835140228,0.18155984580516815,0.0,0.022372886538505554,0.0,0.02961764670908451,0.0941004753112793,0.0,0.12208914756774902,0.004175237845629454,0.2887105941772461,0.0,0.0,0.33003029227256775,0.2939903736114502,0.02147575095295906,0.0,0.0,0.3170093595981598,0.23059800267219543,0.0,0.4088364839553833,0.43126317858695984,0.019628049805760384,0.0,0.12698687613010406,0.09586122632026672,0.13125774264335632,0.0,0.0,0.0,0.5386923551559448,0.10072676092386246,0.0,0.16002257168293,0.02656351961195469,0.05195564776659012,0.0,0.42508116364479065,0.03483656421303749,0.030572034418582916,0.035139430314302444,0.0007118905778042972,0.0,0.01029924489557743,0.0,0.11391361802816391,0.0009289481095038354,0.24879571795463562,0.1125059649348259,0.0011001721723005176,0.0,0.6538882851600647,0.036231596022844315,0.012353231199085712,0.017066383734345436,0.38833990693092346,0.0,0.14709152281284332,0.0631752610206604,0.03400855138897896,0.0,0.24376246333122253,0.12367558479309082,0.20105761289596558,0.34135571122169495,0.22192485630512238,0.1130920946598053,0.057284168899059296,0.27498117089271545,0.1455559879541397,0.4833436608314514,0.005764833185821772,0.0,0.07141623646020889,0.07638076692819595,0.0,0.46264272928237915,0.0,0.03791263699531555,0.04154575616121292,0.22906394302845,1.0810199975967407,0.2721712589263916,0.130728617310524,0.0,0.19085831940174103,0.318724125623703,0.017573820427060127,0.0,0.0034518076572567225,0.0,0.1816205233335495,0.3579212725162506,0.23348215222358704,0.09367918968200684,0.0,0.25009381771087646,0.5146029591560364,0.02526363916695118,0.11375895142555237,0.18830277025699615,0.03969500958919525,0.0,0.08477754145860672,0.03850850835442543,0.0,0.0,0.257666677236557,0.04668458551168442,0.015622260048985481,0.0,0.46211302280426025,0.4133692979812622,0.2433369904756546,0.12298333644866943,0.021862395107746124,0.004251119215041399,0.08199382573366165,0.01651923917233944,0.15851593017578125,0.6051130294799805,0.0,0.0032299007289111614,0.10456778109073639,0.040037330240011215,0.3577071726322174,0.0,0.059486739337444305,0.32014200091362,0.07533081620931625,0.08458207547664642,0.0968305766582489,0.051812030375003815,0.0,0.10481145977973938,0.04910624772310257,0.07046623528003693,0.317617803812027,0.3063870668411255,0.0,0.11011619865894318,0.07568759471178055,0.05811737850308418,0.0438847653567791,0.1212121769785881,0.27749958634376526,0.16409797966480255,0.01208767294883728,0.045621685683727264,0.09556431323289871,0.0,0.16005641222000122,0.03195350989699364,0.0,0.0,0.1261858493089676,0.1321980506181717,0.05374683812260628,0.04400426894426346,0.3057554364204407,0.0,0.0,0.21120159327983856,0.030744006857275963,0.0,0.0,0.016914913430809975,0.0,0.05800165235996246,0.0,0.19802875816822052,0.0002549240889493376,0.0,0.0,0.0,0.17267204821109772,0.009598465636372566,0.0,0.0,0.43808168172836304,0.05499332398176193,0.0,0.0002512041828595102,0.036373160779476166,0.2723253667354584,0.05274776741862297,0.06893043220043182,0.0033788871951401234,0.16526193916797638,0.18683584034442902,0.0,0.07155181467533112,0.0,0.0,0.020024022087454796,0.01705128885805607,0.0019670368637889624,0.00240998063236475,0.5724214911460876,0.07909438759088516,0.005885772407054901,0.13603581488132477,0.03442877158522606,0.008735612034797668,0.0,0.012623351998627186,0.10119539499282837,0.033335380256175995,0.0,0.3186739981174469,0.4476361870765686,0.00709959352388978,0.19903400540351868,0.0,0.0,0.11186183989048004,0.16652090847492218,0.014006129465997219,0.2836717963218689,0.21556216478347778,0.03091365098953247,0.16132351756095886,0.0436885841190815,0.049574870616197586,0.12374866008758545,0.0,0.023829031735658646,0.1875348687171936,0.0,0.0015461076982319355,0.0,0.08894471824169159,0.008066034875810146,0.018075939267873764,0.25305408239364624,0.44879648089408875,0.009309783577919006,0.15953052043914795,0.08609157800674438,0.0689396858215332,0.4532279968261719,0.005570427514612675,0.047277290374040604,0.24984250962734222,0.013137544505298138,0.2151813805103302,0.01427218783646822,0.054086051881313324,0.02649509720504284,0.03298833593726158,0.3494229316711426,0.02074797824025154,0.5129367113113403,0.038764242082834244,0.09960231930017471,0.06671129167079926,0.30771130323410034,0.09991172701120377,0.26642417907714844,0.14028437435626984,0.01748880185186863,0.0,0.01705450750887394,0.029845770448446274,0.07229471951723099,0.0,0.002599061466753483,0.12193413823843002,0.007802021224051714,0.06921043992042542,0.0046043298207223415,0.0,0.0,0.00044534768676385283,0.0,0.47968006134033203,0.0,0.0,0.012395108118653297,0.2667151987552643,0.0,0.010839111171662807,0.04230554401874542,0.07705920934677124,0.0608372837305069,0.004137670621275902,0.023325065150856972,0.1189221665263176,0.15032744407653809,0.5091210007667542,0.057007789611816406,0.0,0.0898338332772255,0.0,0.013230700045824051,0.19183136522769928,0.13254976272583008,0.0,0.5009463429450989,0.453140527009964,0.16620498895645142,0.04098110273480415,0.0,0.002542188623920083,0.02918280102312565,0.034605544060468674,0.02726971171796322,0.11308874189853668,0.15568025410175323,0.4143179953098297,0.0,0.04388713464140892,0.2327200025320053,0.26695695519447327,0.037236325442790985,0.0,0.005815068259835243,0.10512220114469528,0.16494397819042206,0.000342072598868981,0.3637715280056,0.267271488904953,0.06283793598413467,0.06276271492242813,0.19476544857025146
175,0.014787054620683193,0.05027679353952408,0.0,0.0,0.0,0.0,0.0014132842188701034,0.1677975207567215,0.008885676972568035,0.0713910236954689,0.4609341621398926,0.1196858286857605,0.0,0.03700810298323631,0.7841307520866394,0.0,0.0,0.7744059562683105,0.5526137351989746,0.0,0.28707948327064514,0.137808695435524,0.0,0.9679061770439148,0.29392534494400024,0.0,0.0,0.4888606071472168,0.008155476301908493,0.0023255583364516497,0.0,0.12677541375160217,0.1208590492606163,0.15079040825366974,0.0,0.0,0.0,0.004634795244783163,0.5038045048713684,0.2185785323381424,0.11265522241592407,0.0,0.18829771876335144,0.0,0.24229875206947327,0.0,0.09688829630613327,0.01061295997351408,0.0,0.44543537497520447,0.0,0.023905595764517784,0.901021420955658,0.0,0.0,0.7014630436897278,0.0,0.28318172693252563,0.0006404802552424371,0.0,0.0,0.1809568852186203,0.07511215656995773,0.5564777255058289,0.0,0.0,0.0,1.3926869630813599,0.06863885372877121,0.007480463478714228,0.0,0.0,0.02647174708545208,0.8084182143211365,0.0,0.1334744244813919,0.570733368396759,0.12211326509714127,0.0,0.0,0.3629327714443207,0.0,0.029657868668437004,0.17430344223976135,1.2865523099899292,0.028276896104216576,0.0,0.040947865694761276,0.6766427159309387,0.03916173055768013,0.0,1.0636895895004272,0.033361226320266724,0.1680450737476349,0.021429872140288353,0.1692977100610733,0.03174629434943199,0.0,0.0,0.08814438432455063,0.7017534375190735,0.03521110489964485,0.0,1.0596938133239746,0.0,0.0,0.0,0.6335500478744507,0.0,0.0,0.7277067303657532,0.002203448209911585,0.004656982608139515,0.08565493673086166,0.03616661578416824,0.06632345169782639,0.022452032193541527,0.9085556268692017,0.0,0.0,0.5509346127510071,0.2204904854297638,0.0,0.0,0.5871886610984802,0.16562114655971527,0.0,0.0,0.7285634875297546,0.0,0.0,0.23448562622070312,0.0,0.0004234396037645638,0.0,0.07915712893009186,0.18136928975582123,0.0,0.03507634252309799,0.0,0.0,0.11095491796731949,0.0,0.0022997763007879257,0.010567249730229378,0.13669398427009583,0.020163552835583687,0.04905623942613602,0.08716901391744614,0.0,0.0,0.016659162938594818,0.0,0.0,0.0,0.01512387115508318,0.11449827998876572,0.044814325869083405,0.0,0.0,0.013601923361420631,0.0,0.025605762377381325,0.0,0.0,0.0752793475985527,0.029823774471879005,0.0,0.5892157554626465,0.0,0.1820969432592392,0.27163147926330566,0.0,0.0,0.11761742830276489,0.6598884463310242,0.0,0.0,0.3461064100265503,0.0,0.08237478882074356,0.18196113407611847,0.03189510852098465,0.0,0.17795662581920624,0.0,0.0,0.0,0.0,0.00689741550013423,0.0,0.9418544769287109,0.17617307603359222,0.0,0.0018421352142468095,0.44265827536582947,0.0,0.12808382511138916,0.9668642282485962,0.0,0.22362875938415527,0.0,0.0,0.06068989634513855,0.015309944748878479,0.0,0.23742079734802246,1.3257406949996948,0.6063694953918457,0.0,0.2894732356071472,0.12775976955890656,0.0,0.0,0.6434283256530762,0.011309350840747356,0.00022308678308036178,0.0,0.0,0.3452727496623993,0.0,0.07258887588977814,0.654579222202301,0.0,0.1898859590291977,0.16491064429283142,0.5272949934005737,0.7577964663505554,0.0,0.795553982257843,0.07056856900453568,0.3462618887424469,0.23949885368347168,0.005282830912619829,0.22142799198627472,0.003822695231065154,0.0,0.0,0.0,0.005126917734742165,0.0,0.0,0.005353860557079315,0.10302425920963287,0.6323486566543579,0.47388574481010437,0.0,0.0,0.0,0.0,0.0,0.7709600329399109,0.023650722578167915,0.0,0.016019625589251518,0.0,0.0,0.0,0.0015355892246589065,0.0,0.0,0.6325470209121704,0.46709752082824707,0.0,0.0,1.451484203338623,0.0,0.27409645915031433,5.8843197621172294e-05,0.0,0.0,0.06541647017002106,0.42251309752464294,0.0,0.2021440714597702,0.0,0.014916940592229366,0.0,0.6093316674232483,0.0,0.7267975211143494,0.0,0.0,0.9362725615501404,0.0,0.0,0.0,0.0,0.3874030113220215,0.0061736698262393475,0.04882936179637909,0.0,0.0,0.740717351436615,0.4981197416782379,0.0,0.0,0.8140105605125427,0.4411256015300751,0.07760218530893326,0.19583147764205933,0.1679881066083908,0.06608352810144424,0.0,0.0,0.0,0.5136561393737793,0.10942292213439941,0.0,0.021956445649266243,0.1356654167175293,0.0,0.0,0.34977492690086365,0.0,0.05381631851196289,0.04458675533533096,0.0,0.0,0.0,0.0,0.08485563099384308,0.0,0.24984969198703766,0.025035832077264786,0.0,0.0,0.4585268795490265,4.8040667024906725e-05,0.11346324533224106,0.08725404739379883,0.3037387728691101,0.0,0.29535943269729614,0.1347828358411789,0.024163836613297462,0.04931982234120369,0.1752166599035263,0.02895415760576725,0.11272820085287094,0.10191122442483902,0.11145810037851334,0.1474645435810089,0.05318759009242058,0.15440025925636292,0.159063458442688,0.19212675094604492,0.014545287005603313,0.0,0.06359324604272842,0.1374610811471939,0.0,0.24977156519889832,0.024121755734086037,0.024002758786082268,0.0006960695027373731,0.316399484872818,0.7342823147773743,0.28684836626052856,0.04996828734874725,0.0,0.062490902841091156,0.17960131168365479,0.0,0.0,0.009247420355677605,6.391243368852884e-05,0.0831761583685875,0.2202446311712265,0.215547114610672,0.054830677807331085,0.0,0.15049989521503448,0.14869330823421478,0.06784181296825409,0.04091694951057434,0.00484122708439827,0.02617727406322956,0.0,0.16192233562469482,0.02745189517736435,0.016390692442655563,0.0,0.15816299617290497,0.11884800344705582,0.010702984407544136,0.06790798157453537,0.3175521492958069,0.3794527053833008,0.3444646894931793,0.0661163330078125,0.0709710419178009,0.046725139021873474,0.04250650852918625,0.0,0.034481413662433624,0.5683425068855286,0.0,0.0004412514972500503,0.0,0.01773158833384514,0.41502395272254944,0.0,0.343743234872818,0.3018072247505188,0.31298893690109253,0.06979164481163025,0.06045413762331009,0.027597537264227867,0.0,0.03560146689414978,0.0811249390244484,0.03132741525769234,0.2503454387187958,0.10090357810258865,0.0,0.08119259029626846,0.043222825974226,0.06492634117603302,0.028231225907802582,0.0,0.07823850959539413,0.0,0.02166161499917507,0.0,0.2391599863767624,0.0,0.014115666970610619,0.031232813373208046,0.056937236338853836,0.0,0.19108431041240692,0.03691112622618675,0.004156370181590319,0.004226158373057842,0.16463477909564972,0.0,0.0,0.10131416469812393,0.0,0.0,0.0,0.01470328401774168,0.0,0.14106485247612,0.0,0.0944879949092865,0.0256611630320549,0.10309308767318726,0.0,0.041750259697437286,0.11108571290969849,0.07220233976840973,0.0,0.0,0.37621021270751953,0.02618911862373352,0.0,0.051864754408597946,0.04612522944808006,0.2239481657743454,0.22461068630218506,0.025309525430202484,0.0,0.053841277956962585,0.116849385201931,0.004338685888797045,0.09722121804952621,0.0,0.0,0.0,0.0,0.020971225574612617,0.03618583828210831,0.3105771541595459,0.08425424247980118,0.04027177765965462,0.08480583131313324,0.017865074798464775,0.056289684027433395,0.0013573847245424986,0.0,0.15599747002124786,0.0,0.0,0.1861094981431961,0.30587735772132874,0.0,0.09886854887008667,0.0,0.0,0.057756587862968445,0.1779099702835083,0.007284694351255894,0.22502455115318298,0.13794508576393127,0.06425800174474716,0.17904889583587646,0.1108141541481018,0.0799105316400528,0.079033263027668,0.0,0.06926246732473373,0.07762641459703445,0.0,0.0,0.0,0.007140768226236105,0.036744147539138794,0.17019625008106232,0.04900335893034935,0.3489031493663788,0.00891771912574768,0.19605019688606262,0.05112652853131294,0.05522565543651581,0.36934489011764526,0.0,0.052040643990039825,0.21677803993225098,0.008752405643463135,0.0748344138264656,0.0005077902460470796,0.0007362460601143539,0.02411177009344101,0.0,0.03060240112245083,0.05951180309057236,0.3536507189273834,0.04964257404208183,0.028809206560254097,0.007713879458606243,0.3315185010433197,0.07232052087783813,0.0215611569583416,0.10092532634735107,0.10192570090293884,0.0,0.029418019577860832,0.09004739671945572,0.09065502882003784,0.0026386675890535116,0.0,0.26015573740005493,0.011717962101101875,0.04651918262243271,0.08905250579118729,0.0,0.0,0.0,0.0,0.3143148124217987,0.0,0.0,0.04445341229438782,0.09756544977426529,0.0,0.07002165913581848,0.09256625175476074,0.008960896171629429,0.0900493860244751,0.0,0.0,0.13215526938438416,0.1987939327955246,0.17459125816822052,0.07664231210947037,0.018919315189123154,0.1413787305355072,0.0,0.0005642016767524183,0.050249405205249786,0.004513292107731104,0.0,0.37195467948913574,0.49701058864593506,0.21290268003940582,0.08423614501953125,0.0,0.0008097352110780776,0.0,0.011516581289470196,0.01512960996478796,0.0767209380865097,0.05649842694401741,0.42081019282341003,0.0,0.06900463998317719,0.2506704330444336,0.13701286911964417,0.024546945467591286,0.0,0.015414522960782051,0.0,0.25544416904449463,0.0013623973354697227,0.46463093161582947,0.11863178759813309,0.04149715229868889,0.031182078644633293,0.23300018906593323,0.10774524509906769,0.0,0.0,0.0,0.0,0.2930350601673126,0.10083110630512238,0.021036773920059204,0.02888786606490612,0.19935838878154755,0.09175283461809158,0.0,0.23162131011486053,0.2645466923713684,0.004053084645420313,0.005098558496683836,0.09868298470973969,0.05552612617611885,0.0,0.016168197616934776,0.14654281735420227,0.0,0.47875460982322693,0.09124144166707993,0.0,0.001882548676803708,0.5937899351119995,0.018554914742708206,0.01426521223038435,0.05253840610384941,0.2991493344306946,0.0,0.19358253479003906,0.04141071438789368,0.020447788760066032,0.0,0.04960998147726059,0.24200062453746796,0.2443961650133133,0.2045852243900299,0.11084925383329391,0.16243228316307068,0.02661367692053318,0.24574656784534454,0.004722203593701124,0.22074496746063232,0.016425078734755516,0.008828932419419289,0.1453137844800949,0.03886884078383446,0.006160621531307697,0.6293908953666687,0.0,0.0,0.21265549957752228,0.017750537022948265,0.6978867650032043,0.1771136075258255,0.06253935396671295,0.0,0.17559610307216644,0.1870191991329193,0.12486886978149414,0.0033853300847113132,0.0010030962293967605,0.0,0.5836690068244934,0.22702674567699432,0.15433111786842346,0.0,0.0003390058991499245,0.03681381419301033,0.5371939539909363,0.0,0.10142719745635986,0.23404555022716522,0.047050874680280685,0.0,0.06122927740216255,0.07440753281116486,0.0,0.010428518056869507,0.20402610301971436,0.398383229970932,0.018185777589678764,0.018111426383256912,0.3440839946269989,0.5109696388244629,0.21159076690673828,0.019908633083105087,0.3042970597743988,0.062273528426885605,0.06142106279730797,0.04816373810172081,0.14577610790729523,0.44218167662620544,0.0,0.005481169559061527,0.09492162615060806,0.2653598487377167,0.3898937702178955,0.0,0.3953964412212372,0.15755119919776917,0.0003386065363883972,0.0013942644000053406,0.1967562884092331,0.012423471547663212,0.0,0.3174138069152832,0.06443288177251816,0.0,0.27775993943214417,0.09698089212179184,0.0,0.11139215528964996,0.27327463030815125,0.0025324288289994,0.007012584712356329,0.30524134635925293,0.1889515072107315,0.023697754368185997,0.0,0.19649545848369598,0.07646465301513672,0.015027964487671852,0.010575447231531143,0.19124194979667664,0.0,0.003342377720400691,0.17996792495250702,0.0,0.013893047347664833,0.0033970109652727842,0.19440443813800812,0.04032430797815323,0.0029968710150569677,0.028909100219607353,0.01520287524908781,0.004440723452717066,0.005645794328302145,0.0,0.003519189078360796,0.06292901188135147,0.004700563848018646,0.07889824360609055,0.0003818459517788142,0.005268599838018417,0.0,0.0055838883854448795,0.02958785369992256,0.032809775322675705,0.0,0.002083631930872798,0.1820714920759201,0.06210881471633911,0.002942275023087859,0.0,0.05690554529428482,0.045641183853149414,0.04219077154994011,0.008155140094459057,0.020429132506251335,0.04489270597696304,0.15674859285354614,0.0005416120402514935,0.0,0.09572834521532059,0.0,0.06622695177793503,0.1662626713514328,0.010379008948802948,0.0,0.38738998770713806,0.2789265215396881,0.0,0.0,0.09182306379079819,0.0,0.012457731179893017,0.06688537448644638,0.10488852113485336,0.017336063086986542,0.013749629259109497,0.12514333426952362,0.18134021759033203,0.0,0.002966968808323145,0.00011323304352117702,0.002993436297401786,0.35769984126091003,0.22898586094379425,0.0006226839614100754,0.11172230541706085,0.14707274734973907,0.030229240655899048,0.08762063086032867,0.2790635824203491,0.0,0.0763319730758667,0.0006126493099145591,0.002092517912387848,0.11819838732481003,0.019036516547203064,0.0,0.01350561436265707,0.577115535736084,0.11146868765354156,0.022408736869692802,0.2919345498085022,0.36950793862342834,0.002444592071697116,0.0029011848382651806,0.18020646274089813,0.0,0.12776756286621094,0.011889818124473095,0.0,0.2886255383491516,0.01015711110085249,0.10533805936574936,0.1521235704421997,0.005015836097300053,0.0998263880610466,0.07821343094110489,0.29749467968940735,0.17687328159809113,0.2642497718334198,0.1840769499540329,0.09191938489675522,0.18726865947246552,0.23860374093055725,0.013500317931175232,0.20803149044513702,0.02155543677508831,0.0,0.0,0.012781769037246704,0.02445805072784424,0.0025345326866954565,0.0,0.0059328204952180386,0.11775179207324982,0.12371772527694702,0.2326633483171463,0.0,0.0,0.0,0.0,0.0,0.6060720682144165,0.0,0.0,0.032114915549755096,0.014112578704953194,0.0,0.011033257469534874,0.009991861879825592,0.03800666332244873,0.025129739195108414,0.13940826058387756,0.04106202721595764,0.0,0.0004916213802061975,0.859592080116272,0.0021295491605997086,0.011370420455932617,0.0016502531943842769,0.0,0.0023847990669310093,0.05787467956542969,0.23975634574890137,0.004436976741999388,0.28688856959342957,0.15857629477977753,0.11164536327123642,0.0,0.1300118863582611,0.0,0.1576809138059616,0.011130355298519135,0.0,0.3319898545742035,0.07930821925401688,0.22844167053699493,0.0032863174565136433,0.0019102627411484718,0.20856323838233948,0.11976225674152374,0.06820038706064224,0.0,0.0,0.24732351303100586,0.3194969594478607,0.0008955068769864738,0.17347745597362518,0.46082982420921326,0.09621788561344147,0.02066006325185299,2.7638282775878906
176,0.010871869511902332,0.07731997221708298,0.003566709579899907,0.0,0.0,0.0,0.04559313878417015,0.11703434586524963,0.0,0.11888720095157623,0.3507412374019623,0.05653119087219238,0.0,0.17350120842456818,0.505478024482727,0.00857020728290081,0.0,0.46795812249183655,0.2322935312986374,0.0,0.07316320389509201,0.12406948208808899,0.0,0.7825745344161987,0.1916106790304184,0.0,0.0,0.43740853667259216,0.007325485348701477,0.024916749447584152,0.0,0.22016794979572296,0.029709842056035995,0.15841196477413177,0.0029914577025920153,0.0,0.0,0.03199658915400505,0.378593772649765,0.2828337252140045,0.0804596021771431,0.006402889732271433,0.15086038410663605,0.0,0.2261563390493393,0.0,0.17662449181079865,0.006084487773478031,0.0,0.25810757279396057,0.0,0.011152436025440693,0.7868145704269409,0.0005660715396516025,0.0,0.373820036649704,0.0,0.4491714835166931,0.020521901547908783,0.003996139857918024,0.0,0.16990849375724792,0.05170299485325813,0.3407718241214752,0.0,0.0,0.0,0.9618178606033325,0.09241757541894913,0.024016285315155983,0.0,0.0,0.07885036617517471,0.6561362743377686,0.0,0.1077125146985054,0.4123365879058838,0.048879384994506836,0.0,0.0,0.2283109873533249,0.0,0.0810321718454361,0.1760140210390091,0.8165987133979797,0.02723129466176033,0.0,0.10090456157922745,0.6226677298545837,0.051211703568696976,0.036699194461107254,0.6775757074356079,0.009577463380992413,0.09479627758264542,0.002111513167619705,0.07794614881277084,0.08407287299633026,0.0,0.0,0.057358790189027786,0.47546476125717163,0.08803736418485641,0.0,0.7763113379478455,0.013242719694972038,0.0,0.00516851432621479,0.5325803756713867,0.0007167694275267422,0.0,0.43509915471076965,0.015372054651379585,0.0,0.20939652621746063,0.044629354029893875,0.01122763566672802,0.01651938445866108,0.5213087201118469,0.0,0.026259923353791237,0.33882585167884827,0.18468904495239258,0.0034294009674340487,0.0,0.2915039658546448,0.17220360040664673,0.0,0.0,0.4217320680618286,0.0,0.0,0.14112578332424164,0.0,0.01899428851902485,0.006146268919110298,0.10085500031709671,0.07333336770534515,0.0,0.06503919512033463,0.0,0.0,0.005832727067172527,0.0,0.0,0.03514448553323746,0.06012934446334839,0.026763135567307472,0.0003349623875692487,0.012731467373669147,0.0,0.0,0.013106280006468296,0.00867252703756094,0.0,0.003177858889102936,0.07045069336891174,0.07448088377714157,0.0,0.0,0.0,0.024432053789496422,0.0,0.04679444059729576,0.004463404417037964,0.0,0.08203338086605072,0.0,0.0,0.23979292809963226,0.015345552004873753,0.09395954757928848,0.08317802101373672,0.0,0.0,0.07283718883991241,0.4676276743412018,0.0,0.0,0.305989533662796,0.0,0.11758439987897873,0.010457456111907959,0.042501989752054214,0.0030821163672953844,0.02681034430861473,0.0,0.0036640597973018885,0.0,0.0,0.0,0.0,0.5571654438972473,0.15573330223560333,0.0,0.04269517585635185,0.24129420518875122,0.0,0.14727114140987396,0.7018538117408752,0.0,0.15674175322055817,0.0,0.0,0.0,0.0,0.0,0.038185667246580124,0.969298243522644,0.4245877265930176,0.0,0.21162959933280945,0.0971364825963974,0.0,0.0,0.47147804498672485,0.033204350620508194,0.026572788134217262,0.0,0.0,0.1445673257112503,0.0,0.07977751642465591,0.46467071771621704,0.0,0.16922208666801453,0.0016907869139686227,0.3108319342136383,0.48557350039482117,0.012285270728170872,0.5551717877388,0.07063960283994675,0.19996227324008942,0.29451823234558105,0.008445100858807564,0.24594470858573914,0.003985076677054167,0.0,0.0,0.0,0.006948967929929495,0.0,0.0,0.011709816753864288,0.05111215263605118,0.42276373505592346,0.21626794338226318,0.04822269454598427,0.0,0.0,0.0,0.0,0.670013964176178,0.0,0.0,0.0018558526644483209,0.0,0.0,0.0,0.0037636396009474993,0.0,0.0,0.2675582468509674,0.21541042625904083,0.0,0.0,1.0181695222854614,0.0,0.22362855076789856,0.021951530128717422,0.0,0.0,0.09064236283302307,0.3240807056427002,0.0,0.1750108301639557,0.0,0.04259307682514191,0.0,0.37795671820640564,0.0,0.43422287702560425,0.0,0.0,0.6266641616821289,0.0,0.0488186739385128,0.0,0.0,0.43252328038215637,0.034887030720710754,0.04148560389876366,0.0,0.0,0.5253356099128723,0.4231692850589752,0.0,0.01734388805925846,0.7080551385879517,0.2885471284389496,0.047415561974048615,0.21135397255420685,0.16368333995342255,0.3006960451602936,0.002022149972617626,0.0,0.0,0.6620597839355469,0.007338314782828093,0.01444399543106556,0.2242066115140915,0.11454814672470093,0.0,0.006280526518821716,0.4398556649684906,0.0,0.009850467555224895,0.01355209480971098,0.0,0.029359210282564163,0.002865022514015436,0.0,0.008065898902714252,0.04125101491808891,0.22342093288898468,0.15631404519081116,0.0,0.0,0.5896819829940796,0.051792412996292114,0.03436441347002983,0.020618952810764313,0.3704442083835602,0.0,0.03597940132021904,0.2675250470638275,0.03427460417151451,0.024952037259936333,0.41178885102272034,0.06738121807575226,0.0063053942285478115,0.45375940203666687,0.1704915314912796,0.24578538537025452,0.06500820815563202,0.14888985455036163,0.37461671233177185,0.365071564912796,0.00728614954277873,0.0,0.08387341350317001,0.049301937222480774,0.024698102846741676,0.33403024077415466,0.0024955717381089926,0.04790530726313591,0.0,0.6341126561164856,1.0662723779678345,0.47533494234085083,0.07243207842111588,0.0,0.0,0.29114994406700134,0.0,0.0,0.030841363593935966,0.003048443468287587,0.11773202568292618,0.39951276779174805,0.3035438358783722,0.2064230740070343,0.0,0.2849150598049164,0.35565266013145447,0.1292908489704132,0.0032504878472536802,0.16454321146011353,0.027914052829146385,0.05700276419520378,0.07382573932409286,0.09183510392904282,0.0,0.004968573804944754,0.16115079820156097,0.15292750298976898,0.036931272596120834,0.006592522840946913,0.4098944365978241,0.4637494683265686,0.23136471211910248,0.1696758270263672,0.17911551892757416,0.13305436074733734,0.19771039485931396,0.0,0.3549935817718506,0.6166591644287109,0.0,0.0038551469333469868,0.0,0.12752480804920197,0.4324106276035309,0.0,0.23713107407093048,0.27916571497917175,0.35417088866233826,0.13047058880329132,0.20352843403816223,0.13989180326461792,0.0,0.011352458968758583,0.10612738132476807,0.127827450633049,0.32633140683174133,0.511719822883606,0.0,0.1708398014307022,0.1291632205247879,0.08304929733276367,0.05834691599011421,0.0,0.5261316299438477,0.21322683990001678,0.0,0.0,0.011463630944490433,0.0,0.28547045588493347,0.019630268216133118,0.0,0.0,0.0010322887683287263,0.3106068968772888,0.07316531985998154,0.054214298725128174,0.3361462354660034,0.0,0.0,0.2943195402622223,0.03190044313669205,0.0,0.0,0.10404369980096817,0.0,0.1476890742778778,0.005969866644591093,0.2932624816894531,0.01536628883332014,0.09134518355131149,0.0,0.0,0.40263253450393677,0.020653344690799713,0.0,0.0,0.8684978485107422,0.075149767100811,0.018069501966238022,0.010028261691331863,0.042474403977394104,0.4163159430027008,0.22669334709644318,0.17270304262638092,0.0,0.07547541707754135,0.1286180317401886,0.0013771954691037536,0.20559315383434296,0.005333349108695984,0.0,0.06609470397233963,0.004401098471134901,0.02549971640110016,0.02965303137898445,0.781672477722168,0.07660334557294846,0.02138376608490944,0.16806825995445251,0.01080312766134739,0.018513699993491173,0.0,0.042925164103507996,0.12901437282562256,0.04174438863992691,0.01700666919350624,0.2911026179790497,0.46161794662475586,0.0,0.521885335445404,0.0,0.0,0.016904396936297417,0.10552322864532471,0.0,0.1781127154827118,0.4355640411376953,0.22152642905712128,0.1534048169851303,0.09620432555675507,0.2731040120124817,0.11747045814990997,0.0,0.09102772921323776,0.3304016590118408,0.0,0.0018539518350735307,0.03087480179965496,0.0,0.0910230204463005,0.21245895326137543,0.09627927094697952,0.4468301832675934,0.000563003879506141,0.39303451776504517,0.05527415871620178,0.0703425481915474,0.5113773345947266,0.018741104751825333,0.09145786613225937,0.12788067758083344,0.005904513876885176,0.3377918004989624,0.1075432226061821,0.1490030288696289,0.05730927735567093,0.0050107515417039394,0.5648149251937866,0.07215465605258942,0.5766286849975586,0.007657333742827177,0.2248346358537674,0.06827103346586227,0.44339719414711,0.17542152106761932,0.024963874369859695,0.1377827674150467,0.23502187430858612,0.0,0.01472224947065115,0.007736827712506056,0.1735798716545105,0.01623666286468506,0.005489659495651722,0.12048237770795822,0.07032069563865662,0.1927460879087448,0.07577567547559738,0.0,0.0,0.0,0.0,0.394935667514801,0.0,0.0,0.07308560609817505,0.49655094742774963,0.0072781117632985115,0.04997655376791954,0.054081499576568604,0.09324093908071518,0.023699847981333733,0.0,0.07982303202152252,0.19840936362743378,0.4267433285713196,0.1031820997595787,0.12373550236225128,0.05542928725481033,0.13857121765613556,0.0,0.0081739891320467,0.17589424550533295,0.0,0.0,0.8221926093101501,0.5827541947364807,0.23567628860473633,0.2619774043560028,0.003103991039097309,0.0,0.04674599692225456,0.08386930078268051,0.060932695865631104,0.17490558326244354,0.23034024238586426,0.47793886065483093,0.006964626256376505,0.06950539350509644,0.08496613800525665,0.092059426009655,0.1277420073747635,0.0,0.005977871362119913,0.05714227631688118,0.0987311527132988,0.03154429420828819,0.3692677915096283,0.1976015567779541,0.12157999724149704,0.06478565186262131,0.17451021075248718,0.11541181057691574,0.1297179013490677,0.0,0.0,0.0,0.45211389660835266,0.06237322837114334,0.00883728638291359,0.16479778289794922,0.022856278344988823,0.02850308082997799,0.0,0.41327252984046936,0.04935993626713753,0.05296780541539192,0.005791645497083664,0.0017679432639852166,0.0,0.011852585710585117,0.0,0.10804600268602371,0.0015339625533670187,0.28619495034217834,0.13473689556121826,0.00010768158972496167,0.0,0.6107205152511597,0.04240826889872551,0.005704580340534449,0.026088692247867584,0.3970077335834503,0.0,0.1275920420885086,0.0707908347249031,0.02396801859140396,0.0,0.19553248584270477,0.14203119277954102,0.21483714878559113,0.3491564691066742,0.21414773166179657,0.144931361079216,0.036759715527296066,0.24868562817573547,0.12794841825962067,0.48851871490478516,0.0,0.0,0.07466569542884827,0.06336581707000732,0.0,0.554961085319519,0.0,0.019153108820319176,0.03949623927474022,0.17344799637794495,1.036918044090271,0.2980959415435791,0.13925300538539886,0.0,0.12848936021327972,0.33903592824935913,0.018106136471033096,0.0,0.004201659467071295,0.0,0.2777494490146637,0.3687821924686432,0.24763645231723785,0.07231812179088593,0.0,0.23546139895915985,0.59383624792099,0.011128312908113003,0.09723400324583054,0.1676851361989975,0.029853466898202896,0.0,0.07193899154663086,0.061231520026922226,0.0,0.031322453171014786,0.2640581727027893,0.09602342545986176,0.018229058012366295,0.0,0.4244931638240814,0.42566344141960144,0.18564309179782867,0.11520040035247803,0.03742929920554161,0.0022745796013623476,0.07182890176773071,0.011009478941559792,0.19973911345005035,0.5736592411994934,0.0,0.010188547894358635,0.07477279752492905,0.10649696737527847,0.3362143337726593,0.0,0.07325562089681625,0.25860682129859924,0.07097218185663223,0.07662362605333328,0.17470815777778625,0.0731414332985878,0.0,0.10818403959274292,0.026918938383460045,0.03141152486205101,0.32801389694213867,0.28920063376426697,0.0,0.10971620678901672,0.12444032728672028,0.03612964600324631,0.05444442480802536,0.0898837223649025,0.3085660934448242,0.1950010359287262,0.0,0.02605312690138817,0.03601626679301262,0.0,0.1408872753381729,0.01358790509402752,0.0,0.0,0.05608079209923744,0.09188975393772125,0.05634951591491699,0.060584474354982376,0.33593758940696716,0.010077628307044506,0.0,0.2521698772907257,0.05431852862238884,0.0,0.0,0.010119842365384102,0.0,0.05308690667152405,0.0,0.20177170634269714,0.0,0.0,0.0,0.0,0.14412981271743774,0.006384207401424646,0.0,0.0,0.4444696009159088,0.07708561420440674,0.0,0.0006152093410491943,0.048920948058366776,0.21587200462818146,0.06381745636463165,0.059900350868701935,0.00481518916785717,0.15863847732543945,0.16428682208061218,0.0,0.031094491481781006,0.0,0.00019663159037008882,0.02096996083855629,0.03399185463786125,0.0,0.00570307020097971,0.5878806114196777,0.07846007496118546,0.0,0.08107604831457138,0.03345600888133049,0.0017471545143052936,0.0,0.017093108966946602,0.10343585908412933,0.029261576011776924,0.0,0.2848201394081116,0.41877123713493347,0.01358654722571373,0.1514759212732315,0.0,0.0,0.08216746896505356,0.17232754826545715,0.02432059496641159,0.23148785531520844,0.17165499925613403,0.0214373841881752,0.16831128299236298,0.11586526781320572,0.007566756568849087,0.09742230921983719,0.0,0.02291942574083805,0.16906316578388214,0.0,0.0011852324241772294,0.0,0.22058674693107605,0.04129481688141823,0.02173389308154583,0.25358492136001587,0.44569990038871765,0.009806627407670021,0.10607178509235382,0.08525756746530533,0.07948599755764008,0.3618691861629486,0.003824288258329034,0.0528482086956501,0.1383301168680191,0.0121741509065032,0.21152295172214508,0.05380644276738167,0.04152684286236763,0.04797554761171341,0.039297915995121,0.3608661890029907,0.029324302449822426,0.49275875091552734,0.014453182928264141,0.11942987889051437,0.12111062556505203,0.2626020610332489,0.06586556881666183,0.23878556489944458,0.10588392615318298,0.0,0.0,0.006880561355501413,0.00750786392018199,0.03708483651280403,0.0,0.008648854680359364,0.0645885095000267,0.02455846592783928,0.10159924626350403,0.00294549111276865,0.0,0.0,0.0035731808748096228,0.0,0.568970799446106,0.0,0.0,0.018565969541668892,0.21168677508831024,0.0,0.017932234331965446,0.03421013429760933,0.07142574340105057,0.05077623575925827,0.012269798666238785,0.027052661404013634,0.1117798462510109,0.07791648060083389,0.5554251074790955,0.06218612939119339,0.0,0.056855250149965286,0.0,0.022276967763900757,0.19865086674690247,0.14436618983745575,0.0,0.4911113977432251,0.34587186574935913,0.14173860847949982,0.019290396943688393,0.012419372797012329,0.001672007841989398,0.03369256481528282,0.033550430089235306,0.014711229130625725,0.18184912204742432,0.17031188309192657,0.3891156315803528,0.0,0.025508100166916847,0.20253367722034454,0.22097425162792206,0.04233027249574661,0.0,0.0014070604229345918,0.16440530121326447,0.13854940235614777,0.0,0.21432873606681824,0.39000532031059265,0.1018107458949089,0.06996738910675049,0.9545473456382751
177,0.0071693966165184975,0.02634584531188011,0.008449656888842583,0.0,0.0,0.0,0.4711568355560303,0.09870506078004837,0.0,0.057610154151916504,0.08414628356695175,0.017838938161730766,0.0,0.3440279960632324,0.0,0.05605241283774376,0.08854658901691437,9.340420365333557e-05,0.0,0.0,0.0,0.10770048946142197,0.0,0.30260002613067627,0.06301151216030121,0.0,0.0,0.4152369499206543,0.005084886681288481,0.13081516325473785,0.005121644586324692,0.2714576721191406,0.0,0.3131171464920044,0.009436356835067272,0.04728635028004646,0.059402428567409515,0.16738642752170563,0.01821524277329445,0.3024218678474426,0.010841869749128819,0.09903718531131744,0.14777278900146484,0.0821925550699234,0.25621214509010315,0.0,0.36435428261756897,0.009103640913963318,0.0,0.036600787192583084,0.008996340446174145,0.0,0.2738197147846222,0.004967094399034977,0.001846560277044773,0.03251989930868149,0.0431581512093544,0.6819208860397339,0.06303900480270386,0.029288271442055702,0.0,0.2105274498462677,0.1111304759979248,0.0,0.0,0.0,0.0,0.1016172245144844,0.13079822063446045,0.10459206998348236,0.0,0.0,0.21329718828201294,0.30049484968185425,0.0103177260607481,0.06556597352027893,0.035265810787677765,0.030656106770038605,0.0,0.20198550820350647,0.04287472739815712,0.018405873328447342,0.0,0.2052847295999527,0.0598113052546978,0.011989805847406387,0.0007022926583886147,0.17027589678764343,0.4612107276916504,0.3518827557563782,0.022957773879170418,0.005563011392951012,0.06484225392341614,0.07151815295219421,0.004975845571607351,0.0,0.4369649887084961,0.0,0.0,0.01370297558605671,0.0,0.21247762441635132,0.0,0.2701888978481293,0.37477990984916687,0.04049277305603027,0.027183396741747856,0.05725569650530815,0.0,0.0,0.018873337656259537,0.056826960295438766,0.033104635775089264,0.17834879457950592,0.0019760909490287304,0.0,0.02429709956049919,0.04119192063808441,0.019440747797489166,0.0005079763941466808,0.013419226743280888,0.010218478739261627,0.0,0.004980321973562241,0.0006199236959218979,0.41104042530059814,0.0,0.0,0.009796313010156155,0.0,0.0,0.11496125161647797,0.0,0.007932290434837341,0.00782308541238308,0.001938028261065483,0.0,0.0,0.15835417807102203,0.012007459066808224,0.0,0.0,0.007044382859021425,0.0,0.05186925828456879,0.03215932846069336,0.005234918557107449,0.013539914041757584,0.21605540812015533,0.0,0.0,0.06666863709688187,0.03865842521190643,0.0,0.0,0.051714371889829636,0.0068111540749669075,0.0,0.0032530552707612514,0.0,0.16005554795265198,0.00540034007281065,0.04497388005256653,0.0,0.15650279819965363,0.11048723012208939,0.0,0.030354062095284462,0.0,0.0,0.0,0.0,0.03364125266671181,0.0,0.04979518800973892,0.12644529342651367,0.0,0.006117465905845165,0.11203569918870926,0.05519552901387215,0.0043538231402635574,0.0,0.148182675242424,0.0,0.013897042721509933,0.057632386684417725,0.2856736183166504,0.0,0.0,0.0,0.0004745887708850205,0.0803673043847084,0.24946270883083344,0.00020325355581007898,0.1986328661441803,0.07251445204019547,0.04631991684436798,0.18210259079933167,0.07579638063907623,0.0,0.08902665972709656,0.0,0.015462638810276985,0.038919564336538315,0.0,0.0,0.0,0.0,0.009599002078175545,0.007072837091982365,0.08028236031532288,0.32263147830963135,0.0,0.12044025957584381,0.058016322553157806,0.14278514683246613,0.34275370836257935,0.0,0.0,0.24652418494224548,0.0,0.021009093150496483,0.0,0.0,0.05232268571853638,0.0,0.06587322801351547,0.0,0.17778098583221436,0.17230162024497986,0.0021353685297071934,0.0,0.22894921898841858,0.05184780806303024,0.21043384075164795,0.07847203314304352,0.0,0.0,0.023143397644162178,0.024051140993833542,0.0,0.01092754490673542,0.005769927985966206,0.2723756730556488,0.01127399317920208,0.001348483725450933,0.07542961835861206,0.0,0.0,0.0,0.0,0.3460829257965088,0.0,0.0,0.0,0.0187434833496809,0.0,0.0412328876554966,0.03687741979956627,0.0,0.05842694267630577,0.0005047406302765012,0.0,0.08826738595962524,0.006246577948331833,0.47111985087394714,0.0755932629108429,0.025401901453733444,0.183610200881958,0.0,0.0,0.09315439313650131,0.043403055518865585,0.0,0.10803844034671783,0.37528377771377563,0.2753027379512787,0.0,0.0,0.0,0.0031358273699879646,0.006467703729867935,0.005106841214001179,0.04725056141614914,0.007574022747576237,0.296376496553421,0.0,0.0,0.41858750581741333,0.2596766948699951,0.008021386340260506,0.0,0.0,0.02966628596186638,0.24686595797538757,0.0,0.4655557870864868,0.19976675510406494,0.029458962380886078,0.0,0.01812492311000824,0.0699828565120697,0.04494862258434296,0.0,0.0,0.0,0.37911638617515564,0.12559083104133606,0.0,0.06858652830123901,0.16302593052387238,0.04851265996694565,0.0,0.396981418132782,0.029483508318662643,0.030603334307670593,0.022075004875659943,0.04380319267511368,0.03581107780337334,0.0,0.0,0.1569690704345703,0.0,0.33514976501464844,0.08185194432735443,0.0,0.0,0.4053928852081299,0.0,0.0944208949804306,0.0029896069318056107,0.23464639484882355,0.0,0.2992634177207947,0.0005638436414301395,0.025012724101543427,0.08259055018424988,0.09544624388217926,0.046466633677482605,0.3457227945327759,0.04211174324154854,0.06576206535100937,0.23682093620300293,0.020191365852952003,0.23595945537090302,0.0,0.3331339657306671,0.0,0.0,0.018235299736261368,0.015292073599994183,0.0,0.4268661141395569,0.0015672564040869474,0.0,0.12055317312479019,0.008475379087030888,0.7029125690460205,0.07936649024486542,0.0,0.0,0.21136975288391113,0.15726417303085327,0.015009000897407532,0.0,0.008802931755781174,0.0,0.33490681648254395,0.08794627338647842,0.1112360805273056,0.0,0.0,0.19041776657104492,0.4217338263988495,0.0,0.11144471913576126,0.08639081567525864,0.0,0.0,0.22430557012557983,0.067357137799263,0.0,0.0,0.268599271774292,0.11781129240989685,0.03768250346183777,0.0,0.14458096027374268,0.5104795098304749,0.20615625381469727,0.04748935252428055,0.13486380875110626,0.043221451342105865,0.011013838462531567,0.01089237816631794,0.01029250118881464,0.3837936520576477,0.0,0.0,0.02156648598611355,0.09240395575761795,0.2208067774772644,0.0,0.3249596357345581,0.2686898708343506,0.03590674698352814,0.012241481803357601,0.11772347241640091,0.003005343722179532,0.0,0.18307410180568695,0.07123461365699768,0.020467951893806458,0.1888274848461151,0.0005422884132713079,0.0,0.05656379461288452,0.08063174784183502,0.0,0.016591746360063553,0.1308113932609558,0.03375484421849251,0.0,0.02633868157863617,0.011354041285812855,0.2883545458316803,0.0,0.0,0.05057908594608307,0.0,0.0,0.08969535678625107,0.0,0.04220272973179817,0.0,0.02322082221508026,0.004690622445195913,0.0,0.1828935146331787,0.012897872366011143,0.0,0.0,0.001946483738720417,0.0,0.045559365302324295,0.01757470890879631,0.020840782672166824,0.006831444799900055,0.2643108069896698,0.0,0.0,0.004709539469331503,0.017555339261889458,0.0,0.0,0.0615762397646904,0.019649198278784752,0.012042775750160217,0.003478231141343713,0.0,0.054245010018348694,0.007360178977251053,0.10976462811231613,0.0,0.09771130979061127,0.1376977264881134,0.0,0.0,0.028411149978637695,0.0,0.0,0.005770346615463495,0.029202809557318687,0.0,0.08498930931091309,0.08883629739284515,0.0,0.00337273720651865,0.15362922847270966,0.06642485409975052,0.012438579462468624,0.0,0.09753621369600296,0.011088736355304718,0.024669066071510315,0.05066557973623276,0.2362457513809204,0.0,0.0,0.0,0.0,0.114860899746418,0.2508484721183777,0.0,0.11656223237514496,0.05772455036640167,0.10344324260950089,0.12013060599565506,0.22376185655593872,0.0,0.0919114276766777,0.0,0.005973306484520435,0.04567375406622887,0.0,0.0,0.0,0.038108304142951965,0.04880527779459953,0.001755984965711832,0.11397983133792877,0.2982063889503479,0.0,0.017330612987279892,0.1684855818748474,0.13169892132282257,0.23979461193084717,0.0,0.0,0.2122766673564911,0.0,0.04209484905004501,0.046899884939193726,0.0,0.09125342220067978,0.0,0.02745308354496956,0.003021322190761566,0.13119561970233917,0.1718340367078781,0.009587209671735764,0.0,0.1604604870080948,0.05131453275680542,0.2651265859603882,0.039344049990177155,0.0,0.0,0.028736108914017677,0.013790452852845192,0.0,0.0018482482992112637,0.015382414683699608,0.14851076900959015,0.08234734833240509,0.010319366119801998,0.10288013517856598,0.0,0.0,0.0,0.0,0.4325646758079529,0.0,0.0,0.008370758034288883,0.013349225744605064,0.0,0.02640468254685402,0.006736833602190018,0.0,0.013966549187898636,0.00390856247395277,0.015307793393731117,0.04962928593158722,0.0,0.5486138463020325,0.01612773723900318,0.09439095109701157,0.15876679122447968,0.0,0.0,0.0652974396944046,0.16095945239067078,0.0,0.14919109642505646,0.2604498267173767,0.22955337166786194,0.0,0.0,0.0,0.044467050582170486,0.09886139631271362,0.008078367449343204,0.13858123123645782,0.0,0.2380041480064392,0.0,0.0,0.39649128913879395,0.28685957193374634,0.021214144304394722,0.0,0.0,0.2035272717475891,0.3154275715351105,0.0,0.4269299805164337,0.34157663583755493,0.06737048923969269,0.0,0.0008707496454007924,0.01405161153525114,0.021156176924705505,0.0,0.0,0.0,0.38316693902015686,0.15983419120311737,0.0,0.03360385447740555,0.143579363822937,0.08065834641456604,0.0,0.4041060209274292,0.0631328597664833,0.02987070567905903,0.04986147582530975,0.022341208532452583,0.010588978417217731,0.0,0.0,0.15649697184562683,0.0,0.3790822923183441,0.05966948717832565,0.0004864563816227019,0.0,0.48343774676322937,0.0,0.0571582205593586,0.008326401934027672,0.32598787546157837,0.0,0.29120689630508423,0.0,0.07387231290340424,0.018861083313822746,0.08579577505588531,0.07298983633518219,0.35050153732299805,0.057456329464912415,0.1305018663406372,0.1605006754398346,0.03788851946592331,0.32722291350364685,0.0,0.3301940858364105,0.0,0.0,0.019290488213300705,0.00904929731041193,0.0,0.47205719351768494,0.0,0.0,0.1465066373348236,0.008067090064287186,0.725229799747467,0.05060431361198425,0.051256489008665085,0.0,0.24829348921775818,0.1609390527009964,0.00987095944583416,0.0,0.0,0.0,0.34007126092910767,0.14890776574611664,0.14522220194339752,0.0,0.0,0.1324116289615631,0.3935771584510803,0.0,0.13898177444934845,0.11292557418346405,0.022064417600631714,0.0,0.15642940998077393,0.04265778139233589,0.0,0.0,0.2528945505619049,0.14275771379470825,0.01413813792169094,0.0,0.23838944733142853,0.48154062032699585,0.22700805962085724,0.026663227006793022,0.10489548742771149,0.026367729529738426,0.026692820712924004,0.02633086033165455,0.02550486847758293,0.4371930658817291,0.0,0.0,0.06987959146499634,0.05342355743050575,0.24917040765285492,0.0,0.2216937243938446,0.28990012407302856,0.004433131776750088,0.008826312609016895,0.059490229934453964,0.005210887175053358,0.0,0.17235639691352844,0.03810114786028862,0.010974252596497536,0.19133199751377106,0.01115602720528841,0.0,0.05629467964172363,0.06586237996816635,0.0,0.008828881196677685,0.18478229641914368,0.03345340117812157,0.0,0.0018554230919107795,0.08555715531110764,0.3012835681438446,0.0,0.0,0.07764746993780136,0.0,0.0,0.11918287724256516,0.0,0.012681280262768269,0.001069486141204834,0.01763307675719261,0.0,0.0,0.13103371858596802,0.016437644138932228,0.0,0.0,0.0,0.0,0.034252334386110306,0.007034102454781532,0.004121631383895874,0.0025982889346778393,0.10741361975669861,0.0,0.0,0.02294476330280304,0.00919813197106123,0.0,0.0,0.04798981919884682,0.05137057602405548,0.0008104622829705477,0.007419395260512829,0.0,0.08205921947956085,0.002155742608010769,0.0575600266456604,0.0,0.1323082149028778,0.14493730664253235,0.0,0.0,0.015950923785567284,0.0,0.0,0.0,0.023203663527965546,0.0,0.09923772513866425,0.14220988750457764,0.0,0.0,0.13140664994716644,0.025717230513691902,0.0019135167822241783,0.0,0.05491841584444046,0.0028776945546269417,0.002619826467707753,0.1032140851020813,0.25231125950813293,0.0,0.0,0.0,0.0,0.16488562524318695,0.2219974547624588,0.0,0.1810348629951477,0.042127445340156555,0.05151011049747467,0.1084708720445633,0.17916889488697052,0.0,0.04799746349453926,0.0,0.002787032164633274,0.027071787044405937,0.0,0.0,0.0,0.06392106413841248,0.06574389338493347,0.0,0.17034563422203064,0.2698981761932373,0.0,0.013860184699296951,0.20759958028793335,0.06972171366214752,0.25512996315956116,0.0,0.0,0.23385153710842133,0.0,0.04584058001637459,0.006778574548661709,0.0,0.05791271850466728,0.0,0.06353077292442322,0.03619439899921417,0.1896938681602478,0.2136719822883606,0.014493296854197979,0.0,0.17516668140888214,0.04906543344259262,0.35153019428253174,0.021216997876763344,0.0,0.0,0.018082600086927414,0.013799251057207584,0.0,0.0020254848059266806,0.005258946679532528,0.1366695612668991,0.06481599062681198,0.0374494269490242,0.024312900379300117,0.0,0.0,0.0,0.0,0.4685382843017578,0.0,0.0,0.0,0.00876566395163536,0.0,0.009859813377261162,0.030620651319622993,0.0,0.010071550495922565,0.003869815729558468,0.00018075507250614464,0.04104121774435043,0.0,0.6155611872673035,0.010567378252744675,0.05424303188920021,0.09776516258716583,0.0,0.0,0.05055374652147293,0.175529345870018,0.0,0.17037150263786316,0.24606181681156158,0.17271184921264648,0.0,0.0007801860920153558,0.0,0.037408359348773956,0.023689856752753258,0.0,0.09191536158323288,0.019623229280114174,0.24671900272369385,0.0,0.0,0.43743109703063965,0.3018980622291565,0.014150450006127357,0.0,0.0,0.12745483219623566,0.2858308255672455,0.0,0.3525930643081665,0.3083593249320984,0.03364965319633484,0.0,-0.42022645473480225
178,0.010871869511902332,0.07731997221708298,0.003566709579899907,0.0,0.0,0.0,0.04559313878417015,0.11703434586524963,0.0,0.11888720095157623,0.3507412374019623,0.05653119087219238,0.0,0.17350120842456818,0.505478024482727,0.00857020728290081,0.0,0.46795812249183655,0.2322935312986374,0.0,0.07316320389509201,0.12406948208808899,0.0,0.7825745344161987,0.1916106790304184,0.0,0.0,0.43740853667259216,0.007325485348701477,0.024916749447584152,0.0,0.22016794979572296,0.029709842056035995,0.15841196477413177,0.0029914577025920153,0.0,0.0,0.03199658915400505,0.378593772649765,0.2828337252140045,0.0804596021771431,0.006402889732271433,0.15086038410663605,0.0,0.2261563390493393,0.0,0.17662449181079865,0.006084487773478031,0.0,0.25810757279396057,0.0,0.011152436025440693,0.7868145704269409,0.0005660715396516025,0.0,0.373820036649704,0.0,0.4491714835166931,0.020521901547908783,0.003996139857918024,0.0,0.16990849375724792,0.05170299485325813,0.3407718241214752,0.0,0.0,0.0,0.9618178606033325,0.09241757541894913,0.024016285315155983,0.0,0.0,0.07885036617517471,0.6561362743377686,0.0,0.1077125146985054,0.4123365879058838,0.048879384994506836,0.0,0.0,0.2283109873533249,0.0,0.0810321718454361,0.1760140210390091,0.8165987133979797,0.02723129466176033,0.0,0.10090456157922745,0.6226677298545837,0.051211703568696976,0.036699194461107254,0.6775757074356079,0.009577463380992413,0.09479627758264542,0.002111513167619705,0.07794614881277084,0.08407287299633026,0.0,0.0,0.057358790189027786,0.47546476125717163,0.08803736418485641,0.0,0.7763113379478455,0.013242719694972038,0.0,0.00516851432621479,0.5325803756713867,0.0007167694275267422,0.0,0.43509915471076965,0.015372054651379585,0.0,0.20939652621746063,0.044629354029893875,0.01122763566672802,0.01651938445866108,0.5213087201118469,0.0,0.026259923353791237,0.33882585167884827,0.18468904495239258,0.0034294009674340487,0.0,0.2915039658546448,0.17220360040664673,0.0,0.0,0.4217320680618286,0.0,0.0,0.14112578332424164,0.0,0.01899428851902485,0.006146268919110298,0.10085500031709671,0.07333336770534515,0.0,0.06503919512033463,0.0,0.0,0.005832727067172527,0.0,0.0,0.03514448553323746,0.06012934446334839,0.026763135567307472,0.0003349623875692487,0.012731467373669147,0.0,0.0,0.013106280006468296,0.00867252703756094,0.0,0.003177858889102936,0.07045069336891174,0.07448088377714157,0.0,0.0,0.0,0.024432053789496422,0.0,0.04679444059729576,0.004463404417037964,0.0,0.08203338086605072,0.0,0.0,0.23979292809963226,0.015345552004873753,0.09395954757928848,0.08317802101373672,0.0,0.0,0.07283718883991241,0.4676276743412018,0.0,0.0,0.305989533662796,0.0,0.11758439987897873,0.010457456111907959,0.042501989752054214,0.0030821163672953844,0.02681034430861473,0.0,0.0036640597973018885,0.0,0.0,0.0,0.0,0.5571654438972473,0.15573330223560333,0.0,0.04269517585635185,0.24129420518875122,0.0,0.14727114140987396,0.7018538117408752,0.0,0.15674175322055817,0.0,0.0,0.0,0.0,0.0,0.038185667246580124,0.969298243522644,0.4245877265930176,0.0,0.21162959933280945,0.0971364825963974,0.0,0.0,0.47147804498672485,0.033204350620508194,0.026572788134217262,0.0,0.0,0.1445673257112503,0.0,0.07977751642465591,0.46467071771621704,0.0,0.16922208666801453,0.0016907869139686227,0.3108319342136383,0.48557350039482117,0.012285270728170872,0.5551717877388,0.07063960283994675,0.19996227324008942,0.29451823234558105,0.008445100858807564,0.24594470858573914,0.003985076677054167,0.0,0.0,0.0,0.006948967929929495,0.0,0.0,0.011709816753864288,0.05111215263605118,0.42276373505592346,0.21626794338226318,0.04822269454598427,0.0,0.0,0.0,0.0,0.670013964176178,0.0,0.0,0.0018558526644483209,0.0,0.0,0.0,0.0037636396009474993,0.0,0.0,0.2675582468509674,0.21541042625904083,0.0,0.0,1.0181695222854614,0.0,0.22362855076789856,0.021951530128717422,0.0,0.0,0.09064236283302307,0.3240807056427002,0.0,0.1750108301639557,0.0,0.04259307682514191,0.0,0.37795671820640564,0.0,0.43422287702560425,0.0,0.0,0.6266641616821289,0.0,0.0488186739385128,0.0,0.0,0.43252328038215637,0.034887030720710754,0.04148560389876366,0.0,0.0,0.5253356099128723,0.4231692850589752,0.0,0.01734388805925846,0.7080551385879517,0.2885471284389496,0.047415561974048615,0.0444430336356163,0.07585025578737259,0.0596744678914547,0.0,0.0,0.0,0.5032318830490112,0.1006401777267456,0.0,0.041910625994205475,0.05049874261021614,0.014015737920999527,0.0,0.4347849488258362,0.0,0.04230000823736191,0.028981806710362434,0.0,0.0026888754218816757,0.0,0.0,0.11833570152521133,0.0,0.18054699897766113,0.03541525453329086,0.0,0.0,0.4430232346057892,0.0,0.11466711014509201,0.0,0.2550187110900879,0.0,0.3017619252204895,0.020598165690898895,0.0604245699942112,0.1044049859046936,0.1542169749736786,0.004517966881394386,0.2475479245185852,0.06699080765247345,0.15954016149044037,0.14535650610923767,0.06855398416519165,0.20427200198173523,0.03400818258523941,0.3524695634841919,0.004712284542620182,0.0,0.042264584451913834,0.06008313596248627,0.0,0.2115153968334198,0.009097959846258163,0.01408938504755497,0.0,0.07226443290710449,0.7879100441932678,0.17311501502990723,0.02455783635377884,0.0,0.21640382707118988,0.18632987141609192,0.0,0.0,0.0045583173632621765,0.0,0.02810702472925186,0.09685593098402023,0.16328950226306915,0.008671414107084274,0.0,0.2536718547344208,0.19696557521820068,0.03294995799660683,0.07402412593364716,0.018536385148763657,0.024990910664200783,0.0,0.2490258514881134,0.026814129203557968,0.002575143240392208,0.0,0.22816096246242523,0.0,0.04670272767543793,0.01205832976847887,0.20468682050704956,0.37521523237228394,0.2634257674217224,0.05484597384929657,0.0,0.045658085495233536,0.022283894941210747,0.0,0.0,0.4911733865737915,0.0,0.007565263658761978,0.0,0.0,0.22011245787143707,0.0,0.15924489498138428,0.3463002145290375,0.11092934012413025,0.02291780337691307,0.02632175385951996,0.016154680401086807,0.0,0.014935711398720741,0.08543577045202255,0.051878422498703,0.19031016528606415,0.006918660365045071,0.0,0.05203720182180405,0.002430466003715992,0.027104774489998817,0.01247197575867176,0.0,0.028797192499041557,0.0,0.018052438274025917,0.0,0.2922423779964447,0.0,0.006531218066811562,0.0,0.007534862961620092,0.0,0.07826769351959229,0.008404596708714962,0.030537547543644905,0.004191500134766102,0.031223855912685394,0.0,0.0,0.2368088960647583,0.036749329417943954,0.0,0.0,0.010744890198111534,0.0,0.04473710060119629,0.0,0.030379576608538628,0.00666317343711853,0.20823118090629578,0.0,0.028696691617369652,0.012015383690595627,0.024520665407180786,0.0,0.0,0.10619356483221054,0.022859835997223854,0.0,0.026955358684062958,0.003726240945979953,0.04587069898843765,0.037090495228767395,0.08535883575677872,0.0,0.19361045956611633,0.12618553638458252,0.0,0.04140438884496689,0.0,0.0,0.0,0.0,0.02619062177836895,0.0,0.1241508424282074,0.0327555313706398,0.0,0.026614796370267868,0.02658422663807869,0.09685712307691574,0.0,0.0,0.0916207879781723,0.004956310614943504,0.006188729777932167,0.08826304972171783,0.32976505160331726,0.0,0.028089238330721855,0.0,0.0,0.008525921031832695,0.2431333363056183,0.0,0.14676183462142944,0.022064795717597008,0.13387852907180786,0.11392822116613388,0.06648281216621399,0.009942286647856236,0.04605909809470177,0.0,0.035323143005371094,0.03272716701030731,0.0,0.0,0.0,0.0,0.0,0.037554167211055756,0.07536044716835022,0.3084615170955658,0.0,0.179529070854187,0.011165432631969452,0.13020770251750946,0.410579115152359,0.0,0.0,0.18275567889213562,0.0,0.05520377680659294,0.0,0.0,0.047062184661626816,0.0,0.005127454176545143,0.0,0.21944841742515564,0.018332278355956078,0.0008703875355422497,0.0,0.19018763303756714,0.10682249069213867,0.18371890485286713,0.09265635907649994,0.016275009140372276,0.0011079779360443354,0.03815322741866112,0.02999594807624817,0.012215547263622284,0.009717436507344246,0.0,0.23036131262779236,0.003274358808994293,0.0,0.07301310449838638,0.0,0.0,0.0,0.0,0.30350252985954285,0.0,0.0,0.0028147022239863873,0.04166276007890701,0.0,0.03598805516958237,0.04286778345704079,0.006839023437350988,0.051818303763866425,0.0,0.0,0.12477481365203857,0.020941542461514473,0.23057445883750916,0.06408359110355377,0.005845719948410988,0.22141486406326294,0.0,0.0,0.08554073423147202,0.050323791801929474,0.0,0.24589897692203522,0.5095770359039307,0.2986169159412384,0.0025203016120940447,0.0,0.0,0.0,0.07623254507780075,0.021172819659113884,0.033401988446712494,0.03302504122257233,0.31032487750053406,0.0007510203868150711,0.0,0.32742953300476074,0.2838101089000702,0.018117755651474,0.0,0.0,0.0,0.20602302253246307,0.0,0.5100954174995422,0.1267443299293518,0.019214611500501633,0.0,0.10648897290229797,0.03899560123682022,0.00859997421503067,0.0,0.0,0.0,0.29112207889556885,0.10228396952152252,0.008305642753839493,0.051729466766119,0.15822388231754303,0.04942338168621063,0.0,0.359966903924942,0.18459215760231018,0.0,0.006912591867148876,0.06292188167572021,0.027193138375878334,0.0,0.007099497132003307,0.1211177259683609,0.0,0.39608123898506165,0.0977225974202156,0.0,0.0,0.5290083885192871,0.0006860997527837753,0.022144081071019173,0.005060932599008083,0.3318348526954651,0.0,0.18116238713264465,0.009802969172596931,0.047850314527750015,0.0,0.04875636100769043,0.18942922353744507,0.30310219526290894,0.1861722618341446,0.09894385933876038,0.14268441498279572,0.008487753570079803,0.24474884569644928,0.0,0.3682037889957428,0.0,0.0012708560097962618,0.0640234723687172,0.0,0.0,0.6487259864807129,0.0,0.0,0.1549399048089981,0.003334066132083535,0.7529773712158203,0.13504336774349213,0.05617229640483856,0.0,0.17100465297698975,0.22587993741035461,0.0568392351269722,0.0,0.0,0.0,0.5306079983711243,0.2184339165687561,0.18757426738739014,0.0,0.0,0.10093265026807785,0.541924774646759,0.0,0.10417796671390533,0.21196576952934265,0.00656581437215209,0.0,0.0890519767999649,0.07905137538909912,0.0,0.035082172602415085,0.23126448690891266,0.25557568669319153,0.03057279996573925,0.0,0.3023499548435211,0.48321405053138733,0.13715556263923645,0.024894647300243378,0.24005773663520813,0.04108171910047531,0.014047588221728802,0.02671300433576107,0.05573965609073639,0.4242510199546814,0.0,5.718320608139038e-07,0.07100102305412292,0.23154222965240479,0.2669418454170227,0.0,0.2283651977777481,0.15483108162879944,0.011495403945446014,0.007356077898293734,0.23114103078842163,0.006118099670857191,0.0,0.2538127899169922,0.039155375212430954,0.0,0.2187097668647766,0.04683169350028038,0.0,0.09990216791629791,0.1817101240158081,0.0,0.016178112477064133,0.2074454128742218,0.14397847652435303,0.02099914476275444,0.0,0.125590980052948,0.09416263550519943,0.00034073274582624435,0.0,0.14284931123256683,0.0,0.0,0.07287834584712982,0.0023395384196192026,0.025442687794566154,0.006410606205463409,0.15804894268512726,0.01649485155940056,0.0,0.12437966465950012,0.024304481223225594,0.0,0.0,0.0,0.0,0.01970866695046425,0.015255003236234188,0.04492109641432762,0.0,0.03228875622153282,0.0,0.0,0.0013501429930329323,0.006092785857617855,0.0,0.0,0.08854173868894577,0.08615928143262863,0.0,0.0032156421802937984,0.01168748177587986,0.00411267951130867,0.019992981106042862,0.03852074593305588,0.0005097808316349983,0.061627015471458435,0.15259583294391632,0.002724424935877323,0.0,0.040672630071640015,0.0,0.01272931694984436,0.02030893601477146,0.009045067243278027,0.0,0.26222383975982666,0.16551117599010468,0.0,0.0,0.1663638949394226,0.0,0.026136543601751328,0.0,0.042331237345933914,0.016651887446641922,0.011453522369265556,0.09438509494066238,0.276397168636322,0.0,0.0,0.0,0.0,0.25081613659858704,0.24891723692417145,0.0,0.17038732767105103,0.05366959422826767,0.04439802095293999,0.05881429836153984,0.2982191741466522,0.0,0.03310827538371086,0.0,0.0030181168112903833,0.041375868022441864,0.0,0.0,0.005132234655320644,0.45654600858688354,0.12998242676258087,0.002110907109454274,0.27009451389312744,0.2840556502342224,0.0,0.001055751577951014,0.2233726978302002,0.032342951744794846,0.15803039073944092,0.0,0.0,0.12455426901578903,0.00274669099599123,0.11509977281093597,0.16851413249969482,0.0,0.10207612812519073,0.0,0.1840929388999939,0.1254929155111313,0.22193855047225952,0.20130740106105804,0.08524901419878006,0.10931599885225296,0.15875129401683807,0.01586074009537697,0.3005301058292389,0.015847118571400642,0.0,0.0,0.00603958684951067,0.005510901100933552,0.0,0.0,0.0051969364285469055,0.023317158222198486,0.1531423181295395,0.11302938312292099,0.00966781098395586,0.003208075650036335,0.0,0.0,0.0,0.6145820021629333,0.0,0.0,0.015187425538897514,0.0,0.0,0.010894371196627617,0.01240796409547329,0.0033078824635595083,0.004744331352412701,0.025482557713985443,0.021695399656891823,0.008565137162804604,0.0,0.7120389342308044,0.0012808013707399368,0.052353352308273315,0.013983133248984814,0.0,0.0,0.09645287692546844,0.25822389125823975,0.0,0.17372743785381317,0.1047368198633194,0.11126863956451416,0.0,0.07029424607753754,0.00039473455399274826,0.10526670515537262,0.010598570108413696,0.0,0.24137096107006073,0.04605558142066002,0.2248496413230896,0.0,0.0,0.34402960538864136,0.18094302713871002,0.03867492452263832,0.0,0.0,0.29675257205963135,0.2505034804344177,0.0,0.14501261711120605,0.5078444480895996,0.06863798201084137,0.0040419939905405045,1.9430428743362427
179,0.06082551181316376,0.1308518648147583,0.0278447438031435,0.0,0.0,0.0,0.4306882619857788,0.09225840121507645,0.0,0.009537520818412304,0.0771225094795227,0.006499812938272953,0.0,0.2563668191432953,0.0,0.08856651186943054,0.01899569481611252,0.005777932237833738,0.0,0.0,0.0,0.05432683974504471,0.0,0.4092021882534027,0.027059273794293404,0.0,0.0,0.47542867064476013,0.0026083060074597597,0.04668053984642029,0.0939190536737442,0.28113824129104614,0.0,0.27138417959213257,0.06875140964984894,0.03562169149518013,0.005385398864746094,0.17791712284088135,0.07117041945457458,0.09201987832784653,0.029485762119293213,0.09342250972986221,0.07525946199893951,0.05234663188457489,0.20897869765758514,0.08774768561124802,0.14736419916152954,0.030157502740621567,0.0,0.06699616461992264,0.10360207408666611,0.0,0.2339373528957367,0.0029582870192825794,0.03664713352918625,0.0,0.1901702880859375,0.5895224809646606,0.1447526514530182,0.03223007917404175,0.0,0.08724629878997803,0.0749724879860878,0.0,0.0,0.0019473874708637595,0.0,0.051872823387384415,0.11539485305547714,0.09773007780313492,0.015226508490741253,0.0,0.11235757917165756,0.12036027759313583,0.025422686710953712,0.04555847495794296,0.046272944658994675,0.09239701926708221,0.0,0.062182433903217316,0.031256455928087234,0.03887183219194412,0.0,0.14302249252796173,0.1256788671016693,0.0,0.04145298898220062,0.23229879140853882,0.4087119698524475,0.3445962369441986,0.03508120775222778,0.0,0.032315392047166824,0.08955342322587967,0.0025178424548357725,0.031725797802209854,0.4543115198612213,0.0,0.002052810275927186,0.001868265331722796,0.0039892904460430145,0.3038921058177948,0.0,0.42912396788597107,0.2709784507751465,0.14546893537044525,0.030701259151101112,0.0630008652806282,0.006613817065954208,0.0,0.0,0.039203714579343796,0.04068760946393013,0.23148177564144135,0.05917742848396301,0.0,0.0351959653198719,0.054920148104429245,0.07017724215984344,0.013459201902151108,0.0,0.06282036751508713,0.0013856816804036498,7.076832844177261e-05,0.0,0.30921047925949097,0.0,0.0,0.005227559246122837,0.026872044429183006,0.0,0.19608493149280548,0.0163350198417902,0.009538648650050163,0.0028195702470839024,0.06001489982008934,0.0,0.0,0.01754022017121315,6.956539436941966e-05,0.0,0.004476848058402538,0.0136537691578269,0.0,0.1728779822587967,2.50651082751574e-05,0.02867925725877285,0.0025897969026118517,0.03313300386071205,6.947598740225658e-05,0.040674787014722824,0.1552494764328003,0.07808460295200348,0.0,0.0,0.3040332496166229,0.03575501590967178,0.0,0.027436653152108192,0.028215846046805382,0.25390222668647766,0.09967430680990219,0.01412387378513813,0.0,0.014764287509024143,0.08839516341686249,0.0,0.07135935127735138,0.0,0.0,0.0,0.0,0.0063782925717532635,0.022452494129538536,0.13348641991615295,0.21371805667877197,0.021919284015893936,0.058620236814022064,0.005385638680309057,0.014757472090423107,0.00039129095966927707,0.004145471379160881,0.21196413040161133,0.0,0.0034512660931795835,0.11813545227050781,0.19384726881980896,0.0,0.038752175867557526,0.0,0.0,0.027115903794765472,0.0829756036400795,0.003553964663296938,0.17254602909088135,0.21017660200595856,0.022508079186081886,0.23875783383846283,0.040648575872182846,0.03331770375370979,0.11624476313591003,0.0,0.024599140509963036,0.04928724095225334,0.0,0.0,0.0,0.025443432852625847,0.01134742796421051,0.07346375286579132,0.03909764066338539,0.2746853828430176,0.0160532109439373,0.1590433120727539,0.002651978749781847,0.03716990351676941,0.3014051020145416,0.0,0.011116962879896164,0.2576583921909332,0.0,0.046479325741529465,0.0,0.0007771335076540709,0.009897897019982338,0.0019283152651041746,0.12332411855459213,0.005470143165439367,0.26795023679733276,0.03536948561668396,0.0039205532521009445,0.0,0.36142659187316895,0.060759980231523514,0.05136416479945183,0.07662983238697052,0.030665216967463493,0.0,0.030888423323631287,0.06866513937711716,0.0505264475941658,0.0,0.0,0.33362284302711487,0.0,0.06179492175579071,0.05002208426594734,0.0,0.0,0.0,0.0,0.2602007985115051,0.0,0.0,0.018851077184081078,0.10929762572050095,0.0,0.04688243567943573,0.05777110531926155,0.013247519731521606,0.13041895627975464,0.0,0.0,0.09419292956590652,0.12953051924705505,0.2679122984409332,0.05230896919965744,0.010518847964704037,0.08353870362043381,0.00923728384077549,0.006383512634783983,0.05621667578816414,0.0002845065318979323,0.0,0.3794073164463043,0.31433725357055664,0.1703210175037384,0.020697694271802902,0.0,0.0,0.0,0.0005331588326953351,0.019801760092377663,0.07746429741382599,0.03451462835073471,0.3375169634819031,0.00017051737813744694,0.05469174310564995,0.2561626434326172,0.08890366554260254,0.017309509217739105,0.0,0.0,0.0,0.2828369140625,0.0,0.41652727127075195,0.09194625914096832,0.039144907146692276,0.020381590351462364,0.0,0.07715131342411041,0.05232983082532883,0.0,0.0,0.0,0.310663104057312,0.15392254292964935,0.0,0.01219667587429285,0.18673762679100037,0.032605379819869995,0.0,0.337782621383667,0.0,0.01334286667406559,0.008154273964464664,0.0032038409262895584,0.021348144859075546,0.0,0.0,0.15904100239276886,0.0,0.46441662311553955,0.02930719032883644,0.003027751110494137,0.0,0.4817729890346527,0.0,0.013680960983037949,0.0,0.21863679587841034,0.0,0.3533931374549866,0.0022717833053320646,0.06205572187900543,0.11029936373233795,0.11406728625297546,0.0,0.24545162916183472,0.0,0.18827638030052185,0.12693683803081512,0.11970527470111847,0.3095019459724426,0.0,0.21057769656181335,0.0024565402418375015,0.0,0.06287043541669846,0.03188205137848854,0.0,0.247951477766037,0.0,0.0,0.12278907001018524,0.006440106313675642,0.5465894937515259,0.020954106003046036,0.0,0.0,0.3211436867713928,0.020438045263290405,0.0,0.0,0.0,0.0,0.21987640857696533,0.011007602326571941,0.013535289093852043,0.0,0.0,0.14861829578876495,0.2389986515045166,0.0,0.18078170716762543,0.059144966304302216,0.09459415078163147,0.0,0.22166655957698822,0.07209870964288712,0.0010217460803687572,0.0,0.26106858253479004,0.10125657916069031,0.033884476870298386,0.0,0.05174585431814194,0.4755078852176666,0.16851824522018433,0.01760760322213173,0.05401819571852684,0.047684796154499054,0.084811732172966,0.02635398879647255,0.0,0.2716040015220642,0.0,0.0,0.04767611622810364,0.0,0.02444402500987053,0.0,0.3277808427810669,0.2992042601108551,0.002136480063199997,0.0344037190079689,0.043878939002752304,0.0,0.0,0.06868065893650055,0.05602439492940903,0.03498957306146622,0.0974908322095871,0.0,0.0,0.011711889877915382,0.03701594099402428,0.011926300823688507,0.0,0.07171474397182465,0.019456567242741585,0.0,0.0027722585946321487,0.015057944692671299,0.3793424963951111,0.0,0.0,0.0,0.0,0.0,0.03432650864124298,0.0,0.029309134930372238,1.6522593796253204e-05,0.0,0.0,0.0,0.16029669344425201,0.016595372930169106,0.0,0.005128323100507259,0.0029658153653144836,0.0,0.046634696424007416,0.0,0.0,0.039433613419532776,0.24594806134700775,0.0,0.01906036213040352,0.005710459314286709,0.03054220788180828,0.0,0.0,0.014565307646989822,0.091872438788414,0.0,0.0069878678768873215,0.0,0.020789818838238716,0.0,0.0456404946744442,0.0,0.1563643366098404,0.07951807975769043,0.012288779951632023,0.018985800445079803,0.01504499837756157,0.0,0.0,0.0,0.027386462315917015,0.0,0.0,0.15413713455200195,0.0,0.0,0.11530216038227081,0.03289139270782471,0.0,0.0,0.15222322940826416,0.0,0.005469050258398056,0.015165169723331928,0.13095541298389435,0.0,0.0,0.0,0.0,0.06668292731046677,0.16969649493694305,0.0,0.0885346531867981,0.06863614916801453,0.07514263689517975,0.14102643728256226,0.19817766547203064,0.0,0.051476139575242996,0.0,0.017494631931185722,0.004756416194140911,0.0,0.0,0.002987462095916271,0.0,0.0,0.0,0.08167773485183716,0.19234919548034668,0.0,0.09764408320188522,0.1373240202665329,0.09468267858028412,0.27345219254493713,0.0,0.0,0.28750672936439514,0.0,0.0029862523078918457,0.0,0.0,0.038355886936187744,0.0,0.020915476605296135,0.0,0.04871159791946411,0.14840592443943024,0.0,0.0,0.20769047737121582,0.11387951672077179,0.3251568675041199,0.08889150619506836,0.0,0.0005190700758248568,0.03109733574092388,0.0,0.0,0.016940981149673462,0.0,0.28948327898979187,0.018049929291009903,0.0046009765937924385,0.046175915747880936,0.0,0.0,0.0,0.0,0.2889400124549866,0.0,0.0,0.0,0.03175976127386093,0.0,0.018369141966104507,0.00909520499408245,0.0,0.07756859809160233,0.0,0.0009705177508294582,0.045897819101810455,0.0,0.4560942053794861,0.043459415435791016,0.026999972760677338,0.13595324754714966,0.0,0.0,0.08842077106237411,0.13452334702014923,0.0,0.35038304328918457,0.2066914588212967,0.26008033752441406,0.0,0.0,0.013458575122058392,0.002414525020867586,0.0322391502559185,0.020351234823465347,0.08766894787549973,0.003427803749218583,0.17532342672348022,0.0,0.0,0.44411665201187134,0.3336230516433716,0.02015344426035881,0.0,0.0,0.012637097388505936,0.34250372648239136,0.0,0.3864288628101349,0.1599828600883484,0.06144672632217407,0.0,0.04902110621333122,0.08989206701517105,0.007981281727552414,0.0,0.0,0.0,0.40053361654281616,0.1246669590473175,0.0,0.020400574430823326,0.087637759745121,0.04596291854977608,0.0,0.3308984637260437,0.0,0.03753822296857834,0.041949279606342316,0.0,0.0,0.0,0.0,0.10483112931251526,0.0003987154923379421,0.3934285342693329,0.025141075253486633,0.0006659030914306641,0.0,0.582146942615509,0.0024742637760937214,0.02362634986639023,0.061970699578523636,0.3443722128868103,0.0,0.31207334995269775,0.019344083964824677,0.09582213312387466,0.0016329173231497407,0.11154571920633316,0.035451602190732956,0.19976277649402618,0.02964812144637108,0.21324686706066132,0.08016309142112732,0.105315200984478,0.28350719809532166,0.04211484268307686,0.2656880021095276,0.02265876531600952,0.0,0.04422761872410774,0.08457209169864655,0.0,0.3311000168323517,0.00078123330604285,0.010487592779099941,0.030809534713625908,0.08347920328378677,0.7138386368751526,0.1027103140950203,0.07180548459291458,0.0,0.21991965174674988,0.11010672152042389,0.0,0.0,0.004381997976452112,0.0,0.11192505806684494,0.14669610559940338,0.12485779821872711,0.01179048977792263,0.0,0.08542972058057785,0.21741409599781036,0.0028677748050540686,0.17390720546245575,0.0315481536090374,0.06653955578804016,0.0,0.086822010576725,0.026520246639847755,0.003942735958844423,0.0,0.21591238677501678,0.047022659331560135,0.006283237133175135,0.025986330583691597,0.2538084387779236,0.3660070598125458,0.2455986589193344,0.018258843570947647,0.0,0.024453498423099518,0.07608146965503693,0.035120852291584015,0.054033514112234116,0.4674897789955139,0.0,0.004686401225626469,0.07556465268135071,0.006981531623750925,0.19007116556167603,0.0,0.243716299533844,0.3157714009284973,0.06412870436906815,0.040298111736774445,0.028897026553750038,0.010510611347854137,0.0,0.022301942110061646,0.03208516910672188,0.023182004690170288,0.20805752277374268,0.0508108027279377,0.0,0.03156695514917374,0.023571880534291267,0.050448544323444366,0.002152833389118314,0.05898461118340492,0.07359247654676437,0.024579711258411407,0.00369446724653244,0.013416142202913761,0.2733222544193268,0.0,0.0017482566181570292,0.0006909838411957026,0.0,0.0,0.11086181551218033,0.00029978848760947585,0.0005671425606124103,0.006221916060894728,0.05795877426862717,0.0,0.0,0.03692986071109772,0.04394184425473213,0.0,0.0034017739817500114,0.0,0.0,0.0845881849527359,0.0,0.020723747089505196,0.0,0.01764463447034359,0.0,0.042120013386011124,0.051538314670324326,0.057341318577528,0.0,0.0,0.165481299161911,0.07585194706916809,0.0,0.016843587160110474,0.028260374441742897,0.11691619455814362,0.08194408565759659,0.01044971402734518,0.0,0.1392981857061386,0.12343762814998627,0.0014269840903580189,0.050554532557725906,0.0,0.0,0.005457752849906683,0.0055837673135101795,0.006176958326250315,0.012551669962704182,0.09147564321756363,0.1312599927186966,0.0,0.04373734071850777,0.038518358021974564,0.010339860804378986,0.0,0.0019401924218982458,0.16530553996562958,0.0,0.0,0.1631244719028473,0.22789117693901062,0.0,0.01646232046186924,0.0,0.0,0.023167753592133522,0.11189339309930801,0.001275652670301497,0.17456944286823273,0.09171843528747559,0.02548317424952984,0.11465101689100266,0.0159404668956995,0.0,0.05543215572834015,0.0,0.03252981975674629,0.02034897543489933,0.0,0.0010447193635627627,0.0,0.0335659459233284,0.0,0.009643816389143467,0.13939480483531952,0.26143112778663635,0.006979929283261299,0.09967074543237686,0.07119090110063553,0.022914666682481766,0.31122884154319763,0.0,0.013121277093887329,0.24096938967704773,0.0,0.048253998160362244,0.0,0.003469007322564721,0.01579713262617588,0.009646927006542683,0.09240005165338516,0.0,0.2885906398296356,0.009941544383764267,0.005634543485939503,0.02555777132511139,0.2608759105205536,0.08995315432548523,0.2864202558994293,0.1071869507431984,0.0,0.0004578246152959764,0.037401873618364334,0.029241181910037994,0.016139354556798935,0.0,9.268129360862076e-05,0.22580769658088684,0.0,0.04137786850333214,0.008790708146989346,0.0,0.0,0.0,0.0,0.3628249168395996,0.0,0.0,0.0,0.0746319517493248,0.0,0.0296645425260067,0.0471901036798954,0.026028767228126526,0.10974718630313873,0.0,0.0,0.05684470385313034,0.08492326736450195,0.34588706493377686,0.025273390114307404,0.0,0.059011537581682205,0.0,0.011923283338546753,0.05662447214126587,0.10028822720050812,0.0,0.3920956254005432,0.3177240192890167,0.18326552212238312,0.00967109389603138,0.0,0.003602477489039302,0.003611775813624263,0.02308761514723301,0.006871721241623163,0.05242549255490303,0.06680035591125488,0.31768184900283813,0.0,0.030406078323721886,0.3222544491291046,0.25073814392089844,0.01988735795021057,0.0,0.0,0.0013417729642242193,0.2621883451938629,0.0,0.3850378096103668,0.14866314828395844,0.022242723032832146,0.0039669363759458065,-0.05802132934331894
180,0.08120213449001312,0.1303044557571411,0.05614428594708443,0.0,0.0,0.0,0.4657604694366455,0.08160395920276642,0.0,0.00893077626824379,0.05371366813778877,0.005408296827226877,0.0,0.31616899371147156,0.0,0.0762060359120369,0.023982413113117218,0.0,0.0,0.0,0.0,0.048933543264865875,0.0,0.33606788516044617,0.018604183569550514,0.0,0.0,0.4859839379787445,0.003901021322235465,0.09569519013166428,0.08327259123325348,0.28170046210289,0.0,0.28129372000694275,0.05252150446176529,0.07941029220819473,0.04895946756005287,0.2457580864429474,0.01459022518247366,0.12646321952342987,0.0290630254894495,0.1579252928495407,0.09229430556297302,0.10650097578763962,0.2649237811565399,0.10685159265995026,0.24489863216876984,0.015249825082719326,0.0,0.079450324177742,0.07814570516347885,0.0,0.17641587555408478,0.011969591490924358,0.02249750867486,0.00258762389421463,0.19156889617443085,0.6275901198387146,0.15899594128131866,0.06053537875413895,0.0,0.09595711529254913,0.09278234094381332,0.0,0.0,0.0016510207206010818,0.0,0.02643250860273838,0.14876008033752441,0.1176595464348793,0.021569736301898956,0.0,0.15344731509685516,0.09905482083559036,0.024313820526003838,0.04224366322159767,0.0022109299898147583,0.0960937961935997,0.0,0.12524724006652832,0.009819984436035156,0.0851726084947586,0.0,0.1525096446275711,0.04185156896710396,0.010015621781349182,0.05855005979537964,0.2139759510755539,0.3658679723739624,0.35693150758743286,0.04692491888999939,0.0,0.027036001905798912,0.07493535429239273,0.0017390616703778505,0.011998635716736317,0.4661988317966461,0.0,0.0,0.00020403116650413722,0.0,0.2859749495983124,0.0,0.2993674576282501,0.33247002959251404,0.14678405225276947,0.04184485971927643,0.01421617902815342,0.01534201204776764,0.0,0.0038635660894215107,0.06860636919736862,0.04346666485071182,0.17835476994514465,0.02248631976544857,0.0,0.03580044209957123,0.0,0.06682675331830978,0.005717145744711161,0.0,0.03592634201049805,0.013540834188461304,0.00432470440864563,0.0,0.3360396921634674,0.0,0.0,0.0,0.011448300443589687,0.0,0.12430936098098755,0.009467394091188908,0.005269590299576521,0.017151964828372,0.06783848255872726,0.0,0.0,0.08215072005987167,0.004887905903160572,0.0,0.0,0.017149480059742928,0.0,0.15547490119934082,0.0,0.019313856959342957,0.0,0.03935524821281433,0.00317838485352695,0.041736673563718796,0.19729216396808624,0.10070152580738068,0.0,0.0,0.23633182048797607,0.013459390960633755,0.0,0.02757866680622101,0.02972792647778988,0.2613396942615509,0.1305529922246933,0.02036074735224247,0.0,0.12192290276288986,0.09541302174329758,0.0023180998396128416,0.12332741171121597,0.0,0.0,0.0,0.0,0.03177539259195328,0.014760809950530529,0.12408708781003952,0.12142997235059738,0.003929405938833952,0.11349055916070938,0.03281562402844429,0.02858777716755867,0.0071045816875994205,0.0,0.2538747489452362,0.0,0.0,0.11947806924581528,0.23713140189647675,0.0,0.07387560606002808,0.0,0.0,0.01841636747121811,0.09041149914264679,0.0003650309517979622,0.19290977716445923,0.14959712326526642,0.035637300461530685,0.1977800875902176,0.012557456269860268,0.0073917158879339695,0.0898975282907486,0.0,0.02048194408416748,0.028229687362909317,0.0,0.0,0.0,0.0,0.0,0.040967874228954315,0.03307187184691429,0.31902021169662476,0.015229100361466408,0.21342897415161133,0.014648223295807838,0.04423965886235237,0.337442010641098,0.002534981817007065,0.02206924930214882,0.2408500760793686,0.0,0.02603243850171566,0.0,0.0,0.01418642420321703,0.0,0.03804829344153404,0.0015783228445798159,0.25969117879867554,0.0347227118909359,0.01027507334947586,0.0,0.33571165800094604,0.09664485603570938,0.09475000202655792,0.07593008130788803,0.015383817255496979,0.0,0.04559536650776863,0.051946382969617844,0.017387060448527336,0.0,0.0,0.3693423271179199,0.0,0.023310484364628792,0.06271734088659286,0.0,0.0,0.0,0.0,0.2725619375705719,0.0,0.0,0.004104651510715485,0.09570030868053436,0.0,0.06033584475517273,0.046977318823337555,0.001778542879037559,0.1484697461128235,0.0,0.0,0.17775216698646545,0.10696136951446533,0.19870944321155548,0.08497017621994019,0.0,0.16998045146465302,0.005583915859460831,0.0,0.07512134313583374,0.004493981134146452,0.0,0.35937753319740295,0.4346179962158203,0.21493013203144073,0.01654529944062233,0.0,0.0,0.0,0.0010078269988298416,0.031332727521657944,0.025586146861314774,0.04807702824473381,0.33628615736961365,0.0,0.0192159004509449,0.2949715852737427,0.1516961306333542,0.014058979228138924,0.0,0.0,0.0,0.25324681401252747,0.0,0.45099517703056335,0.06970153003931046,0.0026036840863525867,0.02218029461801052,0.00384318083524704,0.04812800884246826,0.046753425151109695,0.0,0.0,0.0,0.31098473072052,0.15296612679958344,0.0,0.03529120236635208,0.19272693991661072,0.08758015185594559,0.0,0.3521738648414612,0.1861354410648346,0.05481383576989174,0.0,0.11081989854574203,0.016227809712290764,0.0,0.0,0.20118975639343262,0.0,0.49532032012939453,0.05056823045015335,0.0,0.0,0.4605505168437958,0.005698170978575945,0.06429833173751831,0.0,0.18953068554401398,0.0,0.2792215347290039,0.0,0.0130653390660882,0.03083810582756996,0.11177933216094971,0.13979925215244293,0.35317957401275635,0.034613631665706635,0.026707762852311134,0.228734090924263,0.0,0.27425676584243774,0.0,0.23367124795913696,0.012697771191596985,0.0,0.048928312957286835,0.004685387481004,0.0,0.427449494600296,0.0,0.0,0.22499524056911469,0.0,0.6574132442474365,0.09084834158420563,0.0,0.0,0.19224728643894196,0.11242963373661041,0.08400397002696991,0.0,0.0002697962918318808,0.0,0.4973609745502472,0.06919871270656586,0.04946339875459671,0.0,0.0,0.13785162568092346,0.43607112765312195,0.0,0.11445007473230362,0.15112553536891937,0.060467805713415146,0.0,0.11880654841661453,0.053167250007390976,0.0,0.0,0.2586575746536255,0.4105537533760071,0.016415944322943687,0.0,0.13288910686969757,0.5315629839897156,0.2426261603832245,0.051502030342817307,0.26953497529029846,0.02453785389661789,0.023339077830314636,0.00032406506943516433,0.019798947498202324,0.32539182901382446,0.0,0.0,0.08622521162033081,0.12101578712463379,0.23616446554660797,0.0,0.4964441657066345,0.28985321521759033,0.014860523864626884,0.015706438571214676,0.12371490895748138,0.002067963359877467,0.0,0.2826373875141144,0.02687174640595913,0.029557283967733383,0.23019950091838837,0.007865970022976398,0.0,0.04308425262570381,0.20134462416172028,0.0067697749473154545,0.019992390647530556,0.26191446185112,0.03358256444334984,0.0,0.02021399326622486,0.09945061057806015,0.3297150433063507,0.0,0.0,0.2408750355243683,0.0,0.0,0.13244982063770294,0.0,0.01727515645325184,0.0,0.013491383753716946,0.006871384102851152,0.0,0.07286418974399567,0.0,0.0,0.0,0.0,0.0,0.10114296525716782,0.02385273016989231,0.010604744777083397,0.00930802058428526,0.13050371408462524,0.0,0.0,0.04372568055987358,0.016561660915613174,0.0,0.0,0.12465201318264008,0.024668119847774506,0.0,0.0,0.0,0.2165791541337967,0.0,0.07274860888719559,0.0,0.028135456144809723,0.11704622209072113,0.0,0.0034311655908823013,0.08749214559793472,0.0,0.0,0.005260783713310957,0.018963605165481567,0.0,0.06719856709241867,0.2933763265609741,0.0,0.006900557316839695,0.11154872924089432,0.04634389653801918,0.003242484526708722,0.0023651462979614735,0.13373124599456787,0.011931980960071087,0.023870224133133888,0.04158582165837288,0.12024116516113281,0.0,0.0,0.0,0.0,0.32018208503723145,0.19813789427280426,0.0,0.1329539269208908,0.20191822946071625,0.042076226323843,0.2501085102558136,0.33722496032714844,0.0,0.11268603801727295,0.0,0.0,0.028175929561257362,0.0,0.0,0.0,0.24201838672161102,0.15604883432388306,0.0,0.13445629179477692,0.211211696267128,0.0,0.011524362489581108,0.2737817168235779,0.0942106693983078,0.2015293389558792,0.0,0.0,0.37553390860557556,0.0,0.027678919956088066,0.05354330688714981,0.0,0.03389265760779381,0.0,0.09070829302072525,0.16503912210464478,0.07695154845714569,0.2979885935783386,0.01568838581442833,0.0,0.27376511693000793,0.03940042108297348,0.23720380663871765,0.04378236085176468,0.0,0.0,0.026846040040254593,0.012398796156048775,0.0,0.009848483838140965,0.006595442537218332,0.27329888939857483,0.09957442432641983,0.07953342795372009,0.05795516073703766,0.0,0.0,0.0,0.0,0.4036804437637329,0.0,0.0,0.004687933251261711,0.025525882840156555,0.0,0.03621684014797211,0.0,0.0035980790853500366,0.028103819116950035,0.057292938232421875,0.010331105440855026,0.04456315189599991,0.0,0.7350042462348938,0.019825885072350502,0.13431446254253387,0.11724049597978592,0.0,0.0,0.08224125951528549,0.20535250008106232,0.0,0.13747483491897583,0.1552075445652008,0.16154001653194427,0.0,0.0675995945930481,0.0,0.14388279616832733,0.030910704284906387,0.009462413378059864,0.27471277117729187,0.0,0.22318479418754578,0.0,0.0012624774826690555,0.4520098865032196,0.26350483298301697,0.016005096957087517,0.0,0.0,0.21518774330615997,0.3911203145980835,0.0,0.38558876514434814,0.3252021372318268,0.14031407237052917,0.0,0.1093168780207634,0.08120567351579666,0.007374782580882311,0.0,0.0,0.0,0.45197805762290955,0.11215383559465408,0.0,0.021864335983991623,0.045801080763339996,0.06492207199335098,0.0,0.41188865900039673,0.032604821026325226,0.04590380936861038,0.05545826628804207,0.0043487101793289185,0.0,0.0,0.0,0.10591677576303482,0.0013672085478901863,0.27108627557754517,0.034069109708070755,0.0,0.0,0.559859037399292,0.0060512712225317955,0.051155902445316315,0.04203653335571289,0.3312889635562897,0.0,0.2609262764453888,0.026525164023041725,0.056584637612104416,0.007068817038089037,0.1366656869649887,0.051921844482421875,0.24658341705799103,0.10677207261323929,0.18262913823127747,0.10961824655532837,0.06254319101572037,0.2753962576389313,0.07597373425960541,0.39975541830062866,0.009770206175744534,0.0,0.027209175750613213,0.0657704770565033,0.0,0.37175506353378296,0.0,0.005899081006646156,0.07067195326089859,0.0883270651102066,0.8491352796554565,0.20734630525112152,0.10084141790866852,0.0,0.1847052276134491,0.23930522799491882,0.017856163904070854,0.0,0.0009054493857547641,0.0,0.1624894142150879,0.24920885264873505,0.23189449310302734,0.01465294137597084,0.0,0.14264556765556335,0.3281106948852539,0.010133855044841766,0.11578856408596039,0.03365664929151535,0.03166747838258743,0.0,0.14812827110290527,0.015263819135725498,0.011768432334065437,0.0,0.2172577679157257,0.025438984856009483,0.010627487674355507,0.0329199880361557,0.3668438494205475,0.3540290594100952,0.3214488625526428,0.039100855588912964,0.02468627505004406,0.029845470562577248,0.061600103974342346,0.02793074958026409,0.03179937228560448,0.5831063389778137,0.0,0.0,0.09247883409261703,0.0034792295191437006,0.38220399618148804,0.0,0.15229706466197968,0.3694951832294464,0.07883229851722717,0.03382077068090439,0.021653389558196068,0.03970438614487648,0.0,0.09393000602722168,0.06445387005805969,0.02033078297972679,0.2439049631357193,0.04591163247823715,0.0,0.07758732885122299,0.004832812584936619,0.038674626499414444,0.001843706821091473,0.12064150720834732,0.06600584089756012,0.008391796611249447,0.007603319827467203,0.04249049723148346,0.2212507277727127,0.002050471492111683,0.002041806001216173,0.01436623465269804,0.0,0.0,0.12221904844045639,0.016124019399285316,0.010266567580401897,0.002963398816064,0.17002904415130615,0.0,0.0,0.09121342748403549,0.03449966385960579,0.0,0.002555874874815345,0.00425889203324914,0.0,0.07090753316879272,0.0,0.03529386594891548,0.0,0.008255408145487309,0.0010413527488708496,0.006877186242491007,0.08730707317590714,0.06553442031145096,0.0,0.0,0.16660209000110626,0.0294208861887455,0.0,0.0,0.0319577120244503,0.1856735646724701,0.10236064344644547,0.027339695021510124,0.0,0.1568147838115692,0.1728253960609436,0.00025608763098716736,0.08888199180364609,0.0,0.0,0.002689469140022993,0.003279471304267645,0.02738858200609684,0.0003862708108499646,0.31076520681381226,0.10020516812801361,0.0,0.047230351716279984,0.05072649195790291,0.019215600565075874,0.005270517431199551,0.00045207535731606185,0.13290616869926453,0.006516953464597464,0.0006257577333599329,0.21448475122451782,0.3351875841617584,0.0,0.026201512664556503,0.0,0.0,0.10141988843679428,0.19157712161540985,0.0004917082260362804,0.2633172273635864,0.06242035701870918,0.026341551914811134,0.09943530708551407,0.04023275896906853,0.0,0.0614386722445488,0.0,0.013348688371479511,0.05699435994029045,0.0,0.0,0.0,0.014986323192715645,3.3718017675710144e-06,0.01942705549299717,0.19604656100273132,0.3819359540939331,0.009348491206765175,0.10211358219385147,0.10217729210853577,0.04943271353840828,0.35473811626434326,0.0,0.007017130497843027,0.2589350938796997,0.0,0.07252182066440582,0.0,0.0,0.01491541974246502,0.0,0.03792372718453407,0.007779099978506565,0.35821205377578735,0.050167787820100784,0.036359626799821854,0.0015134169952943921,0.2531590461730957,0.048486728221178055,0.2840343713760376,0.09091076254844666,0.0,0.0,0.040152423083782196,0.03890751674771309,0.007667406462132931,0.0,0.0,0.21322651207447052,0.004472866654396057,0.02624640241265297,0.021429160609841347,0.0,0.0,0.001416357816196978,0.0,0.4190480411052704,0.0,0.0,0.0,0.06606855988502502,0.0,0.0412152074277401,0.014373928308486938,0.003323475830256939,0.08994616568088531,0.0017567591276019812,0.0,0.08037295937538147,0.055636659264564514,0.4392520487308502,0.053116194903850555,0.0,0.1331569403409958,0.0,1.9752938896999694e-05,0.07478669285774231,0.14017446339130402,0.0,0.21743948757648468,0.458168089389801,0.1682596504688263,0.013803253881633282,0.0,0.0015122074401006103,0.01035577803850174,0.009542924351990223,0.014828911982476711,0.016543203964829445,0.08702173829078674,0.36310434341430664,0.0,0.008863033726811409,0.28303614258766174,0.2772394120693207,0.02603694051504135,0.0,0.0,0.04183858260512352,0.23023653030395508,0.0024275213945657015,0.3911950886249542,0.18001089990139008,0.007663640659302473,0.0,-0.9604732394218445
181,0.0,0.051973167806863785,0.04251860827207565,0.0,0.0,0.0,0.374125599861145,0.14216656982898712,0.0,0.0040811956860125065,0.09431400895118713,0.017819851636886597,0.0,0.29399585723876953,0.0,0.039432745426893234,0.03681717813014984,0.0,0.0,0.0,0.0,0.1578187495470047,0.0,0.41451725363731384,0.01986616477370262,0.0,0.0,0.48449692130088806,0.0,0.08300506323575974,0.0054086958989501,0.19898410141468048,0.0,0.3540365993976593,0.0194373968988657,0.0721130296587944,0.06405611336231232,0.13096949458122253,0.025078976526856422,0.26948991417884827,0.0,0.1324494332075119,0.09867749363183975,0.08083540201187134,0.3007005453109741,0.0016554880421608686,0.1957714557647705,0.023145906627178192,0.0,0.056970443576574326,0.05095796287059784,0.0,0.16955578327178955,0.0004183888668194413,0.0,0.045961473137140274,0.02872515842318535,0.5510819554328918,0.07492052018642426,0.01114168856292963,0.0,0.25655293464660645,0.03855755925178528,0.0,0.0,0.0,0.0,0.11635904014110565,0.029739145189523697,0.0467229038476944,0.0,0.0,0.15046115219593048,0.19532327353954315,0.0063833752647042274,0.10067253559827805,0.018646208569407463,0.14216896891593933,0.0,0.19709330797195435,0.055219605565071106,0.01228279247879982,0.0,0.17042741179466248,0.11007602512836456,0.025109078735113144,0.0036139762960374355,0.09222759306430817,0.4374137222766876,0.26507556438446045,0.03621470555663109,0.0007431092672049999,0.0431426540017128,0.10100138932466507,0.0032201786525547504,0.0,0.35634124279022217,0.0,0.0,0.04209904000163078,0.0,0.15440671145915985,0.0,0.3538205921649933,0.37624940276145935,0.03539677709341049,0.027875801548361778,0.03694229945540428,0.0,0.0,0.023932084441184998,0.06683731079101562,0.03857230395078659,0.1472746878862381,0.0,0.0,0.017448564991354942,0.013682099059224129,0.025355223566293716,0.006073353346437216,0.03446206450462341,0.009634767659008503,0.0,0.0,0.001365523785352707,0.453683078289032,0.0,0.0,0.0,0.0,0.0,0.06829015165567398,0.0,0.01485480647534132,0.02680688351392746,0.0,0.0,0.0,0.08103808015584946,0.0005295251030474901,0.0,0.0022249852772802114,0.049172986298799515,0.0,0.09714701771736145,0.019205620512366295,0.0,0.019666390493512154,0.22130335867404938,0.0,0.016542360186576843,0.08633645623922348,0.06526223570108414,0.0,0.0,0.01124546118080616,0.016609493643045425,0.0,0.002631234936416149,0.0,0.19052299857139587,0.010351099073886871,0.018687792122364044,0.0,0.1437768191099167,0.0823761597275734,0.0,0.05980518087744713,0.0,0.0,0.0,0.0,0.003995286766439676,0.0,0.0035435683093965054,0.17521341145038605,0.0,0.015063242986798286,0.06885284930467606,0.013816693797707558,0.0037424853071570396,0.0,0.20376841723918915,0.0,0.009998228400945663,0.014962038025259972,0.16113132238388062,0.0,0.0,0.0,0.0,0.043708041310310364,0.146917924284935,0.0,0.11688414216041565,0.0921238511800766,0.03623949736356735,0.20228376984596252,0.11532709747552872,0.0,0.057911910116672516,0.0,0.010865967720746994,0.00974353775382042,0.0,0.0,0.004322890192270279,0.0,0.0,0.0,0.03683800995349884,0.21097195148468018,0.0,0.143644779920578,0.05646635591983795,0.11994148790836334,0.2913605570793152,0.0,0.0,0.31385964155197144,0.0,0.0,0.0,0.0,0.059383608400821686,0.0,0.033296652138233185,0.0024948623031377792,0.12513220310211182,0.149562805891037,0.0,0.0,0.24316763877868652,0.0874001681804657,0.2258383333683014,0.14218159019947052,0.0,0.0,0.04263334721326828,0.012110619805753231,0.0,0.020973414182662964,0.0,0.3544909954071045,0.002842002548277378,0.017507443204522133,0.07326656579971313,0.0,0.0,0.0,0.0,0.30254319310188293,0.0,0.0,0.0,0.05001820623874664,0.0,0.0428989976644516,0.022103480994701385,0.0,0.09038493037223816,0.001189625822007656,0.0,0.09171472489833832,0.0028025973588228226,0.4413549304008484,0.06589047610759735,0.019589312374591827,0.14487068355083466,0.0,0.0,0.06787454336881638,0.04462876170873642,0.0,0.22305046021938324,0.31650078296661377,0.24462813138961792,0.0,0.0,0.0,0.002750006504356861,0.012781224213540554,0.022631794214248657,0.06413773447275162,0.0022484525106847286,0.23865260183811188,0.0,0.008802637457847595,0.44734811782836914,0.2614743411540985,0.02725202776491642,0.0,0.0,0.0,0.30494624376296997,0.0,0.42476630210876465,0.09705168753862381,0.025927359238266945,0.0035884156823158264,0.19570933282375336,0.059403784573078156,0.09875468164682388,0.0,0.0,0.0,0.4435644745826721,0.050585757941007614,0.0032992407213896513,0.1808840036392212,0.08500783890485764,0.0,0.0,0.347015917301178,0.06048382446169853,0.0,0.003797736717388034,0.0062376707792282104,0.002774342894554138,0.0,0.030930092558264732,0.019509414210915565,0.0,0.38151785731315613,0.24807392060756683,0.012383028864860535,0.0,0.5586555600166321,0.05675426870584488,0.02692594565451145,0.02472066693007946,0.3740661144256592,0.0,0.08103764802217484,0.07609110325574875,0.013236462138593197,0.0,0.23645912110805511,0.20060446858406067,0.08601973205804825,0.47328421473503113,0.1018160730600357,0.1468380242586136,0.0,0.19662600755691528,0.05014047026634216,0.5234405994415283,0.023186488077044487,0.0,0.19995461404323578,0.02736460044980049,0.0,0.6069731116294861,0.0021091524977236986,0.010848542675375938,0.019559351727366447,0.14209310710430145,0.9548977017402649,0.2453586906194687,0.08599663525819778,0.0,0.0283262487500906,0.20349879562854767,0.0,0.0,0.0,0.0,0.4257054328918457,0.32887861132621765,0.10966923087835312,0.019703075289726257,0.0,0.30702003836631775,0.6298726201057434,0.017232343554496765,0.04655542969703674,0.4315590560436249,0.007648703642189503,0.0,0.0026165032759308815,0.143973708152771,0.0,0.023836523294448853,0.2596000134944916,0.3299811780452728,0.0,0.0035698898136615753,0.3405637741088867,0.5522429347038269,0.16262970864772797,0.17295248806476593,0.2722654342651367,0.03800831735134125,0.1856795996427536,0.0,0.29572588205337524,0.45572859048843384,0.0,0.0,0.0,0.1777729094028473,0.16005586087703705,0.0,0.37142425775527954,0.18085609376430511,0.0859690010547638,0.027004122734069824,0.2791104316711426,0.08355280011892319,0.0,0.12663118541240692,0.04444574937224388,0.0974520668387413,0.3585330843925476,0.387796550989151,0.0,0.05805058404803276,0.3745283782482147,0.013318374752998352,0.041135288774967194,0.11730611324310303,0.35401037335395813,0.11104805767536163,0.005135142710059881,0.029456814751029015,0.0015542760957032442,0.0,0.14456142485141754,0.1874821037054062,0.0,0.026700450107455254,0.01603025570511818,0.09728803485631943,0.013664654456079006,0.03205837681889534,0.30323490500450134,0.018390847370028496,0.0,0.1887078732252121,0.009692761115729809,0.0,7.253848161781207e-05,0.0,0.0,0.09178090840578079,0.0,0.2978983223438263,0.0007001787307672203,0.00020889044390060008,0.0,0.0,0.0660746842622757,0.005695007275789976,0.0,0.0030260279309004545,0.5653396248817444,0.18174438178539276,0.0,0.0,0.028660276904702187,0.1852758377790451,0.04150558263063431,0.17430531978607178,0.0,0.001050350139848888,0.11131300032138824,0.0,0.005815564189106226,0.023391231894493103,0.0,0.04073554649949074,0.016630031168460846,0.017903132364153862,0.0,0.6281755566596985,0.20632866024971008,0.01639345847070217,0.0,0.021922362968325615,0.0,0.004108688328415155,0.008390444330871105,0.09619550406932831,0.012040520086884499,0.0,0.26310044527053833,0.38592591881752014,0.005492758937180042,0.07412372529506683,0.0,0.0,0.24511151015758514,0.21083298325538635,0.0,0.07431165874004364,0.28683724999427795,0.0,0.2891610562801361,0.32681891322135925,0.03845591098070145,0.32481834292411804,0.0,0.019802803173661232,0.1670953780412674,0.0,0.0,0.0,0.5526261329650879,0.23687021434307098,0.1236967071890831,0.11519359797239304,0.4091181755065918,0.002393718808889389,0.06446398049592972,0.13278882205486298,0.05861510708928108,0.32868799567222595,0.0,0.013744289986789227,0.13523589074611664,0.0,0.2723377048969269,0.30558881163597107,0.030643869191408157,0.08049304038286209,0.0,0.5931611657142639,0.2046259641647339,0.30586203932762146,0.0629817396402359,0.23170824348926544,0.14727042615413666,0.39975520968437195,0.0701056495308876,0.07156992703676224,0.04417196288704872,0.019525278359651566,0.0,0.0,0.003074370324611664,0.08448197692632675,0.0,0.04069434851408005,0.1745278388261795,0.1720898151397705,0.11481466144323349,0.01402890682220459,0.0,0.0,0.0,0.0,0.4950112998485565,0.0,0.0,0.04139556363224983,0.1994820535182953,0.0,0.0,0.011654219590127468,0.07247153669595718,0.0,0.0,0.10194722563028336,0.08081400394439697,0.07322097569704056,0.4968244135379791,0.014967245049774647,0.07690443098545074,0.021376488730311394,0.0,0.007790619973093271,0.13743191957473755,0.04276145622134209,0.0,0.46058961749076843,0.21981501579284668,0.2776482105255127,0.007997588254511356,0.05537254735827446,0.0,0.19990423321723938,0.0314214862883091,0.0,0.32770809531211853,0.1109253540635109,0.3658609390258789,0.0,0.028518198058009148,0.2284862995147705,0.11514153331518173,0.06275138258934021,0.0,0.0,0.3989213705062866,0.2342393696308136,0.0,0.23919346928596497,0.5035282969474792,0.25828543305397034,0.03611297905445099,0.3009817898273468,0.04222768917679787,0.03049987182021141,0.007463752292096615,0.0,0.0,0.6153597235679626,0.040829721838235855,0.012534534558653831,0.1384856253862381,0.07334014028310776,0.009198197163641453,0.0,0.4663771390914917,0.0,0.0,0.08695120364427567,0.0016142699168995023,0.04922441765666008,0.0012177404714748263,0.0,0.036881718784570694,0.029614361003041267,0.09503252804279327,0.20519621670246124,0.0016907878452911973,0.0,0.5549102425575256,0.031647372990846634,0.04126209393143654,0.027709592133760452,0.43920400738716125,0.0,0.08699240535497665,0.14833590388298035,0.060954499989748,0.0,0.08926254510879517,0.07003917545080185,0.17856720089912415,0.4541477560997009,0.18899288773536682,0.1893198937177658,0.06321083009243011,0.18638071417808533,0.07518650591373444,0.6315021514892578,0.0,0.0,0.051878396421670914,0.005598071962594986,0.0,0.5845123529434204,0.0008469671010971069,0.0,0.0,0.2495991736650467,1.1545379161834717,0.41572749614715576,0.17744801938533783,0.0,0.08965720981359482,0.4892568588256836,0.0,0.0,0.04045596346259117,0.0,0.17178815603256226,0.4979967772960663,0.4103645384311676,0.016850238665938377,0.0,0.24090830981731415,0.5882506966590881,0.09093931317329407,0.05336938053369522,0.14368900656700134,0.0,0.006576533894985914,0.15341055393218994,0.049779292196035385,0.0,0.04290005937218666,0.21601378917694092,0.11099950224161148,0.02318493463099003,0.0,0.5939229130744934,0.3984872102737427,0.2884204685688019,0.10081280767917633,0.15485693514347076,0.10762550681829453,0.018270360305905342,0.015284552238881588,0.23448067903518677,0.8049622774124146,0.0,0.021154846996068954,0.04134674742817879,0.13925141096115112,0.5685358643531799,0.0,0.15361876785755157,0.29402387142181396,0.24067983031272888,0.05687989667057991,0.15992915630340576,0.090146504342556,0.0,0.053045764565467834,0.09042533487081528,0.040549036115407944,0.31272387504577637,0.2907939553260803,0.0,0.17609383165836334,0.10894481092691422,0.005013936664909124,0.008765232749283314,0.05340644717216492,0.2972109317779541,0.03601565584540367,0.0,0.008518239483237267,0.015401742421090603,0.014516482129693031,0.02043997496366501,0.05314158648252487,0.0,0.013994509354233742,0.042691510170698166,0.12925413250923157,0.041865937411785126,0.01695173978805542,0.42035120725631714,0.010751234367489815,0.0,0.30682799220085144,0.06163019314408302,0.0,0.0,0.0,0.005749679636210203,0.022728152573108673,0.018525229766964912,0.27967703342437744,0.0016741328872740269,0.07111750543117523,0.0,0.0,0.061026208102703094,0.027256391942501068,0.0,0.0,0.3464913070201874,0.08677133917808533,0.0,0.010706556029617786,0.046528156846761703,0.09164466708898544,0.16618353128433228,0.11528269946575165,0.00240065879188478,0.1356024593114853,0.24221597611904144,0.0,0.046395573765039444,0.001216255477629602,0.0,0.011661062948405743,0.014890704303979874,0.04344920068979263,0.011734619736671448,0.8265517950057983,0.06270766258239746,0.0,0.012846670113503933,0.05089882016181946,0.001452968455851078,0.0,0.0,0.056290704756975174,0.026439841836690903,0.0067924149334430695,0.3476535975933075,0.64847332239151,0.01738281548023224,0.08904819190502167,0.0,0.0,0.0658574178814888,0.3596608340740204,0.006109391339123249,0.2966770529747009,0.07769957184791565,0.13740302622318268,0.06772243976593018,0.1274947226047516,0.041800107806921005,0.05371544137597084,0.0,0.09992947429418564,0.238599494099617,0.0,0.0,0.007740305736660957,0.14377571642398834,0.09954311698675156,0.1570579707622528,0.24758967757225037,0.6186143755912781,0.004955579061061144,0.05863829702138901,0.06994494050741196,0.05558185279369354,0.4346431493759155,0.0008875947096385062,0.014538772404193878,0.09049386531114578,0.0,0.27699044346809387,0.0968606024980545,0.05667548254132271,0.1174769401550293,0.0,0.36578598618507385,0.06473676860332489,0.5641785860061646,0.05345652997493744,0.23690403997898102,0.09693964570760727,0.17213785648345947,0.024305125698447227,0.15750931203365326,0.11076373606920242,0.023685764521360397,0.0,0.002432244597002864,0.01602419652044773,0.07928965240716934,0.0,0.01874208077788353,0.0435916967689991,0.10410312563180923,0.10723859816789627,0.036324746906757355,0.0,0.0,0.00499698193743825,0.0,0.6297799348831177,0.0,0.0,0.04858642816543579,0.07642223685979843,0.0,0.02476467192173004,0.08044517785310745,0.01610375940799713,0.0028596315532922745,0.0,0.011840659193694592,0.05699290707707405,0.14797751605510712,0.42205867171287537,0.021529855206608772,0.04062240943312645,0.12335926294326782,0.0,0.0038441999349743128,0.15964451432228088,0.05617775768041611,0.0,0.16104848682880402,0.5512928366661072,0.23477432131767273,0.039350610226392746,0.04276638105511665,0.0,0.06721075624227524,0.09404552727937698,0.008324223570525646,0.11385998129844666,0.26233887672424316,0.4791329801082611,0.0,0.02205781079828739,0.12806415557861328,0.18374401330947876,0.07347968220710754,0.0,0.03264934569597244,0.2485409677028656,0.09380335360765457,0.014098966494202614,0.2950686514377594,0.4389735460281372,0.04469277709722519,0.0,0.23937904834747314
182,0.2938356101512909,0.1227269396185875,0.21596424281597137,0.0,0.0,0.0,0.8851597905158997,0.0,0.014155596494674683,0.29749301075935364,0.0,0.0,0.0,0.5164159536361694,0.0,0.1590624749660492,0.05402419716119766,0.0,0.0,0.0,0.0,0.0,0.02507593110203743,0.013667652383446693,0.12309308350086212,0.013499096035957336,0.0,0.6662677526473999,0.06754399836063385,0.031231900677084923,0.11768078804016113,0.4254717528820038,0.0,0.03803813457489014,0.1541692465543747,0.07068108767271042,0.0,0.4906601011753082,0.024001389741897583,0.003120020730420947,0.6144158244132996,0.2729329466819763,0.1081928163766861,0.0986732766032219,0.14002002775669098,0.582213819026947,0.7020936012268066,0.021339422091841698,0.0,0.10111027956008911,0.21760264039039612,0.0,0.14757880568504333,0.012181910686194897,0.12230134010314941,0.0,0.6754289865493774,1.4218438863754272,0.5517569780349731,0.12864099442958832,0.0,0.0,0.4388497471809387,0.0,0.0,0.09830973297357559,0.0,0.0,0.5003424882888794,0.2847082018852234,0.37648364901542664,0.0,0.5531821250915527,0.4171430766582489,0.34860584139823914,0.005943004973232746,0.10013393312692642,0.01866343431174755,0.0,0.16061554849147797,0.015843508765101433,0.006443396210670471,0.0,0.24304428696632385,0.0,0.01705504208803177,0.0021788552403450012,0.4974845051765442,0.23435811698436737,0.39047518372535706,0.2989770770072937,0.0,0.009717526845633984,0.11683100461959839,0.0,0.2648296356201172,0.7960958480834961,0.0,0.03135275840759277,0.0,0.002349013229832053,0.3745461404323578,0.007155656814575195,0.017414016649127007,0.5647628903388977,0.4909447729587555,0.194431871175766,0.041392844170331955,0.19712769985198975,0.0,0.0,0.097533218562603,0.2763754427433014,0.4713403284549713,0.6726646423339844,0.0,0.08940394967794418,0.01664816588163376,0.20440581440925598,0.0669822096824646,0.0,0.45186424255371094,0.20070810616016388,0.008493750356137753,0.0,0.0,0.0,0.37949487566947937,0.0,0.012012056075036526,0.0,0.0018989489180967212,0.42397117614746094,0.047498323023319244,0.14499206840991974,0.589181125164032,0.0,0.0,0.383912056684494,0.07331107556819916,0.0,0.0,0.12655089795589447,0.0,0.1404617875814438,0.0,0.4588763415813446,0.00011086017184425145,0.0,0.0,0.005170671734958887,0.42232438921928406,0.07572504132986069,0.0,0.0,0.8337776064872742,0.06230107694864273,0.0,0.017378468066453934,0.07304259389638901,0.5681642293930054,0.27872273325920105,0.19383186101913452,0.0,0.1833799183368683,0.24070215225219727,0.0,0.38362130522727966,0.0,0.0,0.010671925731003284,0.0,0.0025681511033326387,0.021292610093951225,0.9132615923881531,0.0,0.03488936647772789,0.45757928490638733,0.0,0.04474512115120888,0.0,0.0,0.17076340317726135,0.1348239928483963,0.0,0.4834468364715576,0.7130151391029358,0.013132288120687008,0.6338921189308167,0.0,0.0,0.0,0.1818908303976059,0.04078112915158272,0.31988975405693054,0.19884398579597473,0.044817663729190826,0.2733651101589203,0.0,0.34894347190856934,0.17884722352027893,0.0,0.07489974796772003,0.41684308648109436,0.0,0.014821243472397327,0.0,0.0,0.0,0.16897475719451904,0.10141202062368393,0.636853814125061,0.031764086335897446,0.528606116771698,0.0,0.23201170563697815,0.806786835193634,0.0,0.19322644174098969,0.1522952765226364,0.0,0.45927801728248596,0.0,0.08787636458873749,0.029848609119653702,0.0017822101945057511,0.43623819947242737,0.0,0.8252312541007996,0.0,0.25155845284461975,0.03476683050394058,0.4145831763744354,0.17981845140457153,0.03060896508395672,0.3296317756175995,0.4372631013393402,0.0,0.06352093815803528,0.030109314247965813,0.21644531190395355,0.0,0.0021792296320199966,0.2672531008720398,0.0,0.01586179807782173,0.01430684793740511,0.0,0.0,0.0,0.0,0.29194536805152893,0.0,0.0,0.01564343273639679,0.7194657921791077,0.014765891246497631,0.11697208136320114,0.04678322374820709,0.13261258602142334,0.13425710797309875,0.0,0.0008579731220379472,0.3556729853153229,0.534029483795166,0.0,0.27212604880332947,0.0,0.3537173271179199,0.0,0.05130459740757942,0.33310362696647644,0.0,0.0,0.7029582858085632,1.0354692935943604,0.36634016036987305,0.38936927914619446,0.0,0.0,0.0,0.0898631289601326,0.07136956602334976,0.02328616939485073,0.3065605163574219,0.668428897857666,0.0,0.0855339989066124,0.05334167554974556,0.18058405816555023,0.08044854551553726,0.0,0.061173804104328156,0.0,0.007732123136520386,0.12285417318344116,0.5892371535301208,0.06804404407739639,0.050128210335969925,0.0847257524728775,0.21835029125213623,0.09956363588571548,0.0384676419198513,0.0,0.0,0.0,0.33715906739234924,0.059216730296611786,0.017512908205389977,0.10980261117219925,0.16082477569580078,0.01777663640677929,0.0,0.3836466372013092,0.12852606177330017,0.03636793792247772,0.003232085146009922,0.12849530577659607,0.05346963554620743,0.0,0.0,0.069413922727108,0.0,0.35476428270339966,0.1238357201218605,0.0,0.0,0.4117734730243683,0.008149519562721252,0.0788789689540863,0.011916269548237324,0.2901255190372467,0.0,0.11965332925319672,0.06384796649217606,0.0,0.02397857792675495,0.07796783000230789,0.16823506355285645,0.30082112550735474,0.31584417819976807,0.025825588032603264,0.2164282351732254,0.0,0.13068516552448273,0.00971502810716629,0.38206276297569275,0.0,0.0,0.08807948976755142,0.004578184336423874,0.0,0.6208317875862122,0.0,0.0,0.04199458658695221,0.056427001953125,0.831071138381958,0.2238951325416565,0.015422130934894085,0.0,0.014288024976849556,0.2882229685783386,0.02136329375207424,0.0,0.0,0.0,0.43381014466285706,0.25862282514572144,0.23496325314044952,0.0,0.0,0.1886502057313919,0.6162446737289429,0.005101572256535292,0.03335614874958992,0.1996307373046875,0.0,0.0,0.10210008919239044,0.08806134015321732,0.0,0.05096672102808952,0.1850556880235672,0.22314368188381195,0.05548402667045593,0.0,0.28929752111434937,0.5009729862213135,0.1775590479373932,0.050680745393037796,0.2913142740726471,0.04844851791858673,0.0018681545043364167,0.0,0.0997905507683754,0.45754119753837585,0.0,0.005124810617417097,0.0,0.33765891194343567,0.376232773065567,0.0,0.34927040338516235,0.14936096966266632,0.11458471417427063,0.01480936724692583,0.29317182302474976,0.043854571878910065,0.0,0.22141888737678528,0.07179924100637436,0.003668945748358965,0.27881771326065063,0.1159224659204483,0.0,0.14790619909763336,0.1909882128238678,0.0,0.03681175038218498,0.13377045094966888,0.21930237114429474,0.03923065960407257,0.0,0.030716413632035255,0.02998698502779007,0.0,0.0,0.08356926590204239,0.0,0.0,0.019129090011119843,0.03239317238330841,0.04197065532207489,0.030865494161844254,0.20867177844047546,0.02217513881623745,0.0,0.2090674191713333,0.01112489216029644,0.0,0.0,0.0,0.0,0.05412377789616585,0.030864153057336807,0.08997751027345657,0.0,0.09197860956192017,0.0,0.0,0.02017062157392502,0.012506883591413498,0.0,0.0,0.23073549568653107,0.10862500220537186,0.0,0.00206971843726933,0.007474579848349094,0.032855074852705,0.03927597030997276,0.098565973341465,0.007039519492536783,0.02979707159101963,0.1598106175661087,0.0,0.0009322464466094971,0.04337522014975548,0.0,0.020565215498209,0.030141571536660194,0.015149067156016827,0.0,0.42462122440338135,0.11056826263666153,0.0,0.004417091608047485,0.1672649085521698,0.014094929210841656,0.020460372790694237,0.0,0.09520450234413147,0.019090697169303894,0.018131818622350693,0.08537910133600235,0.33934974670410156,0.0,0.007491643074899912,0.0,0.0,0.21473699808120728,0.2838228940963745,0.0,0.17169983685016632,0.10780840367078781,0.06925055384635925,0.11594205349683762,0.2920725643634796,0.0,0.08347893506288528,0.0,0.007006207946687937,0.08526883274316788,0.0,0.0,0.011678793467581272,0.4321897625923157,0.15045049786567688,0.05091669782996178,0.17775842547416687,0.3649847209453583,0.0,0.0,0.17671771347522736,0.05798174440860748,0.1837529093027115,0.0,0.0,0.039646923542022705,0.01092261541634798,0.13594114780426025,0.24311572313308716,0.0,0.12158858776092529,0.0,0.18785491585731506,0.12915457785129547,0.2688094675540924,0.14075809717178345,0.15526142716407776,0.11138749122619629,0.2222631275653839,0.03258925676345825,0.0995333343744278,0.0,0.0,0.0,0.013973714783787727,0.007578507997095585,0.014912145212292671,0.0,0.009360040538012981,0.02927371859550476,0.1400759220123291,0.09455231577157974,0.07158461213111877,0.004744863603264093,0.0,0.004389640409499407,0.0,0.628820538520813,0.0,0.0,0.041817788034677505,0.0,0.0,0.025136031210422516,0.0007106636767275631,0.007327877916395664,0.0007253653602674603,0.02064277045428753,0.054262880235910416,0.04930511489510536,0.014769461937248707,0.5688287615776062,0.01482363510876894,0.10211290419101715,0.05475768819451332,0.0,0.0,0.08510737121105194,0.15327347815036774,0.0,0.14846393465995789,0.20990662276744843,0.14237435162067413,0.0,0.05367618054151535,0.0,0.08919505774974823,0.040981028228998184,0.004135313909500837,0.25530707836151123,0.023365825414657593,0.24330070614814758,0.0,0.0,0.3008722960948944,0.03640312701463699,0.025701338425278664,0.0,0.0,0.3529437780380249,0.19727672636508942,0.0,0.18650159239768982,0.5692127346992493,0.1097656786441803,0.0,0.38451969623565674,0.12648138403892517,0.11322765797376633,0.0009082920150831342,0.0,0.0,0.6919065117835999,0.03380686044692993,0.0034038040321320295,0.23851652443408966,0.0009396754903718829,0.00300958170555532,0.0,0.5409040451049805,0.0,0.13205118477344513,0.06210433319211006,0.0,0.0,0.011467767879366875,0.0,0.051898293197155,0.02755424752831459,0.03494955599308014,0.13553233444690704,0.0021179404575377703,0.0,0.623974621295929,0.04903014749288559,0.011415562592446804,0.04217161610722542,0.4627562165260315,0.0,0.08589232712984085,0.11959420144557953,0.07763491570949554,0.0,0.24443380534648895,0.04449387639760971,0.13205482065677643,0.553264856338501,0.3023068904876709,0.11748722940683365,0.0876365378499031,0.1776294708251953,0.367864727973938,0.7475703358650208,0.0012396433157846332,0.0,0.02629179134964943,0.11586034297943115,0.00658637098968029,0.4088284373283386,0.0,0.04205472022294998,0.0,0.41026511788368225,1.3578335046768188,0.511559784412384,0.21422956883907318,0.0,0.10044588148593903,0.5631102919578552,0.0,0.0,0.055179350078105927,0.0,0.011127571575343609,0.5293693542480469,0.4110073149204254,0.19664116203784943,0.0,0.3915274739265442,0.5807330012321472,0.15335442125797272,0.06256616860628128,0.08877483755350113,0.0,0.0,0.13515742123126984,0.029623879119753838,0.0,0.008893131278455257,0.2542073726654053,0.0,0.017964033409953117,0.0,0.6326149702072144,0.20417308807373047,0.3189742863178253,0.13518854975700378,0.00922775361686945,0.0077776676043868065,0.059837035834789276,0.024384770542383194,0.2500607371330261,0.8723227381706238,0.0,0.031047655269503593,0.04681576415896416,0.0483124777674675,0.46936553716659546,0.0,0.009316678158938885,0.44252264499664307,0.36553865671157837,0.12541645765304565,0.0817170962691307,0.16975951194763184,0.0,0.0,0.05214374512434006,0.09032484143972397,0.4405369460582733,0.5015034079551697,0.0,0.15022505819797516,0.023715581744909286,0.0698249489068985,0.05171122029423714,0.018974777311086655,0.3943590223789215,0.16349510848522186,0.0,0.0,0.01548271905630827,0.0023180958814918995,0.1611984521150589,0.0,0.00027202069759368896,0.0,0.055019501596689224,0.24665085971355438,0.0431927926838398,0.09831734001636505,0.5879369974136353,0.0,0.0,0.3730319142341614,0.11008320748806,0.0,0.0,0.010725738480687141,0.0,0.028848780319094658,0.0,0.3812294900417328,0.0,0.0,0.0,0.0,0.19081957638263702,0.023428065702319145,0.0,0.0,0.5872824192047119,0.0495358370244503,0.0,0.010039725340902805,0.07059914618730545,0.2762400805950165,0.2438342571258545,0.09783482551574707,0.0035355351865291595,0.23808132112026215,0.2583615481853485,0.0,0.19140423834323883,0.0,0.0,0.01181790791451931,0.015814444050192833,0.002931703347712755,0.0051980940625071526,0.9475741982460022,0.0,0.011594126932322979,0.1788785755634308,0.009914065711200237,0.025170670822262764,0.0,0.0015960801392793655,0.08081389963626862,0.04916679859161377,0.0,0.48863422870635986,0.6898961663246155,0.012480811215937138,0.32340019941329956,0.0,0.0,0.014616668224334717,0.2719539999961853,0.030854595825076103,0.3828844726085663,0.11692135781049728,0.026215851306915283,0.12300017476081848,0.0,0.07285049557685852,0.10353180021047592,0.0,0.09614084661006927,0.298699289560318,0.0,0.006209636572748423,0.0,0.029491258785128593,0.0,0.08830174058675766,0.27985674142837524,0.6697306036949158,0.020362120121717453,0.23509764671325684,0.007369826082140207,0.11495079100131989,0.6280995607376099,0.007092133164405823,0.09252077341079712,0.07641301304101944,0.014388753101229668,0.34899792075157166,0.007218471262603998,0.062221843749284744,0.04109165444970131,0.013190100900828838,0.39016398787498474,0.0,0.7515690326690674,0.0,0.20313788950443268,0.08933528512716293,0.2636319696903229,0.061585962772369385,0.1847056895494461,0.2044198364019394,0.09886594861745834,0.0,0.016717318445444107,0.022028977051377296,0.09748784452676773,0.0,0.012584645301103592,0.05300431698560715,0.0,0.020618921145796776,0.0004511972365435213,0.0,0.0,0.006442585028707981,0.0,0.5203902721405029,0.0,0.0,0.01887035369873047,0.3211180567741394,0.0,0.0660923570394516,0.07269199937582016,0.07439319044351578,0.0769241452217102,0.0,0.0006667926209047437,0.1735876351594925,0.25465473532676697,0.2127280831336975,0.1556367129087448,0.0,0.23480616509914398,0.0,0.05571788549423218,0.27976372838020325,0.06085797771811485,0.0,0.4180220663547516,0.817122757434845,0.21867486834526062,0.1678534746170044,0.0011456406209617853,0.0,0.00010472039139131084,0.06304094940423965,0.019336214289069176,0.030581677332520485,0.3133160173892975,0.5958532691001892,0.0,0.04708311706781387,0.0928969606757164,0.24407625198364258,0.0505470372736454,0.0,0.05279817059636116,0.04859306290745735,0.029025038704276085,0.06429563462734222,0.37040582299232483,0.28187355399131775,0.035582028329372406,0.05812898650765419,-1.3416475057601929
183,0.06082551181316376,0.1308518648147583,0.0278447438031435,0.0,0.0,0.0,0.4306882619857788,0.09225840121507645,0.0,0.009537520818412304,0.0771225094795227,0.006499812938272953,0.0,0.2563668191432953,0.0,0.08856651186943054,0.01899569481611252,0.005777932237833738,0.0,0.0,0.0,0.05432683974504471,0.0,0.4092021882534027,0.027059273794293404,0.0,0.0,0.47542867064476013,0.0026083060074597597,0.04668053984642029,0.0939190536737442,0.28113824129104614,0.0,0.27138417959213257,0.06875140964984894,0.03562169149518013,0.005385398864746094,0.17791712284088135,0.07117041945457458,0.09201987832784653,0.029485762119293213,0.09342250972986221,0.07525946199893951,0.05234663188457489,0.20897869765758514,0.08774768561124802,0.14736419916152954,0.030157502740621567,0.0,0.06699616461992264,0.10360207408666611,0.0,0.2339373528957367,0.0029582870192825794,0.03664713352918625,0.0,0.1901702880859375,0.5895224809646606,0.1447526514530182,0.03223007917404175,0.0,0.08724629878997803,0.0749724879860878,0.0,0.0,0.0019473874708637595,0.0,0.051872823387384415,0.11539485305547714,0.09773007780313492,0.015226508490741253,0.0,0.11235757917165756,0.12036027759313583,0.025422686710953712,0.04555847495794296,0.046272944658994675,0.09239701926708221,0.0,0.062182433903217316,0.031256455928087234,0.03887183219194412,0.0,0.14302249252796173,0.1256788671016693,0.0,0.04145298898220062,0.23229879140853882,0.4087119698524475,0.3445962369441986,0.03508120775222778,0.0,0.032315392047166824,0.08955342322587967,0.0025178424548357725,0.031725797802209854,0.4543115198612213,0.0,0.002052810275927186,0.001868265331722796,0.0039892904460430145,0.3038921058177948,0.0,0.42912396788597107,0.2709784507751465,0.14546893537044525,0.030701259151101112,0.0630008652806282,0.006613817065954208,0.0,0.0,0.039203714579343796,0.04068760946393013,0.23148177564144135,0.05917742848396301,0.0,0.0351959653198719,0.054920148104429245,0.07017724215984344,0.013459201902151108,0.0,0.06282036751508713,0.0013856816804036498,7.076832844177261e-05,0.0,0.30921047925949097,0.0,0.0,0.005227559246122837,0.026872044429183006,0.0,0.19608493149280548,0.0163350198417902,0.009538648650050163,0.0028195702470839024,0.06001489982008934,0.0,0.0,0.01754022017121315,6.956539436941966e-05,0.0,0.004476848058402538,0.0136537691578269,0.0,0.1728779822587967,2.50651082751574e-05,0.02867925725877285,0.0025897969026118517,0.03313300386071205,6.947598740225658e-05,0.040674787014722824,0.1552494764328003,0.07808460295200348,0.0,0.0,0.3040332496166229,0.03575501590967178,0.0,0.027436653152108192,0.028215846046805382,0.25390222668647766,0.09967430680990219,0.01412387378513813,0.0,0.014764287509024143,0.08839516341686249,0.0,0.07135935127735138,0.0,0.0,0.0,0.0,0.0063782925717532635,0.022452494129538536,0.13348641991615295,0.21371805667877197,0.021919284015893936,0.058620236814022064,0.005385638680309057,0.014757472090423107,0.00039129095966927707,0.004145471379160881,0.21196413040161133,0.0,0.0034512660931795835,0.11813545227050781,0.19384726881980896,0.0,0.038752175867557526,0.0,0.0,0.027115903794765472,0.0829756036400795,0.003553964663296938,0.17254602909088135,0.21017660200595856,0.022508079186081886,0.23875783383846283,0.040648575872182846,0.03331770375370979,0.11624476313591003,0.0,0.024599140509963036,0.04928724095225334,0.0,0.0,0.0,0.025443432852625847,0.01134742796421051,0.07346375286579132,0.03909764066338539,0.2746853828430176,0.0160532109439373,0.1590433120727539,0.002651978749781847,0.03716990351676941,0.3014051020145416,0.0,0.011116962879896164,0.2576583921909332,0.0,0.046479325741529465,0.0,0.0007771335076540709,0.009897897019982338,0.0019283152651041746,0.12332411855459213,0.005470143165439367,0.26795023679733276,0.03536948561668396,0.0039205532521009445,0.0,0.36142659187316895,0.060759980231523514,0.05136416479945183,0.07662983238697052,0.030665216967463493,0.0,0.030888423323631287,0.06866513937711716,0.0505264475941658,0.0,0.0,0.33362284302711487,0.0,0.06179492175579071,0.05002208426594734,0.0,0.0,0.0,0.0,0.2602007985115051,0.0,0.0,0.018851077184081078,0.10929762572050095,0.0,0.04688243567943573,0.05777110531926155,0.013247519731521606,0.13041895627975464,0.0,0.0,0.09419292956590652,0.12953051924705505,0.2679122984409332,0.05230896919965744,0.010518847964704037,0.08353870362043381,0.00923728384077549,0.006383512634783983,0.05621667578816414,0.0002845065318979323,0.0,0.3794073164463043,0.31433725357055664,0.1703210175037384,0.020697694271802902,0.0,0.0,0.0,0.0005331588326953351,0.019801760092377663,0.07746429741382599,0.03451462835073471,0.3375169634819031,0.00017051737813744694,0.05469174310564995,0.2561626434326172,0.08890366554260254,0.017309509217739105,0.0,0.0,0.0,0.2828369140625,0.0,0.41652727127075195,0.09194625914096832,0.039144907146692276,0.020381590351462364,0.0061040217988193035,0.06880408525466919,0.03536578640341759,0.0,0.0,0.0,0.38780492544174194,0.1197165697813034,0.0,0.037508003413677216,0.0989476814866066,0.038345493376255035,0.0,0.3549444079399109,0.0,0.010442896746098995,0.03110593929886818,0.0,0.017921235412359238,0.0,0.0,0.12734220921993256,0.0,0.26567530632019043,0.060257814824581146,0.004238154739141464,0.0,0.43624138832092285,0.0,0.05555219575762749,0.0,0.25408488512039185,0.0,0.3310168981552124,0.014484088867902756,0.04183720052242279,0.11549732089042664,0.08893012255430222,0.0008634947007521987,0.2331138700246811,0.012251738458871841,0.1367436945438385,0.10559754818677902,0.05391998589038849,0.21893440186977386,0.0023542249109596014,0.28774502873420715,0.0,0.0,0.0390886627137661,0.0347495898604393,0.0,0.2516728341579437,0.0,0.0,0.03227931261062622,0.027715671807527542,0.6574223637580872,0.09216894954442978,0.022818010300397873,0.0,0.30619174242019653,0.1149662509560585,0.0,0.0,0.0006019067368470132,0.0,0.13910387456417084,0.0604010745882988,0.13013148307800293,0.0,0.0,0.19044454395771027,0.2438884675502777,0.011499328538775444,0.09304179251194,0.015279917046427727,0.02995450235903263,0.0,0.2654597759246826,0.061622001230716705,0.0,0.0,0.24329522252082825,0.03231249377131462,0.067192941904068,0.0047441525384783745,0.1709526926279068,0.43928128480911255,0.21904276311397552,0.036556318402290344,0.01682674139738083,0.06547475606203079,0.02170504629611969,0.00616228673607111,0.0,0.3912597596645355,0.0,0.0,0.0,0.0,0.155173659324646,0.0,0.19655488431453705,0.29826802015304565,0.03490891680121422,0.020281072705984116,0.06284711509943008,0.0,0.0,0.02441662922501564,0.10121722519397736,0.025487303733825684,0.1208670511841774,0.0,0.0,0.054783064872026443,0.016851600259542465,0.005510414019227028,0.0,0.0019397186115384102,0.02654799446463585,0.0,0.014069408178329468,0.0,0.3297421932220459,0.0,0.0,0.0,0.0,0.0,0.07833869755268097,0.0,0.04074191302061081,0.0015957769937813282,0.005140172317624092,0.0,0.0,0.21260638535022736,0.025064630433917046,0.0,0.0005513011710718274,0.0,0.0,0.011334110051393509,0.0,0.002112343907356262,0.02691890113055706,0.26221030950546265,0.0,0.01916671358048916,0.000654387753456831,0.011511769145727158,0.0,0.0,0.017419010400772095,0.025748280808329582,0.010655480436980724,0.015295667573809624,0.0,0.0,0.021305276080965996,0.07994918525218964,0.0,0.1852964460849762,0.11069299280643463,0.0,0.011153636500239372,0.009267576038837433,0.0,0.0,0.0,0.018165409564971924,0.0,0.05316299945116043,0.0407886765897274,0.0,0.0024412870407104492,0.07059203088283539,0.07790489494800568,0.0,0.0,0.08876419067382812,0.0,0.017266735434532166,0.05404057726264,0.2415611296892166,0.0,0.0016466537490487099,0.0,0.0,0.041088443249464035,0.25360390543937683,0.0,0.12383871525526047,0.011304434388875961,0.1350174844264984,0.07054778933525085,0.1372537910938263,0.0,0.024835286661982536,0.0,0.03753321245312691,0.025175828486680984,0.0,0.0,0.017825089395046234,0.0,0.0,0.014215787872672081,0.08739546686410904,0.2943885326385498,0.0,0.11430039256811142,0.021238163113594055,0.10470309108495712,0.339995801448822,0.0,0.0,0.1982286423444748,0.0,0.01071952749043703,0.0,0.0,0.09740602970123291,0.0,0.011751427315175533,0.0,0.15634271502494812,0.08540341258049011,0.0,0.0,0.14748695492744446,0.09395583719015121,0.25663721561431885,0.07406147569417953,0.0,0.0,0.020387625321745872,0.01538551039993763,0.0,0.00719385826960206,0.0,0.16996608674526215,0.026659458875656128,0.0,0.07360130548477173,0.0,0.0,0.0,0.0,0.32359611988067627,0.0,0.0,0.0,0.010584025643765926,0.0,0.011825509369373322,0.03790057450532913,0.0,0.04889298975467682,0.0,0.013431636616587639,0.039945073425769806,0.0,0.34531912207603455,0.018624737858772278,0.020474392920732498,0.14828287065029144,0.0,0.0,0.0892474427819252,0.09451217949390411,0.0,0.21196463704109192,0.35531309247016907,0.2530839443206787,0.0,0.0,0.0,0.0,0.068316251039505,0.01290583610534668,0.05122509226202965,0.03257610648870468,0.22381067276000977,0.0013890471309423447,0.0,0.3367077112197876,0.2896602153778076,0.0205904059112072,0.0,0.0,0.0071034301072359085,0.2525218725204468,0.0,0.4131990075111389,0.16086408495903015,0.014720653183758259,0.0,0.04941711947321892,0.0864349976181984,0.006260089576244354,0.0,0.0,0.0,0.42262759804725647,0.11720599234104156,0.0,0.02440524660050869,0.06549159437417984,0.04680313542485237,0.0,0.337749719619751,0.0,0.04118478670716286,0.04263266921043396,0.0,0.0,0.0,0.0,0.0946580097079277,0.0,0.35004785656929016,0.027772417291998863,0.0008998053963296115,0.0,0.5810613036155701,0.0024085768964141607,0.02657659351825714,0.05978243425488472,0.3475416302680969,0.0,0.3068901598453522,0.020501643419265747,0.09322064369916916,0.002115739742293954,0.11061634123325348,0.027466904371976852,0.1859072595834732,0.03796062245965004,0.21698619425296783,0.07079815119504929,0.09466255456209183,0.2688979208469391,0.04445033147931099,0.2875613570213318,0.021059473976492882,0.0,0.045449960976839066,0.08807509392499924,0.0,0.3255486488342285,0.002809137338772416,0.012108957394957542,0.012038382701575756,0.10022184997797012,0.7404618859291077,0.12137773633003235,0.07936695218086243,0.0,0.2066635638475418,0.13408170640468597,0.0,0.0,0.007278471253812313,0.0,0.08750385791063309,0.16403773427009583,0.14864033460617065,0.013192017562687397,0.0,0.09841246157884598,0.21729476749897003,0.009438282810151577,0.16312259435653687,0.0289766788482666,0.06192094832658768,0.0,0.09462819248437881,0.02661369927227497,0.004591752775013447,0.0,0.2127416431903839,0.037714503705501556,0.006442295387387276,0.025345483794808388,0.280429482460022,0.3514205813407898,0.2587887942790985,0.01951325684785843,0.0,0.023716123774647713,0.07298125326633453,0.0293662678450346,0.050776198506355286,0.49325889348983765,0.0,0.00576188275590539,0.0639762356877327,0.0063550216145813465,0.20533712208271027,0.0,0.23206941783428192,0.3268986940383911,0.07649067789316177,0.04006302356719971,0.026117468252778053,0.00991010945290327,0.0,0.010348275303840637,0.03238543123006821,0.024206500500440598,0.21621696650981903,0.05570119619369507,0.0,0.036468617618083954,0.021778548136353493,0.04882855340838432,0.001923298230394721,0.03722016513347626,0.0747276321053505,0.0222062636166811,0.004081561230123043,0.008315485902130604,0.2537480890750885,0.0,0.002729424275457859,0.00023469080042559654,0.0,0.0,0.10813452303409576,0.000630935828667134,0.001464567263610661,0.0074653783813118935,0.06443750858306885,0.0,0.0,0.04587074741721153,0.05480571463704109,0.0,0.0023785836528986692,0.0,0.0,0.07278220355510712,0.0,0.022705726325511932,0.0,0.010211942717432976,0.0,0.04101075977087021,0.045429814606904984,0.05571964755654335,0.0,0.0,0.17178770899772644,0.0743492841720581,0.0,0.023137595504522324,0.02959372289478779,0.1092047467827797,0.09402743726968765,0.011329245753586292,0.0,0.14914116263389587,0.12683644890785217,0.0,0.04983251914381981,0.0,0.0,0.005841557402163744,0.004645946901291609,0.007184483110904694,0.012626715004444122,0.12120980769395828,0.11974816769361496,0.0,0.04711325466632843,0.027868999168276787,0.011819367296993732,0.0,0.002434112597256899,0.15957337617874146,0.0007777180871926248,0.0012964648194611073,0.17656876146793365,0.2529931664466858,0.0,0.021163679659366608,0.0,0.0,0.017330707982182503,0.1267809271812439,0.001029490609653294,0.18802136182785034,0.08755792677402496,0.024702811613678932,0.11448400467634201,0.00833431351929903,0.00024140295863617212,0.05502507463097572,0.0,0.043603938072919846,0.02487947978079319,0.0,0.0013943543890491128,0.0,0.030579660087823868,0.0,0.010760841891169548,0.14074982702732086,0.2826303243637085,0.0069473558105528355,0.11470653116703033,0.0431474968791008,0.029443025588989258,0.3349066972732544,0.0,0.014278898946940899,0.22478358447551727,0.0,0.05138387903571129,0.0,0.003050017636269331,0.017505066469311714,0.006545892916619778,0.09220696985721588,0.0,0.31151115894317627,0.0028177169151604176,0.00495500722900033,0.024919388815760612,0.25519973039627075,0.09138565510511398,0.26900941133499146,0.11105797439813614,0.0,0.00020159294945187867,0.03638400509953499,0.030632946640253067,0.017619295045733452,0.0,0.00019082985818386078,0.21778495609760284,0.0,0.03356193006038666,0.009474636986851692,0.0,0.0,0.0,0.0,0.3609529733657837,0.0,0.0,0.0,0.07474573701620102,0.0,0.032623905688524246,0.053361568599939346,0.02670043706893921,0.11152780055999756,0.0,0.0,0.06073112040758133,0.0858740583062172,0.3142540454864502,0.025551019236445427,0.0,0.07083100080490112,0.0,0.01579882577061653,0.0589926652610302,0.08778407424688339,0.0,0.3805847465991974,0.3579384386539459,0.18625995516777039,0.010222486220300198,0.0,0.002851477824151516,0.001605606754310429,0.02599092572927475,0.006540464237332344,0.04605557397007942,0.07978097349405289,0.3331672251224518,0.0,0.030827075242996216,0.3043622076511383,0.25120893120765686,0.019245227798819542,0.0,0.0,0.0007966796401888132,0.24557839334011078,0.0,0.3926002085208893,0.13868455588817596,0.016963772475719452,0.0014724076027050614,-0.35552993416786194
184,0.0071693966165184975,0.02634584531188011,0.008449656888842583,0.0,0.0,0.0,0.4711568355560303,0.09870506078004837,0.0,0.057610154151916504,0.08414628356695175,0.017838938161730766,0.0,0.3440279960632324,0.0,0.05605241283774376,0.08854658901691437,9.340420365333557e-05,0.0,0.0,0.0,0.10770048946142197,0.0,0.30260002613067627,0.06301151216030121,0.0,0.0,0.4152369499206543,0.005084886681288481,0.13081516325473785,0.005121644586324692,0.2714576721191406,0.0,0.3131171464920044,0.009436356835067272,0.04728635028004646,0.059402428567409515,0.16738642752170563,0.01821524277329445,0.3024218678474426,0.010841869749128819,0.09903718531131744,0.14777278900146484,0.0821925550699234,0.25621214509010315,0.0,0.36435428261756897,0.009103640913963318,0.0,0.036600787192583084,0.008996340446174145,0.0,0.2738197147846222,0.004967094399034977,0.001846560277044773,0.03251989930868149,0.0431581512093544,0.6819208860397339,0.06303900480270386,0.029288271442055702,0.0,0.2105274498462677,0.1111304759979248,0.0,0.0,0.0,0.0,0.1016172245144844,0.13079822063446045,0.10459206998348236,0.0,0.0,0.21329718828201294,0.30049484968185425,0.0103177260607481,0.06556597352027893,0.035265810787677765,0.030656106770038605,0.0,0.20198550820350647,0.04287472739815712,0.018405873328447342,0.0,0.2052847295999527,0.0598113052546978,0.011989805847406387,0.0007022926583886147,0.17027589678764343,0.4612107276916504,0.3518827557563782,0.022957773879170418,0.005563011392951012,0.06484225392341614,0.07151815295219421,0.004975845571607351,0.0,0.4369649887084961,0.0,0.0,0.01370297558605671,0.0,0.21247762441635132,0.0,0.2701888978481293,0.37477990984916687,0.04049277305603027,0.027183396741747856,0.05725569650530815,0.0,0.0,0.018873337656259537,0.056826960295438766,0.033104635775089264,0.17834879457950592,0.0019760909490287304,0.0,0.02429709956049919,0.04119192063808441,0.019440747797489166,0.0005079763941466808,0.013419226743280888,0.010218478739261627,0.0,0.004980321973562241,0.0006199236959218979,0.41104042530059814,0.0,0.0,0.009796313010156155,0.0,0.0,0.11496125161647797,0.0,0.007932290434837341,0.00782308541238308,0.001938028261065483,0.0,0.0,0.15835417807102203,0.012007459066808224,0.0,0.0,0.007044382859021425,0.0,0.05186925828456879,0.03215932846069336,0.005234918557107449,0.013539914041757584,0.21605540812015533,0.0,0.0,0.06666863709688187,0.03865842521190643,0.0,0.0,0.051714371889829636,0.0068111540749669075,0.0,0.0032530552707612514,0.0,0.16005554795265198,0.00540034007281065,0.04497388005256653,0.0,0.15650279819965363,0.11048723012208939,0.0,0.030354062095284462,0.0,0.0,0.0,0.0,0.03364125266671181,0.0,0.04979518800973892,0.12644529342651367,0.0,0.006117465905845165,0.11203569918870926,0.05519552901387215,0.0043538231402635574,0.0,0.148182675242424,0.0,0.013897042721509933,0.057632386684417725,0.2856736183166504,0.0,0.0,0.0,0.0004745887708850205,0.0803673043847084,0.24946270883083344,0.00020325355581007898,0.1986328661441803,0.07251445204019547,0.04631991684436798,0.18210259079933167,0.07579638063907623,0.0,0.08902665972709656,0.0,0.015462638810276985,0.038919564336538315,0.0,0.0,0.0,0.0,0.009599002078175545,0.007072837091982365,0.08028236031532288,0.32263147830963135,0.0,0.12044025957584381,0.058016322553157806,0.14278514683246613,0.34275370836257935,0.0,0.0,0.24652418494224548,0.0,0.021009093150496483,0.0,0.0,0.05232268571853638,0.0,0.06587322801351547,0.0,0.17778098583221436,0.17230162024497986,0.0021353685297071934,0.0,0.22894921898841858,0.05184780806303024,0.21043384075164795,0.07847203314304352,0.0,0.0,0.023143397644162178,0.024051140993833542,0.0,0.01092754490673542,0.005769927985966206,0.2723756730556488,0.01127399317920208,0.001348483725450933,0.07542961835861206,0.0,0.0,0.0,0.0,0.3460829257965088,0.0,0.0,0.0,0.0187434833496809,0.0,0.0412328876554966,0.03687741979956627,0.0,0.05842694267630577,0.0005047406302765012,0.0,0.08826738595962524,0.006246577948331833,0.47111985087394714,0.0755932629108429,0.025401901453733444,0.183610200881958,0.0,0.0,0.09315439313650131,0.043403055518865585,0.0,0.10803844034671783,0.37528377771377563,0.2753027379512787,0.0,0.0,0.0,0.0031358273699879646,0.006467703729867935,0.005106841214001179,0.04725056141614914,0.007574022747576237,0.296376496553421,0.0,0.0,0.41858750581741333,0.2596766948699951,0.008021386340260506,0.0,0.0,0.02966628596186638,0.24686595797538757,0.0,0.4655557870864868,0.19976675510406494,0.029458962380886078,0.0,0.0,0.07715131342411041,0.05232983082532883,0.0,0.0,0.0,0.310663104057312,0.15392254292964935,0.0,0.01219667587429285,0.18673762679100037,0.032605379819869995,0.0,0.337782621383667,0.0,0.01334286667406559,0.008154273964464664,0.0032038409262895584,0.021348144859075546,0.0,0.0,0.15904100239276886,0.0,0.46441662311553955,0.02930719032883644,0.003027751110494137,0.0,0.4817729890346527,0.0,0.013680960983037949,0.0,0.21863679587841034,0.0,0.3533931374549866,0.0022717833053320646,0.06205572187900543,0.11029936373233795,0.11406728625297546,0.0,0.24545162916183472,0.0,0.18827638030052185,0.12693683803081512,0.11970527470111847,0.3095019459724426,0.0,0.21057769656181335,0.0024565402418375015,0.0,0.06287043541669846,0.03188205137848854,0.0,0.247951477766037,0.0,0.0,0.12278907001018524,0.006440106313675642,0.5465894937515259,0.020954106003046036,0.0,0.0,0.3211436867713928,0.020438045263290405,0.0,0.0,0.0,0.0,0.21987640857696533,0.011007602326571941,0.013535289093852043,0.0,0.0,0.14861829578876495,0.2389986515045166,0.0,0.18078170716762543,0.059144966304302216,0.09459415078163147,0.0,0.22166655957698822,0.07209870964288712,0.0010217460803687572,0.0,0.26106858253479004,0.10125657916069031,0.033884476870298386,0.0,0.05174585431814194,0.4755078852176666,0.16851824522018433,0.01760760322213173,0.05401819571852684,0.047684796154499054,0.084811732172966,0.02635398879647255,0.0,0.2716040015220642,0.0,0.0,0.04767611622810364,0.0,0.02444402500987053,0.0,0.3277808427810669,0.2992042601108551,0.002136480063199997,0.0344037190079689,0.043878939002752304,0.0,0.0,0.06868065893650055,0.05602439492940903,0.03498957306146622,0.0974908322095871,0.0,0.0,0.011711889877915382,0.03701594099402428,0.011926300823688507,0.0,0.07171474397182465,0.019456567242741585,0.0,0.0027722585946321487,0.015057944692671299,0.3793424963951111,0.0,0.0,0.0,0.0,0.0,0.03432650864124298,0.0,0.029309134930372238,1.6522593796253204e-05,0.0,0.0,0.0,0.16029669344425201,0.016595372930169106,0.0,0.005128323100507259,0.0029658153653144836,0.0,0.046634696424007416,0.0,0.0,0.039433613419532776,0.24594806134700775,0.0,0.01906036213040352,0.005710459314286709,0.03054220788180828,0.0,0.0,0.014565307646989822,0.091872438788414,0.0,0.0069878678768873215,0.0,0.020789818838238716,0.0,0.0456404946744442,0.0,0.1563643366098404,0.07951807975769043,0.012288779951632023,0.018985800445079803,0.01504499837756157,0.0,0.0,0.0,0.027386462315917015,0.0,0.0,0.15413713455200195,0.0,0.0,0.11530216038227081,0.03289139270782471,0.0,0.0,0.15222322940826416,0.0,0.005469050258398056,0.015165169723331928,0.13095541298389435,0.0,0.0,0.0,0.0,0.06668292731046677,0.16969649493694305,0.0,0.0885346531867981,0.06863614916801453,0.07514263689517975,0.14102643728256226,0.19817766547203064,0.0,0.051476139575242996,0.0,0.017494631931185722,0.004756416194140911,0.0,0.0,0.002987462095916271,0.0,0.0,0.0,0.08167773485183716,0.19234919548034668,0.0,0.09764408320188522,0.1373240202665329,0.09468267858028412,0.27345219254493713,0.0,0.0,0.28750672936439514,0.0,0.0029862523078918457,0.0,0.0,0.038355886936187744,0.0,0.020915476605296135,0.0,0.04871159791946411,0.14840592443943024,0.0,0.0,0.20769047737121582,0.11387951672077179,0.3251568675041199,0.08889150619506836,0.0,0.0005190700758248568,0.03109733574092388,0.0,0.0,0.016940981149673462,0.0,0.28948327898979187,0.018049929291009903,0.0046009765937924385,0.046175915747880936,0.0,0.0,0.0,0.0,0.2889400124549866,0.0,0.0,0.0,0.03175976127386093,0.0,0.018369141966104507,0.00909520499408245,0.0,0.07756859809160233,0.0,0.0009705177508294582,0.045897819101810455,0.0,0.4560942053794861,0.043459415435791016,0.026999972760677338,0.13595324754714966,0.0,0.0,0.08842077106237411,0.13452334702014923,0.0,0.35038304328918457,0.2066914588212967,0.26008033752441406,0.0,0.0,0.013458575122058392,0.002414525020867586,0.0322391502559185,0.020351234823465347,0.08766894787549973,0.003427803749218583,0.17532342672348022,0.0,0.0,0.44411665201187134,0.3336230516433716,0.02015344426035881,0.0,0.0,0.012637097388505936,0.34250372648239136,0.0,0.3864288628101349,0.1599828600883484,0.06144672632217407,0.0,0.0,0.01819884218275547,0.015802396461367607,0.0,0.0,0.0,0.36252766847610474,0.1779547929763794,0.0,0.02396094612777233,0.16113176941871643,0.07657172530889511,0.0,0.3891367018222809,0.016843445599079132,0.017760470509529114,0.04928715154528618,0.0059959921054542065,0.009780345484614372,0.0,0.0,0.13806219398975372,0.0005669885431416333,0.4002755880355835,0.04778009653091431,0.0018501679878681898,0.0,0.515606164932251,0.0,0.039218537509441376,0.007924559526145458,0.31448572874069214,0.0,0.32991480827331543,0.0008961035055108368,0.0832703486084938,0.034365907311439514,0.09017519652843475,0.045740243047475815,0.3247225284576416,0.001213408773764968,0.17380015552043915,0.13507187366485596,0.09603377431631088,0.3513637185096741,0.0,0.3171224892139435,0.0,0.0,0.023117655888199806,0.011245879344642162,0.0,0.3939043879508972,0.0,0.0,0.13412974774837494,0.00463343970477581,0.6925261616706848,0.039062272757291794,0.04416833817958832,0.0,0.2954414486885071,0.11148517578840256,0.0016004214994609356,0.0,0.0,0.0,0.2724767327308655,0.10657775402069092,0.1213170737028122,0.0,0.0,0.11505674570798874,0.30814993381500244,0.0,0.1806623488664627,0.054405808448791504,0.06048136204481125,0.0,0.17385026812553406,0.03736899793148041,0.0,0.0,0.2438412308692932,0.10529876500368118,0.02424756810069084,0.0,0.1917973905801773,0.455826073884964,0.22668327391147614,0.020720694214105606,0.04951385408639908,0.04769240692257881,0.05241014435887337,0.03491263464093208,0.004270939156413078,0.4014323651790619,0.0,0.0,0.08219972997903824,0.009349527768790722,0.1628502607345581,0.0,0.19378997385501862,0.3128216862678528,0.003953039646148682,0.015600193291902542,0.04058779031038284,0.0,0.0,0.11773020029067993,0.03936038166284561,0.016854144632816315,0.1414078325033188,0.0036821337416768074,0.0,0.04605308175086975,0.03414319455623627,0.008303250186145306,0.0,0.14018726348876953,0.015090673230588436,0.0016866818768903613,0.0,0.06794329732656479,0.3401867747306824,0.0,0.0,0.02133478969335556,0.0,0.0,0.10497453808784485,0.0,0.021118761971592903,0.00037216272903606296,0.009505636058747768,0.0,0.0,0.13368557393550873,0.023845402523875237,0.0,0.002472240012139082,0.00266402680426836,0.0,0.02298911288380623,0.006643098779022694,0.0,0.012284335680305958,0.1434721201658249,0.0,0.0028037414886057377,0.01573319546878338,0.02821875549852848,0.0,0.0,0.010143810883164406,0.07164588570594788,0.0,0.008268189616501331,0.0,0.048323046416044235,0.002516155131161213,0.03204434737563133,0.0,0.1719740629196167,0.12779103219509125,0.0026426149997860193,0.0053369393572211266,0.012907932512462139,0.0,0.0,0.0,0.023806285113096237,0.0,0.037232428789138794,0.13301053643226624,0.0,0.003928449936211109,0.1392149031162262,0.029385186731815338,0.0027314673643559217,0.0,0.09481846541166306,0.0,0.007781401742249727,0.08345316350460052,0.22152279317378998,0.0,0.0,0.0,0.0,0.10060491412878036,0.1984614133834839,0.0,0.17169472575187683,0.03462914749979973,0.0685754120349884,0.10126462578773499,0.13290230929851532,0.0,0.03304847329854965,0.0,0.006525098811835051,0.017286835238337517,0.0,0.0,0.001257864641956985,0.01158665120601654,0.02559799887239933,0.0,0.1483670175075531,0.25525474548339844,0.0,0.042969077825546265,0.18230874836444855,0.07157211750745773,0.2709781229496002,0.0,0.0,0.22899259626865387,0.0,0.018878938630223274,0.0,0.0,0.05786683410406113,0.0,0.03406748175621033,0.009878810495138168,0.17933665215969086,0.17763285338878632,0.004824198316782713,0.0,0.18687216937541962,0.07512765377759933,0.38237980008125305,0.06811875849962234,0.0,0.0006970233516767621,0.02289501018822193,0.007315230090171099,0.0,0.005205882713198662,0.0054647549986839294,0.16271524131298065,0.02570861391723156,0.019221490249037743,0.02581935189664364,0.0,0.0,0.0,0.0,0.42267629504203796,0.0,0.0,0.0,0.021377166733145714,0.0,0.013679688796401024,0.035232167690992355,0.0,0.03368265926837921,0.0,0.0,0.04919726029038429,0.0,0.5546863675117493,0.022671451792120934,0.022447088733315468,0.08304835855960846,0.0,0.0,0.058470211923122406,0.16182008385658264,0.0,0.24567709863185883,0.2449384182691574,0.20697276294231415,0.0,0.0,0.0005818836507387459,0.008006569929420948,0.017780758440494537,0.00765287596732378,0.05492569878697395,0.02824244275689125,0.23506878316402435,0.0,0.0,0.4546930193901062,0.34360361099243164,0.01923024095594883,0.0,0.0,0.030845293775200844,0.2856980860233307,0.0,0.34953513741493225,0.24668586254119873,0.02530345693230629,0.0,-0.5870141386985779
185,0.4131839871406555,0.059250492602586746,0.028756121173501015,0.004445741418749094,0.0,0.0,0.5656653642654419,0.018349740654230118,0.03760075569152832,0.14509405195713043,0.1356019228696823,0.014812207780778408,0.0,0.3548623025417328,0.031922534108161926,0.0,0.008691570721566677,0.058697666972875595,0.13726122677326202,0.005344265606254339,0.0022851868998259306,0.005730575416237116,0.0,0.16414545476436615,0.42752805352211,0.0027536842972040176,0.0053381482139229774,0.4650440216064453,0.03364168480038643,0.08668088167905807,0.027550382539629936,0.41861486434936523,0.0,0.011976998299360275,0.2241167575120926,0.0,0.0,0.08772578090429306,0.19295762479305267,0.12891623377799988,0.6091896891593933,0.0450713150203228,0.3034476935863495,0.0,0.09821467846632004,0.026867805048823357,0.5582608580589294,0.0016409866511821747,0.0,0.09931690245866776,0.0,0.0,0.7537484169006348,0.0,0.0,0.0,0.24861808121204376,1.065958857536316,0.40364494919776917,0.11656896024942398,0.0,0.0031114311423152685,0.45088115334510803,0.0,0.0,0.0,0.0,0.379576712846756,0.5284143090248108,0.4035486876964569,0.0,0.0,0.22604413330554962,0.7926527261734009,0.03784502297639847,0.0,0.2647179067134857,0.0,0.0002971559879370034,0.1577298641204834,0.13237540423870087,0.0,0.06842095404863358,0.13355907797813416,0.1941370964050293,0.03557085618376732,0.0,0.5674266219139099,0.6343843340873718,0.2929762005805969,0.13954316079616547,0.30292731523513794,0.1914157122373581,0.0537002794444561,0.008551635779440403,0.4343968331813812,0.7670871615409851,0.0,0.03624368831515312,0.004754796624183655,0.34881624579429626,0.7691382765769958,0.0,0.2651955485343933,0.12953989207744598,0.21316733956336975,0.05648849532008171,0.32704976201057434,0.08943314850330353,0.0,0.16608327627182007,0.1567421853542328,0.03832867369055748,0.348503977060318,0.4229736328125,0.0,0.24419580399990082,0.23424454033374786,0.000668188207782805,0.024304455146193504,0.08182394504547119,0.4689546227455139,0.037317775189876556,0.0,0.03941787779331207,0.0014265448553487659,0.010857309214770794,0.03562178090214729,0.09493060410022736,0.0,0.03000667132437229,0.010115349665284157,0.1448407769203186,0.06821335852146149,0.0032564231660217047,0.5180273056030273,0.04087541624903679,0.0,0.24684014916419983,0.0,0.0,0.006564407143741846,0.0,0.005633406341075897,0.043732743710279465,0.042011745274066925,0.34063073992729187,0.0010999493533745408,0.13377970457077026,0.0,0.0,0.06590627133846283,0.051273882389068604,0.0,0.0,0.4721083641052246,0.025831550359725952,0.0,0.002324212109670043,0.0910501778125763,0.11102942377328873,0.1317925900220871,0.15750841796398163,0.0,0.021820465102791786,0.18422530591487885,0.0,0.008175368420779705,0.021212680265307426,0.0,0.04389044642448425,0.06650056689977646,0.08580281585454941,0.006684142630547285,1.01799738407135,0.13585138320922852,0.0,0.013127279467880726,0.05972303822636604,0.0,0.01574423536658287,0.009603251703083515,0.07317528873682022,0.06676268577575684,0.02309226058423519,0.22850601375102997,0.6041838526725769,0.011618955992162228,0.053450971841812134,0.0,0.0042247711680829525,0.10601464658975601,0.38242873549461365,0.01502479612827301,0.23525677621364594,0.1830906718969345,0.22970452904701233,0.06493767350912094,0.1749606430530548,0.03666279464960098,0.08670389652252197,0.0,0.04698404669761658,0.33608004450798035,0.007289208471775055,0.0,0.03869006782770157,0.3881424069404602,0.18037644028663635,0.2004544734954834,0.21211016178131104,0.6759573817253113,0.0033075609244406223,0.011371951550245285,0.12365813553333282,0.07598339021205902,0.2856427729129791,0.0,0.017336184158921242,0.0728309378027916,0.0,0.3717106878757477,0.24866275489330292,0.09666901081800461,0.22385458648204803,0.005470606964081526,0.6827483177185059,0.1206415668129921,0.5475194454193115,0.09483611583709717,0.41342827677726746,0.2687534689903259,0.22325502336025238,0.01940208673477173,0.021834364160895348,0.05544435605406761,0.007005775813013315,0.0,0.0,0.008993668481707573,0.10692109912633896,0.0,0.013084768317639828,0.047072332352399826,0.18166996538639069,0.20962630212306976,0.057139258831739426,0.0,0.0,0.006825323682278395,0.0,0.733639657497406,0.0,0.0,0.08737572282552719,0.09283994138240814,0.00390911428257823,0.0020814111921936274,0.043242085725069046,0.04980260878801346,0.0,0.003389717312529683,0.05944429710507393,0.07044120877981186,0.12077300995588303,0.6233004927635193,0.003968448378145695,0.09583421051502228,0.054092343896627426,0.0,0.006798204965889454,0.17803619801998138,0.046510711312294006,0.0,0.10467618703842163,0.3731209933757782,0.24961340427398682,0.008758485317230225,0.1367526352405548,0.0,0.16856126487255096,0.0851195752620697,0.0,0.25689801573753357,0.1888369619846344,0.44030991196632385,0.0,0.05787813663482666,0.07076170295476913,0.02863115444779396,0.1261596530675888,0.0,0.0,0.47889596223831177,0.08520065993070602,0.0,0.21355323493480682,0.6312716603279114,0.08144309371709824,0.0,0.0061040217988193035,0.06880408525466919,0.03536578640341759,0.0,0.0,0.0,0.38780492544174194,0.1197165697813034,0.0,0.037508003413677216,0.0989476814866066,0.038345493376255035,0.0,0.3549444079399109,0.0,0.010442896746098995,0.03110593929886818,0.0,0.017921235412359238,0.0,0.0,0.12734220921993256,0.0,0.26567530632019043,0.060257814824581146,0.004238154739141464,0.0,0.43624138832092285,0.0,0.05555219575762749,0.0,0.25408488512039185,0.0,0.3310168981552124,0.014484088867902756,0.04183720052242279,0.11549732089042664,0.08893012255430222,0.0008634947007521987,0.2331138700246811,0.012251738458871841,0.1367436945438385,0.10559754818677902,0.05391998589038849,0.21893440186977386,0.0023542249109596014,0.28774502873420715,0.0,0.0,0.0390886627137661,0.0347495898604393,0.0,0.2516728341579437,0.0,0.0,0.03227931261062622,0.027715671807527542,0.6574223637580872,0.09216894954442978,0.022818010300397873,0.0,0.30619174242019653,0.1149662509560585,0.0,0.0,0.0006019067368470132,0.0,0.13910387456417084,0.0604010745882988,0.13013148307800293,0.0,0.0,0.19044454395771027,0.2438884675502777,0.011499328538775444,0.09304179251194,0.015279917046427727,0.02995450235903263,0.0,0.2654597759246826,0.061622001230716705,0.0,0.0,0.24329522252082825,0.03231249377131462,0.067192941904068,0.0047441525384783745,0.1709526926279068,0.43928128480911255,0.21904276311397552,0.036556318402290344,0.01682674139738083,0.06547475606203079,0.02170504629611969,0.00616228673607111,0.0,0.3912597596645355,0.0,0.0,0.0,0.0,0.155173659324646,0.0,0.19655488431453705,0.29826802015304565,0.03490891680121422,0.020281072705984116,0.06284711509943008,0.0,0.0,0.02441662922501564,0.10121722519397736,0.025487303733825684,0.1208670511841774,0.0,0.0,0.054783064872026443,0.016851600259542465,0.005510414019227028,0.0,0.0019397186115384102,0.02654799446463585,0.0,0.014069408178329468,0.0,0.3297421932220459,0.0,0.0,0.0,0.0,0.0,0.07833869755268097,0.0,0.04074191302061081,0.0015957769937813282,0.005140172317624092,0.0,0.0,0.21260638535022736,0.025064630433917046,0.0,0.0005513011710718274,0.0,0.0,0.011334110051393509,0.0,0.002112343907356262,0.02691890113055706,0.26221030950546265,0.0,0.01916671358048916,0.000654387753456831,0.011511769145727158,0.0,0.0,0.017419010400772095,0.025748280808329582,0.010655480436980724,0.015295667573809624,0.0,0.0,0.021305276080965996,0.07994918525218964,0.0,0.1852964460849762,0.11069299280643463,0.0,0.011153636500239372,0.009267576038837433,0.0,0.0,0.0,0.018165409564971924,0.0,0.05316299945116043,0.0407886765897274,0.0,0.0024412870407104492,0.07059203088283539,0.07790489494800568,0.0,0.0,0.08876419067382812,0.0,0.017266735434532166,0.05404057726264,0.2415611296892166,0.0,0.0016466537490487099,0.0,0.0,0.041088443249464035,0.25360390543937683,0.0,0.12383871525526047,0.011304434388875961,0.1350174844264984,0.07054778933525085,0.1372537910938263,0.0,0.024835286661982536,0.0,0.03753321245312691,0.025175828486680984,0.0,0.0,0.017825089395046234,0.0,0.0,0.014215787872672081,0.08739546686410904,0.2943885326385498,0.0,0.11430039256811142,0.021238163113594055,0.10470309108495712,0.339995801448822,0.0,0.0,0.1982286423444748,0.0,0.01071952749043703,0.0,0.0,0.09740602970123291,0.0,0.011751427315175533,0.0,0.15634271502494812,0.08540341258049011,0.0,0.0,0.14748695492744446,0.09395583719015121,0.25663721561431885,0.07406147569417953,0.0,0.0,0.020387625321745872,0.01538551039993763,0.0,0.00719385826960206,0.0,0.16996608674526215,0.026659458875656128,0.0,0.07360130548477173,0.0,0.0,0.0,0.0,0.32359611988067627,0.0,0.0,0.0,0.010584025643765926,0.0,0.011825509369373322,0.03790057450532913,0.0,0.04889298975467682,0.0,0.013431636616587639,0.039945073425769806,0.0,0.34531912207603455,0.018624737858772278,0.020474392920732498,0.14828287065029144,0.0,0.0,0.0892474427819252,0.09451217949390411,0.0,0.21196463704109192,0.35531309247016907,0.2530839443206787,0.0,0.0,0.0,0.0,0.068316251039505,0.01290583610534668,0.05122509226202965,0.03257610648870468,0.22381067276000977,0.0013890471309423447,0.0,0.3367077112197876,0.2896602153778076,0.0205904059112072,0.0,0.0,0.0071034301072359085,0.2525218725204468,0.0,0.4131990075111389,0.16086408495903015,0.014720653183758259,0.0,0.22975113987922668,0.032308004796504974,0.020323460921645164,0.0013220615219324827,0.0,0.0,0.5125804543495178,0.07821100950241089,0.014599991030991077,0.12262985110282898,0.1266849786043167,0.026969466358423233,0.0,0.40634840726852417,0.018474558368325233,0.0,0.04709531366825104,0.03636816516518593,0.09667110443115234,0.005942676682025194,0.009366489015519619,0.044146981090307236,0.00946329440921545,0.21248874068260193,0.21316243708133698,0.0006041811429895461,0.0,0.5439484119415283,0.03207704797387123,0.03984861448407173,0.022997261956334114,0.4109804034233093,0.0,0.11384633183479309,0.1453661024570465,0.027829233556985855,0.002444721292704344,0.06228990480303764,0.10944986343383789,0.19833646714687347,0.38427045941352844,0.1284675896167755,0.21782417595386505,0.03160930052399635,0.1961406022310257,0.03428063541650772,0.496627539396286,0.0,0.0,0.0697508305311203,0.0038124392740428448,0.0,0.6643669605255127,0.007884812541306019,0.0,0.03514976426959038,0.2090880125761032,1.014468789100647,0.32353267073631287,0.13770894706249237,0.0,0.10141383111476898,0.40122249722480774,0.0,0.0,0.01676100492477417,0.0,0.3031228184700012,0.4220384657382965,0.3624163866043091,0.003812946379184723,0.0,0.17110586166381836,0.5984178185462952,0.05814593285322189,0.05557835102081299,0.1830473393201828,0.0,0.01479699369519949,0.13292400538921356,0.08291017264127731,0.0,0.057619452476501465,0.20249654352664948,0.1489177942276001,0.02895709127187729,0.0,0.5143745541572571,0.5175387859344482,0.23586037755012512,0.10899755358695984,0.22896790504455566,0.09973635524511337,0.02038872428238392,0.013819503597915173,0.19817355275154114,0.6795149445533752,0.0,0.015347667969763279,0.033333878964185715,0.1859614998102188,0.5549737215042114,0.0,0.19950658082962036,0.1949029564857483,0.1834106743335724,0.0476294606924057,0.19488678872585297,0.042769234627485275,0.0,0.12668432295322418,0.0777808129787445,0.028527621179819107,0.27402904629707336,0.22592739760875702,0.0,0.17008675634860992,0.16364063322544098,0.0016797137213870883,0.01846388913691044,0.10730943828821182,0.24950990080833435,0.05165168642997742,0.002517523244023323,0.05559910833835602,0.004908076487481594,0.010274741798639297,0.03644954413175583,0.08394554257392883,0.0,0.022883540019392967,0.03898542746901512,0.09863220900297165,0.04890969395637512,0.00839545950293541,0.3232366740703583,0.018083835020661354,0.0,0.25656378269195557,0.04681633412837982,0.0,0.0016367373755201697,0.0,0.0036299824714660645,0.01860182359814644,0.01079053245484829,0.17484937608242035,0.004615535493940115,0.1127091720700264,0.0,0.0,0.0557406023144722,0.015743516385555267,0.0,0.0,0.2734530568122864,0.11259930580854416,0.0,0.0027105803601443768,0.017545538023114204,0.08356896787881851,0.12465541809797287,0.10779739916324615,0.0029600257985293865,0.08575251698493958,0.1844514161348343,0.0,0.025847384706139565,0.03544529154896736,0.0,0.02052067220211029,0.019513146951794624,0.05028986185789108,0.006485444027930498,0.6824597716331482,0.09737113118171692,0.00017915797070600092,0.001974651124328375,0.06497824192047119,0.0,0.011391242034733295,0.0011811484582722187,0.06140735000371933,0.02998954802751541,0.017490802332758904,0.2504193186759949,0.5333421230316162,0.009453179314732552,0.05282420292496681,0.0,0.0,0.11750753968954086,0.3191709816455841,0.008133131079375744,0.24801479279994965,0.10182583332061768,0.1489146202802658,0.07430912554264069,0.1793869137763977,0.02965562418103218,0.05052518472075462,0.0,0.07685688138008118,0.1896529495716095,0.0,0.001537085510790348,0.017566518858075142,0.2395358383655548,0.15812712907791138,0.1379246711730957,0.21467562019824982,0.5312018394470215,0.005612191278487444,0.030799198895692825,0.1305774301290512,0.06756258755922318,0.3078104257583618,0.0,0.00763845955953002,0.09645943343639374,0.0,0.22402238845825195,0.1514822244644165,0.04535142332315445,0.14824111759662628,0.0,0.3303135633468628,0.10208011418581009,0.464070588350296,0.11511046439409256,0.19131247699260712,0.10737387835979462,0.16592222452163696,0.035672176629304886,0.14978386461734772,0.08082061260938644,0.0016409774543717504,0.0,0.0,0.00958317145705223,0.06877639144659042,0.0,0.018837103620171547,0.0446469709277153,0.16955140233039856,0.1541498452425003,0.04580909386277199,0.0,0.0,0.008765381760895252,0.0,0.6637846827507019,0.0,0.0,0.04329488053917885,0.04880938306450844,0.0008488595485687256,0.00686859292909503,0.07128006964921951,0.01943787932395935,0.0,0.0033924912568181753,0.042081236839294434,0.057632990181446075,0.10773211717605591,0.5586003661155701,0.013429383747279644,0.0629829615354538,0.08012229949235916,0.0,0.0,0.1400889903306961,0.08287692815065384,0.0,0.18657585978507996,0.38397592306137085,0.23366396129131317,0.017494190484285355,0.060875508934259415,0.0,0.10306981205940247,0.08293063193559647,0.0011951458873227239,0.17561429738998413,0.19453483819961548,0.38923513889312744,0.0,0.020792867988348007,0.17223329842090607,0.1665342003107071,0.0681789368391037,0.0,0.002993778558447957,0.30725422501564026,0.14716440439224243,0.0009889226639643312,0.22810305655002594,0.48832422494888306,0.06711083650588989,0.0,0.2466200590133667
186,0.08555958420038223,0.12197568267583847,0.2657015025615692,0.0,0.0,0.0,0.554180920124054,0.021581020206212997,0.017007816582918167,0.21662405133247375,0.038197752088308334,0.0,0.0,0.3360939621925354,0.0,0.06665964424610138,0.0,0.0,0.0,0.002113375812768936,0.0,0.007220244500786066,0.015379172749817371,0.3887833058834076,0.102030910551548,0.0010325330076739192,0.0,0.6312861442565918,0.045153792947530746,0.010146803222596645,0.059204887598752975,0.33228492736816406,0.0,0.07084959000349045,0.12692604959011078,0.045857563614845276,0.0,0.407912015914917,0.1568085253238678,0.0225753765553236,0.3744402229785919,0.14112697541713715,0.14026446640491486,0.022651849314570427,0.22281070053577423,0.27632641792297363,0.29302582144737244,0.016876500099897385,0.0,0.21918454766273499,0.09299203008413315,0.0036158524453639984,0.27891597151756287,0.005374039988964796,0.07116185128688812,0.0,0.41538572311401367,0.9314582943916321,0.2796251177787781,0.05751028284430504,0.0,0.0019695856608450413,0.12170346081256866,0.0,0.0,0.0,0.0,0.0763348862528801,0.2722720503807068,0.11276166886091232,0.14645832777023315,0.0,0.2893589437007904,0.3741455078125,0.04340989515185356,0.021139616146683693,0.2529618740081787,0.1186448335647583,0.0,0.0010672964854165912,0.07905300706624985,0.020018666982650757,0.0,0.17820706963539124,0.20426733791828156,0.012238740921020508,0.0,0.27588608860969543,0.4460205137729645,0.22320733964443207,0.14955686032772064,0.013567081652581692,0.003707310650497675,0.2024647742509842,0.0,0.2945483326911926,0.4101978838443756,0.0,0.0,0.0,0.04244392737746239,0.2840019762516022,0.00411278335377574,0.31425219774246216,0.2280573844909668,0.12307335436344147,0.09157802164554596,0.2031387835741043,0.026713285595178604,0.0,0.0,0.07896634191274643,0.14438621699810028,0.3046388328075409,0.4688125550746918,0.0,0.07591549307107925,0.18129348754882812,0.10110453516244888,0.06893303245306015,0.0,0.4285569190979004,0.2511771321296692,0.0026447863783687353,0.0,0.0020820030476897955,0.0,0.30782973766326904,0.0,0.005357574671506882,0.0,0.03129344806075096,0.21093177795410156,0.07609601318836212,0.07444217056035995,0.24039311707019806,0.0,0.0,0.1519589126110077,0.0,0.0,0.0,0.10135243088006973,0.0,0.1860274374485016,0.0,0.19337835907936096,0.0028471872210502625,0.0,0.0,0.0,0.3886139392852783,0.016819126904010773,0.0,0.0,0.774865448474884,0.08855872601270676,0.0,0.0017891466850414872,0.018777329474687576,0.4813806712627411,0.06210532411932945,0.1007334366440773,0.0,0.0007535979384556413,0.09028535336256027,0.0,0.08702776581048965,0.0,0.0,0.036823149770498276,0.0,0.0,0.00760143855586648,0.5416900515556335,0.18172045052051544,0.017451245337724686,0.20712952315807343,0.0,0.007264137268066406,0.0,0.019961338490247726,0.19897539913654327,0.05118269473314285,0.0,0.2572493553161621,0.35811975598335266,0.016123278066515923,0.4241897761821747,0.0,0.0,0.0,0.012896138243377209,0.030953455716371536,0.12596027553081512,0.512128472328186,0.04305853322148323,0.3555532693862915,0.05528116971254349,0.09849698841571808,0.20765426754951477,0.0,0.021168846637010574,0.2402060478925705,0.0,0.0,0.0,0.07784321159124374,0.05353492125868797,0.10897692292928696,0.04056359454989433,0.3583240211009979,0.02623583748936653,0.32427823543548584,0.004896427039057016,0.07091834396123886,0.4582730233669281,0.0,0.06341103464365005,0.22205977141857147,0.005846045445650816,0.2567245662212372,0.034743890166282654,0.0548991933465004,0.013052741065621376,0.038681820034980774,0.570581316947937,0.0036336169578135014,0.4904848039150238,0.0,0.15490292012691498,0.1085275411605835,0.5043468475341797,0.19228427112102509,0.02460399642586708,0.13433824479579926,0.04553646966814995,0.0,0.02135668694972992,0.0024436318781226873,0.1435951292514801,0.005415624938905239,0.0007463902584277093,0.26009079813957214,0.0,0.13062314689159393,0.021742774173617363,0.0,0.0,0.0,0.0,0.28524693846702576,0.0,0.0,0.02518092468380928,0.49875590205192566,0.0,0.0016351882368326187,0.017628444358706474,0.17282985150814056,0.08895856887102127,0.0,0.05073035880923271,0.20874564349651337,0.34945476055145264,0.2417229264974594,0.09288235008716583,0.0,0.08240842074155807,0.0,0.0,0.17382189631462097,0.0,0.0,0.9008073806762695,0.376160591840744,0.21095295250415802,0.09500398486852646,0.0,0.0,0.035066377371549606,0.01199956052005291,0.06941776722669601,0.1840866655111313,0.1734108179807663,0.3803858757019043,0.0,0.055089958012104034,0.1297026127576828,0.058198411017656326,0.06397438794374466,0.0,0.0018858835101127625,0.04392554238438606,0.1822126805782318,0.0,0.34922048449516296,0.1641208529472351,0.1791517436504364,0.1352359652519226,0.19096942245960236,0.06657204777002335,0.014637235552072525,0.0,0.0,0.0,0.25212806463241577,0.03590346872806549,0.01669534482061863,0.09201082587242126,0.17550627887248993,0.05560586228966713,0.0,0.30988994240760803,0.2218373864889145,0.0,0.0,0.14808447659015656,0.10742507874965668,0.0,0.01971619203686714,0.06867247074842453,0.0,0.34367820620536804,0.2164638787508011,0.0,0.0,0.4123300015926361,0.0050306436605751514,0.051289644092321396,0.0,0.31302839517593384,0.0,0.14565959572792053,0.032239269465208054,0.0007679172558709979,0.023347895592451096,0.03677438199520111,0.1457180678844452,0.2611095905303955,0.27090322971343994,0.02531818114221096,0.19820046424865723,0.0,0.1093292236328125,0.0,0.3725196123123169,0.0,0.0,0.121455617249012,0.0019010765245184302,0.0,0.7374283671379089,0.0,0.0,0.14336898922920227,0.0016067863907665014,0.7674259543418884,0.1797519028186798,0.027640899643301964,0.0,0.05040149763226509,0.2974924147129059,0.12340424209833145,0.0,0.0,0.0,0.6155166029930115,0.27918994426727295,0.25422996282577515,0.0,0.0,0.1434609591960907,0.7372457981109619,0.0,0.011934120208024979,0.21990759670734406,0.0,0.0,0.13895262777805328,0.13836990296840668,0.0,0.06236310675740242,0.19517755508422852,0.2653966546058655,0.07203363627195358,0.0,0.3199876546859741,0.5587625503540039,0.17344285547733307,0.03874891623854637,0.3496263325214386,0.0727778822183609,0.0,0.004447184968739748,0.10321836918592453,0.4113636612892151,0.0,0.0022775547113269567,0.00438864529132843,0.40473562479019165,0.3651406466960907,0.0,0.29468026757240295,0.09619895368814468,0.019928015768527985,0.01005264651030302,0.3714379370212555,0.030462712049484253,0.0,0.28306397795677185,0.08470229059457779,0.0,0.25612854957580566,0.07241783291101456,0.0,0.1541435271501541,0.24148207902908325,0.0,0.007854459807276726,0.15729127824306488,0.22154827415943146,0.016538679599761963,0.0,0.08611736446619034,0.03561508655548096,0.0,0.0,0.1302153319120407,0.0,0.0,0.043357208371162415,0.010124062187969685,0.07303908467292786,0.002827913500368595,0.1854272037744522,0.04228357970714569,0.0,0.2104029357433319,0.0052359625697135925,0.0,0.0,0.0,0.0,0.027805205434560776,0.05792625620961189,0.05554915964603424,0.0,0.16626007854938507,0.0,0.0,0.0,0.00028230829047970474,0.0,0.0,0.12635299563407898,0.06894265860319138,0.0,0.0,0.0,0.0,0.03202933073043823,0.11312462389469147,0.00226426450535655,0.04264003783464432,0.1630694568157196,0.0,0.0,0.09979967027902603,0.0,0.05066360533237457,0.03795298933982849,0.02013598196208477,0.0,0.3752627372741699,0.11681999266147614,0.0,0.0,0.22169966995716095,0.008932462893426418,0.03518933802843094,0.0,0.09111177921295166,0.017615631222724915,0.045465752482414246,0.08376587182283401,0.2702322006225586,0.0,0.0,0.0,0.0,0.31884339451789856,0.35967954993247986,0.0,0.19007739424705505,0.03453550115227699,0.12031012028455734,0.024028269574046135,0.4160534143447876,0.0,0.04355234652757645,0.0,0.00763992452993989,0.10343591123819351,0.0,0.0,0.0683162659406662,0.5607102513313293,0.2043638527393341,0.009016272611916065,0.2651447653770447,0.3810056149959564,0.0,0.0,0.21214018762111664,0.054769303649663925,0.1420644372701645,0.0,0.0,0.030252784490585327,0.01757875084877014,0.1319584995508194,0.3323647081851959,0.0,0.16875940561294556,0.0,0.22486169636249542,0.11828604340553284,0.2328578382730484,0.22495105862617493,0.12113206833600998,0.15403763949871063,0.1274459958076477,0.006419497076421976,0.1770574003458023,0.0008375893230549991,0.0,0.0,0.0,0.009176014922559261,0.0,0.0,0.007667143363505602,0.0,0.24307012557983398,0.08279936760663986,0.0745639055967331,0.0,0.0,0.0,0.0,0.6997887492179871,0.0,0.0,0.03638496622443199,0.0,0.0,0.01215039100497961,0.01215918269008398,0.0,0.0,0.056050315499305725,0.08578643947839737,0.0,0.0,0.7135717868804932,0.0,0.1129380464553833,0.030258430168032646,0.0,0.0,0.13622279465198517,0.25617414712905884,0.0,0.07253029942512512,0.11423657834529877,0.0854414775967598,0.0,0.1332719624042511,0.0,0.1579771786928177,0.050880298018455505,0.0,0.31869715452194214,0.0186690092086792,0.19831949472427368,0.0,0.0,0.2677072286605835,0.04208596050739288,0.031335022300481796,0.0,0.0,0.4959276020526886,0.18558450043201447,0.0,0.10464989393949509,0.6725872159004211,0.07083355635404587,0.0,0.22504813969135284,0.10919100046157837,0.1170429140329361,0.0,0.0,0.0,0.4893229901790619,0.05302130803465843,0.006396117620170116,0.17544695734977722,0.01427936926484108,0.017629629001021385,0.0,0.43333470821380615,0.01761843077838421,0.06498417258262634,0.009681882336735725,0.0,0.0,0.011087104678153992,0.0,0.08740447461605072,0.0047154054045677185,0.227996826171875,0.13227446377277374,0.0013530730502679944,0.0,0.6180679798126221,0.03849150612950325,0.005082952324301004,0.02279915288090706,0.43353530764579773,0.0,0.12168865650892258,0.08166293054819107,0.038533929735422134,0.0,0.2083873748779297,0.13229936361312866,0.1799778789281845,0.39538803696632385,0.23062355816364288,0.13011617958545685,0.03586210682988167,0.23067757487297058,0.14193829894065857,0.5127254128456116,0.0,0.0,0.08177304267883301,0.06581954658031464,0.0,0.5286908745765686,0.0,0.021802613511681557,0.005202379543334246,0.2245018035173416,1.0899910926818848,0.32402005791664124,0.1490185260772705,0.0,0.10790913552045822,0.3749030530452728,0.007948949933052063,0.0,0.00890885479748249,0.0,0.18530544638633728,0.3989253044128418,0.2931715250015259,0.06897366046905518,0.0,0.24586865305900574,0.5816453695297241,0.013441964983940125,0.07345865666866302,0.1634792536497116,0.025422150269150734,0.0,0.06933027505874634,0.052337612956762314,0.0,0.018768085166811943,0.23378869891166687,0.05713620409369469,0.017804129049181938,0.0,0.4777074456214905,0.3833535611629486,0.2126866728067398,0.09935174137353897,0.023311274126172066,0.0004358954029157758,0.06726054102182388,0.015385378152132034,0.2060670405626297,0.6232485771179199,0.0,0.013723783195018768,0.05138498544692993,0.09208391606807709,0.3700989782810211,0.0,0.05798297002911568,0.27139654755592346,0.09270171076059341,0.08796466886997223,0.15212349593639374,0.07131839543581009,0.0,0.05010417476296425,0.030259711667895317,0.039424680173397064,0.3403248190879822,0.3379298448562622,0.0,0.13120314478874207,0.11236059665679932,0.0402461439371109,0.054425109177827835,0.07157860696315765,0.32064011693000793,0.18832634389400482,0.0,0.003692657221108675,0.021268442273139954,0.0,0.1369069665670395,0.00583422789350152,0.0,0.0019874100107699633,0.05095839500427246,0.10618974268436432,0.07122594863176346,0.05491064116358757,0.3768072724342346,0.007531100884079933,0.0,0.25531089305877686,0.06560597568750381,0.0,0.0,0.006365341600030661,0.0,0.04467242583632469,0.0,0.22629022598266602,0.0,0.0,0.0,0.0,0.14910274744033813,0.003520282218232751,0.0,0.0,0.4928534924983978,0.07519854605197906,0.0,0.0037635129410773516,0.046319715678691864,0.20264530181884766,0.08210970461368561,0.06157825514674187,0.003596510272473097,0.1627560555934906,0.17450979351997375,0.0,0.03587764874100685,0.0,0.0,0.023157237097620964,0.02879422903060913,0.0,0.0020002175588160753,0.6647826433181763,0.05858874320983887,0.0010202577104791999,0.08854928612709045,0.02521619014441967,0.0033158196602016687,0.0,0.017372937873005867,0.10090818256139755,0.02412019483745098,0.0,0.3242059350013733,0.45945706963539124,0.012102833949029446,0.15950849652290344,0.0,0.0,0.058594558387994766,0.17775210738182068,0.024222102016210556,0.2663784623146057,0.18171346187591553,0.027306802570819855,0.1477005034685135,0.051567308604717255,0.00941208004951477,0.11014681309461594,0.0,0.036869242787361145,0.1812082976102829,0.0,0.0031350404024124146,0.0,0.20110511779785156,0.028759274631738663,0.03396185487508774,0.25351306796073914,0.48750701546669006,0.010279778391122818,0.11899717897176743,0.04419516399502754,0.07430399954319,0.4083758592605591,0.0047410051338374615,0.04824383556842804,0.12464824318885803,0.02171652391552925,0.22370876371860504,0.05295681208372116,0.0413210466504097,0.04475942626595497,0.029988136142492294,0.3714999258518219,0.006073297932744026,0.544430136680603,0.0018676734762266278,0.1355542689561844,0.1263769119977951,0.268148809671402,0.06997088342905045,0.2039622962474823,0.09619462490081787,0.0,0.0,0.0037624624092131853,0.008799301460385323,0.054293274879455566,0.0,0.010761140845716,0.046000003814697266,0.010004025883972645,0.08575720340013504,0.003937441390007734,0.0,0.0,0.0031343947630375624,0.0,0.5502694249153137,0.0,0.0,0.022363880649209023,0.20834137499332428,0.0,0.01506263017654419,0.04825317859649658,0.0749616026878357,0.0551387295126915,0.00801638700067997,0.024108028039336205,0.10884866863489151,0.08779900521039963,0.4679059386253357,0.06679645925760269,0.0,0.06779459118843079,0.0,0.02331923134624958,0.2032851278781891,0.11887100338935852,0.0,0.49764305353164673,0.4102969765663147,0.13639293611049652,0.025311512872576714,0.00638218130916357,0.0002909162431024015,0.020059917122125626,0.03155702352523804,0.007497562561184168,0.14599741995334625,0.18866810202598572,0.4086964428424835,0.0,0.024641897529363632,0.16941969096660614,0.1979122906923294,0.03936585411429405,0.0,0.001970934448763728,0.14514416456222534,0.10743251442909241,0.0,0.23610489070415497,0.3668011724948883,0.09055844694375992,0.06674227118492126,0.3357166647911072
187,0.0,0.051973167806863785,0.04251860827207565,0.0,0.0,0.0,0.374125599861145,0.14216656982898712,0.0,0.0040811956860125065,0.09431400895118713,0.017819851636886597,0.0,0.29399585723876953,0.0,0.039432745426893234,0.03681717813014984,0.0,0.0,0.0,0.0,0.1578187495470047,0.0,0.41451725363731384,0.01986616477370262,0.0,0.0,0.48449692130088806,0.0,0.08300506323575974,0.0054086958989501,0.19898410141468048,0.0,0.3540365993976593,0.0194373968988657,0.0721130296587944,0.06405611336231232,0.13096949458122253,0.025078976526856422,0.26948991417884827,0.0,0.1324494332075119,0.09867749363183975,0.08083540201187134,0.3007005453109741,0.0016554880421608686,0.1957714557647705,0.023145906627178192,0.0,0.056970443576574326,0.05095796287059784,0.0,0.16955578327178955,0.0004183888668194413,0.0,0.045961473137140274,0.02872515842318535,0.5510819554328918,0.07492052018642426,0.01114168856292963,0.0,0.25655293464660645,0.03855755925178528,0.0,0.0,0.0,0.0,0.11635904014110565,0.029739145189523697,0.0467229038476944,0.0,0.0,0.15046115219593048,0.19532327353954315,0.0063833752647042274,0.10067253559827805,0.018646208569407463,0.14216896891593933,0.0,0.19709330797195435,0.055219605565071106,0.01228279247879982,0.0,0.17042741179466248,0.11007602512836456,0.025109078735113144,0.0036139762960374355,0.09222759306430817,0.4374137222766876,0.26507556438446045,0.03621470555663109,0.0007431092672049999,0.0431426540017128,0.10100138932466507,0.0032201786525547504,0.0,0.35634124279022217,0.0,0.0,0.04209904000163078,0.0,0.15440671145915985,0.0,0.3538205921649933,0.37624940276145935,0.03539677709341049,0.027875801548361778,0.03694229945540428,0.0,0.0,0.023932084441184998,0.06683731079101562,0.03857230395078659,0.1472746878862381,0.0,0.0,0.017448564991354942,0.013682099059224129,0.025355223566293716,0.006073353346437216,0.03446206450462341,0.009634767659008503,0.0,0.0,0.001365523785352707,0.453683078289032,0.0,0.0,0.0,0.0,0.0,0.06829015165567398,0.0,0.01485480647534132,0.02680688351392746,0.0,0.0,0.0,0.08103808015584946,0.0005295251030474901,0.0,0.0022249852772802114,0.049172986298799515,0.0,0.09714701771736145,0.019205620512366295,0.0,0.019666390493512154,0.22130335867404938,0.0,0.016542360186576843,0.08633645623922348,0.06526223570108414,0.0,0.0,0.01124546118080616,0.016609493643045425,0.0,0.002631234936416149,0.0,0.19052299857139587,0.010351099073886871,0.018687792122364044,0.0,0.1437768191099167,0.0823761597275734,0.0,0.05980518087744713,0.0,0.0,0.0,0.0,0.003995286766439676,0.0,0.0035435683093965054,0.17521341145038605,0.0,0.015063242986798286,0.06885284930467606,0.013816693797707558,0.0037424853071570396,0.0,0.20376841723918915,0.0,0.009998228400945663,0.014962038025259972,0.16113132238388062,0.0,0.0,0.0,0.0,0.043708041310310364,0.146917924284935,0.0,0.11688414216041565,0.0921238511800766,0.03623949736356735,0.20228376984596252,0.11532709747552872,0.0,0.057911910116672516,0.0,0.010865967720746994,0.00974353775382042,0.0,0.0,0.004322890192270279,0.0,0.0,0.0,0.03683800995349884,0.21097195148468018,0.0,0.143644779920578,0.05646635591983795,0.11994148790836334,0.2913605570793152,0.0,0.0,0.31385964155197144,0.0,0.0,0.0,0.0,0.059383608400821686,0.0,0.033296652138233185,0.0024948623031377792,0.12513220310211182,0.149562805891037,0.0,0.0,0.24316763877868652,0.0874001681804657,0.2258383333683014,0.14218159019947052,0.0,0.0,0.04263334721326828,0.012110619805753231,0.0,0.020973414182662964,0.0,0.3544909954071045,0.002842002548277378,0.017507443204522133,0.07326656579971313,0.0,0.0,0.0,0.0,0.30254319310188293,0.0,0.0,0.0,0.05001820623874664,0.0,0.0428989976644516,0.022103480994701385,0.0,0.09038493037223816,0.001189625822007656,0.0,0.09171472489833832,0.0028025973588228226,0.4413549304008484,0.06589047610759735,0.019589312374591827,0.14487068355083466,0.0,0.0,0.06787454336881638,0.04462876170873642,0.0,0.22305046021938324,0.31650078296661377,0.24462813138961792,0.0,0.0,0.0,0.002750006504356861,0.012781224213540554,0.022631794214248657,0.06413773447275162,0.0022484525106847286,0.23865260183811188,0.0,0.008802637457847595,0.44734811782836914,0.2614743411540985,0.02725202776491642,0.0,0.0,0.0,0.30494624376296997,0.0,0.42476630210876465,0.09705168753862381,0.025927359238266945,0.0035884156823158264,0.0,0.15798823535442352,0.5601649880409241,0.0,0.0,0.0,0.44443634152412415,0.071738101541996,0.0,0.0,0.19791114330291748,0.004780867602676153,0.005373915191739798,0.19369655847549438,0.0,0.10133176296949387,0.0,0.0,0.0,0.0,0.0,0.21889431774616241,0.08665861934423447,1.0037529468536377,0.0,0.0,0.0,0.8775172829627991,0.08808505535125732,0.033179059624671936,0.23348252475261688,0.2660458981990814,0.0,0.4841587245464325,0.09064127504825592,0.37376466393470764,0.36171144247055054,0.8002050518989563,0.0,0.00011120778071926907,0.0,0.4371699392795563,0.0415678434073925,0.2870276868343353,0.734644889831543,0.8025611042976379,0.011659681797027588,0.0,0.0,0.24627338349819183,0.3121108114719391,0.0,0.001709587057121098,0.005285365041345358,0.17951259016990662,0.010520152747631073,0.5436130166053772,0.4403592348098755,0.08089417964220047,0.0,0.0,0.09579356759786606,0.0,0.0,0.0,0.057793617248535156,0.0,0.0,0.039858072996139526,0.0010976168559864163,0.5871623754501343,0.0,0.2691119611263275,0.0,0.052575238049030304,0.27512994408607483,0.0,0.7442752718925476,0.0010737694101408124,0.08556698262691498,0.07485749572515488,0.2558077275753021,0.0008931741467677057,0.2282744199037552,0.22044320404529572,0.0,0.18033474683761597,0.021380385383963585,0.5279111862182617,0.43102094531059265,0.11688588559627533,0.0,0.0007903981604613364,0.565895140171051,0.001979650231078267,0.0,0.2020007222890854,0.12075895816087723,0.0,0.031473517417907715,0.0,0.0,0.0,0.7551568150520325,0.7360173463821411,0.1745629608631134,0.2089177519083023,0.011775485239923,0.0,0.0,0.0,0.2136659473180771,0.2002289891242981,0.16070504486560822,0.058981649577617645,0.0,0.0,0.0011603079037740827,0.20221161842346191,0.17340798676013947,0.0,0.05195354297757149,0.2498607635498047,0.018612997606396675,0.0,0.5502147674560547,0.0,0.2766103148460388,0.005514482501894236,0.0,0.0,0.006195764522999525,0.10075095295906067,0.0,0.05133194848895073,0.0,0.0,0.0,0.0,0.015823205932974815,0.0,0.08605700731277466,0.6626020669937134,0.0,0.6247814893722534,0.0,0.0,0.13287903368473053,0.04965979605913162,0.0,0.04936990886926651,0.795603334903717,0.19644179940223694,0.0,0.0,0.5115007758140564,0.03614059463143349,0.0,0.0,0.0,1.1151150465011597,0.16824783384799957,0.0,0.0,0.17917652428150177,0.007946056313812733,0.05175385624170303,0.5464858412742615,0.0,0.0,0.016031570732593536,0.0,0.029355475679039955,0.10630376636981964,0.0,0.33463194966316223,0.00014525196456816047,0.6424973011016846,0.001482496620155871,0.007303236518055201,0.0,0.0,0.9842861294746399,0.0,0.0,0.11881294846534729,0.034007467329502106,0.13513168692588806,0.6313749551773071,0.0,0.0,0.0,0.0001224440784426406,0.09469595551490784,0.06654366850852966,0.7098208069801331,0.0015895465621724725,0.9691662192344666,0.0035142898559570312,0.026256190612912178,0.21147044003009796,0.0,0.010310692712664604,0.0,0.0,0.0,0.0,0.0,0.012370101176202297,0.0,0.0,0.05693491920828819,0.06538969278335571,0.6699142456054688,0.04861350357532501,0.23495347797870636,0.4376850724220276,0.0,0.0935404971241951,0.6648993492126465,0.0,0.0,0.0,0.0,0.0,0.06644019484519958,0.006657052785158157,0.10924728214740753,0.14056678116321564,0.02715810388326645,0.0,0.0,0.8924106955528259,0.4951096773147583,0.05526234582066536,0.18273143470287323,0.045840732753276825,0.0,0.26493290066719055,0.03855220228433609,0.0,0.0,0.0,1.1857706308364868,0.0,0.060454607009887695,0.017494844272732735,0.0,0.0,0.0,0.0,0.02182810939848423,0.0,0.05795319378376007,0.0,0.8203878402709961,0.03498203307390213,0.036841608583927155,0.0036348828580230474,0.06927856057882309,0.48136112093925476,0.0,0.0,0.5532345771789551,0.24402554333209991,0.005826431792229414,0.4645098149776459,0.08375051617622375,0.24381133913993835,0.0514240525662899,0.0,0.07434640824794769,0.0,0.024106455966830254,1.687408685684204,0.5347533822059631,0.46931490302085876,0.02360270358622074,0.0,0.0009344708523713052,0.011653868481516838,0.0021249905694276094,0.543274998664856,0.0,0.0,0.30835050344467163,0.001334693282842636,0.0,0.7725444436073303,0.3331720530986786,0.016632547602057457,0.004139282740652561,0.0,0.0,0.5580418705940247,0.06895602494478226,0.605607271194458,0.0,0.09890732914209366,0.3308049738407135,0.0,0.08711683750152588,0.2615244686603546,0.0,0.0,0.0,0.3363512456417084,0.12158551812171936,0.0,0.001946689561009407,0.189534991979599,0.011437797918915749,0.0,0.25817009806632996,0.0,0.04150506108999252,0.044082555919885635,0.049091365188360214,0.0,0.0,0.0,0.15783478319644928,0.032707929611206055,0.7568146586418152,0.0,0.0,0.0,0.7503863573074341,0.029578151181340218,0.044230375438928604,0.08931674808263779,0.30666613578796387,0.0,0.45309627056121826,0.0975612923502922,0.28486132621765137,0.14959058165550232,0.4585380256175995,0.012304520234465599,0.04135299101471901,0.0,0.3296610116958618,0.08754647523164749,0.22172725200653076,0.6039267182350159,0.462950736284256,0.04629175364971161,0.0,0.0,0.13056036829948425,0.1337866485118866,0.0,0.13840076327323914,0.02900056540966034,0.05978725850582123,0.036963991820812225,0.36520737409591675,0.5110439658164978,0.09823909401893616,0.025638382881879807,0.0,0.11642593145370483,0.028140366077423096,0.0,0.0,0.04950719326734543,0.0005008546868339181,0.10649219900369644,0.09485910832881927,0.04359154403209686,0.20658650994300842,0.0,0.16717369854450226,0.05112529173493385,0.012568231672048569,0.19419178366661072,0.0018586120568215847,0.3842201828956604,0.0004082759842276573,0.12717951834201813,0.06295496225357056,0.12387499213218689,0.010536693036556244,0.1950540691614151,0.31282228231430054,0.01458819955587387,0.05757436156272888,0.10458977520465851,0.4706449806690216,0.3313368558883667,0.06593552231788635,0.10844661295413971,0.051674529910087585,0.3295559287071228,0.0020032578613609076,0.0,0.27258700132369995,0.006946190260350704,0.0041332850232720375,0.032866209745407104,0.010541933588683605,0.050425756722688675,0.0,0.5045811533927917,0.4540025591850281,0.19387373328208923,0.133407860994339,0.07184147089719772,0.0,0.0,0.008260423317551613,0.08870884031057358,0.04804105684161186,0.11045454442501068,0.028666332364082336,0.0,0.00644636619836092,0.04736557602882385,0.03655967861413956,0.11007706820964813,0.0,0.01811925508081913,0.09344854205846786,0.01752440631389618,0.0065180351957678795,0.42715179920196533,0.0,0.13536101579666138,0.0668359026312828,0.0030622510239481926,0.0,0.03905424103140831,0.035529688000679016,0.0,0.03408209979534149,0.0005947493482381105,0.0,0.0045923194848001,0.06869728118181229,0.026665620505809784,0.0,0.015187915414571762,0.4108736217021942,0.0,0.34766170382499695,0.0,0.0,0.0553317666053772,0.11781071126461029,0.0,0.010113431140780449,0.5323455929756165,0.17171449959278107,0.0,0.0,0.3027496337890625,0.021100761368870735,0.0,0.0068187410943210125,0.0,0.7025761604309082,0.15523329377174377,0.0,0.0,0.12953218817710876,0.03436279296875,0.04874744266271591,0.221090167760849,0.04057513177394867,0.0,0.0035169506445527077,0.0,0.024357501417398453,0.12135656923055649,0.04454776272177696,0.2018069624900818,0.005684797652065754,0.2426079958677292,0.05597382038831711,0.004758268594741821,0.0,0.0006974721327424049,0.5233635902404785,0.005455090664327145,0.02751810848712921,0.10136502236127853,0.10036522150039673,0.008539851754903793,0.3127460777759552,0.006244146265089512,0.0,0.017826272174715996,0.00154036283493042,0.08250553905963898,0.10272286832332611,0.4405083656311035,0.028497692197561264,0.591055691242218,0.142401784658432,0.009240668267011642,0.05265086516737938,0.0,0.08128199726343155,0.0,0.0,0.0,0.0018517780117690563,0.0,0.05791410803794861,0.05953414365649223,0.0049481140449643135,0.09698569774627686,0.02450539544224739,0.4248538315296173,0.11976012587547302,0.11771973222494125,0.307809054851532,0.0,0.027512691915035248,0.3477500379085541,0.02868930622935295,0.0032160934060811996,0.0,0.0,0.0,0.00981828197836876,0.004636098630726337,0.16976097226142883,0.2142292857170105,0.197773739695549,0.0,0.0,0.5686711072921753,0.3659535050392151,0.1240805983543396,0.14797095954418182,0.05409812927246094,0.0017469085287302732,0.08628406375646591,0.019870895892381668,0.002908351831138134,0.0,0.0,0.6678047776222229,0.0036114631220698357,0.15066401660442352,0.02103501558303833,0.0,0.0,0.0,0.0,0.1970517635345459,0.0,0.0,0.0,0.3517734706401825,0.003315542358905077,0.0127713643014431,0.030273698270320892,0.014102568849921227,0.17489829659461975,0.0,0.014914240688085556,0.292483925819397,0.1711205542087555,0.13022629916667938,0.21431607007980347,0.06779279559850693,0.1379978209733963,0.0,0.0,0.04326961562037468,0.007196614518761635,0.03441886976361275,1.1637221574783325,0.35521310567855835,0.28332170844078064,0.0,0.0,0.019242068752646446,0.022610129788517952,0.002951387781649828,0.16528373956680298,0.07252809405326843,0.02517351694405079,0.30742549896240234,0.0,0.0,0.6579529047012329,0.27907896041870117,0.07289223372936249,0.0,0.005807921756058931,0.0,0.3448342978954315,0.03747866302728653,0.368222177028656,0.008472397923469543,0.08952130377292633,0.13636279106140137,-0.7338864207267761
188,0.0,0.14580698311328888,0.49901142716407776,0.0025319962296634912,0.0,0.0,0.6165251135826111,0.023064477369189262,0.0,0.0,0.06971359252929688,0.0,0.0,0.2560161054134369,0.0,0.19062575697898865,0.02071727253496647,0.0,0.0,0.0,0.0,0.13131533563137054,0.024541132152080536,0.6915145516395569,0.0,0.0,0.0,0.8383224606513977,0.07546878606081009,0.050354618579149246,0.2950911819934845,0.31335610151290894,0.0,0.40168699622154236,0.18109342455863953,0.38994666934013367,0.16907644271850586,0.7970860004425049,0.0,0.0014210757799446583,0.0,0.4300292432308197,0.0496140718460083,0.23809538781642914,0.5526755452156067,0.9194612503051758,0.09471753984689713,0.0,0.0,0.19541268050670624,0.3753562569618225,0.0,0.0,0.008799625560641289,0.21441571414470673,0.0,0.705437183380127,0.6566708087921143,0.1545850783586502,0.05330171808600426,0.0,0.031216956675052643,0.005395323503762484,0.0,0.0,0.11193660646677017,0.007867962121963501,0.0,0.1341460943222046,0.009054800495505333,0.6139037609100342,0.0,0.3648563325405121,0.0,0.11197283864021301,0.11362392455339432,0.0,0.5950393080711365,0.0,0.1136055514216423,0.018796073272824287,0.28434595465660095,0.002320026746019721,0.15566471219062805,0.0,0.0,0.15287916362285614,0.1682804375886917,0.4216732680797577,0.5398867726325989,0.10819404572248459,0.0,0.0,0.49480000138282776,0.0,0.0,0.4295858144760132,0.1101142019033432,0.0,0.007106830831617117,0.0,0.041176941245794296,0.0,0.523565411567688,0.7770289778709412,0.45221033692359924,0.25072622299194336,0.00425294041633606,0.0,0.0,0.0,0.23023076355457306,0.23016251623630524,0.2444600760936737,0.17344403266906738,0.0,0.0,0.0,0.23436005413532257,0.17837098240852356,0.0,0.055087246000766754,0.1792672872543335,0.01806602254509926,0.0,0.44949594140052795,0.0021692970767617226,0.251851886510849,0.0,0.0,0.0,0.008321575820446014,0.1466808319091797,0.0,0.08851303160190582,0.033986084163188934,0.0,0.0,0.037221238017082214,0.033826835453510284,0.0,0.01818820834159851,0.5972957611083984,0.0,0.5825796127319336,0.0,0.0,0.039336323738098145,0.0,0.0,0.0770333781838417,0.7553068995475769,0.2995852530002594,0.0,0.0,0.5816555023193359,0.004490009043365717,0.0,2.5456563889747486e-05,0.0,1.1863898038864136,0.3187517821788788,0.0,0.0,0.17561393976211548,0.04143685847520828,0.0,0.6736462712287903,0.0,0.0,0.0,0.0,0.053877200931310654,0.1280384510755539,0.0714355856180191,0.2393416315317154,0.022735506296157837,0.7789468765258789,0.0,0.0232236348092556,0.0,0.0,0.9064512252807617,0.006670026574283838,0.0,0.2480948567390442,0.21862371265888214,0.14484235644340515,0.6863566040992737,0.0,0.0,0.0,0.0,0.11936444789171219,0.1768777072429657,0.6465228199958801,0.019819585606455803,0.8549498319625854,0.0,0.07303962856531143,0.20340029895305634,0.0,0.014215032570064068,0.0,0.0,0.0,0.0,0.0,0.0,0.0027101635932922363,0.00014260431635193527,0.18936091661453247,0.08597730100154877,0.7086277008056641,0.0,0.25761011242866516,0.5193008780479431,0.0,0.07981596887111664,0.5699911713600159,0.011427074670791626,0.0072761401534080505,0.0,0.0,0.0,0.05793948844075203,0.023192021995782852,0.0,0.3738971948623657,0.008960005827248096,0.0,0.0,0.8568225502967834,0.4411666691303253,0.032102812081575394,0.20033086836338043,0.12933868169784546,0.00021978218865115196,0.2841806411743164,0.07842656970024109,0.002091595670208335,0.0,0.0,1.1752516031265259,0.0,0.039286598563194275,0.019569972530007362,0.0,0.0,0.0,0.0,0.008554468862712383,0.0,0.02693403698503971,0.0,0.8790748119354248,0.06585793942213058,0.07828748226165771,0.007446978706866503,0.08901925384998322,0.530750572681427,0.0,0.0,0.645555317401886,0.34800291061401367,0.0,0.5859456658363342,0.0,0.38418906927108765,0.045114580541849136,0.0,0.10873053222894669,0.0,0.028012918308377266,1.4983670711517334,0.8328608274459839,0.479095995426178,0.12274959683418274,0.0,0.0022740827407687902,0.0,0.0031924801878631115,0.4800146520137787,0.0,0.0031826640479266644,0.46405166387557983,0.0,0.0,0.6381208300590515,0.273648738861084,0.021513326093554497,0.010216942988336086,0.0,0.0,0.38818955421447754,0.12531189620494843,0.6468139886856079,0.0,0.007982944138348103,0.25170832872390747,0.0,0.15798823535442352,0.5601649880409241,0.0,0.0,0.0,0.44443634152412415,0.071738101541996,0.0,0.0,0.19791114330291748,0.004780867602676153,0.005373915191739798,0.19369655847549438,0.0,0.10133176296949387,0.0,0.0,0.0,0.0,0.0,0.21889431774616241,0.08665861934423447,1.0037529468536377,0.0,0.0,0.0,0.8775172829627991,0.08808505535125732,0.033179059624671936,0.23348252475261688,0.2660458981990814,0.0,0.4841587245464325,0.09064127504825592,0.37376466393470764,0.36171144247055054,0.8002050518989563,0.0,0.00011120778071926907,0.0,0.4371699392795563,0.0415678434073925,0.2870276868343353,0.734644889831543,0.8025611042976379,0.011659681797027588,0.0,0.0,0.24627338349819183,0.3121108114719391,0.0,0.001709587057121098,0.005285365041345358,0.17951259016990662,0.010520152747631073,0.5436130166053772,0.4403592348098755,0.08089417964220047,0.0,0.0,0.09579356759786606,0.0,0.0,0.0,0.057793617248535156,0.0,0.0,0.039858072996139526,0.0010976168559864163,0.5871623754501343,0.0,0.2691119611263275,0.0,0.052575238049030304,0.27512994408607483,0.0,0.7442752718925476,0.0010737694101408124,0.08556698262691498,0.07485749572515488,0.2558077275753021,0.0008931741467677057,0.2282744199037552,0.22044320404529572,0.0,0.18033474683761597,0.021380385383963585,0.5279111862182617,0.43102094531059265,0.11688588559627533,0.0,0.0007903981604613364,0.565895140171051,0.001979650231078267,0.0,0.2020007222890854,0.12075895816087723,0.0,0.031473517417907715,0.0,0.0,0.0,0.7551568150520325,0.7360173463821411,0.1745629608631134,0.2089177519083023,0.011775485239923,0.0,0.0,0.0,0.2136659473180771,0.2002289891242981,0.16070504486560822,0.058981649577617645,0.0,0.0,0.0011603079037740827,0.20221161842346191,0.17340798676013947,0.0,0.05195354297757149,0.2498607635498047,0.018612997606396675,0.0,0.5502147674560547,0.0,0.2766103148460388,0.005514482501894236,0.0,0.0,0.006195764522999525,0.10075095295906067,0.0,0.05133194848895073,0.0,0.0,0.0,0.0,0.015823205932974815,0.0,0.08605700731277466,0.6626020669937134,0.0,0.6247814893722534,0.0,0.0,0.13287903368473053,0.04965979605913162,0.0,0.04936990886926651,0.795603334903717,0.19644179940223694,0.0,0.0,0.5115007758140564,0.03614059463143349,0.0,0.0,0.0,1.1151150465011597,0.16824783384799957,0.0,0.0,0.17917652428150177,0.007946056313812733,0.05175385624170303,0.5464858412742615,0.0,0.0,0.016031570732593536,0.0,0.029355475679039955,0.10630376636981964,0.0,0.33463194966316223,0.00014525196456816047,0.6424973011016846,0.001482496620155871,0.007303236518055201,0.0,0.0,0.9842861294746399,0.0,0.0,0.11881294846534729,0.034007467329502106,0.13513168692588806,0.6313749551773071,0.0,0.0,0.0,0.0001224440784426406,0.09469595551490784,0.06654366850852966,0.7098208069801331,0.0015895465621724725,0.9691662192344666,0.0035142898559570312,0.026256190612912178,0.21147044003009796,0.0,0.010310692712664604,0.0,0.0,0.0,0.0,0.0,0.012370101176202297,0.0,0.0,0.05693491920828819,0.06538969278335571,0.6699142456054688,0.04861350357532501,0.23495347797870636,0.4376850724220276,0.0,0.0935404971241951,0.6648993492126465,0.0,0.0,0.0,0.0,0.0,0.06644019484519958,0.006657052785158157,0.10924728214740753,0.14056678116321564,0.02715810388326645,0.0,0.0,0.8924106955528259,0.4951096773147583,0.05526234582066536,0.18273143470287323,0.045840732753276825,0.0,0.26493290066719055,0.03855220228433609,0.0,0.0,0.0,1.1857706308364868,0.0,0.060454607009887695,0.017494844272732735,0.0,0.0,0.0,0.0,0.02182810939848423,0.0,0.05795319378376007,0.0,0.8203878402709961,0.03498203307390213,0.036841608583927155,0.0036348828580230474,0.06927856057882309,0.48136112093925476,0.0,0.0,0.5532345771789551,0.24402554333209991,0.005826431792229414,0.4645098149776459,0.08375051617622375,0.24381133913993835,0.0514240525662899,0.0,0.07434640824794769,0.0,0.024106455966830254,1.687408685684204,0.5347533822059631,0.46931490302085876,0.02360270358622074,0.0,0.0009344708523713052,0.011653868481516838,0.0021249905694276094,0.543274998664856,0.0,0.0,0.30835050344467163,0.001334693282842636,0.0,0.7725444436073303,0.3331720530986786,0.016632547602057457,0.004139282740652561,0.0,0.0,0.5580418705940247,0.06895602494478226,0.605607271194458,0.0,0.09890732914209366,0.3308049738407135,0.0,0.11132032424211502,0.4323275685310364,0.0,0.0,0.0,0.48805129528045654,0.0647980198264122,0.0,0.0017067673616111279,0.0695379301905632,0.001860144198872149,0.004734150134027004,0.34170183539390564,0.0,0.07036609202623367,0.052087076008319855,0.0,0.0,0.0,0.0,0.13607129454612732,0.08258206397294998,0.7785747051239014,0.0,0.0,0.0,0.8153116703033447,0.036135900765657425,0.020245186984539032,0.18764375150203705,0.36841917037963867,0.0,0.479595422744751,0.12966403365135193,0.4545753300189972,0.2261604219675064,0.7217592000961304,0.0,0.02415478602051735,0.002388815162703395,0.4175622761249542,0.041273083537817,0.27390092611312866,0.6288243532180786,0.838201105594635,0.0704820305109024,0.0,0.0,0.13677532970905304,0.2971949875354767,0.0,0.03546659275889397,0.03509316220879555,0.16258510947227478,0.0,0.6929274201393127,0.6614865064620972,0.137656107544899,0.024329708889126778,0.0,0.043910861015319824,0.0358390212059021,0.0,0.0,0.16506768763065338,0.004281485453248024,0.0,0.13460935652256012,0.056134603917598724,0.4771854877471924,0.0,0.2689928114414215,0.006184495519846678,0.0597933754324913,0.17113178968429565,0.0005389136495068669,0.5126195549964905,0.0,0.0675160139799118,0.027714718133211136,0.275299072265625,0.008998751640319824,0.2128789722919464,0.0817328691482544,0.0,0.10728459060192108,0.13557249307632446,0.4681655764579773,0.4063473343849182,0.057287439703941345,0.0,0.001233816146850586,0.4758627712726593,0.0078753512352705,0.0,0.38547828793525696,0.05444638803601265,0.0014649108052253723,0.011268533766269684,0.0,0.05894652009010315,0.0,0.4328732192516327,0.6771249771118164,0.3828398287296295,0.23576310276985168,0.006013321224600077,0.00012803822755813599,0.0,0.0,0.1574024260044098,0.15248151123523712,0.174478679895401,0.1282162219285965,0.0,0.01008682232350111,0.0,0.17590156197547913,0.1238538920879364,0.0,0.07068729400634766,0.14882832765579224,0.011244879104197025,0.0,0.385203093290329,0.0,0.26591771841049194,0.0,0.002083313185721636,0.0,0.026723431423306465,0.10990393161773682,0.0,0.05888155475258827,0.002189003862440586,0.0,0.008391193114221096,0.025267470628023148,0.04699711874127388,0.0,0.0317813940346241,0.7002931833267212,0.0,0.4988822937011719,0.0,0.0,0.04035875201225281,0.0,0.0,0.03565973415970802,0.7966746687889099,0.2347813993692398,0.0,0.0,0.5392017364501953,0.00124407559633255,0.0,0.009432416409254074,0.0,1.053810477256775,0.2669562101364136,0.0,0.0,0.15239687263965607,0.04419727250933647,0.013537480495870113,0.5023078322410583,0.0,0.0,0.01118622999638319,0.0,0.009308629669249058,0.17678706347942352,0.06423310935497284,0.18640312552452087,0.01275699120014906,0.5516001582145691,0.0,0.0068780360743403435,0.0,0.0,0.7494418621063232,0.0028945417143404484,0.0,0.2330136001110077,0.17926140129566193,0.08221279084682465,0.6916420459747314,0.000981316901743412,0.0,0.0,0.0054557956755161285,0.15377601981163025,0.14270934462547302,0.6195980310440063,0.009906715713441372,0.7952280044555664,0.0,0.034948911517858505,0.1413540244102478,0.0,0.0921238586306572,0.0,0.0,0.0005905115394853055,0.0,0.0,0.0,0.06138988956809044,0.011440356262028217,0.16864870488643646,0.047353897243738174,0.6796843409538269,0.007223639637231827,0.17750288546085358,0.4042666554450989,0.0,0.06600344926118851,0.41289690136909485,0.027819255366921425,0.02230720780789852,0.0,0.0,0.0,0.048436641693115234,0.008772142231464386,0.04055234417319298,0.3661593198776245,0.009706013835966587,0.0,0.0,0.7929338812828064,0.45826148986816406,0.06387367099523544,0.15477971732616425,0.102655328810215,0.001811673049814999,0.1824970543384552,0.04313361272215843,0.00879735965281725,0.0,0.0,0.9763632416725159,0.0,0.1367737501859665,0.015004420652985573,0.0,0.0,0.0,0.0,0.11131925880908966,0.0,0.018829964101314545,0.0,0.7040542960166931,0.017526689916849136,0.03127891570329666,0.029528697952628136,0.05711746960878372,0.3070249855518341,0.0,0.0,0.5088841915130615,0.34987303614616394,0.0025783285964280367,0.44145336747169495,0.029028696939349174,0.24501533806324005,0.023546861484646797,0.0,0.053255993872880936,0.0,0.017030591145157814,1.5804636478424072,0.6403287053108215,0.37579333782196045,0.05015232414007187,0.0,0.008798553608357906,0.009122383780777454,0.011356336995959282,0.3751170337200165,0.0,0.039580948650836945,0.39125823974609375,0.0,0.0,0.6751531958580017,0.25439274311065674,0.015079375356435776,0.0,0.02599765546619892,0.0,0.3481892943382263,0.11048972606658936,0.43142274022102356,0.0,0.06876066327095032,0.20283810794353485,-0.7615867257118225
189,0.0,0.14580698311328888,0.49901142716407776,0.0025319962296634912,0.0,0.0,0.6165251135826111,0.023064477369189262,0.0,0.0,0.06971359252929688,0.0,0.0,0.2560161054134369,0.0,0.19062575697898865,0.02071727253496647,0.0,0.0,0.0,0.0,0.13131533563137054,0.024541132152080536,0.6915145516395569,0.0,0.0,0.0,0.8383224606513977,0.07546878606081009,0.050354618579149246,0.2950911819934845,0.31335610151290894,0.0,0.40168699622154236,0.18109342455863953,0.38994666934013367,0.16907644271850586,0.7970860004425049,0.0,0.0014210757799446583,0.0,0.4300292432308197,0.0496140718460083,0.23809538781642914,0.5526755452156067,0.9194612503051758,0.09471753984689713,0.0,0.0,0.19541268050670624,0.3753562569618225,0.0,0.0,0.008799625560641289,0.21441571414470673,0.0,0.705437183380127,0.6566708087921143,0.1545850783586502,0.05330171808600426,0.0,0.031216956675052643,0.005395323503762484,0.0,0.0,0.11193660646677017,0.007867962121963501,0.0,0.1341460943222046,0.009054800495505333,0.6139037609100342,0.0,0.3648563325405121,0.0,0.11197283864021301,0.11362392455339432,0.0,0.5950393080711365,0.0,0.1136055514216423,0.018796073272824287,0.28434595465660095,0.002320026746019721,0.15566471219062805,0.0,0.0,0.15287916362285614,0.1682804375886917,0.4216732680797577,0.5398867726325989,0.10819404572248459,0.0,0.0,0.49480000138282776,0.0,0.0,0.4295858144760132,0.1101142019033432,0.0,0.007106830831617117,0.0,0.041176941245794296,0.0,0.523565411567688,0.7770289778709412,0.45221033692359924,0.25072622299194336,0.00425294041633606,0.0,0.0,0.0,0.23023076355457306,0.23016251623630524,0.2444600760936737,0.17344403266906738,0.0,0.0,0.0,0.23436005413532257,0.17837098240852356,0.0,0.055087246000766754,0.1792672872543335,0.01806602254509926,0.0,0.44949594140052795,0.0021692970767617226,0.251851886510849,0.0,0.0,0.0,0.008321575820446014,0.1466808319091797,0.0,0.08851303160190582,0.033986084163188934,0.0,0.0,0.037221238017082214,0.033826835453510284,0.0,0.01818820834159851,0.5972957611083984,0.0,0.5825796127319336,0.0,0.0,0.039336323738098145,0.0,0.0,0.0770333781838417,0.7553068995475769,0.2995852530002594,0.0,0.0,0.5816555023193359,0.004490009043365717,0.0,2.5456563889747486e-05,0.0,1.1863898038864136,0.3187517821788788,0.0,0.0,0.17561393976211548,0.04143685847520828,0.0,0.6736462712287903,0.0,0.0,0.0,0.0,0.053877200931310654,0.1280384510755539,0.0714355856180191,0.2393416315317154,0.022735506296157837,0.7789468765258789,0.0,0.0232236348092556,0.0,0.0,0.9064512252807617,0.006670026574283838,0.0,0.2480948567390442,0.21862371265888214,0.14484235644340515,0.6863566040992737,0.0,0.0,0.0,0.0,0.11936444789171219,0.1768777072429657,0.6465228199958801,0.019819585606455803,0.8549498319625854,0.0,0.07303962856531143,0.20340029895305634,0.0,0.014215032570064068,0.0,0.0,0.0,0.0,0.0,0.0,0.0027101635932922363,0.00014260431635193527,0.18936091661453247,0.08597730100154877,0.7086277008056641,0.0,0.25761011242866516,0.5193008780479431,0.0,0.07981596887111664,0.5699911713600159,0.011427074670791626,0.0072761401534080505,0.0,0.0,0.0,0.05793948844075203,0.023192021995782852,0.0,0.3738971948623657,0.008960005827248096,0.0,0.0,0.8568225502967834,0.4411666691303253,0.032102812081575394,0.20033086836338043,0.12933868169784546,0.00021978218865115196,0.2841806411743164,0.07842656970024109,0.002091595670208335,0.0,0.0,1.1752516031265259,0.0,0.039286598563194275,0.019569972530007362,0.0,0.0,0.0,0.0,0.008554468862712383,0.0,0.02693403698503971,0.0,0.8790748119354248,0.06585793942213058,0.07828748226165771,0.007446978706866503,0.08901925384998322,0.530750572681427,0.0,0.0,0.645555317401886,0.34800291061401367,0.0,0.5859456658363342,0.0,0.38418906927108765,0.045114580541849136,0.0,0.10873053222894669,0.0,0.028012918308377266,1.4983670711517334,0.8328608274459839,0.479095995426178,0.12274959683418274,0.0,0.0022740827407687902,0.0,0.0031924801878631115,0.4800146520137787,0.0,0.0031826640479266644,0.46405166387557983,0.0,0.0,0.6381208300590515,0.273648738861084,0.021513326093554497,0.010216942988336086,0.0,0.0,0.38818955421447754,0.12531189620494843,0.6468139886856079,0.0,0.007982944138348103,0.25170832872390747,0.19570933282375336,0.059403784573078156,0.09875468164682388,0.0,0.0,0.0,0.4435644745826721,0.050585757941007614,0.0032992407213896513,0.1808840036392212,0.08500783890485764,0.0,0.0,0.347015917301178,0.06048382446169853,0.0,0.003797736717388034,0.0062376707792282104,0.002774342894554138,0.0,0.030930092558264732,0.019509414210915565,0.0,0.38151785731315613,0.24807392060756683,0.012383028864860535,0.0,0.5586555600166321,0.05675426870584488,0.02692594565451145,0.02472066693007946,0.3740661144256592,0.0,0.08103764802217484,0.07609110325574875,0.013236462138593197,0.0,0.23645912110805511,0.20060446858406067,0.08601973205804825,0.47328421473503113,0.1018160730600357,0.1468380242586136,0.0,0.19662600755691528,0.05014047026634216,0.5234405994415283,0.023186488077044487,0.0,0.19995461404323578,0.02736460044980049,0.0,0.6069731116294861,0.0021091524977236986,0.010848542675375938,0.019559351727366447,0.14209310710430145,0.9548977017402649,0.2453586906194687,0.08599663525819778,0.0,0.0283262487500906,0.20349879562854767,0.0,0.0,0.0,0.0,0.4257054328918457,0.32887861132621765,0.10966923087835312,0.019703075289726257,0.0,0.30702003836631775,0.6298726201057434,0.017232343554496765,0.04655542969703674,0.4315590560436249,0.007648703642189503,0.0,0.0026165032759308815,0.143973708152771,0.0,0.023836523294448853,0.2596000134944916,0.3299811780452728,0.0,0.0035698898136615753,0.3405637741088867,0.5522429347038269,0.16262970864772797,0.17295248806476593,0.2722654342651367,0.03800831735134125,0.1856795996427536,0.0,0.29572588205337524,0.45572859048843384,0.0,0.0,0.0,0.1777729094028473,0.16005586087703705,0.0,0.37142425775527954,0.18085609376430511,0.0859690010547638,0.027004122734069824,0.2791104316711426,0.08355280011892319,0.0,0.12663118541240692,0.04444574937224388,0.0974520668387413,0.3585330843925476,0.387796550989151,0.0,0.05805058404803276,0.3745283782482147,0.013318374752998352,0.041135288774967194,0.11730611324310303,0.35401037335395813,0.11104805767536163,0.005135142710059881,0.029456814751029015,0.0015542760957032442,0.0,0.14456142485141754,0.1874821037054062,0.0,0.026700450107455254,0.01603025570511818,0.09728803485631943,0.013664654456079006,0.03205837681889534,0.30323490500450134,0.018390847370028496,0.0,0.1887078732252121,0.009692761115729809,0.0,7.253848161781207e-05,0.0,0.0,0.09178090840578079,0.0,0.2978983223438263,0.0007001787307672203,0.00020889044390060008,0.0,0.0,0.0660746842622757,0.005695007275789976,0.0,0.0030260279309004545,0.5653396248817444,0.18174438178539276,0.0,0.0,0.028660276904702187,0.1852758377790451,0.04150558263063431,0.17430531978607178,0.0,0.001050350139848888,0.11131300032138824,0.0,0.005815564189106226,0.023391231894493103,0.0,0.04073554649949074,0.016630031168460846,0.017903132364153862,0.0,0.6281755566596985,0.20632866024971008,0.01639345847070217,0.0,0.021922362968325615,0.0,0.004108688328415155,0.008390444330871105,0.09619550406932831,0.012040520086884499,0.0,0.26310044527053833,0.38592591881752014,0.005492758937180042,0.07412372529506683,0.0,0.0,0.24511151015758514,0.21083298325538635,0.0,0.07431165874004364,0.28683724999427795,0.0,0.2891610562801361,0.32681891322135925,0.03845591098070145,0.32481834292411804,0.0,0.019802803173661232,0.1670953780412674,0.0,0.0,0.0,0.5526261329650879,0.23687021434307098,0.1236967071890831,0.11519359797239304,0.4091181755065918,0.002393718808889389,0.06446398049592972,0.13278882205486298,0.05861510708928108,0.32868799567222595,0.0,0.013744289986789227,0.13523589074611664,0.0,0.2723377048969269,0.30558881163597107,0.030643869191408157,0.08049304038286209,0.0,0.5931611657142639,0.2046259641647339,0.30586203932762146,0.0629817396402359,0.23170824348926544,0.14727042615413666,0.39975520968437195,0.0701056495308876,0.07156992703676224,0.04417196288704872,0.019525278359651566,0.0,0.0,0.003074370324611664,0.08448197692632675,0.0,0.04069434851408005,0.1745278388261795,0.1720898151397705,0.11481466144323349,0.01402890682220459,0.0,0.0,0.0,0.0,0.4950112998485565,0.0,0.0,0.04139556363224983,0.1994820535182953,0.0,0.0,0.011654219590127468,0.07247153669595718,0.0,0.0,0.10194722563028336,0.08081400394439697,0.07322097569704056,0.4968244135379791,0.014967245049774647,0.07690443098545074,0.021376488730311394,0.0,0.007790619973093271,0.13743191957473755,0.04276145622134209,0.0,0.46058961749076843,0.21981501579284668,0.2776482105255127,0.007997588254511356,0.05537254735827446,0.0,0.19990423321723938,0.0314214862883091,0.0,0.32770809531211853,0.1109253540635109,0.3658609390258789,0.0,0.028518198058009148,0.2284862995147705,0.11514153331518173,0.06275138258934021,0.0,0.0,0.3989213705062866,0.2342393696308136,0.0,0.23919346928596497,0.5035282969474792,0.25828543305397034,0.03611297905445099,0.1789604127407074,0.10454670339822769,0.19647368788719177,0.0,0.0,0.0,0.6165679097175598,0.03505567088723183,0.0,0.1410561501979828,0.011814708821475506,0.0,0.0,0.3788706660270691,0.0,0.026149490848183632,0.08588150143623352,0.0,0.0,0.0,0.0,0.06673673540353775,0.06441451609134674,0.3246067762374878,0.11380881816148758,0.0,0.005933750886470079,0.7897193431854248,0.07143927365541458,0.017880750820040703,0.096272312104702,0.48309093713760376,0.0,0.25076285004615784,0.06387946754693985,0.22484996914863586,0.015577955171465874,0.4579212963581085,0.022011300548911095,0.04922249913215637,0.30266299843788147,0.37739697098731995,0.07594436407089233,0.15665917098522186,0.391122967004776,0.5500717163085938,0.4046379327774048,0.0,0.0,0.12626953423023224,0.19784460961818695,0.0,0.3389393389225006,0.022912614047527313,0.051021505147218704,0.0,0.4543800950050354,1.0660045146942139,0.3899940550327301,0.1334257870912552,0.0,0.08946303278207779,0.20412442088127136,0.0,0.0,0.09936054050922394,0.0006060812738724053,0.012852200306952,0.4625658094882965,0.18017679452896118,0.3040751814842224,0.0,0.4133295714855194,0.34027358889579773,0.06285934895277023,0.0998334214091301,0.12089750915765762,0.1594991683959961,0.0,0.0640343651175499,0.011457789689302444,0.07710576057434082,0.021621789783239365,0.2313670665025711,0.07827794551849365,0.0,0.030752986669540405,0.49113190174102783,0.3761520981788635,0.36153215169906616,0.14194488525390625,0.018437352031469345,0.04503311216831207,0.2662966549396515,0.023299800232052803,0.20084969699382782,0.647315502166748,0.0008823888492770493,0.013936380855739117,0.021697577089071274,0.038407113403081894,0.23518337309360504,0.0,0.1396995186805725,0.4827721416950226,0.37452173233032227,0.14183224737644196,0.13641484081745148,0.0779162272810936,0.0,0.0,0.11643768846988678,0.10313093662261963,0.3636849522590637,0.4146853983402252,0.00139506789855659,0.05906480550765991,0.09649953991174698,0.06045711040496826,0.09560531377792358,0.019628556445240974,0.27805793285369873,0.13472142815589905,0.0010543481912463903,0.0,0.06850932538509369,0.008044098503887653,0.30448830127716064,0.006533139385282993,0.00555958179756999,0.0019943539518862963,0.041869256645441055,0.21367427706718445,0.0,0.07637558877468109,0.3296627700328827,0.0,0.00783201027661562,0.1920975148677826,0.07193604111671448,0.0,0.0,0.31624090671539307,0.0,0.23588408529758453,0.0,0.17517870664596558,0.0,0.0004133846960030496,0.0,0.0,0.42297351360321045,0.13490422070026398,0.0,0.0,0.643840491771698,0.013150992803275585,0.0,0.0031021584291011095,0.033441055566072464,0.6393892765045166,0.2762657403945923,0.09121919423341751,0.004196293652057648,0.13138991594314575,0.13347233831882477,0.005490561947226524,0.24970708787441254,0.0,0.0,0.01433006301522255,0.03879624977707863,0.033139340579509735,0.1358988881111145,0.6634482145309448,0.07966732233762741,0.0030558884609490633,0.3228090703487396,0.00044187737512402236,0.0,0.0,0.005855061113834381,0.367520809173584,0.01135930884629488,0.0007453759317286313,0.47591432929039,0.48514243960380554,0.08600616455078125,0.43519169092178345,0.0,0.0,0.01624550111591816,0.11416354775428772,0.0822867751121521,0.2408703714609146,0.32484307885169983,0.016183091327548027,0.4409208297729492,0.03006877936422825,0.04074012115597725,0.16560424864292145,0.0,0.0972566306591034,0.11699330806732178,0.0,0.002899228362366557,0.0,0.10816629230976105,0.017694780603051186,0.07876210659742355,0.05228742957115173,0.5070023536682129,0.036705486476421356,0.3451683223247528,0.003472310723736882,0.16400575637817383,0.5289545059204102,0.006916751619428396,0.10197094082832336,0.17814037203788757,0.009529571048915386,0.20501653850078583,0.04144402593374252,0.03369225561618805,0.01030619814991951,0.008953999727964401,0.37212952971458435,0.044071417301893234,0.6023162007331848,0.0,0.11272171884775162,0.06064966693520546,0.5164861679077148,0.22521911561489105,0.10494641214609146,0.22666825354099274,0.09051188081502914,0.0,0.02584701217710972,0.04475260525941849,0.04714250564575195,0.0,0.006704386789351702,0.45074722170829773,0.0006938295555301011,0.07161867618560791,0.0,0.0,0.0,0.0,0.0,0.3252013027667999,0.0,0.0,0.014869613572955132,0.5117612481117249,0.015297017060220242,0.026621360331773758,0.04736745357513428,0.063245989382267,0.084723100066185,0.0,0.026949582621455193,0.2949856221675873,0.2845056653022766,0.14389623701572418,0.23132239282131195,0.004654986318200827,0.15532824397087097,0.0,0.04517609626054764,0.10384403169155121,0.0076665314845740795,0.0,0.990227997303009,0.6437839269638062,0.3190191984176636,0.04610257223248482,0.0,0.005460533779114485,0.03420880064368248,0.029492106288671494,0.06909795850515366,0.09063810110092163,0.21378028392791748,0.5405563712120056,0.0032994518987834454,0.0003133035497739911,0.3069423735141754,0.2004965841770172,0.12754301726818085,0.0,0.04947776719927788,0.07456544786691666,0.12835365533828735,0.07773498445749283,0.33398231863975525,0.1055431216955185,0.06857549399137497,0.09174519777297974,-0.3872024118900299
190,0.0025873344857245684,0.13585908710956573,0.4188261032104492,0.0,0.013337739743292332,0.0,0.6130809783935547,0.015800639986991882,0.0,0.006505417171865702,0.08898595720529556,0.0,0.00015295048069674522,0.30958256125450134,0.0,0.21095700562000275,0.05286915972828865,0.0,0.0,0.0,0.0,0.14503537118434906,0.06614942103624344,0.6432040333747864,0.0,0.0,0.0,0.8561299443244934,0.09372619539499283,0.10233940184116364,0.25723132491111755,0.34724411368370056,0.0,0.41224727034568787,0.17688502371311188,0.3581065237522125,0.2100290060043335,0.7566576600074768,0.0,0.0006816925597377121,0.013075802475214005,0.41245779395103455,0.03843193128705025,0.26906919479370117,0.5695322751998901,0.9940401911735535,0.17291243374347687,0.0,0.0,0.1745021641254425,0.37659838795661926,0.0,0.0,0.010444670915603638,0.17522010207176208,0.0,0.7042160034179688,0.7724694609642029,0.13528621196746826,0.0627419576048851,0.0,0.02960403822362423,0.03661889582872391,0.0,0.0,0.1707005798816681,0.0,0.0,0.15659789741039276,0.07956720143556595,0.661893904209137,0.0,0.4053252339363098,0.00433012330904603,0.19719982147216797,0.088860884308815,0.0,0.6119802594184875,0.0,0.154743030667305,0.03643806651234627,0.3121055066585541,0.0,0.16333860158920288,0.0,0.0,0.17165769636631012,0.17891784012317657,0.4083419442176819,0.586459219455719,0.1003975197672844,0.0,0.007281877100467682,0.4532729387283325,0.003973290324211121,0.0,0.4737531244754791,0.08482812345027924,0.0,7.079293482092908e-06,0.0,0.11804653704166412,0.0,0.3648677170276642,0.8138812184333801,0.43301859498023987,0.24352224171161652,0.0,0.0,0.0,0.0,0.23855270445346832,0.2959643006324768,0.3037886917591095,0.23611398041248322,0.0,0.0,0.0,0.31595245003700256,0.13520389795303345,0.0,0.08833401650190353,0.1410306990146637,0.017636412754654884,0.0,0.4511290192604065,0.0,0.3015214502811432,0.0,0.0,0.0,0.022263551130890846,0.21841123700141907,0.0,0.08934114873409271,0.020806368440389633,0.0,0.0,0.023486163467168808,0.025607548654079437,0.0,0.04637288302183151,0.6431799530982971,0.0,0.5764697790145874,0.0,0.0,0.02110847271978855,0.0,0.0,0.04865337163209915,0.863132894039154,0.285574346780777,0.0,0.0,0.509784996509552,0.0009865412721410394,0.0,0.0035560044925659895,0.0,1.2009449005126953,0.30265936255455017,0.0,0.0,0.23499737679958344,0.04889153689146042,0.0,0.7649177312850952,0.0,0.0,0.0,0.0,0.024952275678515434,0.1094878539443016,0.08693233132362366,0.1737070232629776,0.030324647203087807,0.8394080400466919,0.0,0.03877520561218262,0.0,0.0,0.8962275385856628,0.013357308693230152,0.0,0.23367884755134583,0.28008121252059937,0.09680304676294327,0.8239158391952515,0.0,0.0,0.0,0.0,0.10398153215646744,0.2060699462890625,0.5573480129241943,0.011149889789521694,0.8204668164253235,0.0,0.12019021064043045,0.2124636322259903,0.0,0.020742515102028847,0.012630989775061607,0.0,0.0,0.0,0.0,0.0,0.0020231653470546007,0.0008421839447692037,0.3281800150871277,0.1096607968211174,0.7776158452033997,0.0,0.31718358397483826,0.6373356580734253,0.0,0.08381611108779907,0.5517266392707825,0.0,0.029018227010965347,0.0,0.0,0.0,0.03063669241964817,0.02573554217815399,0.0,0.4344276189804077,0.0030014992225915194,0.011209092102944851,0.0,0.892559289932251,0.44275838136672974,0.034284669905900955,0.3003927767276764,0.28880107402801514,0.00024700205540284514,0.28658926486968994,0.061447568237781525,0.0,0.0,0.0,1.099347710609436,0.0,0.001245227176696062,0.03902974724769592,0.0,0.0,0.0,0.0,0.013753063976764679,0.0,0.03464912250638008,0.0,0.8918401002883911,0.08138201385736465,0.08713257312774658,0.02270696870982647,0.07310900837182999,0.544219434261322,0.0,0.0,0.6484411954879761,0.3360390365123749,0.0,0.621476948261261,0.0024727615527808666,0.4337714910507202,0.044861968606710434,0.0,0.11540990322828293,0.0,0.020326660946011543,1.4763914346694946,0.9861167073249817,0.5236881971359253,0.20327894389629364,0.0,0.009984523057937622,0.0,0.00389877799898386,0.4789929986000061,0.0,0.027494143694639206,0.5249226689338684,0.0,0.0,0.584367036819458,0.31529656052589417,0.02047247439622879,0.0,0.0,0.0,0.3155219256877899,0.18434230983257294,0.7010661959648132,0.0,0.0021418051328510046,0.25001099705696106,0.38118964433670044,0.07837416976690292,0.03823133558034897,0.0,0.0,0.0,0.5790640115737915,0.003326982958242297,0.029432812705636024,0.19286756217479706,0.10758259147405624,0.0028474414721131325,0.0,0.38536858558654785,0.02461482211947441,0.0,0.016789009794592857,0.027123963460326195,0.12072154134511948,0.0,0.004897499922662973,0.016896653920412064,0.004638529848307371,0.10546398162841797,0.440922349691391,0.0071641537360847,0.0,0.49047955870628357,0.041276633739471436,0.060943473130464554,0.006886598654091358,0.4720984399318695,0.0,0.04138636216521263,0.13531269133090973,0.00812607817351818,0.008196800947189331,0.06356117874383926,0.13485543429851532,0.07997775822877884,0.6761992573738098,0.13334351778030396,0.286941796541214,0.008988945744931698,0.07992159575223923,0.013205662369728088,0.6434640288352966,0.0,0.003358559450134635,0.08802392333745956,0.004214971326291561,0.0,0.7938790321350098,0.0,0.0,0.0,0.16107480227947235,1.1484535932540894,0.39758989214897156,0.11801084131002426,0.0,0.03487510606646538,0.46147051453590393,0.0,0.0,0.0,0.0,0.33486512303352356,0.5289795398712158,0.3874220848083496,0.0,0.0,0.26268020272254944,0.836611270904541,0.02296517603099346,0.017429949715733528,0.313886433839798,0.0,0.0,0.15288354456424713,0.0807470753788948,0.0,0.05784270167350769,0.18741218745708466,0.11146467924118042,0.05129338428378105,0.0,0.6170791983604431,0.6062928438186646,0.2366178333759308,0.10740449279546738,0.25658950209617615,0.17657367885112762,0.04514965042471886,0.007383226882666349,0.4415247142314911,0.7590649127960205,0.0,0.014602812007069588,0.0,0.3105282485485077,0.616969645023346,0.0,0.1618640273809433,0.1525653451681137,0.1388927698135376,0.04274468868970871,0.29769495129585266,0.13501852750778198,0.0,0.14265969395637512,0.14832644164562225,0.02738412655889988,0.3553997576236725,0.4821789264678955,0.0,0.21609614789485931,0.2432112693786621,0.0,0.010478896088898182,0.08656995743513107,0.49531289935112,0.043554823845624924,0.009201970882713795,0.005443796515464783,0.0,0.004852664656937122,0.020202260464429855,0.05740494653582573,0.0,0.013387629762291908,0.02447332628071308,0.1529630422592163,0.06225475296378136,0.000930824491661042,0.5190996527671814,0.04269310459494591,0.0,0.3537687063217163,0.021509366109967232,0.0,0.0,0.0,0.004847466945648193,0.04023757949471474,0.03877078369259834,0.4172421395778656,0.0029835663735866547,0.11043335497379303,0.0,0.0,0.03351666405797005,0.007603663485497236,0.0,0.0,0.4872070252895355,0.029344890266656876,0.008398914709687233,0.00223281211219728,0.07636895775794983,0.035632576793432236,0.12454960495233536,0.2254081815481186,0.0,0.0661156103014946,0.22887594997882843,0.0,0.0,0.007385425269603729,0.0,0.03396102413535118,0.06675418466329575,0.08392243832349777,0.01112435944378376,1.0505043268203735,0.06310298293828964,0.0,0.0038680359721183777,0.04260384663939476,4.584491398418322e-05,0.0,0.009002028964459896,0.05529293417930603,0.03649861365556717,0.021921105682849884,0.31978049874305725,0.6329163908958435,0.006315536797046661,0.03913787379860878,0.0,0.0,0.09365842491388321,0.43041273951530457,0.0,0.2337115854024887,0.1397315263748169,0.2435908168554306,0.017021536827087402,0.1666475385427475,0.01529174204915762,0.07694153487682343,0.0,0.05545322969555855,0.3656834065914154,0.0064361183904111385,0.0,0.031544029712677,0.3903891444206238,0.12578415870666504,0.1351502686738968,0.27651891112327576,0.6945382952690125,0.0,0.005843734834343195,0.08637471497058868,0.05190419778227806,0.33252817392349243,0.0,0.018382230773568153,0.04998285695910454,0.0002707477833610028,0.3616614043712616,0.2906755208969116,0.08870458602905273,0.20405292510986328,0.007553280796855688,0.670069694519043,0.0774533748626709,0.5318949818611145,0.029290083795785904,0.3924879729747772,0.26276424527168274,0.16984285414218903,0.021704886108636856,0.10519524663686752,0.06302261352539062,0.0,0.0,0.0,0.0158331748098135,0.09362750500440598,0.0,0.020597103983163834,0.004197483416646719,0.15238988399505615,0.1342049390077591,0.043799061328172684,0.0,0.0,0.003813305636867881,0.0,0.6936378479003906,0.0,0.0,0.07870399951934814,0.10361583530902863,0.0,0.002555561251938343,0.07382847368717194,0.04533527418971062,0.0,0.004108475521206856,0.08453526347875595,0.025111252442002296,0.08085054904222488,0.5831391215324402,0.003238282399252057,0.07238040119409561,0.04503963142633438,0.0,0.0030268339905887842,0.22606630623340607,0.08037219196557999,0.0,0.14306053519248962,0.3526217043399811,0.2220289260149002,0.0,0.12796151638031006,0.0,0.13903988897800446,0.1252993792295456,0.0,0.25602683424949646,0.25677892565727234,0.4652930796146393,0.0,0.030141634866595268,0.029896480962634087,0.10088828951120377,0.1251419335603714,0.0,0.0,0.5430286526679993,0.06583156436681747,0.0,0.22673232853412628,0.6634736061096191,0.0666990801692009,0.0,0.11214412748813629,0.1042504757642746,0.14765597879886627,0.0,0.0,0.0,0.4844634234905243,0.05982273072004318,0.0,0.12706796824932098,0.03971109539270401,0.0001721608714433387,0.0,0.30850380659103394,0.0,0.004152456298470497,0.06054926663637161,0.000490147212985903,0.0,0.0,0.0,0.10019442439079285,0.06178748607635498,0.4889194667339325,0.11590740829706192,0.0,0.005231142044067383,0.807154655456543,0.07744263112545013,0.028538819402456284,0.0832720473408699,0.4631411135196686,0.0,0.26376283168792725,0.07539486140012741,0.20942001044750214,0.030272871255874634,0.39558926224708557,0.06871885806322098,0.039005208760499954,0.2546628713607788,0.33671388030052185,0.0736437737941742,0.13815973699092865,0.45900821685791016,0.41424641013145447,0.29643917083740234,0.0,0.0,0.1723787784576416,0.10288229584693909,0.0,0.44119468331336975,0.01733545772731304,0.03534888103604317,0.0,0.38356903195381165,0.91075199842453,0.288470059633255,0.08648497611284256,0.0,0.07467041909694672,0.10225609689950943,0.0,0.0,0.07665129005908966,0.0,0.15276508033275604,0.387613981962204,0.1096196323633194,0.19064249098300934,0.0,0.32281023263931274,0.40050333738327026,0.03593568131327629,0.10977983474731445,0.15292231738567352,0.19857275485992432,0.0014396019978448749,0.03868148848414421,0.041356004774570465,0.09597516804933548,0.025365259498357773,0.2234249711036682,0.23011425137519836,0.0,0.017734577879309654,0.38753944635391235,0.4913276135921478,0.3107735216617584,0.11687806248664856,0.07795275002717972,0.05112253874540329,0.2480800896883011,0.014663596637547016,0.20405235886573792,0.5113795399665833,0.0,0.00864371657371521,0.012893732637166977,0.08451340347528458,0.21157844364643097,0.0,0.25767895579338074,0.3549503982067108,0.21252302825450897,0.11189847439527512,0.1806112676858902,0.04440414160490036,0.0,0.0037314279470592737,0.09392121434211731,0.08385387808084488,0.3052797317504883,0.3150010406970978,0.011249345727264881,0.04289143159985542,0.19369539618492126,0.03935873135924339,0.07874410599470139,0.023566987365484238,0.2644001543521881,0.14313845336437225,0.002939301310107112,0.009906087070703506,0.09589778631925583,0.004743559751659632,0.2585753798484802,0.08118319511413574,0.00526390690356493,0.0010618054075166583,0.04154087230563164,0.13340075314044952,0.0,0.04001903906464577,0.22467438876628876,0.0,0.01613004319369793,0.14621487259864807,0.03909878805279732,0.0,0.0,0.30778801441192627,0.0,0.25222450494766235,0.0,0.09963689744472504,0.0025225013960152864,0.0,0.0,0.0,0.41306155920028687,0.10346390306949615,0.00022919631737750024,0.0,0.5456159710884094,0.04101316258311272,0.0,0.0032245933543890715,0.01969255320727825,0.5920918583869934,0.1702510565519333,0.07544990628957748,0.0033129893708974123,0.09994374215602875,0.07821104675531387,0.016135158017277718,0.15098433196544647,0.024755941703915596,0.0,0.02435271069407463,0.03984598442912102,0.03246458247303963,0.11030597984790802,0.4793088138103485,0.1384473592042923,0.0034917304292321205,0.18743227422237396,0.012903643772006035,0.0,0.0,0.0065075005404651165,0.3515896797180176,0.012587947770953178,0.0075933379121124744,0.3577703535556793,0.34553906321525574,0.062360599637031555,0.3432074785232544,0.006301517132669687,0.0,0.08070594072341919,0.07917306572198868,0.0744623988866806,0.18000510334968567,0.3807901442050934,0.013366492465138435,0.4102421998977661,0.11658220738172531,0.014898906461894512,0.13434956967830658,0.0,0.08821236342191696,0.09094369411468506,0.0,0.0,0.0,0.20693889260292053,0.10507641732692719,0.06266801804304123,0.036012738943099976,0.41713547706604004,0.026785997673869133,0.2833196222782135,0.039777569472789764,0.11715417355298996,0.41161611676216125,0.00925756711512804,0.0480547696352005,0.21741575002670288,0.012532186694443226,0.11960580945014954,0.10101991891860962,0.01979648694396019,0.015343722887337208,0.018781239166855812,0.36650487780570984,0.13261663913726807,0.445905476808548,0.02436147816479206,0.10807102918624878,0.07817281037569046,0.5104413032531738,0.24462109804153442,0.12056031823158264,0.19112038612365723,0.04823418706655502,0.0,0.024614432826638222,0.03507797420024872,0.03755095601081848,0.0,0.004217846784740686,0.4343388080596924,0.06820980459451675,0.10893315076828003,0.0,0.0,0.0,0.0,0.0,0.37123021483421326,0.0,0.0,0.011442397721111774,0.37094178795814514,0.003965811803936958,0.005422490183264017,0.038343094289302826,0.05642111971974373,0.06812191009521484,0.0,0.07439881563186646,0.20266318321228027,0.18733027577400208,0.28435590863227844,0.17957057058811188,0.05738449841737747,0.08005312830209732,0.0,0.01639106683433056,0.07956422865390778,0.005824620369821787,0.0,1.0240031480789185,0.4148034155368805,0.28056323528289795,0.002352645620703697,0.007923806086182594,0.007758842781186104,0.1032877042889595,0.020152993500232697,0.06973128020763397,0.1811627298593521,0.14584441483020782,0.44277381896972656,0.0036022712010890245,0.0,0.3486176133155823,0.17353592813014984,0.12493542581796646,0.0,0.017705371603369713,0.139121875166893,0.22766347229480743,0.05236545577645302,0.2715987265110016,0.17156296968460083,0.1200927346944809,0.09615340828895569,-0.2869621217250824
191,0.08120213449001312,0.1303044557571411,0.05614428594708443,0.0,0.0,0.0,0.4657604694366455,0.08160395920276642,0.0,0.00893077626824379,0.05371366813778877,0.005408296827226877,0.0,0.31616899371147156,0.0,0.0762060359120369,0.023982413113117218,0.0,0.0,0.0,0.0,0.048933543264865875,0.0,0.33606788516044617,0.018604183569550514,0.0,0.0,0.4859839379787445,0.003901021322235465,0.09569519013166428,0.08327259123325348,0.28170046210289,0.0,0.28129372000694275,0.05252150446176529,0.07941029220819473,0.04895946756005287,0.2457580864429474,0.01459022518247366,0.12646321952342987,0.0290630254894495,0.1579252928495407,0.09229430556297302,0.10650097578763962,0.2649237811565399,0.10685159265995026,0.24489863216876984,0.015249825082719326,0.0,0.079450324177742,0.07814570516347885,0.0,0.17641587555408478,0.011969591490924358,0.02249750867486,0.00258762389421463,0.19156889617443085,0.6275901198387146,0.15899594128131866,0.06053537875413895,0.0,0.09595711529254913,0.09278234094381332,0.0,0.0,0.0016510207206010818,0.0,0.02643250860273838,0.14876008033752441,0.1176595464348793,0.021569736301898956,0.0,0.15344731509685516,0.09905482083559036,0.024313820526003838,0.04224366322159767,0.0022109299898147583,0.0960937961935997,0.0,0.12524724006652832,0.009819984436035156,0.0851726084947586,0.0,0.1525096446275711,0.04185156896710396,0.010015621781349182,0.05855005979537964,0.2139759510755539,0.3658679723739624,0.35693150758743286,0.04692491888999939,0.0,0.027036001905798912,0.07493535429239273,0.0017390616703778505,0.011998635716736317,0.4661988317966461,0.0,0.0,0.00020403116650413722,0.0,0.2859749495983124,0.0,0.2993674576282501,0.33247002959251404,0.14678405225276947,0.04184485971927643,0.01421617902815342,0.01534201204776764,0.0,0.0038635660894215107,0.06860636919736862,0.04346666485071182,0.17835476994514465,0.02248631976544857,0.0,0.03580044209957123,0.0,0.06682675331830978,0.005717145744711161,0.0,0.03592634201049805,0.013540834188461304,0.00432470440864563,0.0,0.3360396921634674,0.0,0.0,0.0,0.011448300443589687,0.0,0.12430936098098755,0.009467394091188908,0.005269590299576521,0.017151964828372,0.06783848255872726,0.0,0.0,0.08215072005987167,0.004887905903160572,0.0,0.0,0.017149480059742928,0.0,0.15547490119934082,0.0,0.019313856959342957,0.0,0.03935524821281433,0.00317838485352695,0.041736673563718796,0.19729216396808624,0.10070152580738068,0.0,0.0,0.23633182048797607,0.013459390960633755,0.0,0.02757866680622101,0.02972792647778988,0.2613396942615509,0.1305529922246933,0.02036074735224247,0.0,0.12192290276288986,0.09541302174329758,0.0023180998396128416,0.12332741171121597,0.0,0.0,0.0,0.0,0.03177539259195328,0.014760809950530529,0.12408708781003952,0.12142997235059738,0.003929405938833952,0.11349055916070938,0.03281562402844429,0.02858777716755867,0.0071045816875994205,0.0,0.2538747489452362,0.0,0.0,0.11947806924581528,0.23713140189647675,0.0,0.07387560606002808,0.0,0.0,0.01841636747121811,0.09041149914264679,0.0003650309517979622,0.19290977716445923,0.14959712326526642,0.035637300461530685,0.1977800875902176,0.012557456269860268,0.0073917158879339695,0.0898975282907486,0.0,0.02048194408416748,0.028229687362909317,0.0,0.0,0.0,0.0,0.0,0.040967874228954315,0.03307187184691429,0.31902021169662476,0.015229100361466408,0.21342897415161133,0.014648223295807838,0.04423965886235237,0.337442010641098,0.002534981817007065,0.02206924930214882,0.2408500760793686,0.0,0.02603243850171566,0.0,0.0,0.01418642420321703,0.0,0.03804829344153404,0.0015783228445798159,0.25969117879867554,0.0347227118909359,0.01027507334947586,0.0,0.33571165800094604,0.09664485603570938,0.09475000202655792,0.07593008130788803,0.015383817255496979,0.0,0.04559536650776863,0.051946382969617844,0.017387060448527336,0.0,0.0,0.3693423271179199,0.0,0.023310484364628792,0.06271734088659286,0.0,0.0,0.0,0.0,0.2725619375705719,0.0,0.0,0.004104651510715485,0.09570030868053436,0.0,0.06033584475517273,0.046977318823337555,0.001778542879037559,0.1484697461128235,0.0,0.0,0.17775216698646545,0.10696136951446533,0.19870944321155548,0.08497017621994019,0.0,0.16998045146465302,0.005583915859460831,0.0,0.07512134313583374,0.004493981134146452,0.0,0.35937753319740295,0.4346179962158203,0.21493013203144073,0.01654529944062233,0.0,0.0,0.0,0.0010078269988298416,0.031332727521657944,0.025586146861314774,0.04807702824473381,0.33628615736961365,0.0,0.0192159004509449,0.2949715852737427,0.1516961306333542,0.014058979228138924,0.0,0.0,0.0,0.25324681401252747,0.0,0.45099517703056335,0.06970153003931046,0.0026036840863525867,0.02218029461801052,0.0,0.07715131342411041,0.05232983082532883,0.0,0.0,0.0,0.310663104057312,0.15392254292964935,0.0,0.01219667587429285,0.18673762679100037,0.032605379819869995,0.0,0.337782621383667,0.0,0.01334286667406559,0.008154273964464664,0.0032038409262895584,0.021348144859075546,0.0,0.0,0.15904100239276886,0.0,0.46441662311553955,0.02930719032883644,0.003027751110494137,0.0,0.4817729890346527,0.0,0.013680960983037949,0.0,0.21863679587841034,0.0,0.3533931374549866,0.0022717833053320646,0.06205572187900543,0.11029936373233795,0.11406728625297546,0.0,0.24545162916183472,0.0,0.18827638030052185,0.12693683803081512,0.11970527470111847,0.3095019459724426,0.0,0.21057769656181335,0.0024565402418375015,0.0,0.06287043541669846,0.03188205137848854,0.0,0.247951477766037,0.0,0.0,0.12278907001018524,0.006440106313675642,0.5465894937515259,0.020954106003046036,0.0,0.0,0.3211436867713928,0.020438045263290405,0.0,0.0,0.0,0.0,0.21987640857696533,0.011007602326571941,0.013535289093852043,0.0,0.0,0.14861829578876495,0.2389986515045166,0.0,0.18078170716762543,0.059144966304302216,0.09459415078163147,0.0,0.22166655957698822,0.07209870964288712,0.0010217460803687572,0.0,0.26106858253479004,0.10125657916069031,0.033884476870298386,0.0,0.05174585431814194,0.4755078852176666,0.16851824522018433,0.01760760322213173,0.05401819571852684,0.047684796154499054,0.084811732172966,0.02635398879647255,0.0,0.2716040015220642,0.0,0.0,0.04767611622810364,0.0,0.02444402500987053,0.0,0.3277808427810669,0.2992042601108551,0.002136480063199997,0.0344037190079689,0.043878939002752304,0.0,0.0,0.06868065893650055,0.05602439492940903,0.03498957306146622,0.0974908322095871,0.0,0.0,0.011711889877915382,0.03701594099402428,0.011926300823688507,0.0,0.07171474397182465,0.019456567242741585,0.0,0.0027722585946321487,0.015057944692671299,0.3793424963951111,0.0,0.0,0.0,0.0,0.0,0.03432650864124298,0.0,0.029309134930372238,1.6522593796253204e-05,0.0,0.0,0.0,0.16029669344425201,0.016595372930169106,0.0,0.005128323100507259,0.0029658153653144836,0.0,0.046634696424007416,0.0,0.0,0.039433613419532776,0.24594806134700775,0.0,0.01906036213040352,0.005710459314286709,0.03054220788180828,0.0,0.0,0.014565307646989822,0.091872438788414,0.0,0.0069878678768873215,0.0,0.020789818838238716,0.0,0.0456404946744442,0.0,0.1563643366098404,0.07951807975769043,0.012288779951632023,0.018985800445079803,0.01504499837756157,0.0,0.0,0.0,0.027386462315917015,0.0,0.0,0.15413713455200195,0.0,0.0,0.11530216038227081,0.03289139270782471,0.0,0.0,0.15222322940826416,0.0,0.005469050258398056,0.015165169723331928,0.13095541298389435,0.0,0.0,0.0,0.0,0.06668292731046677,0.16969649493694305,0.0,0.0885346531867981,0.06863614916801453,0.07514263689517975,0.14102643728256226,0.19817766547203064,0.0,0.051476139575242996,0.0,0.017494631931185722,0.004756416194140911,0.0,0.0,0.002987462095916271,0.0,0.0,0.0,0.08167773485183716,0.19234919548034668,0.0,0.09764408320188522,0.1373240202665329,0.09468267858028412,0.27345219254493713,0.0,0.0,0.28750672936439514,0.0,0.0029862523078918457,0.0,0.0,0.038355886936187744,0.0,0.020915476605296135,0.0,0.04871159791946411,0.14840592443943024,0.0,0.0,0.20769047737121582,0.11387951672077179,0.3251568675041199,0.08889150619506836,0.0,0.0005190700758248568,0.03109733574092388,0.0,0.0,0.016940981149673462,0.0,0.28948327898979187,0.018049929291009903,0.0046009765937924385,0.046175915747880936,0.0,0.0,0.0,0.0,0.2889400124549866,0.0,0.0,0.0,0.03175976127386093,0.0,0.018369141966104507,0.00909520499408245,0.0,0.07756859809160233,0.0,0.0009705177508294582,0.045897819101810455,0.0,0.4560942053794861,0.043459415435791016,0.026999972760677338,0.13595324754714966,0.0,0.0,0.08842077106237411,0.13452334702014923,0.0,0.35038304328918457,0.2066914588212967,0.26008033752441406,0.0,0.0,0.013458575122058392,0.002414525020867586,0.0322391502559185,0.020351234823465347,0.08766894787549973,0.003427803749218583,0.17532342672348022,0.0,0.0,0.44411665201187134,0.3336230516433716,0.02015344426035881,0.0,0.0,0.012637097388505936,0.34250372648239136,0.0,0.3864288628101349,0.1599828600883484,0.06144672632217407,0.0,0.03522386774420738,0.07698065042495728,0.01846933923661709,0.0,0.0,0.0,0.4358527958393097,0.11637572944164276,0.0,0.024353036656975746,0.05348488688468933,0.0428432896733284,0.0,0.3850521147251129,0.0,0.03439104184508324,0.05891501158475876,0.0,0.0,0.0,0.0,0.0967448353767395,0.005520162172615528,0.3255613148212433,0.021394386887550354,0.0006719647790305316,0.0,0.5632877945899963,0.0004736881819553673,0.033793218433856964,0.04375598207116127,0.34009385108947754,0.0,0.3093191087245941,0.014086125418543816,0.1189473494887352,0.0180475153028965,0.15116837620735168,0.0034992871806025505,0.21544739603996277,0.031111963093280792,0.2571086585521698,0.08074662834405899,0.1417352259159088,0.3176438510417938,0.05562842637300491,0.35160553455352783,0.006394634023308754,0.0,0.03726506605744362,0.0728718638420105,0.0,0.2984853684902191,0.0008636125712655485,0.0022475889418274164,0.03465205803513527,0.09215357899665833,0.7562265396118164,0.11724486947059631,0.08601939678192139,0.0,0.2252805083990097,0.13777637481689453,0.0010622967965900898,0.0,0.005694847088307142,0.0,0.06915631890296936,0.16832660138607025,0.15006351470947266,0.010350718162953854,0.0,0.12031137198209763,0.22097307443618774,0.013504278846085072,0.17743536829948425,0.007590807508677244,0.06152225285768509,0.0,0.15710093080997467,0.012523001059889793,0.019195903092622757,0.0,0.22064267098903656,0.003363283583894372,0.012050682678818703,0.03776009380817413,0.26231804490089417,0.327587366104126,0.260635107755661,0.020254703238606453,0.00033085004542954266,0.028993915766477585,0.0709557831287384,0.04418305307626724,0.02960926666855812,0.49269217252731323,0.0,0.0028051414992660284,0.06630414724349976,0.0,0.17458762228488922,0.0,0.15276211500167847,0.353286474943161,0.05054765194654465,0.03882959857583046,0.008258815854787827,0.011899101547896862,0.0,0.01293338555842638,0.06035939231514931,0.023374933749437332,0.17483383417129517,0.013305953703820705,0.0,0.03479263186454773,0.0,0.04054579511284828,0.0,0.044983722269535065,0.04723777249455452,0.009580934420228004,0.003880206262692809,0.0019808588549494743,0.27751272916793823,0.0002510836930014193,0.0,0.0,0.0,0.0,0.08295033872127533,0.0014911427861079574,0.003410125384107232,0.007854833267629147,0.06682951748371124,0.0,0.0,0.10439502447843552,0.06422299146652222,0.0,0.0026147242169827223,0.00606705155223608,0.0,0.07161616533994675,0.0,0.016088759526610374,0.0,0.01987338252365589,0.0,0.03284910321235657,0.0777004063129425,0.05974019318819046,0.0,0.0,0.11812836676836014,0.07016361504793167,0.0,0.014139392413198948,0.026401840150356293,0.11209479719400406,0.09688469767570496,0.016031667590141296,0.0,0.19545497000217438,0.15289092063903809,0.0037592658773064613,0.08260155469179153,0.0,0.0,0.0014642906608060002,0.0,0.030096348375082016,0.0024986343923956156,0.11575356870889664,0.0830308347940445,0.0,0.06071591377258301,0.0524117574095726,0.01897343434393406,0.0015055927215144038,0.0,0.16344822943210602,0.0028433247935026884,0.0,0.17554935812950134,0.27627652883529663,0.0,0.03271198272705078,0.0,0.0,0.006064937449991703,0.13609571754932404,4.544963758235099e-06,0.1967313438653946,0.056575994938611984,0.031623583287000656,0.10071110725402832,0.0,0.0,0.046422846615314484,0.0,0.044813428074121475,0.014013353735208511,0.0,0.0,0.0,0.0,0.0,0.0,0.13050031661987305,0.30833035707473755,0.009929072111845016,0.14238595962524414,0.0645715743303299,0.04503271356225014,0.3392355442047119,0.0,0.005889193620532751,0.21525880694389343,0.0,0.03939805552363396,0.0,0.0,0.014256739057600498,0.0,0.03262991085648537,0.0,0.29523321986198425,0.004612957593053579,0.008700434118509293,0.0008866844000294805,0.23323380947113037,0.10741046071052551,0.3205510973930359,0.11111655831336975,0.0,0.005375834181904793,0.041354261338710785,0.015430545434355736,0.004220379050821066,0.0,0.0,0.23598064482212067,0.0,0.004713531583547592,0.018272072076797485,0.0,0.0,0.0,0.0,0.37885308265686035,0.0,0.0,0.0,0.06614206731319427,0.0,0.02734810672700405,0.04418138042092323,0.005138436332345009,0.1041971892118454,0.0,0.0,0.10657031089067459,0.05810512602329254,0.30001142621040344,0.04213942587375641,0.0,0.13354648649692535,0.0,0.0,0.08056672662496567,0.1022765189409256,0.0,0.3689219653606415,0.4227914810180664,0.22634482383728027,0.0158389899879694,0.0,0.0023379011545330286,0.0,0.03519813343882561,0.016309518367052078,0.008892371319234371,0.08640659600496292,0.32544708251953125,0.0,0.005057871341705322,0.3392476439476013,0.30508753657341003,0.020464932546019554,0.0,0.0,0.004951470997184515,0.24371500313282013,0.0,0.4103717803955078,0.1379811316728592,0.002413038397207856,0.011726048775017262,-0.2923140823841095
192,0.0,0.051973167806863785,0.04251860827207565,0.0,0.0,0.0,0.374125599861145,0.14216656982898712,0.0,0.0040811956860125065,0.09431400895118713,0.017819851636886597,0.0,0.29399585723876953,0.0,0.039432745426893234,0.03681717813014984,0.0,0.0,0.0,0.0,0.1578187495470047,0.0,0.41451725363731384,0.01986616477370262,0.0,0.0,0.48449692130088806,0.0,0.08300506323575974,0.0054086958989501,0.19898410141468048,0.0,0.3540365993976593,0.0194373968988657,0.0721130296587944,0.06405611336231232,0.13096949458122253,0.025078976526856422,0.26948991417884827,0.0,0.1324494332075119,0.09867749363183975,0.08083540201187134,0.3007005453109741,0.0016554880421608686,0.1957714557647705,0.023145906627178192,0.0,0.056970443576574326,0.05095796287059784,0.0,0.16955578327178955,0.0004183888668194413,0.0,0.045961473137140274,0.02872515842318535,0.5510819554328918,0.07492052018642426,0.01114168856292963,0.0,0.25655293464660645,0.03855755925178528,0.0,0.0,0.0,0.0,0.11635904014110565,0.029739145189523697,0.0467229038476944,0.0,0.0,0.15046115219593048,0.19532327353954315,0.0063833752647042274,0.10067253559827805,0.018646208569407463,0.14216896891593933,0.0,0.19709330797195435,0.055219605565071106,0.01228279247879982,0.0,0.17042741179466248,0.11007602512836456,0.025109078735113144,0.0036139762960374355,0.09222759306430817,0.4374137222766876,0.26507556438446045,0.03621470555663109,0.0007431092672049999,0.0431426540017128,0.10100138932466507,0.0032201786525547504,0.0,0.35634124279022217,0.0,0.0,0.04209904000163078,0.0,0.15440671145915985,0.0,0.3538205921649933,0.37624940276145935,0.03539677709341049,0.027875801548361778,0.03694229945540428,0.0,0.0,0.023932084441184998,0.06683731079101562,0.03857230395078659,0.1472746878862381,0.0,0.0,0.017448564991354942,0.013682099059224129,0.025355223566293716,0.006073353346437216,0.03446206450462341,0.009634767659008503,0.0,0.0,0.001365523785352707,0.453683078289032,0.0,0.0,0.0,0.0,0.0,0.06829015165567398,0.0,0.01485480647534132,0.02680688351392746,0.0,0.0,0.0,0.08103808015584946,0.0005295251030474901,0.0,0.0022249852772802114,0.049172986298799515,0.0,0.09714701771736145,0.019205620512366295,0.0,0.019666390493512154,0.22130335867404938,0.0,0.016542360186576843,0.08633645623922348,0.06526223570108414,0.0,0.0,0.01124546118080616,0.016609493643045425,0.0,0.002631234936416149,0.0,0.19052299857139587,0.010351099073886871,0.018687792122364044,0.0,0.1437768191099167,0.0823761597275734,0.0,0.05980518087744713,0.0,0.0,0.0,0.0,0.003995286766439676,0.0,0.0035435683093965054,0.17521341145038605,0.0,0.015063242986798286,0.06885284930467606,0.013816693797707558,0.0037424853071570396,0.0,0.20376841723918915,0.0,0.009998228400945663,0.014962038025259972,0.16113132238388062,0.0,0.0,0.0,0.0,0.043708041310310364,0.146917924284935,0.0,0.11688414216041565,0.0921238511800766,0.03623949736356735,0.20228376984596252,0.11532709747552872,0.0,0.057911910116672516,0.0,0.010865967720746994,0.00974353775382042,0.0,0.0,0.004322890192270279,0.0,0.0,0.0,0.03683800995349884,0.21097195148468018,0.0,0.143644779920578,0.05646635591983795,0.11994148790836334,0.2913605570793152,0.0,0.0,0.31385964155197144,0.0,0.0,0.0,0.0,0.059383608400821686,0.0,0.033296652138233185,0.0024948623031377792,0.12513220310211182,0.149562805891037,0.0,0.0,0.24316763877868652,0.0874001681804657,0.2258383333683014,0.14218159019947052,0.0,0.0,0.04263334721326828,0.012110619805753231,0.0,0.020973414182662964,0.0,0.3544909954071045,0.002842002548277378,0.017507443204522133,0.07326656579971313,0.0,0.0,0.0,0.0,0.30254319310188293,0.0,0.0,0.0,0.05001820623874664,0.0,0.0428989976644516,0.022103480994701385,0.0,0.09038493037223816,0.001189625822007656,0.0,0.09171472489833832,0.0028025973588228226,0.4413549304008484,0.06589047610759735,0.019589312374591827,0.14487068355083466,0.0,0.0,0.06787454336881638,0.04462876170873642,0.0,0.22305046021938324,0.31650078296661377,0.24462813138961792,0.0,0.0,0.0,0.002750006504356861,0.012781224213540554,0.022631794214248657,0.06413773447275162,0.0022484525106847286,0.23865260183811188,0.0,0.008802637457847595,0.44734811782836914,0.2614743411540985,0.02725202776491642,0.0,0.0,0.0,0.30494624376296997,0.0,0.42476630210876465,0.09705168753862381,0.025927359238266945,0.0035884156823158264,0.0,0.07715131342411041,0.05232983082532883,0.0,0.0,0.0,0.310663104057312,0.15392254292964935,0.0,0.01219667587429285,0.18673762679100037,0.032605379819869995,0.0,0.337782621383667,0.0,0.01334286667406559,0.008154273964464664,0.0032038409262895584,0.021348144859075546,0.0,0.0,0.15904100239276886,0.0,0.46441662311553955,0.02930719032883644,0.003027751110494137,0.0,0.4817729890346527,0.0,0.013680960983037949,0.0,0.21863679587841034,0.0,0.3533931374549866,0.0022717833053320646,0.06205572187900543,0.11029936373233795,0.11406728625297546,0.0,0.24545162916183472,0.0,0.18827638030052185,0.12693683803081512,0.11970527470111847,0.3095019459724426,0.0,0.21057769656181335,0.0024565402418375015,0.0,0.06287043541669846,0.03188205137848854,0.0,0.247951477766037,0.0,0.0,0.12278907001018524,0.006440106313675642,0.5465894937515259,0.020954106003046036,0.0,0.0,0.3211436867713928,0.020438045263290405,0.0,0.0,0.0,0.0,0.21987640857696533,0.011007602326571941,0.013535289093852043,0.0,0.0,0.14861829578876495,0.2389986515045166,0.0,0.18078170716762543,0.059144966304302216,0.09459415078163147,0.0,0.22166655957698822,0.07209870964288712,0.0010217460803687572,0.0,0.26106858253479004,0.10125657916069031,0.033884476870298386,0.0,0.05174585431814194,0.4755078852176666,0.16851824522018433,0.01760760322213173,0.05401819571852684,0.047684796154499054,0.084811732172966,0.02635398879647255,0.0,0.2716040015220642,0.0,0.0,0.04767611622810364,0.0,0.02444402500987053,0.0,0.3277808427810669,0.2992042601108551,0.002136480063199997,0.0344037190079689,0.043878939002752304,0.0,0.0,0.06868065893650055,0.05602439492940903,0.03498957306146622,0.0974908322095871,0.0,0.0,0.011711889877915382,0.03701594099402428,0.011926300823688507,0.0,0.07171474397182465,0.019456567242741585,0.0,0.0027722585946321487,0.015057944692671299,0.3793424963951111,0.0,0.0,0.0,0.0,0.0,0.03432650864124298,0.0,0.029309134930372238,1.6522593796253204e-05,0.0,0.0,0.0,0.16029669344425201,0.016595372930169106,0.0,0.005128323100507259,0.0029658153653144836,0.0,0.046634696424007416,0.0,0.0,0.039433613419532776,0.24594806134700775,0.0,0.01906036213040352,0.005710459314286709,0.03054220788180828,0.0,0.0,0.014565307646989822,0.091872438788414,0.0,0.0069878678768873215,0.0,0.020789818838238716,0.0,0.0456404946744442,0.0,0.1563643366098404,0.07951807975769043,0.012288779951632023,0.018985800445079803,0.01504499837756157,0.0,0.0,0.0,0.027386462315917015,0.0,0.0,0.15413713455200195,0.0,0.0,0.11530216038227081,0.03289139270782471,0.0,0.0,0.15222322940826416,0.0,0.005469050258398056,0.015165169723331928,0.13095541298389435,0.0,0.0,0.0,0.0,0.06668292731046677,0.16969649493694305,0.0,0.0885346531867981,0.06863614916801453,0.07514263689517975,0.14102643728256226,0.19817766547203064,0.0,0.051476139575242996,0.0,0.017494631931185722,0.004756416194140911,0.0,0.0,0.002987462095916271,0.0,0.0,0.0,0.08167773485183716,0.19234919548034668,0.0,0.09764408320188522,0.1373240202665329,0.09468267858028412,0.27345219254493713,0.0,0.0,0.28750672936439514,0.0,0.0029862523078918457,0.0,0.0,0.038355886936187744,0.0,0.020915476605296135,0.0,0.04871159791946411,0.14840592443943024,0.0,0.0,0.20769047737121582,0.11387951672077179,0.3251568675041199,0.08889150619506836,0.0,0.0005190700758248568,0.03109733574092388,0.0,0.0,0.016940981149673462,0.0,0.28948327898979187,0.018049929291009903,0.0046009765937924385,0.046175915747880936,0.0,0.0,0.0,0.0,0.2889400124549866,0.0,0.0,0.0,0.03175976127386093,0.0,0.018369141966104507,0.00909520499408245,0.0,0.07756859809160233,0.0,0.0009705177508294582,0.045897819101810455,0.0,0.4560942053794861,0.043459415435791016,0.026999972760677338,0.13595324754714966,0.0,0.0,0.08842077106237411,0.13452334702014923,0.0,0.35038304328918457,0.2066914588212967,0.26008033752441406,0.0,0.0,0.013458575122058392,0.002414525020867586,0.0322391502559185,0.020351234823465347,0.08766894787549973,0.003427803749218583,0.17532342672348022,0.0,0.0,0.44411665201187134,0.3336230516433716,0.02015344426035881,0.0,0.0,0.012637097388505936,0.34250372648239136,0.0,0.3864288628101349,0.1599828600883484,0.06144672632217407,0.0,0.0,0.033604174852371216,0.03926976025104523,0.0,0.0,0.0,0.30060887336730957,0.2024688422679901,0.0,0.007298089563846588,0.19490015506744385,0.07621608674526215,0.0,0.34567034244537354,0.021353861317038536,0.0074104187078773975,0.02527766488492489,0.04285697638988495,0.011972418054938316,0.0,0.0,0.16763915121555328,0.0,0.4866856336593628,0.02931070514023304,0.0011104047298431396,0.0,0.547992467880249,0.0,0.018913425505161285,0.0,0.2850853204727173,0.0,0.3562069237232208,0.005957955960184336,0.09394526481628418,0.045640867203474045,0.06846828758716583,0.04541757330298424,0.30888718366622925,0.0,0.1720072627067566,0.13557085394859314,0.08993212133646011,0.363620787858963,0.0,0.198311910033226,0.005744226276874542,0.0,0.043767306953668594,0.004794690292328596,0.0,0.35965755581855774,0.0,0.0,0.1676136702299118,0.006385174114257097,0.5916370153427124,0.018318161368370056,0.030732279643416405,0.0,0.3302236497402191,0.06731357425451279,0.0020897453650832176,0.0,0.0,0.0,0.30470171570777893,0.04526058956980705,0.07535871118307114,0.0,0.0,0.0664488896727562,0.24819415807724,0.0,0.22402004897594452,0.06269237399101257,0.10406002402305603,0.0,0.14205330610275269,0.049212533980607986,0.0,0.0,0.23907627165317535,0.18037159740924835,0.02448362484574318,0.002100189682096243,0.13460291922092438,0.44858941435813904,0.15401436388492584,0.014801784418523312,0.11043556034564972,0.03344206139445305,0.06831027567386627,0.02253059856593609,0.0,0.3305504620075226,0.0,0.002762390533462167,0.08307499438524246,0.015441020019352436,0.10121555626392365,0.0,0.2801201045513153,0.2838800847530365,0.010386871173977852,0.019142894074320793,0.042136453092098236,0.0,0.0,0.12045980989933014,0.0436624176800251,0.015264770947396755,0.11608616262674332,0.0,0.0,0.02601609379053116,0.06732674688100815,0.003439391730353236,0.000170853003510274,0.13566796481609344,0.014013460837304592,0.0007186736329458654,0.00018449327035341412,0.06776981800794601,0.36700618267059326,0.0,0.0,0.04515928402543068,0.0,0.0,0.09109899401664734,0.0,0.00759232509881258,0.001172370626591146,0.0,0.0,0.0,0.07790391892194748,0.021302681416273117,0.0,0.005320143420249224,0.010562830604612827,0.0,0.03659923002123833,0.0047088866122066975,0.0,0.03600258752703667,0.162505641579628,0.0,0.010174082592129707,0.011996663175523281,0.020035037770867348,0.0,0.0,0.0030130597297102213,0.09301260858774185,0.0,0.013796134851872921,0.0,0.03915787115693092,0.008677486330270767,0.012677700258791447,0.0,0.14119577407836914,0.09967336803674698,0.004927145782858133,0.004881308879703283,0.02900429256260395,0.0,0.0,0.0,0.004825623240321875,0.0,0.0024630569387227297,0.16633941233158112,0.0,0.0,0.12841980159282684,0.013152473606169224,0.0,0.0,0.10880407691001892,0.0,0.003793682437390089,0.043475192040205,0.1327805370092392,0.0,0.0,0.0,0.0,0.08667568117380142,0.1511995941400528,0.0,0.10116606950759888,0.08184770494699478,0.05018193647265434,0.1214270293712616,0.19199688732624054,0.0,0.026744522154331207,0.0,0.02130746841430664,0.0,0.0,0.0,0.006572104524821043,0.017297493293881416,0.027939751744270325,0.0031025190837681293,0.10909942537546158,0.154518261551857,0.0,0.03470892459154129,0.19394372403621674,0.04865045100450516,0.2187855839729309,0.0,0.0,0.24670079350471497,0.0,0.0020313796121627092,0.003320900024846196,0.0,0.03923659026622772,0.0,0.03314591199159622,0.034194719046354294,0.12903210520744324,0.2005484700202942,0.0,0.0,0.20282171666622162,0.10250706970691681,0.39631959795951843,0.06413598358631134,0.0,0.0,0.023588823154568672,0.0037237403448671103,0.00025563465896993876,0.009277032688260078,0.0,0.20531262457370758,0.04237719625234604,0.055903103202581406,0.029134303331375122,0.0,0.0,0.0,0.0,0.4096241891384125,0.0,0.0,0.0,0.01803620532155037,0.0,0.009531342424452305,0.03400164097547531,0.0,0.03463544696569443,0.008487536571919918,0.0065846811048686504,0.034584131091833115,0.0,0.5330259203910828,0.021956929937005043,0.04036226123571396,0.06082773953676224,0.0,0.0,0.04690971598029137,0.18034400045871735,0.0018931369995698333,0.3302229046821594,0.17988033592700958,0.19835788011550903,0.0,0.0,0.0007158801308833063,0.0263201966881752,0.013750451616942883,0.012192711234092712,0.09657903760671616,0.024392755702137947,0.18175716698169708,0.0,0.0,0.4859776496887207,0.33231717348098755,0.01813589781522751,0.0,0.0,0.0,0.32207179069519043,0.0,0.31487613916397095,0.21328088641166687,0.04603452607989311,0.0033641415648162365,-0.5369231104850769
193,0.4131839871406555,0.059250492602586746,0.028756121173501015,0.004445741418749094,0.0,0.0,0.5656653642654419,0.018349740654230118,0.03760075569152832,0.14509405195713043,0.1356019228696823,0.014812207780778408,0.0,0.3548623025417328,0.031922534108161926,0.0,0.008691570721566677,0.058697666972875595,0.13726122677326202,0.005344265606254339,0.0022851868998259306,0.005730575416237116,0.0,0.16414545476436615,0.42752805352211,0.0027536842972040176,0.0053381482139229774,0.4650440216064453,0.03364168480038643,0.08668088167905807,0.027550382539629936,0.41861486434936523,0.0,0.011976998299360275,0.2241167575120926,0.0,0.0,0.08772578090429306,0.19295762479305267,0.12891623377799988,0.6091896891593933,0.0450713150203228,0.3034476935863495,0.0,0.09821467846632004,0.026867805048823357,0.5582608580589294,0.0016409866511821747,0.0,0.09931690245866776,0.0,0.0,0.7537484169006348,0.0,0.0,0.0,0.24861808121204376,1.065958857536316,0.40364494919776917,0.11656896024942398,0.0,0.0031114311423152685,0.45088115334510803,0.0,0.0,0.0,0.0,0.379576712846756,0.5284143090248108,0.4035486876964569,0.0,0.0,0.22604413330554962,0.7926527261734009,0.03784502297639847,0.0,0.2647179067134857,0.0,0.0002971559879370034,0.1577298641204834,0.13237540423870087,0.0,0.06842095404863358,0.13355907797813416,0.1941370964050293,0.03557085618376732,0.0,0.5674266219139099,0.6343843340873718,0.2929762005805969,0.13954316079616547,0.30292731523513794,0.1914157122373581,0.0537002794444561,0.008551635779440403,0.4343968331813812,0.7670871615409851,0.0,0.03624368831515312,0.004754796624183655,0.34881624579429626,0.7691382765769958,0.0,0.2651955485343933,0.12953989207744598,0.21316733956336975,0.05648849532008171,0.32704976201057434,0.08943314850330353,0.0,0.16608327627182007,0.1567421853542328,0.03832867369055748,0.348503977060318,0.4229736328125,0.0,0.24419580399990082,0.23424454033374786,0.000668188207782805,0.024304455146193504,0.08182394504547119,0.4689546227455139,0.037317775189876556,0.0,0.03941787779331207,0.0014265448553487659,0.010857309214770794,0.03562178090214729,0.09493060410022736,0.0,0.03000667132437229,0.010115349665284157,0.1448407769203186,0.06821335852146149,0.0032564231660217047,0.5180273056030273,0.04087541624903679,0.0,0.24684014916419983,0.0,0.0,0.006564407143741846,0.0,0.005633406341075897,0.043732743710279465,0.042011745274066925,0.34063073992729187,0.0010999493533745408,0.13377970457077026,0.0,0.0,0.06590627133846283,0.051273882389068604,0.0,0.0,0.4721083641052246,0.025831550359725952,0.0,0.002324212109670043,0.0910501778125763,0.11102942377328873,0.1317925900220871,0.15750841796398163,0.0,0.021820465102791786,0.18422530591487885,0.0,0.008175368420779705,0.021212680265307426,0.0,0.04389044642448425,0.06650056689977646,0.08580281585454941,0.006684142630547285,1.01799738407135,0.13585138320922852,0.0,0.013127279467880726,0.05972303822636604,0.0,0.01574423536658287,0.009603251703083515,0.07317528873682022,0.06676268577575684,0.02309226058423519,0.22850601375102997,0.6041838526725769,0.011618955992162228,0.053450971841812134,0.0,0.0042247711680829525,0.10601464658975601,0.38242873549461365,0.01502479612827301,0.23525677621364594,0.1830906718969345,0.22970452904701233,0.06493767350912094,0.1749606430530548,0.03666279464960098,0.08670389652252197,0.0,0.04698404669761658,0.33608004450798035,0.007289208471775055,0.0,0.03869006782770157,0.3881424069404602,0.18037644028663635,0.2004544734954834,0.21211016178131104,0.6759573817253113,0.0033075609244406223,0.011371951550245285,0.12365813553333282,0.07598339021205902,0.2856427729129791,0.0,0.017336184158921242,0.0728309378027916,0.0,0.3717106878757477,0.24866275489330292,0.09666901081800461,0.22385458648204803,0.005470606964081526,0.6827483177185059,0.1206415668129921,0.5475194454193115,0.09483611583709717,0.41342827677726746,0.2687534689903259,0.22325502336025238,0.01940208673477173,0.021834364160895348,0.05544435605406761,0.007005775813013315,0.0,0.0,0.008993668481707573,0.10692109912633896,0.0,0.013084768317639828,0.047072332352399826,0.18166996538639069,0.20962630212306976,0.057139258831739426,0.0,0.0,0.006825323682278395,0.0,0.733639657497406,0.0,0.0,0.08737572282552719,0.09283994138240814,0.00390911428257823,0.0020814111921936274,0.043242085725069046,0.04980260878801346,0.0,0.003389717312529683,0.05944429710507393,0.07044120877981186,0.12077300995588303,0.6233004927635193,0.003968448378145695,0.09583421051502228,0.054092343896627426,0.0,0.006798204965889454,0.17803619801998138,0.046510711312294006,0.0,0.10467618703842163,0.3731209933757782,0.24961340427398682,0.008758485317230225,0.1367526352405548,0.0,0.16856126487255096,0.0851195752620697,0.0,0.25689801573753357,0.1888369619846344,0.44030991196632385,0.0,0.05787813663482666,0.07076170295476913,0.02863115444779396,0.1261596530675888,0.0,0.0,0.47889596223831177,0.08520065993070602,0.0,0.21355323493480682,0.6312716603279114,0.08144309371709824,0.0,0.01359045971184969,0.06842907518148422,0.012967283837497234,0.0,0.0,0.0,0.27339187264442444,0.13347871601581573,0.0,0.04216497391462326,0.2059255838394165,0.07142982631921768,0.0,0.33623993396759033,0.045446086674928665,0.01442609541118145,0.0028870534151792526,0.06494036316871643,0.023400966078042984,0.0,0.0007160819950513542,0.12235639989376068,0.0,0.3818981945514679,0.08162401616573334,0.0,0.0,0.3998706042766571,0.0029305501375347376,0.042115360498428345,0.003075650194659829,0.26704317331314087,0.0,0.2883268892765045,0.0002589946088846773,0.008165821433067322,0.06492599099874496,0.03526395559310913,0.029881412163376808,0.22347784042358398,0.03393346443772316,0.06279740482568741,0.18208734691143036,0.010179105214774609,0.24151937663555145,0.0,0.24904532730579376,0.0,0.0,0.028346916660666466,0.029407700523734093,0.0,0.5092979669570923,0.0,0.0,0.15015088021755219,0.0002261863846797496,0.575769305229187,0.05552315711975098,0.005887157749384642,0.0,0.23285433650016785,0.09257085621356964,0.04567568749189377,0.0,0.0,0.0,0.41690266132354736,0.11741648614406586,0.10853424668312073,0.0,0.0,0.10275048762559891,0.48404446244239807,0.0,0.11883912980556488,0.07380825281143188,0.006214309483766556,0.0,0.1819303035736084,0.07198487222194672,0.0,0.0,0.27160152792930603,0.16704079508781433,0.040256600826978683,0.0,0.16247114539146423,0.5311940312385559,0.17626839876174927,0.02109970711171627,0.23755131661891937,0.05475069582462311,0.0,0.008783196099102497,0.015023920685052872,0.30743035674095154,0.0,0.0,0.04731198400259018,0.13922865688800812,0.2096046656370163,0.0,0.2855217456817627,0.22231009602546692,0.0011938376119360328,0.009548623114824295,0.13182908296585083,0.0,0.0,0.1789725124835968,0.07690439373254776,0.0,0.16038250923156738,0.00031190449954010546,0.0,0.04568907618522644,0.0739215761423111,0.0,0.011702573858201504,0.14719165861606598,0.04617661237716675,0.006241334602236748,0.008690955117344856,0.08801243454217911,0.25527065992355347,0.0,0.0,0.08684554696083069,0.0,0.0,0.13178184628486633,0.0,0.04007420316338539,0.000641721417196095,0.02492900937795639,0.0,0.0,0.14865925908088684,0.0030413679778575897,0.0,0.0,0.0,0.0,0.019925247877836227,0.015870505943894386,0.002986953593790531,0.009519594721496105,0.23764832317829132,0.005111345089972019,0.0,0.0014322857605293393,0.008897701278328896,0.0,0.0,0.01089381892234087,0.03507944568991661,0.012861368246376514,0.0,0.0,0.0017559909028932452,0.007886558771133423,0.06268095970153809,0.0,0.08598712831735611,0.12352471798658371,0.0,0.0,0.061136987060308456,0.0,0.007282293401658535,0.020492829382419586,0.007796814199537039,0.0,0.08072422444820404,0.09445689618587494,0.0,0.0,0.18299929797649384,0.027347246184945107,0.02876567281782627,0.0,0.09175162762403488,0.0,0.026110593229532242,0.048503629863262177,0.16464252769947052,0.0,0.0,0.0,0.0,0.20111574232578278,0.25530195236206055,0.0,0.14515960216522217,0.016259904950857162,0.07362816482782364,0.055704694241285324,0.26955389976501465,0.0,0.04042985662817955,0.0,0.006281314883381128,0.04510199651122093,0.0,0.0,0.029178142547607422,0.1237763985991478,0.09986547380685806,0.0002521371643524617,0.12091970443725586,0.32551586627960205,0.0,0.0,0.22372913360595703,0.05508660152554512,0.1676347255706787,0.0,0.0,0.16392312943935394,0.0,0.02314501814544201,0.07144699990749359,0.0,0.11428382992744446,0.0,0.01438187900930643,0.04751647263765335,0.10912704467773438,0.2670091390609741,0.009262476116418839,0.0037018044386059046,0.139445960521698,0.011627181433141232,0.2773013114929199,0.023589083924889565,0.0,0.0,0.002551002660766244,0.018405983224511147,0.0,0.0,0.0,0.08504431694746017,0.11358300596475601,0.016217699274420738,0.09076856821775436,0.0,0.0,0.0,0.0,0.48401907086372375,0.0,0.0,0.0023380310740321875,0.0,0.0,0.008695918135344982,0.007594543043524027,0.0,0.022749854251742363,0.027145804837346077,0.03500255197286606,0.016240466386079788,0.0,0.5716292858123779,0.002176095964387059,0.08420208841562271,0.07017448544502258,0.0,0.0,0.05654827132821083,0.19191080331802368,0.0,0.1275525689125061,0.11963040381669998,0.11768019199371338,0.0,0.019038954749703407,0.0,0.062384121119976044,0.014463196508586407,0.0008846620912663639,0.18584492802619934,0.002169413259252906,0.17702285945415497,0.0,0.0,0.39399969577789307,0.21218609809875488,0.014484514482319355,0.0,0.0,0.23619689047336578,0.307256281375885,0.0,0.27758392691612244,0.3707291781902313,0.04442350193858147,0.0,0.10972783714532852,0.02539193257689476,0.020844727754592896,0.0,0.0,0.0,0.3755084276199341,0.14973066747188568,0.008386186324059963,0.15288276970386505,0.12486463040113449,0.05159938335418701,0.0,0.34036239981651306,0.14300967752933502,0.0,0.012712261639535427,0.05765228718519211,0.0,0.0,0.017521819099783897,0.12405023723840714,0.0,0.38179588317871094,0.22888310253620148,0.0,0.0,0.5979884266853333,0.026765042915940285,0.009194621816277504,0.0023623050656169653,0.4111858010292053,0.0,0.19392630457878113,0.009559890255331993,0.02752838470041752,0.0,0.07178869098424911,0.2053452432155609,0.19752369821071625,0.33697375655174255,0.16827328503131866,0.12829983234405518,0.03315426781773567,0.2770642638206482,0.00293534342199564,0.4158279299736023,0.0,0.0,0.12168192863464355,0.003369186306372285,0.0,0.7231205701828003,0.0,0.0,0.12416473776102066,0.016658654436469078,0.8897552490234375,0.14792858064174652,0.10873113572597504,0.0,0.2403879165649414,0.23464518785476685,0.03602483123540878,0.0,2.1677051336155273e-06,0.0,0.5476241707801819,0.3188057541847229,0.13865596055984497,0.0,0.0,0.17767639458179474,0.6554548740386963,0.0,0.16624225676059723,0.30501627922058105,0.019145051017403603,0.0,0.051667556166648865,0.05904083698987961,0.0,0.016930853947997093,0.28197968006134033,0.22112682461738586,0.008183212950825691,0.0,0.41743651032447815,0.5615015625953674,0.12260179966688156,0.08053416013717651,0.2631396949291229,0.03972630947828293,0.04154633358120918,0.020176537334918976,0.20356734097003937,0.45311298966407776,0.0,0.003399924375116825,0.1223621740937233,0.1414608657360077,0.27320370078086853,0.0,0.14582116901874542,0.17679429054260254,0.01184438169002533,0.013425339944660664,0.15574590861797333,0.06499442458152771,0.0,0.2146572321653366,0.03678054362535477,0.036115486174821854,0.29334381222724915,0.26036694645881653,0.0,0.0767851248383522,0.24456602334976196,0.007265960332006216,0.014895877800881863,0.2899262607097626,0.26072707772254944,0.07258403301239014,0.003872603178024292,0.15584871172904968,0.10672514140605927,0.0,0.04449160397052765,0.14695017039775848,0.0,0.020271392539143562,0.11810600757598877,0.043790481984615326,0.037161894142627716,0.011785516515374184,0.27602633833885193,0.01553485170006752,0.0,0.17640788853168488,0.010286266915500164,0.0,0.0,0.0,0.0,0.022806281223893166,0.0,0.18287749588489532,0.0,0.0003957384324166924,0.0,0.0,0.02168414369225502,0.003560412209481001,0.0,0.0,0.22898976504802704,0.10300061851739883,0.0,0.00318865361623466,0.033561885356903076,0.06594768166542053,0.006576246116310358,0.08153001219034195,0.005616112146526575,0.10005281120538712,0.16704103350639343,0.0,0.0,0.05092872679233551,0.0,0.01654203236103058,0.06568977981805801,0.017956234514713287,0.00011379354691598564,0.4410828649997711,0.18031562864780426,0.0,0.0,0.0811140239238739,0.0,0.01061213668435812,0.009552857838571072,0.012025711126625538,0.004697329364717007,0.0,0.2310708910226822,0.3348731994628906,0.0088648097589612,0.006182184908539057,0.0,0.0,0.2714973986148834,0.2503795325756073,0.00011459551751613617,0.13867773115634918,0.07066384702920914,0.02942577749490738,0.05399376153945923,0.2949439287185669,0.0,0.10706792771816254,0.0,0.00888232421129942,0.1290389895439148,0.0,0.0,0.0,0.4890553057193756,0.17795570194721222,0.009192471392452717,0.2699168920516968,0.40232694149017334,0.0062447600066661835,0.003456361126154661,0.23742718994617462,0.01994655653834343,0.20043179392814636,0.0036287817638367414,0.0,0.17045769095420837,0.0,0.19015248119831085,0.19062866270542145,0.022807836532592773,0.1052122414112091,0.008487922139465809,0.3880612552165985,0.12571841478347778,0.3144817650318146,0.17725276947021484,0.16681170463562012,0.16054798662662506,0.19275273382663727,0.03259601071476936,0.3194362223148346,0.04485313221812248,0.0,0.0,0.0,0.02084190957248211,0.02824290655553341,0.0,0.011533652432262897,0.040256567299366,0.18043556809425354,0.07008112967014313,0.0,0.0,0.0,0.0,0.0,0.6078320741653442,0.0,0.0,0.01509008277207613,0.10593865066766739,0.0,0.0,0.043567586690187454,0.033917319029569626,0.0,0.023252476006746292,0.08867453038692474,0.026720458641648293,0.005854636896401644,0.7447673082351685,0.002915348159149289,0.025883249938488007,0.0036613254342228174,0.0,0.005185998976230621,0.14615152776241302,0.21648038923740387,0.0,0.2842978537082672,0.12111709266901016,0.1492643803358078,0.0,0.06531761586666107,0.0030439177062362432,0.1308545619249344,0.03235124796628952,0.0,0.2992282509803772,0.11835703998804092,0.28367653489112854,0.0,0.013699694536626339,0.3024844229221344,0.21833427250385284,0.04640664905309677,0.0,0.0,0.40336111187934875,0.26554396748542786,0.0,0.19899126887321472,0.5058577656745911,0.09392593055963516,0.0020190842915326357,0.488216757774353
194,0.0025873344857245684,0.13585908710956573,0.4188261032104492,0.0,0.013337739743292332,0.0,0.6130809783935547,0.015800639986991882,0.0,0.006505417171865702,0.08898595720529556,0.0,0.00015295048069674522,0.30958256125450134,0.0,0.21095700562000275,0.05286915972828865,0.0,0.0,0.0,0.0,0.14503537118434906,0.06614942103624344,0.6432040333747864,0.0,0.0,0.0,0.8561299443244934,0.09372619539499283,0.10233940184116364,0.25723132491111755,0.34724411368370056,0.0,0.41224727034568787,0.17688502371311188,0.3581065237522125,0.2100290060043335,0.7566576600074768,0.0,0.0006816925597377121,0.013075802475214005,0.41245779395103455,0.03843193128705025,0.26906919479370117,0.5695322751998901,0.9940401911735535,0.17291243374347687,0.0,0.0,0.1745021641254425,0.37659838795661926,0.0,0.0,0.010444670915603638,0.17522010207176208,0.0,0.7042160034179688,0.7724694609642029,0.13528621196746826,0.0627419576048851,0.0,0.02960403822362423,0.03661889582872391,0.0,0.0,0.1707005798816681,0.0,0.0,0.15659789741039276,0.07956720143556595,0.661893904209137,0.0,0.4053252339363098,0.00433012330904603,0.19719982147216797,0.088860884308815,0.0,0.6119802594184875,0.0,0.154743030667305,0.03643806651234627,0.3121055066585541,0.0,0.16333860158920288,0.0,0.0,0.17165769636631012,0.17891784012317657,0.4083419442176819,0.586459219455719,0.1003975197672844,0.0,0.007281877100467682,0.4532729387283325,0.003973290324211121,0.0,0.4737531244754791,0.08482812345027924,0.0,7.079293482092908e-06,0.0,0.11804653704166412,0.0,0.3648677170276642,0.8138812184333801,0.43301859498023987,0.24352224171161652,0.0,0.0,0.0,0.0,0.23855270445346832,0.2959643006324768,0.3037886917591095,0.23611398041248322,0.0,0.0,0.0,0.31595245003700256,0.13520389795303345,0.0,0.08833401650190353,0.1410306990146637,0.017636412754654884,0.0,0.4511290192604065,0.0,0.3015214502811432,0.0,0.0,0.0,0.022263551130890846,0.21841123700141907,0.0,0.08934114873409271,0.020806368440389633,0.0,0.0,0.023486163467168808,0.025607548654079437,0.0,0.04637288302183151,0.6431799530982971,0.0,0.5764697790145874,0.0,0.0,0.02110847271978855,0.0,0.0,0.04865337163209915,0.863132894039154,0.285574346780777,0.0,0.0,0.509784996509552,0.0009865412721410394,0.0,0.0035560044925659895,0.0,1.2009449005126953,0.30265936255455017,0.0,0.0,0.23499737679958344,0.04889153689146042,0.0,0.7649177312850952,0.0,0.0,0.0,0.0,0.024952275678515434,0.1094878539443016,0.08693233132362366,0.1737070232629776,0.030324647203087807,0.8394080400466919,0.0,0.03877520561218262,0.0,0.0,0.8962275385856628,0.013357308693230152,0.0,0.23367884755134583,0.28008121252059937,0.09680304676294327,0.8239158391952515,0.0,0.0,0.0,0.0,0.10398153215646744,0.2060699462890625,0.5573480129241943,0.011149889789521694,0.8204668164253235,0.0,0.12019021064043045,0.2124636322259903,0.0,0.020742515102028847,0.012630989775061607,0.0,0.0,0.0,0.0,0.0,0.0020231653470546007,0.0008421839447692037,0.3281800150871277,0.1096607968211174,0.7776158452033997,0.0,0.31718358397483826,0.6373356580734253,0.0,0.08381611108779907,0.5517266392707825,0.0,0.029018227010965347,0.0,0.0,0.0,0.03063669241964817,0.02573554217815399,0.0,0.4344276189804077,0.0030014992225915194,0.011209092102944851,0.0,0.892559289932251,0.44275838136672974,0.034284669905900955,0.3003927767276764,0.28880107402801514,0.00024700205540284514,0.28658926486968994,0.061447568237781525,0.0,0.0,0.0,1.099347710609436,0.0,0.001245227176696062,0.03902974724769592,0.0,0.0,0.0,0.0,0.013753063976764679,0.0,0.03464912250638008,0.0,0.8918401002883911,0.08138201385736465,0.08713257312774658,0.02270696870982647,0.07310900837182999,0.544219434261322,0.0,0.0,0.6484411954879761,0.3360390365123749,0.0,0.621476948261261,0.0024727615527808666,0.4337714910507202,0.044861968606710434,0.0,0.11540990322828293,0.0,0.020326660946011543,1.4763914346694946,0.9861167073249817,0.5236881971359253,0.20327894389629364,0.0,0.009984523057937622,0.0,0.00389877799898386,0.4789929986000061,0.0,0.027494143694639206,0.5249226689338684,0.0,0.0,0.584367036819458,0.31529656052589417,0.02047247439622879,0.0,0.0,0.0,0.3155219256877899,0.18434230983257294,0.7010661959648132,0.0,0.0021418051328510046,0.25001099705696106,0.01359045971184969,0.06842907518148422,0.012967283837497234,0.0,0.0,0.0,0.27339187264442444,0.13347871601581573,0.0,0.04216497391462326,0.2059255838394165,0.07142982631921768,0.0,0.33623993396759033,0.045446086674928665,0.01442609541118145,0.0028870534151792526,0.06494036316871643,0.023400966078042984,0.0,0.0007160819950513542,0.12235639989376068,0.0,0.3818981945514679,0.08162401616573334,0.0,0.0,0.3998706042766571,0.0029305501375347376,0.042115360498428345,0.003075650194659829,0.26704317331314087,0.0,0.2883268892765045,0.0002589946088846773,0.008165821433067322,0.06492599099874496,0.03526395559310913,0.029881412163376808,0.22347784042358398,0.03393346443772316,0.06279740482568741,0.18208734691143036,0.010179105214774609,0.24151937663555145,0.0,0.24904532730579376,0.0,0.0,0.028346916660666466,0.029407700523734093,0.0,0.5092979669570923,0.0,0.0,0.15015088021755219,0.0002261863846797496,0.575769305229187,0.05552315711975098,0.005887157749384642,0.0,0.23285433650016785,0.09257085621356964,0.04567568749189377,0.0,0.0,0.0,0.41690266132354736,0.11741648614406586,0.10853424668312073,0.0,0.0,0.10275048762559891,0.48404446244239807,0.0,0.11883912980556488,0.07380825281143188,0.006214309483766556,0.0,0.1819303035736084,0.07198487222194672,0.0,0.0,0.27160152792930603,0.16704079508781433,0.040256600826978683,0.0,0.16247114539146423,0.5311940312385559,0.17626839876174927,0.02109970711171627,0.23755131661891937,0.05475069582462311,0.0,0.008783196099102497,0.015023920685052872,0.30743035674095154,0.0,0.0,0.04731198400259018,0.13922865688800812,0.2096046656370163,0.0,0.2855217456817627,0.22231009602546692,0.0011938376119360328,0.009548623114824295,0.13182908296585083,0.0,0.0,0.1789725124835968,0.07690439373254776,0.0,0.16038250923156738,0.00031190449954010546,0.0,0.04568907618522644,0.0739215761423111,0.0,0.011702573858201504,0.14719165861606598,0.04617661237716675,0.006241334602236748,0.008690955117344856,0.08801243454217911,0.25527065992355347,0.0,0.0,0.08684554696083069,0.0,0.0,0.13178184628486633,0.0,0.04007420316338539,0.000641721417196095,0.02492900937795639,0.0,0.0,0.14865925908088684,0.0030413679778575897,0.0,0.0,0.0,0.0,0.019925247877836227,0.015870505943894386,0.002986953593790531,0.009519594721496105,0.23764832317829132,0.005111345089972019,0.0,0.0014322857605293393,0.008897701278328896,0.0,0.0,0.01089381892234087,0.03507944568991661,0.012861368246376514,0.0,0.0,0.0017559909028932452,0.007886558771133423,0.06268095970153809,0.0,0.08598712831735611,0.12352471798658371,0.0,0.0,0.061136987060308456,0.0,0.007282293401658535,0.020492829382419586,0.007796814199537039,0.0,0.08072422444820404,0.09445689618587494,0.0,0.0,0.18299929797649384,0.027347246184945107,0.02876567281782627,0.0,0.09175162762403488,0.0,0.026110593229532242,0.048503629863262177,0.16464252769947052,0.0,0.0,0.0,0.0,0.20111574232578278,0.25530195236206055,0.0,0.14515960216522217,0.016259904950857162,0.07362816482782364,0.055704694241285324,0.26955389976501465,0.0,0.04042985662817955,0.0,0.006281314883381128,0.04510199651122093,0.0,0.0,0.029178142547607422,0.1237763985991478,0.09986547380685806,0.0002521371643524617,0.12091970443725586,0.32551586627960205,0.0,0.0,0.22372913360595703,0.05508660152554512,0.1676347255706787,0.0,0.0,0.16392312943935394,0.0,0.02314501814544201,0.07144699990749359,0.0,0.11428382992744446,0.0,0.01438187900930643,0.04751647263765335,0.10912704467773438,0.2670091390609741,0.009262476116418839,0.0037018044386059046,0.139445960521698,0.011627181433141232,0.2773013114929199,0.023589083924889565,0.0,0.0,0.002551002660766244,0.018405983224511147,0.0,0.0,0.0,0.08504431694746017,0.11358300596475601,0.016217699274420738,0.09076856821775436,0.0,0.0,0.0,0.0,0.48401907086372375,0.0,0.0,0.0023380310740321875,0.0,0.0,0.008695918135344982,0.007594543043524027,0.0,0.022749854251742363,0.027145804837346077,0.03500255197286606,0.016240466386079788,0.0,0.5716292858123779,0.002176095964387059,0.08420208841562271,0.07017448544502258,0.0,0.0,0.05654827132821083,0.19191080331802368,0.0,0.1275525689125061,0.11963040381669998,0.11768019199371338,0.0,0.019038954749703407,0.0,0.062384121119976044,0.014463196508586407,0.0008846620912663639,0.18584492802619934,0.002169413259252906,0.17702285945415497,0.0,0.0,0.39399969577789307,0.21218609809875488,0.014484514482319355,0.0,0.0,0.23619689047336578,0.307256281375885,0.0,0.27758392691612244,0.3707291781902313,0.04442350193858147,0.0,0.006641977466642857,0.08843482285737991,0.16324152052402496,0.0,0.0,0.0,0.4533497989177704,0.10324420034885406,0.0,0.02937500737607479,0.0695662647485733,0.03949875012040138,0.0012219368945807219,0.3683026134967804,0.0,0.09528326988220215,0.0411001481115818,0.0,0.0,0.0,0.0,0.14853180944919586,0.016631677746772766,0.5101374387741089,0.0,0.0,0.0,0.7054455280303955,0.04622706398367882,0.03850720822811127,0.16025350987911224,0.39715856313705444,0.0,0.33864185214042664,0.04398920759558678,0.17055495083332062,0.08052434772253036,0.373026967048645,0.003709611250087619,0.13003450632095337,0.02922922931611538,0.3351585566997528,0.06184687465429306,0.17146864533424377,0.507574737071991,0.42581233382225037,0.2793567478656769,0.0,0.0,0.061591483652591705,0.17622318863868713,0.0,0.2075587660074234,0.00136320642195642,0.05445689335465431,0.021941272541880608,0.32144895195961,0.7569907307624817,0.09703513979911804,0.07265444844961166,0.0,0.16199053823947906,0.13338714838027954,0.0016648182645440102,0.0,0.046720121055841446,0.0,0.0669049397110939,0.23080208897590637,0.1491817981004715,0.2774916887283325,0.0,0.23054762184619904,0.20025382936000824,0.05052986741065979,0.19471563398838043,0.008724799379706383,0.2913375496864319,0.0,0.14529600739479065,0.031998418271541595,0.08962143212556839,0.01972019486129284,0.23520763218402863,0.018527023494243622,0.001351195271126926,0.08258486539125443,0.24787229299545288,0.4191878139972687,0.37204647064208984,0.06336464732885361,0.007778211496770382,0.0,0.22488777339458466,0.021767111495137215,0.007074151188135147,0.47705987095832825,0.057289011776447296,0.0005842696409672499,0.07199457287788391,0.0,0.15415853261947632,0.0,0.24367700517177582,0.5524967908859253,0.1519843488931656,0.11609379202127457,0.02929459512233734,0.00041831209091469646,0.0,0.030817992985248566,0.1028624027967453,0.07716790586709976,0.23414717614650726,0.11863872408866882,0.0,0.02064119465649128,0.0002530725614633411,0.1020055040717125,0.07145718485116959,0.052285194396972656,0.07017728686332703,0.13702815771102905,0.0059679606929421425,0.006555077154189348,0.2776274085044861,0.00985728483647108,0.13018977642059326,0.008508648723363876,0.0,0.0,0.09161758422851562,0.06290322542190552,0.0,0.03256390243768692,0.046304043382406235,0.0,0.0,0.08706099539995193,0.07366642355918884,0.0,0.02679281495511532,0.26393455266952515,0.0,0.28282856941223145,0.0,0.0040877084247767925,0.0,0.0,0.0,0.009461156092584133,0.41414573788642883,0.12071749567985535,0.0,0.0,0.2672598361968994,0.030259406194090843,0.0,0.016847550868988037,0.0,0.5574899911880493,0.17005711793899536,0.0,0.0,0.21795311570167542,0.11045188456773758,0.005051219370216131,0.277860164642334,0.0,0.0,0.005948455538600683,0.00754648819565773,0.008698402903974056,0.04556667059659958,0.1432277113199234,0.12149517983198166,0.000684869010001421,0.31243401765823364,0.02353586256504059,0.006825954653322697,0.0,0.0011368505656719208,0.4642040729522705,0.00409505981951952,0.0,0.245232954621315,0.25283655524253845,0.07352212816476822,0.31133028864860535,0.0,0.0,0.025668250396847725,0.0780695378780365,0.07571060210466385,0.22791139781475067,0.2708355486392975,0.003719920525327325,0.437360018491745,0.009107769466936588,0.0,0.08928722888231277,0.0,0.03220236673951149,0.028175003826618195,0.0,0.0,0.0,0.0006950664101168513,0.0013054246082901955,0.0009719063527882099,0.09579575806856155,0.3291497230529785,0.05160090699791908,0.3345547616481781,0.05330166593194008,0.16953648626804352,0.4027051329612732,0.0,0.03435436263680458,0.31099000573158264,0.008290872909128666,0.020870545879006386,0.0,0.0,0.0,0.0295899398624897,0.03508969023823738,0.03162051737308502,0.35901230573654175,0.02487120032310486,0.008222031407058239,0.0,0.48049652576446533,0.2315479964017868,0.22334042191505432,0.14379523694515228,0.008067104034125805,0.0,0.09548203647136688,0.027098003774881363,0.0,0.0,0.0,0.5107805728912354,0.001963482704013586,0.011352086439728737,0.019986586645245552,0.0,0.0,0.0,0.0,0.26870614290237427,0.0,0.0,0.0,0.3616880178451538,0.010781904682517052,0.018738823011517525,0.01722651720046997,0.01000439003109932,0.2141450047492981,0.0040837060660123825,0.0,0.31558090448379517,0.07886595278978348,0.20621472597122192,0.24884913861751556,0.01436331681907177,0.18037700653076172,0.01045219600200653,0.0,0.0665232315659523,0.07196614146232605,0.0,0.8568727970123291,0.562703549861908,0.27920839190483093,0.005814099684357643,0.0,0.0,0.007820683531463146,0.021647699177265167,0.19009555876255035,0.009241733700037003,0.048469893634319305,0.37369129061698914,0.0,0.0,0.5071252584457397,0.3163163661956787,0.015453764237463474,0.0,0.005581567529588938,0.018650218844413757,0.29585716128349304,0.06590165942907333,0.4196281135082245,0.0951528549194336,0.018691953271627426,0.12249322235584259,-0.8258309960365295
195,0.01221315748989582,0.1357550472021103,0.4715467691421509,0.005204144399613142,0.0,0.0,0.722052812576294,0.0067428830079734325,0.0,0.0161073449999094,0.056956011801958084,0.0,0.0,0.3807604908943176,0.0,0.1894884705543518,0.04966949298977852,0.0,0.0,0.0,0.0,0.11422989517450333,0.03003121167421341,0.48738908767700195,0.0,0.0,0.0,0.8230083584785461,0.06983369588851929,0.10276880860328674,0.3242323696613312,0.3856748938560486,0.0,0.38439810276031494,0.16786430776119232,0.4132038354873657,0.1506097912788391,0.8158422708511353,0.0,0.0009849839843809605,0.03264971077442169,0.4294339120388031,0.04902207851409912,0.2602595388889313,0.5159292817115784,0.9981239438056946,0.20507733523845673,0.004222125746309757,0.0,0.14707863330841064,0.4005437195301056,0.0,0.0,0.0043333000503480434,0.2089623659849167,0.0,0.774730920791626,0.8424369096755981,0.18123899400234222,0.05523766949772835,0.0,0.019543344154953957,0.0783018171787262,0.0,0.0,0.2042563110589981,0.0017844566609710455,0.0,0.21359765529632568,0.061094529926776886,0.6952362656593323,0.0,0.46324265003204346,0.00989921111613512,0.25416329503059387,0.08959785848855972,0.0,0.4968239367008209,0.0,0.15756742656230927,0.022524872794747353,0.2925581932067871,0.008863424882292747,0.16826240718364716,0.0,0.0,0.16980963945388794,0.22223533689975739,0.3909914195537567,0.5954481959342957,0.10511063784360886,0.0,0.003527022199705243,0.46525272727012634,0.0,0.0,0.5398973226547241,0.09673474729061127,0.0002396219497313723,0.0,0.0,0.0722259134054184,0.0,0.3745378851890564,0.8602568507194519,0.5479124188423157,0.2860160171985626,0.0,0.0,0.0,0.0,0.2474638670682907,0.2772728502750397,0.3362671434879303,0.2932511866092682,0.0,0.006107306573539972,0.0,0.3284573256969452,0.14738713204860687,0.0,0.076502725481987,0.12013451009988785,0.01864747889339924,0.0,0.393428236246109,0.006996760610491037,0.3180926740169525,0.0,0.0,0.0,0.007591946516185999,0.23353202641010284,0.0,0.07918473333120346,0.13366617262363434,0.0,0.0,0.06442660838365555,0.07741077244281769,0.0,0.018660515546798706,0.6051014065742493,0.0,0.5672540068626404,0.0,0.004114641807973385,0.02183169685304165,0.0,0.0,0.07361841201782227,0.8100295066833496,0.30893877148628235,0.0,0.0,0.5377698540687561,0.0,0.0,0.015966041013598442,0.0,1.228641152381897,0.3473699390888214,0.0,0.0,0.28189221024513245,0.07169049233198166,0.0,0.8160441517829895,0.0,0.0,0.0,0.0,0.06303995847702026,0.119326151907444,0.19272370636463165,0.13703042268753052,0.03324732556939125,0.8155295848846436,0.0,0.027808116748929024,0.0,0.0,0.8908894658088684,0.017500463873147964,0.0,0.30922383069992065,0.31483516097068787,0.14155623316764832,0.8229881525039673,0.0,0.0,0.0,0.013306081295013428,0.10862506181001663,0.22965426743030548,0.5482779741287231,0.017505429685115814,0.79611736536026,0.0,0.1466521918773651,0.1994740068912506,0.0,0.03273126110434532,0.01987723633646965,0.0,0.0,0.0,0.0,0.0,0.027385907247662544,0.009553524665534496,0.35327473282814026,0.08938919752836227,0.7948195338249207,0.0,0.3132138252258301,0.6803126931190491,0.0,0.0812753215432167,0.5043391585350037,0.013812432996928692,0.04919939488172531,0.0,0.0,0.0,0.024089131504297256,0.023676466196775436,0.0,0.5157833695411682,0.0,0.009308216162025928,0.0,0.8523786664009094,0.4343287944793701,0.016368651762604713,0.28117814660072327,0.29605525732040405,0.0,0.3390420973300934,0.06833813339471817,0.021381715312600136,0.0,0.0,1.1337155103683472,0.0,0.02398727275431156,0.03372001647949219,0.0,0.0,0.0,0.0,0.010390535928308964,0.0,0.028463000431656837,0.0,0.951324462890625,0.10782131552696228,0.0785762295126915,0.010141301900148392,0.07611077278852463,0.548673689365387,0.0,0.0,0.699242889881134,0.37297001481056213,0.0,0.642530620098114,0.0,0.5057271122932434,0.04419147968292236,0.0,0.13836310803890228,0.0,0.01568051241338253,1.4454090595245361,1.089552402496338,0.5523019433021545,0.24647998809814453,0.0,0.0019732515793293715,0.0,0.0,0.45699113607406616,0.0,0.013240457512438297,0.5464478731155396,0.0,0.0,0.5855866074562073,0.33886227011680603,0.02584461309015751,0.00631519453600049,0.006151996087282896,0.0,0.29623398184776306,0.2285275161266327,0.726289689540863,0.0,0.0025059946347028017,0.19716142117977142,0.0,0.0718313679099083,0.018015746027231216,0.0,0.0,0.0,0.27275359630584717,0.1484372317790985,0.0,0.04810498282313347,0.23883986473083496,0.08213353902101517,0.0,0.3438971936702728,0.05982000008225441,0.011388599872589111,0.028157232329249382,0.07750417292118073,0.05924059823155403,0.0,0.002380573423579335,0.1660003364086151,0.0,0.43671858310699463,0.0969560369849205,0.0004222821444272995,0.0,0.4044864773750305,0.0,0.061714231967926025,0.0,0.23739129304885864,0.0,0.3317923843860626,0.0,0.012111199088394642,0.10466913878917694,0.04430151730775833,0.03414890542626381,0.34039628505706787,0.0021153967827558517,0.04705500602722168,0.21547701954841614,0.03313590586185455,0.2593705654144287,0.0,0.2605705261230469,0.0,0.0,0.007680184207856655,0.014085175469517708,0.0,0.4680076837539673,0.0,0.0,0.21748021245002747,0.0,0.60603928565979,0.020715897902846336,0.0,0.0,0.3038233518600464,0.07953238487243652,0.07468600571155548,0.0,0.0,0.0,0.45460745692253113,0.06094856187701225,0.07827237993478775,0.0,0.0,0.1453871876001358,0.5115773677825928,0.0,0.13626709580421448,0.08127165585756302,0.001099820714443922,0.0,0.23603108525276184,0.08673365414142609,0.0,0.0,0.2766192555427551,0.1743638515472412,0.0566718652844429,0.0,0.12071898579597473,0.5774126052856445,0.19518035650253296,0.02300511673092842,0.25596287846565247,0.06499116867780685,0.0,0.01682307943701744,0.005121075548231602,0.31888657808303833,0.0,0.0,0.057738326489925385,0.1272357851266861,0.17527979612350464,0.0,0.3455555737018585,0.23426182568073273,0.0,0.006296487059444189,0.1500864326953888,0.0,0.0,0.2169247418642044,0.075194351375103,0.0008769985288381577,0.12476226687431335,0.0,0.0,0.050379134714603424,0.06835015118122101,0.0,0.0,0.19863377511501312,0.03713062405586243,0.0019576363265514374,0.01824670098721981,0.08958455175161362,0.3599623143672943,0.0,0.0,0.09352298825979233,0.0,0.0,0.12442252039909363,0.0,0.058977313339710236,0.00037275534123182297,0.0,0.003391912905499339,0.0,0.17401908338069916,0.00017512543126940727,0.0,0.0,0.0,0.0,0.012215862981975079,0.03597531467676163,0.0,0.014968039467930794,0.32988476753234863,0.007807489484548569,0.0,0.0,0.010811915621161461,0.0,0.0,0.0,0.026828959584236145,0.028103286400437355,0.0,0.0,0.0,0.0,0.11636733263731003,0.0,0.10042742639780045,0.11306113749742508,0.0,0.0,0.08137521892786026,0.0,0.0031723137944936752,0.0068951016291975975,0.02660832181572914,0.0,0.01646443083882332,0.11741676181554794,0.0,0.0,0.23626336455345154,0.058516088873147964,0.015859682112932205,0.0,0.09229208528995514,0.0,0.0382094569504261,0.016981543973088264,0.1646217405796051,0.0,0.0,0.0,0.0,0.20850582420825958,0.26482605934143066,0.0,0.12287725508213043,0.016954101622104645,0.12109429389238358,0.05967216193675995,0.33016467094421387,0.0,0.05029129981994629,0.0,0.006418854463845491,0.03462160751223564,0.0,0.0,0.025000300258398056,0.06415598839521408,0.09579421579837799,0.00025176769122481346,0.13698385655879974,0.31837087869644165,0.0,0.0017071757465600967,0.22953689098358154,0.10200367867946625,0.16366511583328247,0.0,0.0,0.22016337513923645,0.0,0.010801752097904682,0.05580870434641838,0.0,0.13287918269634247,0.0,0.02135327458381653,0.027810702100396156,0.08158235251903534,0.29202699661254883,0.0,0.0,0.1307883858680725,0.022524086758494377,0.34814223647117615,0.03767762333154678,0.0,0.0,0.015569942072033882,0.010074217803776264,0.0,0.0,0.005402669310569763,0.09957554936408997,0.1258181780576706,0.01557752676308155,0.08796361833810806,0.0,0.0,0.0,0.0,0.4819853901863098,0.0,0.0,0.0,0.0,0.0,0.014751162379980087,0.010422985069453716,0.0,0.019477246329188347,0.07646943628787994,0.03518082946538925,0.0046099768951535225,0.0,0.6674237251281738,9.071826934814453e-05,0.10810166597366333,0.11234479397535324,0.0,0.0,0.0782475620508194,0.22346803545951843,0.0,0.08553983271121979,0.13421198725700378,0.18070892989635468,0.0,0.0296291783452034,0.0,0.08457081764936447,0.0910295620560646,0.0014741243794560432,0.20309726893901825,2.7766101993620396e-05,0.18787220120429993,0.0,0.0,0.449084997177124,0.285952627658844,0.01666386052966118,0.0,0.0,0.25322893261909485,0.3359697461128235,0.0,0.34385913610458374,0.38525599241256714,0.043353121727705,0.0,0.0046380506828427315,0.09235440939664841,0.2368110865354538,0.0,0.0,0.0,0.45254644751548767,0.11181535571813583,0.0,0.005962888710200787,0.08532314002513885,0.04390992596745491,0.0024581681936979294,0.38184088468551636,0.001427841023541987,0.09774313867092133,0.03998314216732979,0.0,0.0,0.0,0.0,0.17423184216022491,0.009603718295693398,0.5777570605278015,0.0,0.0,0.0,0.7343349456787109,0.036697808653116226,0.03391013294458389,0.18858002126216888,0.378518283367157,0.0,0.36045974493026733,0.04668785631656647,0.22660613059997559,0.08944474905729294,0.44365566968917847,0.012600965797901154,0.1366434544324875,0.009015735238790512,0.33302485942840576,0.11546406149864197,0.1735319048166275,0.5247271060943604,0.45990243554115295,0.21873751282691956,0.0,0.0,0.07352372258901596,0.17500269412994385,0.0,0.17782555520534515,0.0017132419161498547,0.08841361850500107,0.05136946588754654,0.3213235139846802,0.7398534417152405,0.06236609071493149,0.036163605749607086,0.0,0.18490150570869446,0.10474705696105957,0.0016822386533021927,0.0,0.04524853453040123,0.0,0.0877009779214859,0.16653549671173096,0.09070992469787598,0.29823464155197144,0.0,0.25542861223220825,0.17009291052818298,0.03832137957215309,0.21495574712753296,0.01911833882331848,0.31262749433517456,0.0,0.14594025909900665,0.04098930209875107,0.08251146972179413,0.005938861519098282,0.23965948820114136,0.03235308453440666,0.0029182499274611473,0.08952558785676956,0.20225107669830322,0.4488738477230072,0.36371952295303345,0.07684452831745148,0.005248554050922394,0.0004231967031955719,0.27548888325691223,0.01700500398874283,0.001524062710814178,0.4465562701225281,0.05276288837194443,0.00011509124306030571,0.06447378545999527,0.0,0.13038010895252228,0.0,0.3079599440097809,0.5856446027755737,0.17562362551689148,0.14144384860992432,0.015827108174562454,0.0,0.0,0.05258664861321449,0.12920121848583221,0.08834134787321091,0.2349681705236435,0.12217499315738678,0.0,0.02636021561920643,0.005930954124778509,0.10933195054531097,0.07224059104919434,0.0615929439663887,0.060712411999702454,0.13718542456626892,0.013250403106212616,0.010236967355012894,0.32274511456489563,0.0033303832169622183,0.1432024985551834,0.019170675426721573,0.0,0.0,0.08883248269557953,0.059764061123132706,0.0,0.015907298773527145,0.046923503279685974,0.0,0.0,0.07464718818664551,0.06938757002353668,0.0,0.02862888015806675,0.2936312258243561,0.0,0.33106744289398193,0.0,0.0003065178170800209,0.007633180357515812,0.004051234573125839,0.0,0.022690031677484512,0.4237510561943054,0.12584346532821655,0.0,0.0,0.2967422604560852,0.02527640387415886,0.0,0.01087048277258873,0.0,0.6716593503952026,0.13267606496810913,0.0,0.0,0.21134108304977417,0.09741342067718506,0.0007408909732475877,0.30075007677078247,0.0,0.0,0.005649113096296787,0.0,0.02146707847714424,0.05286470800638199,0.08893998712301254,0.15371450781822205,0.0019301633583381772,0.32647454738616943,0.032613612711429596,0.009371191263198853,0.0,0.00014141925203148276,0.5390356779098511,0.005570845678448677,0.0,0.21612751483917236,0.19718262553215027,0.08504560589790344,0.33594438433647156,0.0,0.0,0.030680682510137558,0.06242728605866432,0.07465621083974838,0.1832282394170761,0.32995015382766724,0.008338271640241146,0.517109751701355,0.014633309096097946,0.0,0.11608123034238815,0.0,0.0180998295545578,0.015264278277754784,0.0,0.0,0.0,0.0,0.004408126696944237,0.0043801176361739635,0.07555268704891205,0.26251745223999023,0.047014690935611725,0.3647276759147644,0.08177997916936874,0.18133503198623657,0.40466853976249695,0.0,0.047321867197752,0.3648734390735626,0.020932156592607498,0.010102523490786552,0.0,0.0,0.0,0.032264046370983124,0.04371166229248047,0.028945960104465485,0.33416080474853516,0.04437660798430443,0.0035422416403889656,0.0,0.5598568320274353,0.2588568329811096,0.21748390793800354,0.14526793360710144,0.0038847457617521286,0.0,0.13788816332817078,0.01722727157175541,0.011458652094006538,0.0,0.0,0.6284509897232056,0.0006496114656329155,0.04542677849531174,0.017886698246002197,0.0,0.0,0.0,0.0,0.22156137228012085,0.0,0.0,0.0,0.4507332444190979,0.007424700073897839,0.031717125326395035,0.020816659554839134,0.022825732827186584,0.22668124735355377,0.0,0.0,0.3597583770751953,0.08385751396417618,0.2169572114944458,0.29532843828201294,0.01892152614891529,0.21607860922813416,0.01856750249862671,0.0,0.05684606730937958,0.06618824601173401,0.0,0.9474272727966309,0.5660965442657471,0.3386307954788208,0.010526810772716999,0.0,0.0,0.015987232327461243,0.008017342537641525,0.20664246380329132,0.005011226050555706,0.026910357177257538,0.3783314526081085,0.0,0.0,0.6004287004470825,0.3467147648334503,0.02520276978611946,0.0,0.0,0.0029260420706123114,0.3354378938674927,0.04890279471874237,0.44968676567077637,0.09153882414102554,0.02588016167283058,0.1435886174440384,-1.3443386554718018
196,0.4131839871406555,0.059250492602586746,0.028756121173501015,0.004445741418749094,0.0,0.0,0.5656653642654419,0.018349740654230118,0.03760075569152832,0.14509405195713043,0.1356019228696823,0.014812207780778408,0.0,0.3548623025417328,0.031922534108161926,0.0,0.008691570721566677,0.058697666972875595,0.13726122677326202,0.005344265606254339,0.0022851868998259306,0.005730575416237116,0.0,0.16414545476436615,0.42752805352211,0.0027536842972040176,0.0053381482139229774,0.4650440216064453,0.03364168480038643,0.08668088167905807,0.027550382539629936,0.41861486434936523,0.0,0.011976998299360275,0.2241167575120926,0.0,0.0,0.08772578090429306,0.19295762479305267,0.12891623377799988,0.6091896891593933,0.0450713150203228,0.3034476935863495,0.0,0.09821467846632004,0.026867805048823357,0.5582608580589294,0.0016409866511821747,0.0,0.09931690245866776,0.0,0.0,0.7537484169006348,0.0,0.0,0.0,0.24861808121204376,1.065958857536316,0.40364494919776917,0.11656896024942398,0.0,0.0031114311423152685,0.45088115334510803,0.0,0.0,0.0,0.0,0.379576712846756,0.5284143090248108,0.4035486876964569,0.0,0.0,0.22604413330554962,0.7926527261734009,0.03784502297639847,0.0,0.2647179067134857,0.0,0.0002971559879370034,0.1577298641204834,0.13237540423870087,0.0,0.06842095404863358,0.13355907797813416,0.1941370964050293,0.03557085618376732,0.0,0.5674266219139099,0.6343843340873718,0.2929762005805969,0.13954316079616547,0.30292731523513794,0.1914157122373581,0.0537002794444561,0.008551635779440403,0.4343968331813812,0.7670871615409851,0.0,0.03624368831515312,0.004754796624183655,0.34881624579429626,0.7691382765769958,0.0,0.2651955485343933,0.12953989207744598,0.21316733956336975,0.05648849532008171,0.32704976201057434,0.08943314850330353,0.0,0.16608327627182007,0.1567421853542328,0.03832867369055748,0.348503977060318,0.4229736328125,0.0,0.24419580399990082,0.23424454033374786,0.000668188207782805,0.024304455146193504,0.08182394504547119,0.4689546227455139,0.037317775189876556,0.0,0.03941787779331207,0.0014265448553487659,0.010857309214770794,0.03562178090214729,0.09493060410022736,0.0,0.03000667132437229,0.010115349665284157,0.1448407769203186,0.06821335852146149,0.0032564231660217047,0.5180273056030273,0.04087541624903679,0.0,0.24684014916419983,0.0,0.0,0.006564407143741846,0.0,0.005633406341075897,0.043732743710279465,0.042011745274066925,0.34063073992729187,0.0010999493533745408,0.13377970457077026,0.0,0.0,0.06590627133846283,0.051273882389068604,0.0,0.0,0.4721083641052246,0.025831550359725952,0.0,0.002324212109670043,0.0910501778125763,0.11102942377328873,0.1317925900220871,0.15750841796398163,0.0,0.021820465102791786,0.18422530591487885,0.0,0.008175368420779705,0.021212680265307426,0.0,0.04389044642448425,0.06650056689977646,0.08580281585454941,0.006684142630547285,1.01799738407135,0.13585138320922852,0.0,0.013127279467880726,0.05972303822636604,0.0,0.01574423536658287,0.009603251703083515,0.07317528873682022,0.06676268577575684,0.02309226058423519,0.22850601375102997,0.6041838526725769,0.011618955992162228,0.053450971841812134,0.0,0.0042247711680829525,0.10601464658975601,0.38242873549461365,0.01502479612827301,0.23525677621364594,0.1830906718969345,0.22970452904701233,0.06493767350912094,0.1749606430530548,0.03666279464960098,0.08670389652252197,0.0,0.04698404669761658,0.33608004450798035,0.007289208471775055,0.0,0.03869006782770157,0.3881424069404602,0.18037644028663635,0.2004544734954834,0.21211016178131104,0.6759573817253113,0.0033075609244406223,0.011371951550245285,0.12365813553333282,0.07598339021205902,0.2856427729129791,0.0,0.017336184158921242,0.0728309378027916,0.0,0.3717106878757477,0.24866275489330292,0.09666901081800461,0.22385458648204803,0.005470606964081526,0.6827483177185059,0.1206415668129921,0.5475194454193115,0.09483611583709717,0.41342827677726746,0.2687534689903259,0.22325502336025238,0.01940208673477173,0.021834364160895348,0.05544435605406761,0.007005775813013315,0.0,0.0,0.008993668481707573,0.10692109912633896,0.0,0.013084768317639828,0.047072332352399826,0.18166996538639069,0.20962630212306976,0.057139258831739426,0.0,0.0,0.006825323682278395,0.0,0.733639657497406,0.0,0.0,0.08737572282552719,0.09283994138240814,0.00390911428257823,0.0020814111921936274,0.043242085725069046,0.04980260878801346,0.0,0.003389717312529683,0.05944429710507393,0.07044120877981186,0.12077300995588303,0.6233004927635193,0.003968448378145695,0.09583421051502228,0.054092343896627426,0.0,0.006798204965889454,0.17803619801998138,0.046510711312294006,0.0,0.10467618703842163,0.3731209933757782,0.24961340427398682,0.008758485317230225,0.1367526352405548,0.0,0.16856126487255096,0.0851195752620697,0.0,0.25689801573753357,0.1888369619846344,0.44030991196632385,0.0,0.05787813663482666,0.07076170295476913,0.02863115444779396,0.1261596530675888,0.0,0.0,0.47889596223831177,0.08520065993070602,0.0,0.21355323493480682,0.6312716603279114,0.08144309371709824,0.0,0.01812492311000824,0.0699828565120697,0.04494862258434296,0.0,0.0,0.0,0.37911638617515564,0.12559083104133606,0.0,0.06858652830123901,0.16302593052387238,0.04851265996694565,0.0,0.396981418132782,0.029483508318662643,0.030603334307670593,0.022075004875659943,0.04380319267511368,0.03581107780337334,0.0,0.0,0.1569690704345703,0.0,0.33514976501464844,0.08185194432735443,0.0,0.0,0.4053928852081299,0.0,0.0944208949804306,0.0029896069318056107,0.23464639484882355,0.0,0.2992634177207947,0.0005638436414301395,0.025012724101543427,0.08259055018424988,0.09544624388217926,0.046466633677482605,0.3457227945327759,0.04211174324154854,0.06576206535100937,0.23682093620300293,0.020191365852952003,0.23595945537090302,0.0,0.3331339657306671,0.0,0.0,0.018235299736261368,0.015292073599994183,0.0,0.4268661141395569,0.0015672564040869474,0.0,0.12055317312479019,0.008475379087030888,0.7029125690460205,0.07936649024486542,0.0,0.0,0.21136975288391113,0.15726417303085327,0.015009000897407532,0.0,0.008802931755781174,0.0,0.33490681648254395,0.08794627338647842,0.1112360805273056,0.0,0.0,0.19041776657104492,0.4217338263988495,0.0,0.11144471913576126,0.08639081567525864,0.0,0.0,0.22430557012557983,0.067357137799263,0.0,0.0,0.268599271774292,0.11781129240989685,0.03768250346183777,0.0,0.14458096027374268,0.5104795098304749,0.20615625381469727,0.04748935252428055,0.13486380875110626,0.043221451342105865,0.011013838462531567,0.01089237816631794,0.01029250118881464,0.3837936520576477,0.0,0.0,0.02156648598611355,0.09240395575761795,0.2208067774772644,0.0,0.3249596357345581,0.2686898708343506,0.03590674698352814,0.012241481803357601,0.11772347241640091,0.003005343722179532,0.0,0.18307410180568695,0.07123461365699768,0.020467951893806458,0.1888274848461151,0.0005422884132713079,0.0,0.05656379461288452,0.08063174784183502,0.0,0.016591746360063553,0.1308113932609558,0.03375484421849251,0.0,0.02633868157863617,0.011354041285812855,0.2883545458316803,0.0,0.0,0.05057908594608307,0.0,0.0,0.08969535678625107,0.0,0.04220272973179817,0.0,0.02322082221508026,0.004690622445195913,0.0,0.1828935146331787,0.012897872366011143,0.0,0.0,0.001946483738720417,0.0,0.045559365302324295,0.01757470890879631,0.020840782672166824,0.006831444799900055,0.2643108069896698,0.0,0.0,0.004709539469331503,0.017555339261889458,0.0,0.0,0.0615762397646904,0.019649198278784752,0.012042775750160217,0.003478231141343713,0.0,0.054245010018348694,0.007360178977251053,0.10976462811231613,0.0,0.09771130979061127,0.1376977264881134,0.0,0.0,0.028411149978637695,0.0,0.0,0.005770346615463495,0.029202809557318687,0.0,0.08498930931091309,0.08883629739284515,0.0,0.00337273720651865,0.15362922847270966,0.06642485409975052,0.012438579462468624,0.0,0.09753621369600296,0.011088736355304718,0.024669066071510315,0.05066557973623276,0.2362457513809204,0.0,0.0,0.0,0.0,0.114860899746418,0.2508484721183777,0.0,0.11656223237514496,0.05772455036640167,0.10344324260950089,0.12013060599565506,0.22376185655593872,0.0,0.0919114276766777,0.0,0.005973306484520435,0.04567375406622887,0.0,0.0,0.0,0.038108304142951965,0.04880527779459953,0.001755984965711832,0.11397983133792877,0.2982063889503479,0.0,0.017330612987279892,0.1684855818748474,0.13169892132282257,0.23979461193084717,0.0,0.0,0.2122766673564911,0.0,0.04209484905004501,0.046899884939193726,0.0,0.09125342220067978,0.0,0.02745308354496956,0.003021322190761566,0.13119561970233917,0.1718340367078781,0.009587209671735764,0.0,0.1604604870080948,0.05131453275680542,0.2651265859603882,0.039344049990177155,0.0,0.0,0.028736108914017677,0.013790452852845192,0.0,0.0018482482992112637,0.015382414683699608,0.14851076900959015,0.08234734833240509,0.010319366119801998,0.10288013517856598,0.0,0.0,0.0,0.0,0.4325646758079529,0.0,0.0,0.008370758034288883,0.013349225744605064,0.0,0.02640468254685402,0.006736833602190018,0.0,0.013966549187898636,0.00390856247395277,0.015307793393731117,0.04962928593158722,0.0,0.5486138463020325,0.01612773723900318,0.09439095109701157,0.15876679122447968,0.0,0.0,0.0652974396944046,0.16095945239067078,0.0,0.14919109642505646,0.2604498267173767,0.22955337166786194,0.0,0.0,0.0,0.044467050582170486,0.09886139631271362,0.008078367449343204,0.13858123123645782,0.0,0.2380041480064392,0.0,0.0,0.39649128913879395,0.28685957193374634,0.021214144304394722,0.0,0.0,0.2035272717475891,0.3154275715351105,0.0,0.4269299805164337,0.34157663583755493,0.06737048923969269,0.0,0.11473758518695831,0.029030049219727516,0.02887893095612526,0.0,0.0,0.0,0.40828391909599304,0.1281975656747818,0.006633555982261896,0.14615559577941895,0.09827761352062225,0.04203950613737106,0.0,0.33888810873031616,0.14464683830738068,0.0,0.018492208793759346,0.03164190426468849,0.0004730603832285851,0.0031185299158096313,0.013314642943441868,0.11620766669511795,0.0,0.36426153779029846,0.2428361177444458,0.0,0.0,0.6089633107185364,0.01951635628938675,0.016935285180807114,0.0008295257575809956,0.4120713770389557,0.0,0.18048547208309174,0.007298345677554607,0.05179384723305702,0.0,0.07914125174283981,0.23261576890945435,0.21460792422294617,0.3979148268699646,0.17254497110843658,0.12812961637973785,0.03250585496425629,0.26805463433265686,0.0019250275800004601,0.4627719819545746,0.0,0.0,0.12159135937690735,0.0021425560116767883,0.0,0.725962221622467,0.0,0.0,0.10004545003175735,0.01727210357785225,0.9589481353759766,0.1791682243347168,0.1068984642624855,0.0,0.22364790737628937,0.2784024477005005,0.01740669459104538,0.0,0.0,0.0,0.521882951259613,0.3331490159034729,0.16754265129566193,0.0,0.0,0.19740284979343414,0.6813638806343079,0.0,0.14242719113826752,0.34779295325279236,0.0161051694303751,0.0,0.047129567712545395,0.06326710432767868,0.0,0.011599164456129074,0.27247199416160583,0.20527413487434387,0.0077936104498803616,0.0,0.4574202001094818,0.5514731407165527,0.13416875898838043,0.0955401211977005,0.20830728113651276,0.04686984792351723,0.04849293828010559,0.030501611530780792,0.21654629707336426,0.513496458530426,0.0,0.0024298971984535456,0.09909896552562714,0.16249635815620422,0.297113299369812,0.0,0.1387888342142105,0.1833932250738144,0.011168823577463627,0.007994186133146286,0.1670857071876526,0.06264017522335052,0.0,0.21839217841625214,0.036543600261211395,0.05002713203430176,0.30597519874572754,0.2751438319683075,0.0020911090541630983,0.09307656437158585,0.2581191658973694,0.011981588788330555,0.012563970871269703,0.2812287211418152,0.27671152353286743,0.06639067083597183,0.004879627376794815,0.13160377740859985,0.09221196919679642,0.0,0.027520833536982536,0.1487843543291092,0.0,0.023180436342954636,0.1050640419125557,0.057604070752859116,0.0409366711974144,0.011021875776350498,0.29624781012535095,0.01715092919766903,0.0,0.18277114629745483,0.012436891905963421,0.0,0.0,0.0,0.0,0.020701782777905464,0.0,0.20024819672107697,0.003117216983810067,0.0024282396771013737,0.0,0.0,0.01663164794445038,0.0026595881208777428,0.0,0.0,0.25543397665023804,0.10173685103654861,0.0,0.0004904392990283668,0.03304503858089447,0.05125192180275917,0.004433528985828161,0.10140181332826614,0.0030949735082685947,0.07831377536058426,0.1709219366312027,0.00019380362937226892,0.0,0.028946341946721077,0.0,0.01869029551744461,0.055934514850378036,0.024816254153847694,0.0,0.5162414908409119,0.18282625079154968,0.0,0.0,0.062264177948236465,0.0,0.005491869989782572,0.005016333423554897,0.006915683392435312,0.008207426406443119,0.0,0.2524881660938263,0.38354408740997314,0.009489904157817364,0.004432222805917263,0.0,0.0,0.2595749795436859,0.2650527060031891,0.0,0.15173235535621643,0.08526980876922607,0.037037648260593414,0.05203529819846153,0.2680302560329437,0.0,0.1172289177775383,0.0,0.00863188412040472,0.15162324905395508,0.0,0.0,0.0,0.5117983222007751,0.15564732253551483,0.0068403673358261585,0.30195528268814087,0.4047579765319824,0.0026317969895899296,0.003524424973875284,0.1971132606267929,0.021266745403409004,0.24729321897029877,0.0008210859959945083,0.0,0.17227472364902496,0.0,0.21390962600708008,0.20174512267112732,0.02807631343603134,0.1138548031449318,0.007506492547690868,0.44240686297416687,0.10586918890476227,0.35800206661224365,0.14406846463680267,0.17062798142433167,0.16772975027561188,0.19612038135528564,0.02306543104350567,0.3218502402305603,0.057516470551490784,0.0,0.0,0.005388522986322641,0.019644904881715775,0.040857888758182526,0.0,0.017596201971173286,0.02565103769302368,0.17136992514133453,0.10200721770524979,0.0,0.0,0.0,0.0,0.0,0.5980369448661804,0.0,0.0,0.018466969951987267,0.1123121827840805,0.0,0.0,0.04146246984601021,0.05372324585914612,0.0,0.01382673904299736,0.08631375432014465,0.02167683094739914,0.0049588801339268684,0.7507975101470947,0.0004107500717509538,0.025975173339247704,0.006837415508925915,0.0,0.00971467886120081,0.14356118440628052,0.21305213868618011,0.0,0.25735563039779663,0.15977010130882263,0.1625610589981079,0.0,0.05568704381585121,0.002929672133177519,0.12549182772636414,0.04467590153217316,0.0,0.29598701000213623,0.14518405497074127,0.3099786937236786,0.0,0.017599361017346382,0.2916853725910187,0.23187756538391113,0.0464274026453495,0.0,0.0,0.40899232029914856,0.2454252541065216,0.0,0.22824278473854065,0.5181704163551331,0.08720862865447998,0.0006535333814099431,0.5404555201530457
197,0.010871869511902332,0.07731997221708298,0.003566709579899907,0.0,0.0,0.0,0.04559313878417015,0.11703434586524963,0.0,0.11888720095157623,0.3507412374019623,0.05653119087219238,0.0,0.17350120842456818,0.505478024482727,0.00857020728290081,0.0,0.46795812249183655,0.2322935312986374,0.0,0.07316320389509201,0.12406948208808899,0.0,0.7825745344161987,0.1916106790304184,0.0,0.0,0.43740853667259216,0.007325485348701477,0.024916749447584152,0.0,0.22016794979572296,0.029709842056035995,0.15841196477413177,0.0029914577025920153,0.0,0.0,0.03199658915400505,0.378593772649765,0.2828337252140045,0.0804596021771431,0.006402889732271433,0.15086038410663605,0.0,0.2261563390493393,0.0,0.17662449181079865,0.006084487773478031,0.0,0.25810757279396057,0.0,0.011152436025440693,0.7868145704269409,0.0005660715396516025,0.0,0.373820036649704,0.0,0.4491714835166931,0.020521901547908783,0.003996139857918024,0.0,0.16990849375724792,0.05170299485325813,0.3407718241214752,0.0,0.0,0.0,0.9618178606033325,0.09241757541894913,0.024016285315155983,0.0,0.0,0.07885036617517471,0.6561362743377686,0.0,0.1077125146985054,0.4123365879058838,0.048879384994506836,0.0,0.0,0.2283109873533249,0.0,0.0810321718454361,0.1760140210390091,0.8165987133979797,0.02723129466176033,0.0,0.10090456157922745,0.6226677298545837,0.051211703568696976,0.036699194461107254,0.6775757074356079,0.009577463380992413,0.09479627758264542,0.002111513167619705,0.07794614881277084,0.08407287299633026,0.0,0.0,0.057358790189027786,0.47546476125717163,0.08803736418485641,0.0,0.7763113379478455,0.013242719694972038,0.0,0.00516851432621479,0.5325803756713867,0.0007167694275267422,0.0,0.43509915471076965,0.015372054651379585,0.0,0.20939652621746063,0.044629354029893875,0.01122763566672802,0.01651938445866108,0.5213087201118469,0.0,0.026259923353791237,0.33882585167884827,0.18468904495239258,0.0034294009674340487,0.0,0.2915039658546448,0.17220360040664673,0.0,0.0,0.4217320680618286,0.0,0.0,0.14112578332424164,0.0,0.01899428851902485,0.006146268919110298,0.10085500031709671,0.07333336770534515,0.0,0.06503919512033463,0.0,0.0,0.005832727067172527,0.0,0.0,0.03514448553323746,0.06012934446334839,0.026763135567307472,0.0003349623875692487,0.012731467373669147,0.0,0.0,0.013106280006468296,0.00867252703756094,0.0,0.003177858889102936,0.07045069336891174,0.07448088377714157,0.0,0.0,0.0,0.024432053789496422,0.0,0.04679444059729576,0.004463404417037964,0.0,0.08203338086605072,0.0,0.0,0.23979292809963226,0.015345552004873753,0.09395954757928848,0.08317802101373672,0.0,0.0,0.07283718883991241,0.4676276743412018,0.0,0.0,0.305989533662796,0.0,0.11758439987897873,0.010457456111907959,0.042501989752054214,0.0030821163672953844,0.02681034430861473,0.0,0.0036640597973018885,0.0,0.0,0.0,0.0,0.5571654438972473,0.15573330223560333,0.0,0.04269517585635185,0.24129420518875122,0.0,0.14727114140987396,0.7018538117408752,0.0,0.15674175322055817,0.0,0.0,0.0,0.0,0.0,0.038185667246580124,0.969298243522644,0.4245877265930176,0.0,0.21162959933280945,0.0971364825963974,0.0,0.0,0.47147804498672485,0.033204350620508194,0.026572788134217262,0.0,0.0,0.1445673257112503,0.0,0.07977751642465591,0.46467071771621704,0.0,0.16922208666801453,0.0016907869139686227,0.3108319342136383,0.48557350039482117,0.012285270728170872,0.5551717877388,0.07063960283994675,0.19996227324008942,0.29451823234558105,0.008445100858807564,0.24594470858573914,0.003985076677054167,0.0,0.0,0.0,0.006948967929929495,0.0,0.0,0.011709816753864288,0.05111215263605118,0.42276373505592346,0.21626794338226318,0.04822269454598427,0.0,0.0,0.0,0.0,0.670013964176178,0.0,0.0,0.0018558526644483209,0.0,0.0,0.0,0.0037636396009474993,0.0,0.0,0.2675582468509674,0.21541042625904083,0.0,0.0,1.0181695222854614,0.0,0.22362855076789856,0.021951530128717422,0.0,0.0,0.09064236283302307,0.3240807056427002,0.0,0.1750108301639557,0.0,0.04259307682514191,0.0,0.37795671820640564,0.0,0.43422287702560425,0.0,0.0,0.6266641616821289,0.0,0.0488186739385128,0.0,0.0,0.43252328038215637,0.034887030720710754,0.04148560389876366,0.0,0.0,0.5253356099128723,0.4231692850589752,0.0,0.01734388805925846,0.7080551385879517,0.2885471284389496,0.047415561974048615,0.19583147764205933,0.1679881066083908,0.06608352810144424,0.0,0.0,0.0,0.5136561393737793,0.10942292213439941,0.0,0.021956445649266243,0.1356654167175293,0.0,0.0,0.34977492690086365,0.0,0.05381631851196289,0.04458675533533096,0.0,0.0,0.0,0.0,0.08485563099384308,0.0,0.24984969198703766,0.025035832077264786,0.0,0.0,0.4585268795490265,4.8040667024906725e-05,0.11346324533224106,0.08725404739379883,0.3037387728691101,0.0,0.29535943269729614,0.1347828358411789,0.024163836613297462,0.04931982234120369,0.1752166599035263,0.02895415760576725,0.11272820085287094,0.10191122442483902,0.11145810037851334,0.1474645435810089,0.05318759009242058,0.15440025925636292,0.159063458442688,0.19212675094604492,0.014545287005603313,0.0,0.06359324604272842,0.1374610811471939,0.0,0.24977156519889832,0.024121755734086037,0.024002758786082268,0.0006960695027373731,0.316399484872818,0.7342823147773743,0.28684836626052856,0.04996828734874725,0.0,0.062490902841091156,0.17960131168365479,0.0,0.0,0.009247420355677605,6.391243368852884e-05,0.0831761583685875,0.2202446311712265,0.215547114610672,0.054830677807331085,0.0,0.15049989521503448,0.14869330823421478,0.06784181296825409,0.04091694951057434,0.00484122708439827,0.02617727406322956,0.0,0.16192233562469482,0.02745189517736435,0.016390692442655563,0.0,0.15816299617290497,0.11884800344705582,0.010702984407544136,0.06790798157453537,0.3175521492958069,0.3794527053833008,0.3444646894931793,0.0661163330078125,0.0709710419178009,0.046725139021873474,0.04250650852918625,0.0,0.034481413662433624,0.5683425068855286,0.0,0.0004412514972500503,0.0,0.01773158833384514,0.41502395272254944,0.0,0.343743234872818,0.3018072247505188,0.31298893690109253,0.06979164481163025,0.06045413762331009,0.027597537264227867,0.0,0.03560146689414978,0.0811249390244484,0.03132741525769234,0.2503454387187958,0.10090357810258865,0.0,0.08119259029626846,0.043222825974226,0.06492634117603302,0.028231225907802582,0.0,0.07823850959539413,0.0,0.02166161499917507,0.0,0.2391599863767624,0.0,0.014115666970610619,0.031232813373208046,0.056937236338853836,0.0,0.19108431041240692,0.03691112622618675,0.004156370181590319,0.004226158373057842,0.16463477909564972,0.0,0.0,0.10131416469812393,0.0,0.0,0.0,0.01470328401774168,0.0,0.14106485247612,0.0,0.0944879949092865,0.0256611630320549,0.10309308767318726,0.0,0.041750259697437286,0.11108571290969849,0.07220233976840973,0.0,0.0,0.37621021270751953,0.02618911862373352,0.0,0.051864754408597946,0.04612522944808006,0.2239481657743454,0.22461068630218506,0.025309525430202484,0.0,0.053841277956962585,0.116849385201931,0.004338685888797045,0.09722121804952621,0.0,0.0,0.0,0.0,0.020971225574612617,0.03618583828210831,0.3105771541595459,0.08425424247980118,0.04027177765965462,0.08480583131313324,0.017865074798464775,0.056289684027433395,0.0013573847245424986,0.0,0.15599747002124786,0.0,0.0,0.1861094981431961,0.30587735772132874,0.0,0.09886854887008667,0.0,0.0,0.057756587862968445,0.1779099702835083,0.007284694351255894,0.22502455115318298,0.13794508576393127,0.06425800174474716,0.17904889583587646,0.1108141541481018,0.0799105316400528,0.079033263027668,0.0,0.06926246732473373,0.07762641459703445,0.0,0.0,0.0,0.007140768226236105,0.036744147539138794,0.17019625008106232,0.04900335893034935,0.3489031493663788,0.00891771912574768,0.19605019688606262,0.05112652853131294,0.05522565543651581,0.36934489011764526,0.0,0.052040643990039825,0.21677803993225098,0.008752405643463135,0.0748344138264656,0.0005077902460470796,0.0007362460601143539,0.02411177009344101,0.0,0.03060240112245083,0.05951180309057236,0.3536507189273834,0.04964257404208183,0.028809206560254097,0.007713879458606243,0.3315185010433197,0.07232052087783813,0.0215611569583416,0.10092532634735107,0.10192570090293884,0.0,0.029418019577860832,0.09004739671945572,0.09065502882003784,0.0026386675890535116,0.0,0.26015573740005493,0.011717962101101875,0.04651918262243271,0.08905250579118729,0.0,0.0,0.0,0.0,0.3143148124217987,0.0,0.0,0.04445341229438782,0.09756544977426529,0.0,0.07002165913581848,0.09256625175476074,0.008960896171629429,0.0900493860244751,0.0,0.0,0.13215526938438416,0.1987939327955246,0.17459125816822052,0.07664231210947037,0.018919315189123154,0.1413787305355072,0.0,0.0005642016767524183,0.050249405205249786,0.004513292107731104,0.0,0.37195467948913574,0.49701058864593506,0.21290268003940582,0.08423614501953125,0.0,0.0008097352110780776,0.0,0.011516581289470196,0.01512960996478796,0.0767209380865097,0.05649842694401741,0.42081019282341003,0.0,0.06900463998317719,0.2506704330444336,0.13701286911964417,0.024546945467591286,0.0,0.015414522960782051,0.0,0.25544416904449463,0.0013623973354697227,0.46463093161582947,0.11863178759813309,0.04149715229868889,0.031182078644633293,0.20042122900485992,0.09917965531349182,0.00026069622253999114,0.0,0.0,0.0,0.383303701877594,0.0779133290052414,0.006498996168375015,0.04380429908633232,0.09530901163816452,0.03451131284236908,0.0,0.33301839232444763,0.08018124103546143,0.028486797586083412,0.014977337792515755,0.004922202788293362,0.006818740628659725,0.0,0.0,0.1194235309958458,0.00038058252539485693,0.3641069233417511,0.07601475715637207,0.0,0.0,0.5670516490936279,0.010609965771436691,0.02683580480515957,0.06857182085514069,0.3560273051261902,0.0,0.19690367579460144,0.020066622644662857,0.0438377782702446,0.0,0.0793919786810875,0.14153261482715607,0.2286251187324524,0.18803489208221436,0.14457686245441437,0.1216108649969101,0.027845805510878563,0.2267005294561386,0.019795911386609077,0.3398016691207886,0.013757659122347832,0.010712986811995506,0.05444474145770073,0.07866774499416351,0.0,0.5424246191978455,0.0,0.003367564408108592,0.07203266024589539,0.03657684847712517,0.80038982629776,0.22568346560001373,0.09422806650400162,0.0,0.1531076580286026,0.22828242182731628,0.0215610321611166,0.0,0.003155490616336465,0.0,0.3129849135875702,0.2815536856651306,0.22169600427150726,0.0,0.0,0.09477309882640839,0.4454953670501709,0.0009802241111174226,0.09283396601676941,0.12728475034236908,0.01734825223684311,0.0,0.08707262575626373,0.051399797201156616,0.0,0.015914324671030045,0.22442418336868286,0.13576190173625946,0.017272260040044785,0.014987362548708916,0.3710993230342865,0.42827776074409485,0.2221262902021408,0.02703390084207058,0.07033227384090424,0.04275349900126457,0.05222516506910324,0.02727120742201805,0.1065467819571495,0.5423660278320312,0.0,0.005427992437034845,0.07218356430530548,0.13688480854034424,0.35432931780815125,0.0,0.26477378606796265,0.24189555644989014,0.04078957438468933,0.023166842758655548,0.143527090549469,0.03337981551885605,0.0,0.13575226068496704,0.04715665057301521,0.0,0.29798242449760437,0.11679959297180176,0.0,0.08933776617050171,0.10638519376516342,0.0080557307228446,0.024887587875127792,0.1349792331457138,0.17150136828422546,0.05404343083500862,0.0005245483480393887,0.04378993436694145,0.08615061640739441,0.013107691891491413,0.01376691646873951,0.04024181514978409,0.0,0.0027417035307735205,0.11934326589107513,0.00792409386485815,0.01738693192601204,0.014433613047003746,0.23696595430374146,0.010285225696861744,0.00011856069613713771,0.06448714435100555,0.03361118957400322,0.0,0.0,0.0,0.0,0.07177945226430893,0.0,0.08803065866231918,0.0,0.0004784825723618269,0.0,0.0053466991521418095,0.014416655525565147,0.04637892171740532,0.0,0.0,0.2214404195547104,0.06206518039107323,0.0,0.0,0.05976293608546257,0.08166259527206421,0.1005733534693718,0.012388537637889385,0.003160137915983796,0.10551929473876953,0.14580956101417542,0.0,0.0037552558351308107,0.0,0.0,0.030562231317162514,0.0510278157889843,0.010583704337477684,0.0006418055854737759,0.3716489374637604,0.15889263153076172,0.0,0.004072371404618025,0.06445697695016861,0.0011550815543159842,0.01993451826274395,0.007990892045199871,0.11115769296884537,0.012940891087055206,0.0,0.20133468508720398,0.3331332206726074,0.0,0.0038431985303759575,0.0,0.0,0.14608357846736908,0.2152588963508606,0.008892230689525604,0.20050136744976044,0.0843694880604744,0.02651132456958294,0.10391310602426529,0.12569096684455872,0.0,0.06531944125890732,0.0,0.011139105074107647,0.06149613857269287,0.0,0.0,0.0,0.35771557688713074,0.02998274564743042,0.020682549104094505,0.22845359146595,0.37064868211746216,0.005738027859479189,0.008352123200893402,0.08875838667154312,0.012747189030051231,0.2340470403432846,0.0016985626425594091,0.0013267939211800694,0.1870792806148529,0.0016724664019420743,0.12732931971549988,0.07357089221477509,0.0014176156837493181,0.07279704511165619,0.030663948506116867,0.18705390393733978,0.052720241248607635,0.34362125396728516,0.047653984278440475,0.0862620398402214,0.12210523337125778,0.2403879463672638,0.02306034415960312,0.23971708118915558,0.04621904715895653,0.0,0.0,0.019511040300130844,0.03664352372288704,0.0036041345447301865,0.0,0.0038769065868109465,0.10170866549015045,0.025347942486405373,0.09900468587875366,0.001610766863450408,0.0,0.0,0.0,0.0,0.5359678268432617,0.0,0.0,0.011614100076258183,0.028946029022336006,0.0,0.04135553538799286,0.03034571371972561,0.028694825246930122,0.050040051341056824,0.0144889447838068,0.0006454343674704432,0.028298046439886093,0.015828516334295273,0.5482933521270752,0.0241249967366457,0.009858927689492702,0.009067521430552006,0.0,0.022647082805633545,0.08394458889961243,0.16909882426261902,0.0,0.283053994178772,0.25996965169906616,0.12081720679998398,0.0,0.017062494531273842,0.003291827393695712,0.02505047619342804,0.01056340616196394,0.0,0.15520162880420685,0.09536413103342056,0.33620306849479675,0.00035607325844466686,0.015018108300864697,0.2438739538192749,0.18449756503105164,0.061534054577350616,0.0,0.0,0.11958474665880203,0.24168190360069275,0.000876335718203336,0.23260192573070526,0.3701937198638916,0.05596061050891876,0.011595324613153934,1.3077105283737183
198,0.47120118141174316,0.07365681231021881,0.08961840718984604,0.0,0.0,0.0,0.831439733505249,0.008989649824798107,0.0,0.3964564800262451,0.0,0.0,0.0,0.4491686224937439,0.0,0.035337917506694794,0.04135981202125549,0.0,0.0,0.030930783599615097,0.0,0.010850334540009499,0.00281246704980731,0.048748284578323364,0.3225034177303314,0.0,0.0,0.5782067775726318,0.030639294534921646,0.012696266174316406,0.04378615692257881,0.5698590874671936,0.0,0.04029327630996704,0.11112887412309647,0.019081149250268936,0.0,0.22143319249153137,0.15412075817584991,0.06412317603826523,0.8953627347946167,0.22429847717285156,0.07351426035165787,0.0558491088449955,0.12124142050743103,0.11431688070297241,0.9510701298713684,0.0073657771572470665,0.0,0.14447513222694397,0.20022685825824738,0.0,0.5380289554595947,0.0,0.05348934605717659,0.0,0.3303150236606598,1.5779811143875122,0.42006242275238037,0.3389747738838196,0.0,0.0354682132601738,0.687696099281311,0.0,0.0,0.012775138020515442,0.0,0.03599477559328079,0.6962698698043823,0.3429916501045227,0.1331912726163864,0.0,0.5181646347045898,0.7858050465583801,0.0997137650847435,0.015420721843838692,0.2720581591129303,0.005516425706446171,0.0,0.08015940338373184,0.029736122116446495,0.0070083229802548885,0.02618277631700039,0.2742452025413513,0.0,0.015338887460529804,0.0,0.855745255947113,0.46281611919403076,0.3507367670536041,0.23611758649349213,0.0,0.03639582544565201,0.05847577750682831,0.011816181242465973,0.45876699686050415,0.9551774859428406,0.0,0.017864685505628586,0.00942707248032093,0.05246752128005028,0.5647271871566772,0.0,0.0,0.29727745056152344,0.29384541511535645,0.0754421129822731,0.1383531391620636,0.2500268518924713,0.0,0.0,0.09312436729669571,0.12506461143493652,0.4154202938079834,0.8557095527648926,0.0,0.15065021812915802,0.09240666776895523,0.1043626070022583,0.06516764312982559,0.0049246856942772865,0.5821627974510193,0.1594606190919876,0.00954743567854166,0.0,0.0019887578673660755,0.0,0.14643283188343048,0.0,0.0,0.011659961193799973,0.05352454632520676,0.25589683651924133,0.07275116443634033,0.1661113053560257,0.9795106053352356,0.0,0.0,0.4439154267311096,0.019385740160942078,0.0,0.0,0.0,0.0,0.035615019500255585,0.0,0.6650882959365845,0.0,0.0,0.0,0.0,0.07029123604297638,0.03461203724145889,0.0,0.0,0.8074477910995483,0.05531316623091698,0.0,0.004171664826571941,0.11453033983707428,0.22237679362297058,0.21927522122859955,0.20362801849842072,0.0,0.17180611193180084,0.2816776633262634,0.0,0.07285532355308533,0.0,0.0,0.027748726308345795,0.04435982555150986,0.031317878514528275,0.0400439016520977,1.3046811819076538,0.06390640884637833,0.0032191453501582146,0.22113937139511108,0.0,0.0,0.0,0.0,0.000924614374525845,0.03437243402004242,0.0,0.6312083601951599,0.9205843806266785,0.03839324414730072,0.16492651402950287,0.0,0.0,0.020845243707299232,0.30038172006607056,0.0010525385150685906,0.4309075176715851,0.09667374193668365,0.04156895726919174,0.040495652705430984,0.003465913934633136,0.05730389058589935,0.11298055201768875,0.0,0.04232950881123543,0.4458417296409607,0.0,0.0004476701724343002,0.0,0.2847159504890442,0.012307008728384972,0.024130472913384438,0.30788326263427734,0.8429533839225769,0.034904416650533676,0.11292809993028641,0.0,0.04054613038897514,0.6424926519393921,0.0,0.09689566493034363,0.11684473603963852,0.0,0.5013769865036011,0.06535843014717102,0.09035176038742065,0.06923404335975647,0.0,0.7744443416595459,0.0,0.8765925765037537,0.0,0.2490541636943817,0.3002563416957855,0.36030951142311096,0.11810871213674545,0.12204162776470184,0.1400010734796524,0.01887228526175022,0.0,0.012851299718022346,0.034340161830186844,0.12124844640493393,0.0,0.00038849361590109766,0.00527151208370924,0.0,0.0,0.0,0.0,0.0,0.0,0.0,0.572746992111206,0.0,0.0,0.020577093586325645,0.3704500198364258,0.017336905002593994,0.07829698920249939,0.18085885047912598,0.1754123717546463,0.08140101283788681,0.0,0.017251519486308098,0.2519451081752777,0.21423423290252686,0.32654333114624023,0.03583073616027832,0.0,0.11825892329216003,0.0,0.0873618796467781,0.505525529384613,0.01123120915144682,0.0,0.2748259902000427,0.8034087419509888,0.35167384147644043,0.13681234419345856,0.0,0.0,0.0017627410124987364,0.09196058660745621,0.0,0.13757538795471191,0.31278204917907715,0.6665862798690796,0.0,0.1625789999961853,0.04116997495293617,0.20434951782226562,0.10882603377103806,0.0,0.028392797335982323,0.38127994537353516,0.0210882481187582,0.00020723071065731347,0.4534177780151367,0.4482746720314026,0.014791440218687057,0.013002105988562107,0.04734303802251816,0.14053699374198914,0.06686712056398392,0.0,0.0,0.0,0.3773150146007538,0.08703867346048355,0.0,0.006837430410087109,0.12610624730587006,0.031102430075407028,0.0,0.2633059620857239,0.0,0.06909137964248657,0.005536296404898167,0.0,0.0,0.0,0.0,0.10371536761522293,0.0,0.46107080578804016,0.031925708055496216,0.0011268176604062319,0.0,0.5499475002288818,0.013974805362522602,0.027569115161895752,0.10523058474063873,0.2735280990600586,0.0,0.33667123317718506,0.03935416787862778,0.059441253542900085,0.005434919614344835,0.1749073714017868,0.016674524173140526,0.10154732316732407,0.03450597822666168,0.19220513105392456,0.07092946767807007,0.07805970311164856,0.23226645588874817,0.07256198674440384,0.14784397184848785,0.034064773470163345,0.0,0.10134097188711166,0.17467312514781952,0.0,0.2193375527858734,0.0,0.04567866027355194,0.027055129408836365,0.13351887464523315,0.614870011806488,0.12463681399822235,0.02601551078259945,0.0,0.1567479968070984,0.02616233564913273,0.0,0.0,0.0,0.0,0.05491650104522705,0.07411175966262817,0.025056222453713417,0.04942810535430908,0.0,0.12076102942228317,0.17873133718967438,0.0,0.1485358029603958,0.03659505397081375,0.08324280381202698,0.0,0.09064493328332901,0.04290638864040375,0.005890166386961937,0.0,0.21242789924144745,0.08482726663351059,0.004585076589137316,0.05599775165319443,0.166094109416008,0.4238869547843933,0.25266438722610474,0.039460159838199615,0.0018749128794297576,0.024998925626277924,0.12893016636371613,0.01513449102640152,0.058928996324539185,0.3741070330142975,0.0,0.0,0.047090135514736176,0.012967020273208618,0.10995950549840927,0.0,0.4359759986400604,0.3692011833190918,0.09271249175071716,0.05941716954112053,0.030388638377189636,0.007422605995088816,0.0,0.014757000841200352,0.06506732106208801,0.052835218608379364,0.22867143154144287,0.08892602473497391,0.0,0.007772636134177446,0.04092711582779884,0.07832656055688858,0.01300513930618763,0.027106698602437973,0.11654351651668549,0.043657414615154266,0.00985889881849289,0.003384679090231657,0.30834975838661194,0.0,0.006481914781033993,0.0009326515137217939,0.0,0.0,0.08152469247579575,0.010069857351481915,0.0030089018400758505,0.027274219319224358,0.07850787788629532,0.0,0.0,0.03409323841333389,0.0243197251111269,0.0,0.009267086163163185,0.01032024435698986,0.0,0.17370107769966125,0.0,0.018053757026791573,0.010276982560753822,0.05135377123951912,0.0,0.0664733424782753,0.08494577556848526,0.06763575971126556,0.0,0.0,0.27821001410484314,0.08850797265768051,0.0,0.00982236210256815,0.0378476083278656,0.21284827589988708,0.1276027262210846,0.014001627452671528,0.0,0.10902626067399979,0.06424994021654129,0.005476607941091061,0.11409936845302582,0.0,0.0,0.010881194844841957,0.001247977721504867,0.009159876964986324,0.04399195313453674,0.09230341017246246,0.18930228054523468,0.0,0.08494298905134201,0.022023219615221024,0.012055936269462109,0.0,0.006054259371012449,0.2933667302131653,0.0,0.0,0.14909997582435608,0.1322445422410965,0.0,0.05354779213666916,0.0,0.0,0.021363316103816032,0.06539938598871231,0.0011537624523043633,0.11682767421007156,0.1502152681350708,0.023070061579346657,0.24135780334472656,0.040453072637319565,0.0019733039662241936,0.1382036656141281,0.0,0.03128939867019653,0.029915055260062218,0.0,0.0,0.0,0.06910321116447449,0.0022983234375715256,0.018085794523358345,0.04054157808423042,0.2273787260055542,0.016954731196165085,0.14691027998924255,0.04890106990933418,0.0574750155210495,0.334446519613266,0.0,0.05369727313518524,0.32711300253868103,0.0,0.03989841789007187,0.006080301944166422,0.006294466555118561,0.012736164964735508,0.009901043027639389,0.13115203380584717,0.0022059022448956966,0.2139045149087906,0.008740459568798542,0.0012805002043023705,0.02142937481403351,0.3798803985118866,0.11443927139043808,0.19401824474334717,0.1474367082118988,0.0,0.0,0.042946577072143555,0.061169907450675964,0.019950248301029205,0.0,0.0,0.3815520703792572,0.0,0.03233662247657776,0.02590358629822731,0.0,0.0,0.0,0.0,0.21210387349128723,0.0,0.0,0.0002487360907252878,0.1518525779247284,0.0,0.07238707691431046,0.02334645204246044,0.04039961099624634,0.19570136070251465,0.0,0.0,0.11363842338323593,0.13719385862350464,0.2347230315208435,0.07245313376188278,0.0017183389281854033,0.08726336061954498,0.005661658011376858,0.02445615455508232,0.06490497291088104,0.06064123660326004,0.0,0.5199272632598877,0.30023446679115295,0.2032063752412796,0.009930961765348911,0.0,0.006418130826205015,0.0,0.017301933839917183,0.026750802993774414,0.07729224115610123,0.023375609889626503,0.3493107855319977,0.0,0.04896840453147888,0.3014233410358429,0.22445352375507355,0.034241922199726105,0.0,0.0,0.0,0.327629953622818,0.0,0.443866103887558,0.08081825822591782,0.0539696030318737,0.018516847863793373,0.4055631756782532,0.13228543102741241,0.06216321885585785,0.02816997654736042,0.001794925075955689,0.0,0.7488023042678833,0.04034673050045967,0.026302991434931755,0.23190264403820038,0.027385495603084564,0.008696489036083221,0.022514091804623604,0.467564195394516,0.007213712669909,0.05100705102086067,0.106502465903759,0.0,0.01115366816520691,0.05320819467306137,0.0,0.05534036085009575,0.0621970035135746,0.08064953982830048,0.0994027778506279,0.0,0.005463575478643179,0.6048499941825867,0.08241726458072662,0.037601932883262634,0.14997057616710663,0.5166692137718201,0.0,0.08843337744474411,0.21603883802890778,0.02152201347053051,0.0,0.20005454123020172,0.09912716597318649,0.13155516982078552,0.5323764085769653,0.28078192472457886,0.14132314920425415,0.13826312124729156,0.16349956393241882,0.2978021800518036,0.6124593019485474,0.003439335385337472,0.0,0.06048189103603363,0.16073331236839294,0.004426122643053532,0.44378799200057983,0.01819607987999916,0.015699826180934906,0.0,0.5347663760185242,1.28608238697052,0.500438928604126,0.23294980823993683,0.0,0.08122941106557846,0.5706035494804382,0.0008109701448120177,0.011098514311015606,0.12179872393608093,0.0,0.03872315585613251,0.628261148929596,0.45838382840156555,0.08502699434757233,0.0,0.26882362365722656,0.39069804549217224,0.17807655036449432,0.04887966439127922,0.09705393016338348,0.0105867525562644,0.017276795580983162,0.13799390196800232,0.04671793803572655,0.0,0.03208181634545326,0.1707698255777359,0.03456544503569603,0.017047995701432228,0.004204603377729654,0.7481426000595093,0.4065161347389221,0.4207344651222229,0.13695254921913147,0.036853205412626266,0.0664166510105133,0.04671933501958847,0.0294469203799963,0.24947169423103333,1.0084172487258911,0.004442247096449137,0.11047952622175217,0.03227456659078598,0.045259132981300354,0.8130742907524109,0.0,0.14506861567497253,0.3048054873943329,0.4048309922218323,0.12868189811706543,0.0744408443570137,0.17026330530643463,0.0,0.009089332073926926,0.06584752351045609,0.06525711715221405,0.412570059299469,0.4489119350910187,0.0,0.21234449744224548,0.07661175727844238,0.06905035674571991,0.03960282728075981,0.03735276311635971,0.35331156849861145,0.0892847403883934,0.002748585306107998,0.0,0.01454436220228672,0.022762658074498177,0.14033040404319763,0.007785852067172527,0.0013142242096364498,0.007413620129227638,0.059500183910131454,0.2380552589893341,0.024588534608483315,0.14506810903549194,0.6062799096107483,0.0,0.0,0.2981046438217163,0.06823703646659851,0.0,0.0,0.0029650998767465353,0.0,0.06594965606927872,0.0,0.32248249650001526,0.0,0.003444489324465394,0.0,0.0,0.1545480191707611,0.12512052059173584,0.0,0.0,0.5742823481559753,0.1068529561161995,0.0,0.012224148027598858,0.0913115069270134,0.2560471296310425,0.255906879901886,0.08338246494531631,0.029930442571640015,0.2109721601009369,0.26676663756370544,0.0,0.15342581272125244,0.0,0.0,0.026733089238405228,0.009253082796931267,0.056474827229976654,0.01071993913501501,1.0144622325897217,0.09068392962217331,0.03268780559301376,0.1405142843723297,0.0082166139036417,0.001881784643046558,0.0,0.012778663076460361,0.1030132994055748,0.036156389862298965,0.0,0.4974183738231659,0.820742666721344,0.014037441462278366,0.2419404834508896,0.0004182689590379596,0.0034528530668467283,0.018659986555576324,0.28374820947647095,0.024464188143610954,0.3550298511981964,0.0960197001695633,0.06651674211025238,0.10552156716585159,0.009408210404217243,0.12458609789609909,0.05078655108809471,0.0,0.14630942046642303,0.25812116265296936,0.004322027321904898,0.03557861968874931,0.0,0.08074865490198135,0.06341897696256638,0.23067820072174072,0.20021945238113403,0.765146017074585,0.017540404573082924,0.18459954857826233,0.011152817867696285,0.058530695736408234,0.5228505730628967,0.03181708604097366,0.11034314334392548,0.11209431290626526,0.0,0.37021195888519287,0.007919656112790108,0.09529277682304382,0.05023195594549179,0.0,0.34775570034980774,0.033172715455293655,0.7919921875,0.0,0.17048229277133942,0.10429619997739792,0.2752769887447357,0.12007388472557068,0.0622226856648922,0.11159724742174149,0.11565563082695007,0.0,0.009942845441401005,0.007999660447239876,0.1659538745880127,0.0,0.006371072493493557,0.1495923548936844,0.010369627736508846,0.13505634665489197,0.023221800103783607,0.0,0.0,0.03857995942234993,0.0,0.6041616201400757,0.0,0.0,0.02319394424557686,0.19607743620872498,0.02900507301092148,0.15047702193260193,0.14945359528064728,0.09160667657852173,0.10066753625869751,0.0,0.0,0.22317950427532196,0.32293352484703064,0.25302186608314514,0.1158052384853363,0.0,0.1951446533203125,0.0,0.04960429295897484,0.2410915046930313,0.003166102571412921,0.013742259703576565,0.3355059325695038,0.7706292867660522,0.2873039245605469,0.1657319962978363,0.0,0.001680490211583674,0.006300403270870447,0.09452399611473083,0.014904665760695934,0.06544375419616699,0.3101421296596527,0.623170793056488,0.026954209432005882,0.08345118165016174,0.08734475821256638,0.17851586639881134,0.10163206607103348,0.0,0.09176866710186005,0.09445209056138992,0.09074332565069199,0.06559671461582184,0.3372094929218292,0.2543507516384125,0.031481437385082245,0.012075044214725494,-0.868558406829834
199,0.13090424239635468,0.06290525943040848,0.0,0.0,0.0,0.0,0.3360709547996521,0.05502065643668175,0.0,0.14314012229442596,0.14613071084022522,0.011486719362437725,0.0,0.2614613473415375,0.15367837250232697,0.04619944095611572,0.01733078807592392,0.1491745412349701,0.020842749625444412,0.0,0.0,0.04608643427491188,0.0,0.46113312244415283,0.1678656041622162,0.0,0.0,0.4114825427532196,0.010271807201206684,0.02935182675719261,0.0,0.3488234877586365,0.0,0.1157279685139656,0.008724864572286606,0.0026327306404709816,0.0,0.09445711225271225,0.19948036968708038,0.23352782428264618,0.1913648545742035,0.0577494315803051,0.1233326718211174,0.002043133834376931,0.19985593855381012,0.0,0.42471933364868164,0.00549682043492794,0.0,0.14866191148757935,0.0,0.0115880835801363,0.6445277333259583,0.012733514420688152,0.0,0.07201095670461655,0.033783573657274246,0.7180418968200684,0.093355692923069,0.05176475644111633,0.0,0.08417519181966782,0.22405488789081573,0.058979663997888565,0.0,0.0,0.0,0.5255448222160339,0.2908177077770233,0.13538537919521332,0.0,0.0013334465911611915,0.16663965582847595,0.6220866441726685,0.0,0.04349501430988312,0.26330432295799255,0.002444607438519597,0.0,0.03094065934419632,0.15347416698932648,0.01833105832338333,0.10049346089363098,0.16534423828125,0.38196125626564026,0.034261371940374374,0.0,0.2805662751197815,0.5365250706672668,0.27338042855262756,0.0466950349509716,0.2337649166584015,0.03130244091153145,0.0741707980632782,0.0,0.11582674086093903,0.3450583517551422,0.0,0.0,0.002574288286268711,0.2530839741230011,0.2101794332265854,0.0,0.42048531770706177,0.11795242875814438,0.03503422811627388,0.026693711057305336,0.36299386620521545,0.06309991329908371,0.0,0.1684967279434204,0.027336368337273598,0.0015673103043809533,0.24616511166095734,0.13854272663593292,0.00977391842752695,0.03834589943289757,0.26797905564308167,0.0,0.026532689109444618,0.10764859616756439,0.1779068559408188,0.000539149041287601,0.0,0.08329785615205765,0.10151415318250656,0.0,0.0,0.12516829371452332,0.0,0.0014046248979866505,0.09785643219947815,0.0,0.0163266584277153,0.02286146581172943,0.2160576581954956,0.020376218482851982,0.0,0.156209334731102,0.0013716729590669274,0.0,0.0,0.0,0.0,0.012249456718564034,0.0329868383705616,0.09029612690210342,0.0,0.0,0.0,0.0,0.042591579258441925,0.034383583813905716,0.0,0.0,0.212079718708992,0.04740935191512108,0.0,0.0,0.010539780370891094,0.03169310465455055,0.01249707955867052,0.05694401264190674,0.0,0.03214824199676514,0.14283053576946259,0.0,0.0,0.08170325309038162,0.0,0.06567350775003433,0.048340216279029846,0.016052911058068275,0.0,0.28185442090034485,0.24902884662151337,0.0,0.0,0.15960071980953217,0.005306706763803959,0.04248868301510811,0.0,0.0829453244805336,0.006120920181274414,0.0228616651147604,0.07615721970796585,0.22903524339199066,0.0,0.0,0.0,0.0,0.31187379360198975,0.25258854031562805,0.0011224668705835938,0.15626439452171326,0.12129683047533035,0.0004602836270350963,0.11323698610067368,0.3582862913608551,0.0,0.1284252107143402,0.0,0.0019692708738148212,0.041548553854227066,0.0,0.0,0.0,0.5079964399337769,0.20799803733825684,0.008130823262035847,0.20506316423416138,0.30630117654800415,0.0,0.010777887888252735,0.14782081544399261,0.05680437758564949,0.16716548800468445,0.0,0.0,0.08425970375537872,0.0,0.1112084686756134,0.17475487291812897,0.0,0.08456259220838547,0.0,0.29887744784355164,0.17958320677280426,0.13222147524356842,0.23789061605930328,0.06789632141590118,0.14225955307483673,0.30995315313339233,0.04652073234319687,0.15912124514579773,0.0,0.0,0.0,0.0023156984243541956,0.009706013835966587,0.007408774457871914,0.00013268164184410125,0.009160556830465794,0.10237863659858704,0.17647375166416168,0.043937258422374725,0.006980674806982279,0.0,0.0,0.0,0.0,0.6214122772216797,0.0,0.0,0.0,0.0,0.0,0.0,0.02572786808013916,0.0,0.017800061032176018,0.039920873939991,0.08186499774456024,0.02249738574028015,0.0,0.7120715379714966,0.026604562997817993,0.05719386786222458,0.07986805588006973,0.0,0.0,0.16965678334236145,0.11847271025180817,0.0,0.12123337388038635,0.1059931144118309,0.14865519106388092,0.0,0.11163098365068436,0.0,0.18044035136699677,0.0,0.0,0.2745570242404938,0.005650751758366823,0.18754233419895172,0.0,0.0075331032276153564,0.3045065104961395,0.08177291601896286,0.033244047313928604,0.0,0.0,0.3488537669181824,0.23551136255264282,0.0,0.1753101646900177,0.5660036206245422,0.12717756628990173,0.03912708908319473,0.0,0.15798823535442352,0.5601649880409241,0.0,0.0,0.0,0.44443634152412415,0.071738101541996,0.0,0.0,0.19791114330291748,0.004780867602676153,0.005373915191739798,0.19369655847549438,0.0,0.10133176296949387,0.0,0.0,0.0,0.0,0.0,0.21889431774616241,0.08665861934423447,1.0037529468536377,0.0,0.0,0.0,0.8775172829627991,0.08808505535125732,0.033179059624671936,0.23348252475261688,0.2660458981990814,0.0,0.4841587245464325,0.09064127504825592,0.37376466393470764,0.36171144247055054,0.8002050518989563,0.0,0.00011120778071926907,0.0,0.4371699392795563,0.0415678434073925,0.2870276868343353,0.734644889831543,0.8025611042976379,0.011659681797027588,0.0,0.0,0.24627338349819183,0.3121108114719391,0.0,0.001709587057121098,0.005285365041345358,0.17951259016990662,0.010520152747631073,0.5436130166053772,0.4403592348098755,0.08089417964220047,0.0,0.0,0.09579356759786606,0.0,0.0,0.0,0.057793617248535156,0.0,0.0,0.039858072996139526,0.0010976168559864163,0.5871623754501343,0.0,0.2691119611263275,0.0,0.052575238049030304,0.27512994408607483,0.0,0.7442752718925476,0.0010737694101408124,0.08556698262691498,0.07485749572515488,0.2558077275753021,0.0008931741467677057,0.2282744199037552,0.22044320404529572,0.0,0.18033474683761597,0.021380385383963585,0.5279111862182617,0.43102094531059265,0.11688588559627533,0.0,0.0007903981604613364,0.565895140171051,0.001979650231078267,0.0,0.2020007222890854,0.12075895816087723,0.0,0.031473517417907715,0.0,0.0,0.0,0.7551568150520325,0.7360173463821411,0.1745629608631134,0.2089177519083023,0.011775485239923,0.0,0.0,0.0,0.2136659473180771,0.2002289891242981,0.16070504486560822,0.058981649577617645,0.0,0.0,0.0011603079037740827,0.20221161842346191,0.17340798676013947,0.0,0.05195354297757149,0.2498607635498047,0.018612997606396675,0.0,0.5502147674560547,0.0,0.2766103148460388,0.005514482501894236,0.0,0.0,0.006195764522999525,0.10075095295906067,0.0,0.05133194848895073,0.0,0.0,0.0,0.0,0.015823205932974815,0.0,0.08605700731277466,0.6626020669937134,0.0,0.6247814893722534,0.0,0.0,0.13287903368473053,0.04965979605913162,0.0,0.04936990886926651,0.795603334903717,0.19644179940223694,0.0,0.0,0.5115007758140564,0.03614059463143349,0.0,0.0,0.0,1.1151150465011597,0.16824783384799957,0.0,0.0,0.17917652428150177,0.007946056313812733,0.05175385624170303,0.5464858412742615,0.0,0.0,0.016031570732593536,0.0,0.029355475679039955,0.10630376636981964,0.0,0.33463194966316223,0.00014525196456816047,0.6424973011016846,0.001482496620155871,0.007303236518055201,0.0,0.0,0.9842861294746399,0.0,0.0,0.11881294846534729,0.034007467329502106,0.13513168692588806,0.6313749551773071,0.0,0.0,0.0,0.0001224440784426406,0.09469595551490784,0.06654366850852966,0.7098208069801331,0.0015895465621724725,0.9691662192344666,0.0035142898559570312,0.026256190612912178,0.21147044003009796,0.0,0.010310692712664604,0.0,0.0,0.0,0.0,0.0,0.012370101176202297,0.0,0.0,0.05693491920828819,0.06538969278335571,0.6699142456054688,0.04861350357532501,0.23495347797870636,0.4376850724220276,0.0,0.0935404971241951,0.6648993492126465,0.0,0.0,0.0,0.0,0.0,0.06644019484519958,0.006657052785158157,0.10924728214740753,0.14056678116321564,0.02715810388326645,0.0,0.0,0.8924106955528259,0.4951096773147583,0.05526234582066536,0.18273143470287323,0.045840732753276825,0.0,0.26493290066719055,0.03855220228433609,0.0,0.0,0.0,1.1857706308364868,0.0,0.060454607009887695,0.017494844272732735,0.0,0.0,0.0,0.0,0.02182810939848423,0.0,0.05795319378376007,0.0,0.8203878402709961,0.03498203307390213,0.036841608583927155,0.0036348828580230474,0.06927856057882309,0.48136112093925476,0.0,0.0,0.5532345771789551,0.24402554333209991,0.005826431792229414,0.4645098149776459,0.08375051617622375,0.24381133913993835,0.0514240525662899,0.0,0.07434640824794769,0.0,0.024106455966830254,1.687408685684204,0.5347533822059631,0.46931490302085876,0.02360270358622074,0.0,0.0009344708523713052,0.011653868481516838,0.0021249905694276094,0.543274998664856,0.0,0.0,0.30835050344467163,0.001334693282842636,0.0,0.7725444436073303,0.3331720530986786,0.016632547602057457,0.004139282740652561,0.0,0.0,0.5580418705940247,0.06895602494478226,0.605607271194458,0.0,0.09890732914209366,0.3308049738407135,0.07436904311180115,0.11195370554924011,0.1316741555929184,0.0,0.0,0.0,0.3372545838356018,0.09620250761508942,0.0,0.033690571784973145,0.16628356277942657,0.019707076251506805,0.0,0.2851656675338745,0.0,0.07045341283082962,0.036012012511491776,0.08258309215307236,0.0,0.0,0.0,0.10401344299316406,0.02842969447374344,0.6715482473373413,0.02678278461098671,0.0,0.0,0.6844692230224609,0.05149126052856445,0.029877642169594765,0.0623936653137207,0.37870335578918457,0.0,0.3084743618965149,0.08602146804332733,0.20970699191093445,0.029492219910025597,0.3865129351615906,0.03808513283729553,0.07794030755758286,0.05701223388314247,0.28145909309387207,0.07734288275241852,0.10354243963956833,0.5144774317741394,0.366416871547699,0.1304861456155777,0.0,0.0026987148448824883,0.15019820630550385,0.07405553013086319,0.0033937902189791203,0.3942422866821289,0.02748025767505169,0.041537296026945114,0.05423125624656677,0.35898616909980774,0.6352052092552185,0.1563197672367096,0.023127853870391846,0.0,0.06800486892461777,0.04507405683398247,0.0,0.0,0.05440245941281319,0.0,0.26776397228240967,0.22188276052474976,0.09150137007236481,0.13206735253334045,0.0,0.20761007070541382,0.3025560975074768,0.018392790108919144,0.1310533732175827,0.04346684366464615,0.23808307945728302,0.0,0.08141123503446579,0.0887015238404274,0.10523247718811035,0.07447632402181625,0.19384512305259705,0.37325775623321533,0.004654649645090103,0.025625014677643776,0.1752290427684784,0.523708701133728,0.35625794529914856,0.07542404532432556,0.19254319369792938,0.04180828109383583,0.2227349728345871,0.01119717676192522,0.06180407851934433,0.31821775436401367,0.012325022369623184,0.006922524888068438,0.014664007350802422,0.10370715707540512,0.13903720676898956,0.0,0.43943989276885986,0.3337123692035675,0.1976711004972458,0.11263062059879303,0.20203977823257446,0.01673164777457714,0.0,0.0513303317129612,0.06187305226922035,0.04622253403067589,0.209534153342247,0.09012772887945175,0.004478359594941139,0.011734621599316597,0.14809522032737732,0.018183935433626175,0.10671188682317734,0.025207119062542915,0.12195450812578201,0.08988901972770691,0.0,0.036853328347206116,0.20437324047088623,0.0,0.15059246122837067,0.10863694548606873,0.006058725528419018,0.0,0.0464995838701725,0.04447916895151138,0.0,0.04599811136722565,0.10458101332187653,0.0,0.0004478561459109187,0.1176559254527092,0.020501015707850456,0.0,0.0,0.30937913060188293,0.0,0.26000288128852844,0.0,0.0009604227961972356,0.004363791085779667,0.01520836167037487,0.0,0.0,0.4616330564022064,0.12665681540966034,0.0,0.0,0.38531479239463806,0.05365114286541939,0.0,0.006034791469573975,0.004438686650246382,0.5628887414932251,0.12965688109397888,0.012356742285192013,0.0,0.07352299243211746,0.029676930978894234,0.04503659904003143,0.1639048010110855,0.07891186326742172,0.0,0.016815172508358955,0.02280511148273945,0.030672570690512657,0.09437108784914017,0.22279028594493866,0.19200469553470612,0.009962281212210655,0.15515699982643127,0.11948024481534958,0.0023837159387767315,0.0,0.002653776202350855,0.41163158416748047,0.009040087461471558,0.028065519407391548,0.15896449983119965,0.15680097043514252,0.01787659339606762,0.24255552887916565,0.0036305030807852745,0.0,0.12523865699768066,0.04847947135567665,0.08252052217721939,0.14217840135097504,0.385356068611145,0.0,0.5017780661582947,0.21864227950572968,0.018728816881775856,0.08816000074148178,0.0,0.07876367121934891,0.002797376597300172,0.0,0.0,0.0,0.10687563568353653,0.18115879595279694,0.0716819241642952,0.008432676084339619,0.20731934905052185,0.025079714134335518,0.30656129121780396,0.1634870320558548,0.11694914102554321,0.2600707709789276,0.0,0.027547242119908333,0.22002243995666504,0.03098173439502716,0.05250973999500275,0.038016177713871,0.0,0.0,0.012153707444667816,0.1341112107038498,0.23310641944408417,0.2348003387451172,0.2200738489627838,0.011719821020960808,0.029091263189911842,0.5237246155738831,0.2715957760810852,0.13849292695522308,0.07469189912080765,0.054406072944402695,0.000839978049043566,0.035324010998010635,0.025287337601184845,0.013311222195625305,0.0,0.00022949179401621222,0.48146528005599976,0.07275045663118362,0.12592846155166626,0.0,0.0,0.0,0.0,0.0,0.3860650956630707,0.0,0.0,0.0,0.24203529953956604,0.0002232332044513896,0.005983732175081968,0.016171609982848167,0.006179503630846739,0.10246220976114273,0.0,0.029903534799814224,0.22333937883377075,0.1497352421283722,0.2887447476387024,0.2231493592262268,0.09305936098098755,0.07757419347763062,0.00015179374895524234,0.0,0.08132609724998474,0.04452122002840042,0.0,0.9830479621887207,0.2917376756668091,0.2094266563653946,0.0023892365861684084,0.0029996857047080994,0.009094753302633762,0.08998849242925644,0.0008392789750359952,0.0782831609249115,0.17815345525741577,0.0320570208132267,0.29864931106567383,0.0,0.0,0.506205141544342,0.1602557897567749,0.0887385755777359,0.0,0.004505184944719076,0.04350171983242035,0.26578786969184875,0.04481283575296402,0.2346714586019516,0.13961316645145416,0.12447884678840637,0.13269521296024323,-1.3336595296859741
200,0.0,0.06824825704097748,0.014882892370223999,0.0,0.0,0.0,0.13127805292606354,0.19287800788879395,0.0,0.03886881843209267,0.326225221157074,0.045642971992492676,0.0,0.2339913249015808,0.23528113961219788,0.01603882573544979,0.003488001646474004,0.29349327087402344,0.17274333536624908,0.0,0.000559498555958271,0.22123634815216064,0.0,0.7362873554229736,0.07065153867006302,0.0,0.0,0.45469701290130615,0.0,0.07130879163742065,0.0,0.1619151085615158,0.0,0.33614104986190796,0.008828948251903057,0.01182740367949009,0.05543254315853119,0.11655546724796295,0.16033560037612915,0.36008697748184204,0.0,0.015733204782009125,0.19540013372898102,0.01621987484395504,0.3399679660797119,0.0,0.08929218351840973,0.012424830347299576,0.0,0.05466800183057785,0.0,0.0,0.4219684898853302,0.0,0.0,0.3178839087486267,0.0,0.37715113162994385,0.0,0.0006786733865737915,0.0,0.29335641860961914,0.0,0.19696998596191406,0.0,0.0,0.0,0.5971920490264893,0.006644205655902624,0.003463718108832836,0.0,0.0,0.09131234884262085,0.3853863477706909,0.0,0.1403382122516632,0.1712188869714737,0.1587323248386383,0.0,0.08457507193088531,0.12880438566207886,0.002260303357616067,0.0,0.19184619188308716,0.5672146081924438,0.0172166395932436,0.0019479249604046345,0.0288429856300354,0.6297174096107483,0.15643076598644257,0.015320192091166973,0.4597880244255066,0.04231899976730347,0.08890001475811005,0.007486240938305855,0.008352411910891533,0.11421410739421844,0.0,0.0,0.12453726679086685,0.20769383013248444,0.08268564939498901,0.0,0.706093966960907,0.17413970828056335,0.0,0.00823449157178402,0.24197398126125336,0.0,0.0,0.2537301778793335,0.02137787826359272,0.0,0.12162002176046371,0.0,0.0,0.0048004817217588425,0.2526828944683075,0.0,0.011156284250319004,0.3137394189834595,0.01885492354631424,0.0,0.0,0.20749656856060028,0.45469629764556885,0.0,0.0,0.299348384141922,0.0,0.0,0.1607961803674698,0.0,0.0,0.0,0.0,0.0,0.0,0.029782969504594803,0.0,0.0,0.034843169152736664,0.003337132977321744,0.0,0.12350612878799438,0.09862085431814194,0.0,0.012352284044027328,0.28372663259506226,0.0,0.0,0.03543012589216232,0.028393138200044632,0.0,0.0,0.0,0.03187275305390358,0.019190793856978416,0.0,0.0,0.14464102685451508,0.0,0.020871512591838837,0.0,0.011686667799949646,0.06887874007225037,0.0,0.0,0.1659962683916092,0.0,0.0009803958237171173,0.0,0.002394553739577532,0.0,0.0,0.4027126431465149,0.0,0.0,0.27322888374328613,0.001433543860912323,0.043835241347551346,0.0,0.11880583316087723,0.0,0.0501784011721611,0.0,0.000710667110979557,0.0,0.0,0.0,0.0,0.3359883427619934,0.12587623298168182,0.0,0.060521721839904785,0.2202279269695282,0.009533783420920372,0.25130027532577515,0.4644009470939636,0.0,0.11344622075557709,0.0,0.0,0.0,0.0,0.0,0.052987948060035706,0.32227760553359985,0.19483166933059692,0.0,0.050049517303705215,0.07776015996932983,0.0,0.0,0.34252023696899414,0.06956936419010162,0.03393881395459175,0.0,0.0,0.34964829683303833,0.0,0.0050017135217785835,0.11025737971067429,0.0,0.1221945509314537,0.0,0.11149471253156662,0.2911040186882019,0.019174158573150635,0.5083954334259033,0.004992855712771416,0.0,0.27662432193756104,0.02104881964623928,0.30541613698005676,0.05311852693557739,0.0,0.0,0.0003149844706058502,0.017214816063642502,0.0,0.011198965832591057,0.0,0.2818734347820282,0.19244293868541718,0.14070060849189758,0.09277281910181046,0.0009623263031244278,0.0,0.0,0.0,0.48684361577033997,0.0,0.0,0.0,0.0,0.0,0.022590933367609978,0.010663345456123352,0.0,0.014806222170591354,0.17451994121074677,0.07612249255180359,0.01330342423170805,0.0,0.832625687122345,0.013788971118628979,0.1926182210445404,0.06229934096336365,0.0,0.0,0.04756287485361099,0.20668262243270874,0.0,0.17630994319915771,0.0013630450703203678,0.15047751367092133,0.0,0.19270865619182587,0.0,0.27670764923095703,0.010728323832154274,0.001820916309952736,0.35819992423057556,0.0,0.1279371976852417,0.0,0.0,0.5798078179359436,0.19436880946159363,0.024785444140434265,0.0,0.0,0.20889580249786377,0.4405536651611328,0.0,0.21187978982925415,0.371809184551239,0.16620013117790222,0.001124432310461998,0.0,0.2069978564977646,0.5300076603889465,0.0,0.0,0.0,0.39432016015052795,0.08717596530914307,0.0,0.0,0.2506360411643982,0.0,0.0,0.2232654094696045,0.0,0.08607592433691025,0.0,0.08982028067111969,0.0,0.0,0.0,0.16417944431304932,0.05952627211809158,1.0088589191436768,0.0,0.0,0.0,0.8170607686042786,0.05321750417351723,0.06072741001844406,0.13265475630760193,0.26673221588134766,0.0,0.5235058069229126,0.08166712522506714,0.4007180333137512,0.402141809463501,0.8557375073432922,8.333888399647549e-05,0.0,0.0,0.2861839830875397,0.08474878966808319,0.2527971863746643,0.7048323154449463,0.7883607149124146,0.0,0.0,0.0,0.2250700294971466,0.2614714801311493,0.0,0.037699319422245026,0.05088794603943825,0.21401509642601013,0.014467294327914715,0.5268274545669556,0.30438232421875,0.12173257768154144,0.0,0.0,0.015281866304576397,0.0,0.0,0.0,0.08416648209095001,0.0,2.951092210423667e-05,0.05513301491737366,0.0,0.5744131207466125,0.0,0.313334584236145,0.0,0.018328377977013588,0.14690184593200684,0.010711051523685455,0.6092600226402283,0.0,0.13831591606140137,0.06555641442537308,0.2944820821285248,0.01845569722354412,0.1904214471578598,0.43543991446495056,0.01781989447772503,0.11794829368591309,0.030628833919763565,0.5553306937217712,0.37448540329933167,0.08839325606822968,0.08702004700899124,0.0875869169831276,0.6645897030830383,0.0,0.0,0.06902662664651871,0.07773855328559875,0.0,0.010806177742779255,0.0,0.0010323213646188378,0.0,0.8458907008171082,0.5580551624298096,0.27032870054244995,0.205088272690773,0.05445624887943268,0.0,0.0,0.0,0.19003866612911224,0.11015794426202774,0.16021902859210968,0.055095188319683075,0.0,0.0,0.02538255974650383,0.1428956538438797,0.3797460198402405,0.0,0.024714836850762367,0.13296504318714142,0.019218526780605316,0.0,0.47215455770492554,0.0,0.40906867384910583,0.008888470008969307,0.003965620417147875,0.0,0.013694784604012966,0.05206665024161339,0.0,0.05063491314649582,0.0,0.0,0.0,0.02668435499072075,0.0015878946287557483,0.0,0.006925624329596758,0.7927706837654114,0.0,0.5120174884796143,0.0,0.0,0.10119549185037613,0.18012185394763947,0.0,0.033270787447690964,0.8486841917037964,0.3358129858970642,0.0,0.0,0.5317823886871338,0.004495253786444664,0.0,0.0,0.0,1.1275783777236938,0.14061331748962402,0.0014417999191209674,0.0,0.06699488312005997,0.0,0.07689375430345535,0.464372843503952,0.017153743654489517,0.0,0.015729451552033424,0.0,0.05491885915398598,0.1681598573923111,0.01042499765753746,0.2835582196712494,0.026590967550873756,0.41929376125335693,0.08145400136709213,0.027755778282880783,0.0,0.009153793565928936,0.8074544072151184,0.0,0.03146316483616829,0.07076235860586166,0.0011723579373210669,0.0591440387070179,0.5950790047645569,0.0,0.0,0.006336425896733999,0.0,0.10116756707429886,0.014536653645336628,0.8335522413253784,0.045522816479206085,1.0586782693862915,0.17596611380577087,0.00518112862482667,0.23783951997756958,0.0,0.058451175689697266,0.0,0.0,0.0,0.00348502560518682,0.0,0.04177962988615036,0.10662505030632019,0.0,0.012753894552588463,0.029506875202059746,0.6561112403869629,0.1335124969482422,0.15720932185649872,0.3078177869319916,0.0,0.047593243420124054,0.42461097240448,0.05493749678134918,0.0,0.0,0.0,0.0,0.024360191076993942,0.0,0.25163331627845764,0.12752126157283783,0.2048981934785843,0.0,0.0,0.871105968952179,0.559471845626831,0.0,0.1239655390381813,0.05299613997340202,0.005015506409108639,0.24499161541461945,0.02883153222501278,0.004729578737169504,0.00040971674025058746,0.0,1.1535470485687256,0.0,0.1821587234735489,0.05263376235961914,0.0,0.0,0.0,0.0,0.06083907186985016,0.0,0.011125100776553154,0.0,0.7180889248847961,0.005644320510327816,0.013314093463122845,0.0,0.061215996742248535,0.40623772144317627,0.0,0.030608603730797768,0.519995927810669,0.24140548706054688,0.0,0.43767228722572327,0.14635290205478668,0.18450692296028137,0.02106834203004837,0.0,0.026396168395876884,0.0,0.03462519869208336,1.763034462928772,0.3536370098590851,0.375512033700943,0.05574079230427742,0.0,0.01594928652048111,0.027040675282478333,0.0,0.43582287430763245,0.016970019787549973,0.0,0.24281059205532074,0.013036425225436687,0.0,0.8461844325065613,0.19132502377033234,0.08512744307518005,0.04276009649038315,0.0,0.0,0.47529470920562744,0.047780055552721024,0.399303138256073,0.0,0.19645090401172638,0.27474260330200195,0.0,0.10751993954181671,0.266205370426178,0.0,0.0,0.0,0.2925606071949005,0.12889230251312256,0.0,0.0,0.2439485490322113,0.05773787945508957,0.00037454423727467656,0.27148711681365967,0.057818762958049774,0.051501378417015076,0.03164397552609444,0.0734931230545044,0.0002015846548601985,0.0,0.0,0.18947240710258484,0.0389532707631588,0.8630411624908447,0.0,0.0,0.0,0.7476569414138794,0.027559105306863785,0.04679927974939346,0.13684260845184326,0.29781463742256165,0.0,0.437788724899292,0.031336672604084015,0.24668490886688232,0.16652286052703857,0.5005676746368408,0.053161315619945526,0.1662188470363617,0.0,0.2687746286392212,0.12211404740810394,0.1537492871284485,0.6397744417190552,0.4582284092903137,0.06258328258991241,0.0,0.0,0.106244295835495,0.13438370823860168,0.0,0.2112286239862442,0.001034559216350317,0.08037187159061432,0.14282774925231934,0.2763475477695465,0.49737921357154846,0.06436070799827576,0.021785790100693703,0.0,0.19650059938430786,0.03715196251869202,0.050037868320941925,0.0,0.00803967285901308,0.0,0.20038335025310516,0.07628101110458374,0.019574934616684914,0.30100852251052856,0.0,0.19337482750415802,0.1341436803340912,0.0,0.2386932373046875,0.0248227771371603,0.3989465534687042,0.0,0.06598953902721405,0.06201087310910225,0.11612596362829208,0.027719775214791298,0.22626464068889618,0.3002471923828125,0.014590208418667316,0.07873553037643433,0.07317964732646942,0.5393849015235901,0.2834264636039734,0.05536297708749771,0.1500028371810913,0.016196234151721,0.37790435552597046,0.0061789038591086864,0.0,0.22314873337745667,0.054213590919971466,0.0,0.08838815987110138,0.00922327022999525,0.09473712742328644,0.0,0.5132200121879578,0.47296661138534546,0.1150251179933548,0.12958458065986633,0.08234409242868423,0.0,0.0,0.11153247952461243,0.13304153084754944,0.040482163429260254,0.15688370168209076,0.04221537709236145,0.0,0.018136631697416306,0.06953868269920349,0.0636800080537796,0.15396632254123688,0.1210670992732048,0.015451356768608093,0.1398436725139618,0.0010933056473731995,0.06383606791496277,0.41228166222572327,0.0,0.1725376695394516,0.1017971932888031,0.0,0.0,0.07381867617368698,0.015123119577765465,0.0,0.031974323093891144,0.0,0.0,0.0,0.037979938089847565,0.028579387813806534,0.0,0.0031725671142339706,0.41790780425071716,0.0,0.38598933815956116,0.0,0.0,0.03909400850534439,0.06299128383398056,0.0,0.0065720174461603165,0.5176032781600952,0.20984309911727905,0.0,0.0,0.28915417194366455,0.008519874885678291,0.001386311836540699,0.0,0.0,0.7406314015388489,0.09084669500589371,0.006464583799242973,0.0,0.10220173001289368,0.06060496345162392,0.06782375276088715,0.2506125867366791,0.03485243022441864,0.0,0.021594448015093803,0.0,0.006493100896477699,0.09903182089328766,0.0,0.27902933955192566,0.0,0.25068041682243347,0.12190710008144379,0.0,0.0,0.0026989071629941463,0.5848304033279419,0.0,0.0026251059025526047,0.10141211748123169,0.048083700239658356,0.057869188487529755,0.2901630401611328,0.001978871412575245,0.0,0.07168088853359222,0.017313335090875626,0.06847882270812988,0.09172684699296951,0.504612147808075,0.012201844714581966,0.6675261855125427,0.18350601196289062,0.0,0.150379940867424,0.0,0.0008970255148597062,0.005437610670924187,0.0,0.0,0.0,0.028094898909330368,0.032763559371232986,0.014769289642572403,0.046121995896101,0.06768125295639038,0.02170216292142868,0.3361562192440033,0.20548784732818604,0.12066400796175003,0.2060496211051941,0.0,0.03690185397863388,0.40377241373062134,0.005625591147691011,0.0,0.00036665130755864084,0.0,0.0,0.03674265369772911,0.01635485142469406,0.22302782535552979,0.1793472170829773,0.22084078192710876,0.0008992217481136322,0.0,0.6149564981460571,0.32247740030288696,0.2299404740333557,0.08819922804832458,0.00746874138712883,0.0,0.1046440526843071,0.00936020165681839,0.0,0.0,0.0,0.7008938193321228,0.008894938044250011,0.14576543867588043,0.019248224794864655,0.0,0.0,0.0,0.0,0.255418986082077,0.0,0.0,0.0,0.3967778980731964,0.011130140163004398,0.014369897544384003,0.014123170636594296,0.02841232717037201,0.2170615941286087,0.01345154270529747,0.012958173640072346,0.3159106373786926,0.0847376137971878,0.3109928369522095,0.2578919231891632,0.0891251266002655,0.09717477113008499,0.016515430063009262,0.0,0.011488398537039757,0.09595838189125061,0.0038446681573987007,1.1087157726287842,0.2694004774093628,0.26525136828422546,0.0,0.0027987919747829437,0.002363404957577586,0.08147157728672028,0.0011550589697435498,0.24958814680576324,0.04414897784590721,0.0006298739463090897,0.2706868350505829,0.0,0.0,0.7341886758804321,0.2686993479728699,0.048886772245168686,0.0011140264105051756,0.0,0.014987995848059654,0.40159857273101807,0.017447400838136673,0.2908247113227844,0.09704235196113586,0.10986582189798355,0.1692047417163849,-0.6380134224891663
201,0.0,0.05932925269007683,0.03235556557774544,0.0,0.0,0.0,0.4257378578186035,0.12299922853708267,0.0,0.008388910442590714,0.09966904670000076,0.011791544035077095,0.0,0.2796831727027893,0.0,0.07691676169633865,0.022831309586763382,0.006025059148669243,0.0,0.0,0.0,0.10844731330871582,0.0,0.41518592834472656,0.029925810173153877,0.0,0.0,0.4514228403568268,0.0,0.0478677898645401,0.020838003605604172,0.23196600377559662,0.0,0.2995498776435852,0.005732339806854725,0.06790250539779663,0.05939936637878418,0.16976574063301086,0.03864775970578194,0.2356370985507965,0.0,0.10571733862161636,0.09973226487636566,0.06740159541368484,0.2783487141132355,0.010238590650260448,0.20389001071453094,0.03689182549715042,0.0,0.09256070852279663,0.054090194404125214,0.0,0.16018980741500854,0.0,0.0074836136773228645,0.020116468891501427,0.04707938805222511,0.5082555413246155,0.056413840502500534,0.01972316950559616,0.0,0.20449398458003998,0.03317580744624138,0.0,0.0,0.0,0.0,0.054270029067993164,0.03645430505275726,0.06392461061477661,0.0,0.0,0.14137892425060272,0.12036502361297607,0.0,0.06896506249904633,0.04189208522439003,0.11077287793159485,0.0,0.13288551568984985,0.042401399463415146,0.052221380174160004,0.0,0.16440095007419586,0.09850500524044037,0.02979953959584236,0.00020233448594808578,0.1325562596321106,0.42232614755630493,0.2994224727153778,0.017817888408899307,0.0,0.05688152834773064,0.10078435391187668,0.009576226584613323,0.002518198685720563,0.3527146577835083,0.0,0.0,0.006228077225387096,0.0,0.15987277030944824,0.0,0.38986116647720337,0.2983805537223816,0.028356505557894707,0.01847221702337265,0.06707514822483063,0.0,0.0,0.0007798081496730447,0.05747596174478531,0.0345136821269989,0.15996187925338745,0.0,0.0,0.030046803876757622,0.009839728474617004,0.035423509776592255,0.016423393040895462,0.00616725068539381,0.008526597172021866,0.0,0.0,0.0,0.3741344213485718,0.0,0.0,0.0,0.0,0.0,0.0627286285161972,0.0,0.034715745598077774,0.007755976635962725,0.0,0.0,0.0,0.0739750936627388,0.014665970578789711,0.0,0.0,0.01847076416015625,0.0,0.10224633663892746,0.02101670578122139,0.0,0.01619229093194008,0.11056739091873169,0.0,0.02128177508711815,0.0774611085653305,0.06893043220043182,0.0,0.0,0.08354371786117554,0.020459916442632675,0.0,0.0030762283131480217,0.00014550425112247467,0.13770577311515808,0.011293429881334305,0.020504171028733253,0.0,0.11047389358282089,0.07048856467008591,0.0,0.03689929470419884,0.0,0.0,0.0,0.0,0.028703683987259865,0.0001472514122724533,0.005170893855392933,0.2030411809682846,0.0,0.014255431480705738,0.0656791478395462,0.04221207648515701,0.0,0.0,0.21820586919784546,0.0,0.013138450682163239,0.04387538507580757,0.18699276447296143,0.0,0.0,0.0,0.0,0.023476066067814827,0.13123877346515656,0.0,0.1273481249809265,0.14131689071655273,0.07225652039051056,0.2146875560283661,0.07822437584400177,0.0,0.07499593496322632,0.0,0.009786216542124748,0.011815031990408897,0.0,0.0,0.004138807766139507,0.0,0.0,5.1342882215976715e-05,0.035829346626996994,0.20922881364822388,0.0,0.17153719067573547,0.014624008908867836,0.06433236598968506,0.3086042106151581,0.00015429779887199402,0.0,0.26426059007644653,0.0,5.7223718613386154e-05,0.0,0.0,0.040289491415023804,0.0,0.07007525861263275,0.0,0.14057625830173492,0.11574726551771164,0.0021488741040229797,0.0,0.26627400517463684,0.08462244272232056,0.13839484751224518,0.05613437294960022,0.0,0.0024886506143957376,0.04421273618936539,0.006888640113174915,0.0,0.02624998614192009,0.0,0.35043856501579285,0.0,0.0012562774354591966,0.05830555409193039,0.0,0.0,0.0,0.0,0.25585922598838806,0.0,0.0,0.0,0.048715632408857346,0.0,0.028681281954050064,0.03992769494652748,0.00938272662460804,0.1051856279373169,0.0,0.0,0.09588617086410522,0.006325313355773687,0.3900904655456543,0.06642946600914001,0.014775997027754784,0.13216336071491241,0.0,0.0,0.06883955001831055,0.019894486293196678,0.0010143090039491653,0.3122558295726776,0.28798726201057434,0.2560153007507324,0.0,0.0,0.0,0.0,0.004075534176081419,0.02595742605626583,0.0512518584728241,0.020625311881303787,0.21556952595710754,0.0,0.007710026111453772,0.346756249666214,0.15731629729270935,0.02281152456998825,0.0,0.0,0.0,0.3107682466506958,0.0,0.41110339760780334,0.08234594762325287,0.03344424068927765,0.005130158271640539,0.0444430336356163,0.07585025578737259,0.0596744678914547,0.0,0.0,0.0,0.5032318830490112,0.1006401777267456,0.0,0.041910625994205475,0.05049874261021614,0.014015737920999527,0.0,0.4347849488258362,0.0,0.04230000823736191,0.028981806710362434,0.0,0.0026888754218816757,0.0,0.0,0.11833570152521133,0.0,0.18054699897766113,0.03541525453329086,0.0,0.0,0.4430232346057892,0.0,0.11466711014509201,0.0,0.2550187110900879,0.0,0.3017619252204895,0.020598165690898895,0.0604245699942112,0.1044049859046936,0.1542169749736786,0.004517966881394386,0.2475479245185852,0.06699080765247345,0.15954016149044037,0.14535650610923767,0.06855398416519165,0.20427200198173523,0.03400818258523941,0.3524695634841919,0.004712284542620182,0.0,0.042264584451913834,0.06008313596248627,0.0,0.2115153968334198,0.009097959846258163,0.01408938504755497,0.0,0.07226443290710449,0.7879100441932678,0.17311501502990723,0.02455783635377884,0.0,0.21640382707118988,0.18632987141609192,0.0,0.0,0.0045583173632621765,0.0,0.02810702472925186,0.09685593098402023,0.16328950226306915,0.008671414107084274,0.0,0.2536718547344208,0.19696557521820068,0.03294995799660683,0.07402412593364716,0.018536385148763657,0.024990910664200783,0.0,0.2490258514881134,0.026814129203557968,0.002575143240392208,0.0,0.22816096246242523,0.0,0.04670272767543793,0.01205832976847887,0.20468682050704956,0.37521523237228394,0.2634257674217224,0.05484597384929657,0.0,0.045658085495233536,0.022283894941210747,0.0,0.0,0.4911733865737915,0.0,0.007565263658761978,0.0,0.0,0.22011245787143707,0.0,0.15924489498138428,0.3463002145290375,0.11092934012413025,0.02291780337691307,0.02632175385951996,0.016154680401086807,0.0,0.014935711398720741,0.08543577045202255,0.051878422498703,0.19031016528606415,0.006918660365045071,0.0,0.05203720182180405,0.002430466003715992,0.027104774489998817,0.01247197575867176,0.0,0.028797192499041557,0.0,0.018052438274025917,0.0,0.2922423779964447,0.0,0.006531218066811562,0.0,0.007534862961620092,0.0,0.07826769351959229,0.008404596708714962,0.030537547543644905,0.004191500134766102,0.031223855912685394,0.0,0.0,0.2368088960647583,0.036749329417943954,0.0,0.0,0.010744890198111534,0.0,0.04473710060119629,0.0,0.030379576608538628,0.00666317343711853,0.20823118090629578,0.0,0.028696691617369652,0.012015383690595627,0.024520665407180786,0.0,0.0,0.10619356483221054,0.022859835997223854,0.0,0.026955358684062958,0.003726240945979953,0.04587069898843765,0.037090495228767395,0.08535883575677872,0.0,0.19361045956611633,0.12618553638458252,0.0,0.04140438884496689,0.0,0.0,0.0,0.0,0.02619062177836895,0.0,0.1241508424282074,0.0327555313706398,0.0,0.026614796370267868,0.02658422663807869,0.09685712307691574,0.0,0.0,0.0916207879781723,0.004956310614943504,0.006188729777932167,0.08826304972171783,0.32976505160331726,0.0,0.028089238330721855,0.0,0.0,0.008525921031832695,0.2431333363056183,0.0,0.14676183462142944,0.022064795717597008,0.13387852907180786,0.11392822116613388,0.06648281216621399,0.009942286647856236,0.04605909809470177,0.0,0.035323143005371094,0.03272716701030731,0.0,0.0,0.0,0.0,0.0,0.037554167211055756,0.07536044716835022,0.3084615170955658,0.0,0.179529070854187,0.011165432631969452,0.13020770251750946,0.410579115152359,0.0,0.0,0.18275567889213562,0.0,0.05520377680659294,0.0,0.0,0.047062184661626816,0.0,0.005127454176545143,0.0,0.21944841742515564,0.018332278355956078,0.0008703875355422497,0.0,0.19018763303756714,0.10682249069213867,0.18371890485286713,0.09265635907649994,0.016275009140372276,0.0011079779360443354,0.03815322741866112,0.02999594807624817,0.012215547263622284,0.009717436507344246,0.0,0.23036131262779236,0.003274358808994293,0.0,0.07301310449838638,0.0,0.0,0.0,0.0,0.30350252985954285,0.0,0.0,0.0028147022239863873,0.04166276007890701,0.0,0.03598805516958237,0.04286778345704079,0.006839023437350988,0.051818303763866425,0.0,0.0,0.12477481365203857,0.020941542461514473,0.23057445883750916,0.06408359110355377,0.005845719948410988,0.22141486406326294,0.0,0.0,0.08554073423147202,0.050323791801929474,0.0,0.24589897692203522,0.5095770359039307,0.2986169159412384,0.0025203016120940447,0.0,0.0,0.0,0.07623254507780075,0.021172819659113884,0.033401988446712494,0.03302504122257233,0.31032487750053406,0.0007510203868150711,0.0,0.32742953300476074,0.2838101089000702,0.018117755651474,0.0,0.0,0.0,0.20602302253246307,0.0,0.5100954174995422,0.1267443299293518,0.019214611500501633,0.0,0.0032233125530183315,0.0329243429005146,0.029878802597522736,0.0,0.0,0.0,0.4926244914531708,0.11879367381334305,0.0,0.01998334750533104,0.019629405811429024,0.03033512830734253,0.0,0.43731316924095154,0.0,0.03642526641488075,0.0621386282145977,0.0,0.0,0.0,0.0,0.08722720295190811,0.0070456815883517265,0.25005844235420227,0.018427802249789238,0.0011214370606467128,0.0,0.57122802734375,0.0,0.036388784646987915,0.001302188728004694,0.33718305826187134,0.0,0.2975612282752991,0.00040246747084893286,0.11942644417285919,0.02348650060594082,0.12623900175094604,0.004594042431563139,0.2542007267475128,0.05324879288673401,0.24218767881393433,0.06901226937770844,0.11535029113292694,0.294013649225235,0.03704417124390602,0.40739116072654724,0.010330196470022202,0.0,0.042525190860033035,0.047411248087882996,0.0,0.2916974723339081,0.0032316073775291443,0.003978809341788292,0.007926593534648418,0.06687818467617035,0.8281430006027222,0.13133060932159424,0.0728955864906311,0.0,0.23957708477973938,0.20166710019111633,0.0,0.0,0.009637833572924137,0.0,0.032708436250686646,0.1530962884426117,0.18187935650348663,0.003122831229120493,0.0,0.16965003311634064,0.23138117790222168,0.016313301399350166,0.14201508462429047,0.03285912796854973,0.06224670261144638,0.0,0.1644456833600998,0.014682972803711891,0.0027857921086251736,0.0,0.22281676530838013,0.014013879932463169,0.0151672987267375,0.0018833756912499666,0.2769661545753479,0.3158079981803894,0.25120410323143005,0.021205289289355278,0.0,0.028456175699830055,0.04173803701996803,0.03189779445528984,0.005420674104243517,0.5429428219795227,0.0,0.001335385488346219,0.04137993976473808,0.0,0.19073636829853058,0.0,0.12767186760902405,0.3621009886264801,0.0500602126121521,0.017292257398366928,0.020729323849081993,0.0,0.0,0.008074932731688023,0.04501421004533768,0.02648231014609337,0.19117987155914307,0.015961959958076477,0.0,0.058649178594350815,0.006154530216008425,0.015936512500047684,0.004741438198834658,0.016753289848566055,0.033570148050785065,0.0,0.0,0.0,0.25665366649627686,0.0,0.0,0.0,0.0,0.0,0.08395789563655853,0.00019887264352291822,0.015650993213057518,0.013137875124812126,0.03298448771238327,0.0,0.0,0.14876501262187958,0.06972123682498932,0.0,0.0,0.001684419927187264,0.0,0.03616480156779289,0.0,0.002687972504645586,0.0,0.03699597716331482,0.0,0.022002678364515305,0.026332365348935127,0.027585534378886223,0.0,0.0,0.07712820917367935,0.05776161700487137,0.0,0.02932567708194256,0.007395987398922443,0.06172621622681618,0.05032352730631828,0.029835395514965057,0.0,0.20661787688732147,0.15766999125480652,0.0008672943222336471,0.03466210514307022,0.0,0.0,0.0,0.0,0.014218156225979328,0.0014905687421560287,0.12141357362270355,0.06445703655481339,0.0,0.018186915665864944,0.032432086765766144,0.02194507047533989,0.0,0.0,0.09464114904403687,0.0017691135872155428,0.0,0.15592296421527863,0.3255983591079712,0.0,0.013647123239934444,0.0,0.0,0.0068988800048828125,0.17900973558425903,0.0,0.21353039145469666,0.052360378205776215,0.04543120414018631,0.09882140904664993,0.022317582741379738,0.0,0.03448431193828583,0.0,0.053391847759485245,0.014671244658529758,0.0,0.0,0.0,0.0,0.0,0.00818971823900938,0.16128069162368774,0.29364630579948425,0.0,0.1510724574327469,0.019696427509188652,0.08889901638031006,0.40621238946914673,0.0,0.0,0.20136481523513794,0.0,0.026985304430127144,0.0,0.0,0.013510636985301971,0.0,0.02994663268327713,0.0,0.29945552349090576,0.015474669635295868,0.003748890943825245,0.0,0.18796375393867493,0.10518167912960052,0.30084842443466187,0.09462966024875641,0.0010534803150221705,7.726003968855366e-05,0.030313702300190926,0.006337347906082869,0.0048107909969985485,0.00825292058289051,0.0022891731932759285,0.2025960087776184,0.0,0.0,0.011952540837228298,0.0,0.0,0.0,0.0,0.3685058653354645,0.0,0.0,0.0,0.03856899216771126,0.0,0.02204514667391777,0.04931254684925079,0.014176017604768276,0.04931694269180298,0.0,0.0,0.09792638570070267,0.017321549355983734,0.30951032042503357,0.03602459654211998,0.0010269440244883299,0.1252039521932602,0.0,0.0,0.07374770194292068,0.0786738321185112,0.0,0.3149295747280121,0.4688733220100403,0.2547737658023834,0.0,0.0,0.0,0.0,0.03467532619833946,0.01472334936261177,0.01709134690463543,0.08444471657276154,0.30441394448280334,0.0,0.0014880953822284937,0.34691646695137024,0.31577256321907043,0.014076889492571354,0.0,0.00132246024440974,8.195589180104434e-05,0.20960098505020142,0.0,0.4258425533771515,0.14634571969509125,0.0100080082193017,0.0,0.41265591979026794
202,0.014787054620683193,0.05027679353952408,0.0,0.0,0.0,0.0,0.0014132842188701034,0.1677975207567215,0.008885676972568035,0.0713910236954689,0.4609341621398926,0.1196858286857605,0.0,0.03700810298323631,0.7841307520866394,0.0,0.0,0.7744059562683105,0.5526137351989746,0.0,0.28707948327064514,0.137808695435524,0.0,0.9679061770439148,0.29392534494400024,0.0,0.0,0.4888606071472168,0.008155476301908493,0.0023255583364516497,0.0,0.12677541375160217,0.1208590492606163,0.15079040825366974,0.0,0.0,0.0,0.004634795244783163,0.5038045048713684,0.2185785323381424,0.11265522241592407,0.0,0.18829771876335144,0.0,0.24229875206947327,0.0,0.09688829630613327,0.01061295997351408,0.0,0.44543537497520447,0.0,0.023905595764517784,0.901021420955658,0.0,0.0,0.7014630436897278,0.0,0.28318172693252563,0.0006404802552424371,0.0,0.0,0.1809568852186203,0.07511215656995773,0.5564777255058289,0.0,0.0,0.0,1.3926869630813599,0.06863885372877121,0.007480463478714228,0.0,0.0,0.02647174708545208,0.8084182143211365,0.0,0.1334744244813919,0.570733368396759,0.12211326509714127,0.0,0.0,0.3629327714443207,0.0,0.029657868668437004,0.17430344223976135,1.2865523099899292,0.028276896104216576,0.0,0.040947865694761276,0.6766427159309387,0.03916173055768013,0.0,1.0636895895004272,0.033361226320266724,0.1680450737476349,0.021429872140288353,0.1692977100610733,0.03174629434943199,0.0,0.0,0.08814438432455063,0.7017534375190735,0.03521110489964485,0.0,1.0596938133239746,0.0,0.0,0.0,0.6335500478744507,0.0,0.0,0.7277067303657532,0.002203448209911585,0.004656982608139515,0.08565493673086166,0.03616661578416824,0.06632345169782639,0.022452032193541527,0.9085556268692017,0.0,0.0,0.5509346127510071,0.2204904854297638,0.0,0.0,0.5871886610984802,0.16562114655971527,0.0,0.0,0.7285634875297546,0.0,0.0,0.23448562622070312,0.0,0.0004234396037645638,0.0,0.07915712893009186,0.18136928975582123,0.0,0.03507634252309799,0.0,0.0,0.11095491796731949,0.0,0.0022997763007879257,0.010567249730229378,0.13669398427009583,0.020163552835583687,0.04905623942613602,0.08716901391744614,0.0,0.0,0.016659162938594818,0.0,0.0,0.0,0.01512387115508318,0.11449827998876572,0.044814325869083405,0.0,0.0,0.013601923361420631,0.0,0.025605762377381325,0.0,0.0,0.0752793475985527,0.029823774471879005,0.0,0.5892157554626465,0.0,0.1820969432592392,0.27163147926330566,0.0,0.0,0.11761742830276489,0.6598884463310242,0.0,0.0,0.3461064100265503,0.0,0.08237478882074356,0.18196113407611847,0.03189510852098465,0.0,0.17795662581920624,0.0,0.0,0.0,0.0,0.00689741550013423,0.0,0.9418544769287109,0.17617307603359222,0.0,0.0018421352142468095,0.44265827536582947,0.0,0.12808382511138916,0.9668642282485962,0.0,0.22362875938415527,0.0,0.0,0.06068989634513855,0.015309944748878479,0.0,0.23742079734802246,1.3257406949996948,0.6063694953918457,0.0,0.2894732356071472,0.12775976955890656,0.0,0.0,0.6434283256530762,0.011309350840747356,0.00022308678308036178,0.0,0.0,0.3452727496623993,0.0,0.07258887588977814,0.654579222202301,0.0,0.1898859590291977,0.16491064429283142,0.5272949934005737,0.7577964663505554,0.0,0.795553982257843,0.07056856900453568,0.3462618887424469,0.23949885368347168,0.005282830912619829,0.22142799198627472,0.003822695231065154,0.0,0.0,0.0,0.005126917734742165,0.0,0.0,0.005353860557079315,0.10302425920963287,0.6323486566543579,0.47388574481010437,0.0,0.0,0.0,0.0,0.0,0.7709600329399109,0.023650722578167915,0.0,0.016019625589251518,0.0,0.0,0.0,0.0015355892246589065,0.0,0.0,0.6325470209121704,0.46709752082824707,0.0,0.0,1.451484203338623,0.0,0.27409645915031433,5.8843197621172294e-05,0.0,0.0,0.06541647017002106,0.42251309752464294,0.0,0.2021440714597702,0.0,0.014916940592229366,0.0,0.6093316674232483,0.0,0.7267975211143494,0.0,0.0,0.9362725615501404,0.0,0.0,0.0,0.0,0.3874030113220215,0.0061736698262393475,0.04882936179637909,0.0,0.0,0.740717351436615,0.4981197416782379,0.0,0.0,0.8140105605125427,0.4411256015300751,0.07760218530893326,0.0,0.2069978564977646,0.5300076603889465,0.0,0.0,0.0,0.39432016015052795,0.08717596530914307,0.0,0.0,0.2506360411643982,0.0,0.0,0.2232654094696045,0.0,0.08607592433691025,0.0,0.08982028067111969,0.0,0.0,0.0,0.16417944431304932,0.05952627211809158,1.0088589191436768,0.0,0.0,0.0,0.8170607686042786,0.05321750417351723,0.06072741001844406,0.13265475630760193,0.26673221588134766,0.0,0.5235058069229126,0.08166712522506714,0.4007180333137512,0.402141809463501,0.8557375073432922,8.333888399647549e-05,0.0,0.0,0.2861839830875397,0.08474878966808319,0.2527971863746643,0.7048323154449463,0.7883607149124146,0.0,0.0,0.0,0.2250700294971466,0.2614714801311493,0.0,0.037699319422245026,0.05088794603943825,0.21401509642601013,0.014467294327914715,0.5268274545669556,0.30438232421875,0.12173257768154144,0.0,0.0,0.015281866304576397,0.0,0.0,0.0,0.08416648209095001,0.0,2.951092210423667e-05,0.05513301491737366,0.0,0.5744131207466125,0.0,0.313334584236145,0.0,0.018328377977013588,0.14690184593200684,0.010711051523685455,0.6092600226402283,0.0,0.13831591606140137,0.06555641442537308,0.2944820821285248,0.01845569722354412,0.1904214471578598,0.43543991446495056,0.01781989447772503,0.11794829368591309,0.030628833919763565,0.5553306937217712,0.37448540329933167,0.08839325606822968,0.08702004700899124,0.0875869169831276,0.6645897030830383,0.0,0.0,0.06902662664651871,0.07773855328559875,0.0,0.010806177742779255,0.0,0.0010323213646188378,0.0,0.8458907008171082,0.5580551624298096,0.27032870054244995,0.205088272690773,0.05445624887943268,0.0,0.0,0.0,0.19003866612911224,0.11015794426202774,0.16021902859210968,0.055095188319683075,0.0,0.0,0.02538255974650383,0.1428956538438797,0.3797460198402405,0.0,0.024714836850762367,0.13296504318714142,0.019218526780605316,0.0,0.47215455770492554,0.0,0.40906867384910583,0.008888470008969307,0.003965620417147875,0.0,0.013694784604012966,0.05206665024161339,0.0,0.05063491314649582,0.0,0.0,0.0,0.02668435499072075,0.0015878946287557483,0.0,0.006925624329596758,0.7927706837654114,0.0,0.5120174884796143,0.0,0.0,0.10119549185037613,0.18012185394763947,0.0,0.033270787447690964,0.8486841917037964,0.3358129858970642,0.0,0.0,0.5317823886871338,0.004495253786444664,0.0,0.0,0.0,1.1275783777236938,0.14061331748962402,0.0014417999191209674,0.0,0.06699488312005997,0.0,0.07689375430345535,0.464372843503952,0.017153743654489517,0.0,0.015729451552033424,0.0,0.05491885915398598,0.1681598573923111,0.01042499765753746,0.2835582196712494,0.026590967550873756,0.41929376125335693,0.08145400136709213,0.027755778282880783,0.0,0.009153793565928936,0.8074544072151184,0.0,0.03146316483616829,0.07076235860586166,0.0011723579373210669,0.0591440387070179,0.5950790047645569,0.0,0.0,0.006336425896733999,0.0,0.10116756707429886,0.014536653645336628,0.8335522413253784,0.045522816479206085,1.0586782693862915,0.17596611380577087,0.00518112862482667,0.23783951997756958,0.0,0.058451175689697266,0.0,0.0,0.0,0.00348502560518682,0.0,0.04177962988615036,0.10662505030632019,0.0,0.012753894552588463,0.029506875202059746,0.6561112403869629,0.1335124969482422,0.15720932185649872,0.3078177869319916,0.0,0.047593243420124054,0.42461097240448,0.05493749678134918,0.0,0.0,0.0,0.0,0.024360191076993942,0.0,0.25163331627845764,0.12752126157283783,0.2048981934785843,0.0,0.0,0.871105968952179,0.559471845626831,0.0,0.1239655390381813,0.05299613997340202,0.005015506409108639,0.24499161541461945,0.02883153222501278,0.004729578737169504,0.00040971674025058746,0.0,1.1535470485687256,0.0,0.1821587234735489,0.05263376235961914,0.0,0.0,0.0,0.0,0.06083907186985016,0.0,0.011125100776553154,0.0,0.7180889248847961,0.005644320510327816,0.013314093463122845,0.0,0.061215996742248535,0.40623772144317627,0.0,0.030608603730797768,0.519995927810669,0.24140548706054688,0.0,0.43767228722572327,0.14635290205478668,0.18450692296028137,0.02106834203004837,0.0,0.026396168395876884,0.0,0.03462519869208336,1.763034462928772,0.3536370098590851,0.375512033700943,0.05574079230427742,0.0,0.01594928652048111,0.027040675282478333,0.0,0.43582287430763245,0.016970019787549973,0.0,0.24281059205532074,0.013036425225436687,0.0,0.8461844325065613,0.19132502377033234,0.08512744307518005,0.04276009649038315,0.0,0.0,0.47529470920562744,0.047780055552721024,0.399303138256073,0.0,0.19645090401172638,0.27474260330200195,0.05051381140947342,0.112017922103405,0.15441451966762543,0.0,0.0,0.0,0.10055270791053772,0.15097437798976898,0.0,0.007844917476177216,0.3663705885410309,0.03308545798063278,0.0,0.1579226404428482,0.26665937900543213,0.007341759745031595,0.01749495603144169,0.43578019738197327,0.10995651036500931,0.0,0.06882371008396149,0.1788179576396942,0.03208935633301735,1.0429834127426147,0.06326570361852646,0.0,0.0001243568112840876,0.7733295559883118,0.032713282853364944,0.02362268604338169,0.05464950576424599,0.25103670358657837,0.01975499652326107,0.3160553574562073,0.050032537430524826,0.15931805968284607,0.08675246685743332,0.3234407305717468,0.24279308319091797,0.08203674107789993,0.04906066879630089,0.18523475527763367,0.10898326337337494,0.05319134145975113,0.580373227596283,0.24863393604755402,0.012795557267963886,0.0,0.008461695164442062,0.3491554260253906,0.035122357308864594,0.020855285227298737,0.5433263778686523,0.007890066131949425,0.03482384234666824,0.2668108642101288,0.28580188751220703,0.34336021542549133,0.07316011935472488,0.004644523840397596,0.0,0.08902841061353683,0.02048642374575138,0.1623525172472,0.0,0.0018466711044311523,0.0,0.7023051381111145,0.1174587532877922,0.023384004831314087,0.08161646872758865,0.0,0.08108864724636078,0.40518978238105774,0.0,0.18525512516498566,0.24839544296264648,0.3567873537540436,0.0,0.012641670182347298,0.1895824372768402,0.07371051609516144,0.055480897426605225,0.18281203508377075,0.8161805272102356,0.015077543444931507,0.01622195728123188,0.0879744365811348,0.602901816368103,0.20754201710224152,0.016660423949360847,0.5902661085128784,0.03910738602280617,0.37076854705810547,0.008054191246628761,0.10291939973831177,0.14749382436275482,0.030029403045773506,0.004500043112784624,0.035914670675992966,0.3427911400794983,0.06096570938825607,0.0,0.8240681290626526,0.1632421314716339,0.12714168429374695,0.07670816034078598,0.33552125096321106,0.0020995389204472303,0.0,0.3057413697242737,0.04448424652218819,0.029598673805594444,0.15665049850940704,0.018960382789373398,0.044486988335847855,0.0120661910623312,0.4864250719547272,0.0012452147202566266,0.12608647346496582,0.1805456578731537,0.08190038055181503,0.086210235953331,0.0,0.2568839490413666,0.2164653092622757,0.0,0.08975396305322647,0.37827765941619873,0.000573695928324014,0.0005532155628316104,0.06879451125860214,0.001994197489693761,0.0,0.0,0.047248486429452896,0.026908257976174355,0.007696322165429592,0.04127029329538345,0.016223307698965073,0.0,0.04510309547185898,0.27654021978378296,0.0,0.22843053936958313,0.020595967769622803,0.0,0.05782381072640419,0.041656386107206345,0.0,0.0021805916912853718,0.4165326654911041,0.07840882986783981,0.0,0.0,0.2791194021701813,0.06950978189706802,0.015551292337477207,0.0,0.0,0.5447091460227966,0.08492373675107956,0.00897171813994646,0.003989518620073795,0.034222204238176346,0.014911416918039322,0.09198653697967529,0.08284381777048111,0.35081663727760315,0.0,0.1211560070514679,0.1412198543548584,0.0013897584285587072,0.06620205193758011,0.12223374843597412,0.44063475728034973,0.0,0.0735204815864563,0.20307570695877075,0.0,0.00347983674146235,0.0911061242222786,0.39121341705322266,0.009024647995829582,0.11615484207868576,0.04398529604077339,0.033633142709732056,0.0060579124838113785,0.20189782977104187,0.007061773911118507,0.0,0.39308395981788635,0.04348402097821236,0.05379766598343849,0.019705453887581825,0.6626468896865845,0.0,0.5856141448020935,0.5370209217071533,0.0,0.16356560587882996,0.008136134594678879,0.020341580733656883,0.034381091594696045,0.0048694908618927,0.0,0.09470192342996597,0.5548335909843445,0.34088850021362305,0.035754162818193436,0.05357906222343445,0.08309859782457352,0.013296329416334629,0.17556333541870117,0.3754720091819763,0.02327326498925686,0.05434593930840492,0.0023408839479088783,0.016237303614616394,0.34405478835105896,0.027589043602347374,0.02337338589131832,0.3223257064819336,0.0,0.009330117143690586,0.1411510556936264,0.2652740776538849,0.5276120901107788,0.12249816954135895,0.47702789306640625,0.02226501703262329,0.11460346728563309,0.5333766937255859,0.25075751543045044,0.10916724801063538,0.019238600507378578,0.0010244830045849085,0.0,0.004081075545400381,0.014696283265948296,0.001209790469147265,0.0,0.0,0.5539177060127258,0.2854446768760681,0.3401581346988678,0.0,0.0,0.0,0.0,0.0,0.4676307141780853,0.0026444520335644484,0.0,0.0,0.12821181118488312,0.0,0.0,0.004933560732752085,0.0014844496035948396,0.04998769611120224,0.14896462857723236,0.27608832716941833,0.0923781469464302,0.09076746553182602,0.6682313084602356,0.1262045055627823,0.1966150850057602,0.005589799024164677,0.0,0.0,0.0249421838670969,0.1697055846452713,0.009920867159962654,1.0446546077728271,0.1053914874792099,0.0863824188709259,0.0,0.17081372439861298,0.005460870917886496,0.37437334656715393,0.005593072157353163,0.07972094416618347,0.49441051483154297,0.012272525578737259,0.10608388483524323,0.0,0.0,0.5765729546546936,0.0689370408654213,0.09289133548736572,0.0008360865758731961,0.0,0.22678211331367493,0.4314275085926056,0.007538660429418087,0.0917973592877388,0.27328601479530334,0.3118102550506592,0.2469700127840042,-0.015237485989928246
203,0.11134401708841324,0.03647176921367645,0.0,0.0,0.0,0.0,0.17191481590270996,0.07056143879890442,0.0,0.14149805903434753,0.20300723612308502,0.03349851071834564,0.0,0.19250436127185822,0.3503038287162781,0.021290471777319908,0.0009642578661441803,0.2556535005569458,0.1121664047241211,0.0,0.039822109043598175,0.06129957735538483,0.0,0.5820100903511047,0.20658603310585022,0.0,0.0,0.43088868260383606,0.013500324450433254,0.010893180966377258,0.0,0.2844684422016144,0.0001321898598689586,0.13115717470645905,0.0,0.0,0.0,0.04849565774202347,0.32425594329833984,0.2276691347360611,0.16044993698596954,0.029913097620010376,0.10288923233747482,0.0,0.1580210030078888,0.0,0.2971082031726837,0.006088886875659227,0.0,0.2528356909751892,0.0,0.015278611332178116,0.722912609577179,0.0,0.0,0.19318000972270966,0.001937571563757956,0.6003533601760864,0.10417098551988602,0.04395179823040962,0.0,0.1032523438334465,0.1474563628435135,0.1558137685060501,0.0,0.0,0.0,0.7173817753791809,0.18132056295871735,0.08879882842302322,0.0,0.005019551608711481,0.11362045258283615,0.6121194362640381,0.0,0.03684977814555168,0.354778915643692,0.007953540422022343,0.0,0.0,0.18664458394050598,0.005199391394853592,0.0843380019068718,0.1856423318386078,0.5455053448677063,0.027331914752721786,0.0,0.26064416766166687,0.5308283567428589,0.1357373744249344,0.03862462937831879,0.39824873208999634,0.017414061352610588,0.060927681624889374,0.013028864748775959,0.13163794577121735,0.19219300150871277,0.0,0.0,0.013101966120302677,0.398832231760025,0.1724168360233307,0.0,0.521311342716217,0.03561054542660713,0.0,0.0034319923724979162,0.48372989892959595,0.013260476291179657,0.0,0.2968652844429016,0.024102887138724327,0.0002660834288690239,0.2661992609500885,0.0963263213634491,0.011067231185734272,0.04465872421860695,0.40434667468070984,0.0,0.027406880632042885,0.1947300285100937,0.21155321598052979,0.006892366334795952,0.0,0.17051778733730316,0.06107572093605995,0.0,0.0,0.2527128756046295,0.0,0.004267246928066015,0.11830674111843109,0.0,0.030277298763394356,0.007201485335826874,0.19052177667617798,0.07515481114387512,0.0,0.08809475600719452,0.0,0.0,0.0,0.0,0.0,0.03181629255414009,0.05150219798088074,0.04751049727201462,0.0,0.0,0.0,0.0,0.006499860901385546,0.007400515954941511,0.0,0.002901093102991581,0.16651690006256104,0.05023684352636337,0.0,0.0,0.004277663305401802,0.012171633541584015,0.008930547162890434,0.07610659301280975,0.002223402261734009,0.006403806619346142,0.10458870232105255,0.003244836116209626,0.0,0.1269545555114746,0.003013682784512639,0.07920712977647781,0.06595709919929504,0.0,0.0,0.1787603199481964,0.32325008511543274,0.0,0.0,0.2471953183412552,0.0004856702289544046,0.09861825406551361,0.0032379503827542067,0.04427728429436684,0.016017181798815727,0.024699527770280838,0.04825865104794502,0.14504191279411316,0.0,0.0,0.0,0.0,0.42152026295661926,0.1882982850074768,0.0,0.0936059057712555,0.18610528111457825,0.0,0.11202772706747055,0.49552884697914124,0.0,0.16329015791416168,0.0,0.0,0.013474092818796635,0.0,0.0,0.012575368396937847,0.8687257766723633,0.28520017862319946,0.0,0.22977082431316376,0.21489045023918152,0.0,0.0,0.27667680382728577,0.048823654651641846,0.05786345526576042,0.0,0.0,0.05726166442036629,0.0,0.11410529166460037,0.37206602096557617,0.0,0.1445809155702591,0.0013328945497050881,0.35336393117904663,0.262187659740448,0.07629036903381348,0.35088497400283813,0.06086321547627449,0.21863099932670593,0.2760104238986969,0.0065058087930083275,0.1575356125831604,0.0,0.0,0.0,0.0,0.014347326941788197,0.0,0.0,0.015094412490725517,0.005324672441929579,0.2736263573169708,0.11848185211420059,0.029433760792016983,0.0,0.0,0.0,0.0,0.6440237164497375,0.0,0.0,0.004623372573405504,0.0,0.0,0.0,0.03236476704478264,0.0,0.0,0.11239078640937805,0.14353090524673462,0.0,0.0,0.8146477937698364,0.0026972044724971056,0.1360054910182953,0.03697935491800308,0.0,0.0,0.127252459526062,0.2309778481721878,0.0,0.1716720163822174,0.0,0.03360705450177193,0.0,0.22845908999443054,0.0,0.2540074586868286,0.0,0.0,0.42641502618789673,0.014872067607939243,0.13736648857593536,0.0,0.0,0.2812066674232483,0.0336177833378315,0.04287974163889885,0.0,0.0,0.5031542778015137,0.3068658709526062,0.0,0.036804843693971634,0.6712118983268738,0.18047769367694855,0.040350526571273804,0.2500429153442383,0.0638703852891922,0.013276522979140282,0.0,0.0,0.0,0.335460901260376,0.049788158386945724,0.016848094761371613,0.01959373988211155,0.1192018985748291,0.11472751200199127,0.0,0.22303742170333862,0.275554895401001,0.0,0.011928926222026348,0.1315649449825287,0.08957014977931976,0.0,0.02314114011824131,0.05358079448342323,0.0,0.2887517809867859,0.26961269974708557,0.0,0.0,0.3938469886779785,0.0,0.024858009070158005,0.0,0.31233859062194824,0.0003373372310306877,0.15237268805503845,0.10395126044750214,0.0,0.02825348637998104,0.04021443799138069,0.08813821524381638,0.1840033382177353,0.3005979061126709,0.012325461022555828,0.21747583150863647,0.006009830627590418,0.13705050945281982,0.0,0.30970993638038635,0.0,0.0,0.1713206022977829,0.008313809521496296,0.0,0.7282446026802063,0.0,0.0,0.20541594922542572,0.013050656765699387,0.7356860637664795,0.1978560835123062,0.016076266765594482,0.0,0.05456430837512016,0.27335992455482483,0.11752321571111679,0.0,0.0,0.0,0.6495761871337891,0.28292107582092285,0.23540566861629486,0.0,0.0,0.0951356366276741,0.87591552734375,0.0,0.011612892150878906,0.2339518815279007,0.0,0.0,0.16672880947589874,0.11369683593511581,0.0,0.00036079506389796734,0.1806754320859909,0.3276730477809906,0.05284794420003891,0.0,0.4302669167518616,0.6218665242195129,0.29355674982070923,0.07273878157138824,0.37453848123550415,0.10167412459850311,0.0,0.00668615847826004,0.18335746228694916,0.4867174029350281,0.0,0.0,0.035921595990657806,0.35149332880973816,0.536053478717804,0.0,0.31586953997612,0.1929216831922531,0.0,0.015755467116832733,0.29121696949005127,0.001494853408075869,0.0,0.37530675530433655,0.10510722547769547,0.0,0.20799696445465088,0.1065419390797615,0.007077335380017757,0.1708323061466217,0.3270508050918579,0.0,0.008606871590018272,0.21753911674022675,0.2720661759376526,0.0,0.0,0.1955406665802002,0.08650822192430496,0.0,0.0010077859042212367,0.2563461661338806,0.0,0.0,0.1235080361366272,0.005301470868289471,0.06921247392892838,0.0014578565023839474,0.25411954522132874,0.06033007800579071,0.0,0.19352535903453827,0.00040933964191935956,0.0,0.0,0.0,0.0,0.006377942394465208,0.04870814085006714,0.10578322410583496,0.02078287862241268,0.21005618572235107,0.0,0.0,0.02132727950811386,0.005392902530729771,0.0,0.0,0.13515642285346985,0.03502452000975609,0.0085755018517375,0.0,0.0,0.012197330594062805,0.01801108941435814,0.11926230043172836,0.0,0.010834737680852413,0.190739706158638,0.0,0.0,0.20849807560443878,0.0,0.06149435043334961,0.194657564163208,0.006038543302565813,0.0,0.5568512082099915,0.2211374044418335,0.0,0.011748124845325947,0.15001870691776276,0.032415203750133514,0.02200070209801197,0.0011994927190244198,0.08872040361166,0.004859786480665207,0.04872555658221245,0.10332979261875153,0.25541579723358154,0.0,0.0,0.0,0.0,0.5019413232803345,0.4043756425380707,0.0,0.2039462924003601,0.039559438824653625,0.13154399394989014,0.052669938653707504,0.44153380393981934,0.0,0.0824648067355156,0.0,0.005600187927484512,0.2277863770723343,0.012270423583686352,0.0,0.0857437252998352,0.5047435760498047,0.20843666791915894,0.04430871084332466,0.25779929757118225,0.5319267511367798,0.0,0.0,0.17708635330200195,0.034176524728536606,0.13577845692634583,0.0,0.0,0.1851639300584793,0.0,0.1314733922481537,0.2327018678188324,0.007826641201972961,0.18963861465454102,0.004223279654979706,0.4379979968070984,0.1710011512041092,0.31821128726005554,0.2796030640602112,0.09001155942678452,0.21803900599479675,0.10892681032419205,0.002505057957023382,0.06594624370336533,0.035082537680864334,0.0,0.0,0.0,0.02697053551673889,0.003304495243355632,0.0025778908748179674,0.013915243558585644,0.03129402920603752,0.21776752173900604,0.1900121569633484,0.05986658111214638,0.0031792446970939636,0.0,0.007395695894956589,0.0,0.7434573173522949,0.0,0.0,0.07460236549377441,0.0,0.0,0.016842026263475418,0.0071949041448533535,0.0,0.004167447332292795,0.19811606407165527,0.12371603399515152,0.01365527044981718,0.0,0.9271535277366638,0.0,0.06858193874359131,0.06732801347970963,0.0,0.0,0.17549438774585724,0.22491100430488586,0.0,0.061167020350694656,0.21867959201335907,0.0853915736079216,0.0,0.15760159492492676,0.0,0.256428986787796,0.02494940161705017,0.0,0.41839471459388733,0.012825747020542622,0.2629847228527069,0.0,0.0,0.18316690623760223,0.06727590411901474,0.02873341739177704,0.0,0.0,0.4921342730522156,0.21688398718833923,0.0,0.12653911113739014,0.6669278740882874,0.035688616335392,0.0030347537249326706,0.2146712690591812,0.04992041736841202,0.0,0.0,0.00048062362475320697,0.0,0.30153974890708923,0.10602516680955887,0.011768004857003689,0.05977078527212143,0.14376302063465118,0.09891845285892487,0.0,0.29735562205314636,0.3259829580783844,0.0045294868759810925,0.013694182969629765,0.15307825803756714,0.030287636443972588,0.0,0.010865254327654839,0.10646035522222519,0.0,0.37326252460479736,0.150630921125412,0.0,0.0,0.4935095012187958,0.0033044195733964443,0.010001927614212036,0.0,0.36753854155540466,0.0,0.16933408379554749,0.07731223106384277,0.0012409075861796737,0.0,0.03785872086882591,0.2128974348306656,0.2575952112674713,0.26086893677711487,0.07389483600854874,0.1447010487318039,0.0029008088167756796,0.20065245032310486,0.0,0.3182913064956665,0.0,0.0,0.18303647637367249,0.0005277008167468011,0.003804317442700267,0.7573133111000061,0.0,0.0,0.20579852163791656,0.0356263592839241,0.7831203937530518,0.18246158957481384,0.06255938857793808,0.0,0.13324368000030518,0.28620123863220215,0.1387285739183426,0.0,0.0,0.0,0.6537083983421326,0.2854076325893402,0.22768206894397736,0.0,0.0,0.08780693262815475,0.7120783925056458,0.0,0.07241382449865341,0.25462329387664795,0.0050566657446324825,0.0,0.06209554150700569,0.09862551093101501,0.0,0.0213455967605114,0.19315722584724426,0.3720945119857788,0.017450498417019844,0.0,0.4300907552242279,0.5436269640922546,0.2249961644411087,0.03309674561023712,0.33968403935432434,0.022009674459695816,0.013050033710896969,0.013973575085401535,0.13884438574314117,0.48814210295677185,0.0,0.0011210802476853132,0.08134406805038452,0.30664756894111633,0.47450393438339233,0.0,0.2644036114215851,0.14252407848834991,0.014221691526472569,0.012597331777215004,0.28347358107566833,0.009712695144116879,0.0,0.3350134491920471,0.02716223895549774,0.000602251326199621,0.27317214012145996,0.09924876689910889,0.009401457384228706,0.11164145916700363,0.28928959369659424,0.0,0.013502806425094604,0.27388709783554077,0.1830723136663437,0.0,0.0,0.20836596190929413,0.08245261013507843,0.0,0.003083698218688369,0.24746638536453247,0.0,0.0019274631049484015,0.14581097662448883,0.00512358546257019,0.03674647584557533,0.012550928629934788,0.2518033981323242,0.039460647851228714,0.0,0.11602170020341873,0.012098876759409904,0.0,0.0,0.0,0.0,0.00808469858020544,0.012720872648060322,0.0831422433257103,0.0,0.010526193305850029,0.0,0.0,0.038702547550201416,0.00044549687299877405,0.0,0.001550347195006907,0.1330585926771164,0.09042244404554367,0.0,0.0,0.007392230909317732,0.050744373351335526,0.013677416369318962,0.060989975929260254,0.0049043321050703526,0.05432271957397461,0.1702786535024643,0.0,0.0004744184552691877,0.13475795090198517,0.0,0.04544918239116669,0.14691874384880066,0.0,0.0,0.4913080036640167,0.22927731275558472,0.0,0.0,0.1578390747308731,0.005338302813470364,0.0328211672604084,0.01900435797870159,0.03288639336824417,0.0028498440515249968,0.005149955861270428,0.1208527460694313,0.2570432126522064,0.0,0.0,0.0,0.0,0.43250465393066406,0.3030056655406952,0.0,0.19109290838241577,0.08778449147939682,0.018361369147896767,0.05246395617723465,0.4014928638935089,0.0,0.10104416310787201,0.0,0.0029054339975118637,0.11675355583429337,0.0,0.0,0.011130861937999725,0.6311596632003784,0.18945561349391937,0.0388612374663353,0.2962667644023895,0.42830348014831543,0.0,0.0,0.2384883016347885,0.020009970292448997,0.13832972943782806,0.0018142241751775146,0.0,0.1668078601360321,0.0,0.11151233315467834,0.23364689946174622,0.0029262062162160873,0.11650903522968292,0.0040057688020169735,0.3319779336452484,0.19960543513298035,0.2859327495098114,0.29584717750549316,0.06694342941045761,0.19387443363666534,0.15837951004505157,0.006066585890948772,0.16438798606395721,0.004944751970469952,0.0,0.0,0.0,0.02717084251344204,0.01701934263110161,0.0,0.026742910966277122,0.019563831388950348,0.19493606686592102,0.1972893625497818,0.002811635611578822,0.0,0.0,0.0017374518793076277,0.0,0.7378104329109192,0.0,0.0,0.04126719385385513,0.0,0.0,0.0016297486145049334,0.008354997262358665,0.0,0.0,0.14593017101287842,0.10231123864650726,0.005882715806365013,0.0,0.9237110614776611,0.0,0.06377828121185303,0.02630561776459217,0.0,0.0,0.13029615581035614,0.2868388891220093,0.0,0.14133061468601227,0.19595636427402496,0.030569778755307198,0.0,0.17966660857200623,0.0,0.20107625424861908,0.007366164121776819,0.0,0.3846132457256317,0.040278684347867966,0.23139145970344543,0.0,0.0,0.2391822785139084,0.09387370944023132,0.012764697894454002,0.0,0.0,0.4210379421710968,0.2464882731437683,0.0,0.08400629460811615,0.6233646273612976,0.09521252661943436,0.01619037799537182,1.6024281978607178
204,0.014787054620683193,0.05027679353952408,0.0,0.0,0.0,0.0,0.0014132842188701034,0.1677975207567215,0.008885676972568035,0.0713910236954689,0.4609341621398926,0.1196858286857605,0.0,0.03700810298323631,0.7841307520866394,0.0,0.0,0.7744059562683105,0.5526137351989746,0.0,0.28707948327064514,0.137808695435524,0.0,0.9679061770439148,0.29392534494400024,0.0,0.0,0.4888606071472168,0.008155476301908493,0.0023255583364516497,0.0,0.12677541375160217,0.1208590492606163,0.15079040825366974,0.0,0.0,0.0,0.004634795244783163,0.5038045048713684,0.2185785323381424,0.11265522241592407,0.0,0.18829771876335144,0.0,0.24229875206947327,0.0,0.09688829630613327,0.01061295997351408,0.0,0.44543537497520447,0.0,0.023905595764517784,0.901021420955658,0.0,0.0,0.7014630436897278,0.0,0.28318172693252563,0.0006404802552424371,0.0,0.0,0.1809568852186203,0.07511215656995773,0.5564777255058289,0.0,0.0,0.0,1.3926869630813599,0.06863885372877121,0.007480463478714228,0.0,0.0,0.02647174708545208,0.8084182143211365,0.0,0.1334744244813919,0.570733368396759,0.12211326509714127,0.0,0.0,0.3629327714443207,0.0,0.029657868668437004,0.17430344223976135,1.2865523099899292,0.028276896104216576,0.0,0.040947865694761276,0.6766427159309387,0.03916173055768013,0.0,1.0636895895004272,0.033361226320266724,0.1680450737476349,0.021429872140288353,0.1692977100610733,0.03174629434943199,0.0,0.0,0.08814438432455063,0.7017534375190735,0.03521110489964485,0.0,1.0596938133239746,0.0,0.0,0.0,0.6335500478744507,0.0,0.0,0.7277067303657532,0.002203448209911585,0.004656982608139515,0.08565493673086166,0.03616661578416824,0.06632345169782639,0.022452032193541527,0.9085556268692017,0.0,0.0,0.5509346127510071,0.2204904854297638,0.0,0.0,0.5871886610984802,0.16562114655971527,0.0,0.0,0.7285634875297546,0.0,0.0,0.23448562622070312,0.0,0.0004234396037645638,0.0,0.07915712893009186,0.18136928975582123,0.0,0.03507634252309799,0.0,0.0,0.11095491796731949,0.0,0.0022997763007879257,0.010567249730229378,0.13669398427009583,0.020163552835583687,0.04905623942613602,0.08716901391744614,0.0,0.0,0.016659162938594818,0.0,0.0,0.0,0.01512387115508318,0.11449827998876572,0.044814325869083405,0.0,0.0,0.013601923361420631,0.0,0.025605762377381325,0.0,0.0,0.0752793475985527,0.029823774471879005,0.0,0.5892157554626465,0.0,0.1820969432592392,0.27163147926330566,0.0,0.0,0.11761742830276489,0.6598884463310242,0.0,0.0,0.3461064100265503,0.0,0.08237478882074356,0.18196113407611847,0.03189510852098465,0.0,0.17795662581920624,0.0,0.0,0.0,0.0,0.00689741550013423,0.0,0.9418544769287109,0.17617307603359222,0.0,0.0018421352142468095,0.44265827536582947,0.0,0.12808382511138916,0.9668642282485962,0.0,0.22362875938415527,0.0,0.0,0.06068989634513855,0.015309944748878479,0.0,0.23742079734802246,1.3257406949996948,0.6063694953918457,0.0,0.2894732356071472,0.12775976955890656,0.0,0.0,0.6434283256530762,0.011309350840747356,0.00022308678308036178,0.0,0.0,0.3452727496623993,0.0,0.07258887588977814,0.654579222202301,0.0,0.1898859590291977,0.16491064429283142,0.5272949934005737,0.7577964663505554,0.0,0.795553982257843,0.07056856900453568,0.3462618887424469,0.23949885368347168,0.005282830912619829,0.22142799198627472,0.003822695231065154,0.0,0.0,0.0,0.005126917734742165,0.0,0.0,0.005353860557079315,0.10302425920963287,0.6323486566543579,0.47388574481010437,0.0,0.0,0.0,0.0,0.0,0.7709600329399109,0.023650722578167915,0.0,0.016019625589251518,0.0,0.0,0.0,0.0015355892246589065,0.0,0.0,0.6325470209121704,0.46709752082824707,0.0,0.0,1.451484203338623,0.0,0.27409645915031433,5.8843197621172294e-05,0.0,0.0,0.06541647017002106,0.42251309752464294,0.0,0.2021440714597702,0.0,0.014916940592229366,0.0,0.6093316674232483,0.0,0.7267975211143494,0.0,0.0,0.9362725615501404,0.0,0.0,0.0,0.0,0.3874030113220215,0.0061736698262393475,0.04882936179637909,0.0,0.0,0.740717351436615,0.4981197416782379,0.0,0.0,0.8140105605125427,0.4411256015300751,0.07760218530893326,0.19096942245960236,0.06657204777002335,0.014637235552072525,0.0,0.0,0.0,0.25212806463241577,0.03590346872806549,0.01669534482061863,0.09201082587242126,0.17550627887248993,0.05560586228966713,0.0,0.30988994240760803,0.2218373864889145,0.0,0.0,0.14808447659015656,0.10742507874965668,0.0,0.01971619203686714,0.06867247074842453,0.0,0.34367820620536804,0.2164638787508011,0.0,0.0,0.4123300015926361,0.0050306436605751514,0.051289644092321396,0.0,0.31302839517593384,0.0,0.14565959572792053,0.032239269465208054,0.0007679172558709979,0.023347895592451096,0.03677438199520111,0.1457180678844452,0.2611095905303955,0.27090322971343994,0.02531818114221096,0.19820046424865723,0.0,0.1093292236328125,0.0,0.3725196123123169,0.0,0.0,0.121455617249012,0.0019010765245184302,0.0,0.7374283671379089,0.0,0.0,0.14336898922920227,0.0016067863907665014,0.7674259543418884,0.1797519028186798,0.027640899643301964,0.0,0.05040149763226509,0.2974924147129059,0.12340424209833145,0.0,0.0,0.0,0.6155166029930115,0.27918994426727295,0.25422996282577515,0.0,0.0,0.1434609591960907,0.7372457981109619,0.0,0.011934120208024979,0.21990759670734406,0.0,0.0,0.13895262777805328,0.13836990296840668,0.0,0.06236310675740242,0.19517755508422852,0.2653966546058655,0.07203363627195358,0.0,0.3199876546859741,0.5587625503540039,0.17344285547733307,0.03874891623854637,0.3496263325214386,0.0727778822183609,0.0,0.004447184968739748,0.10321836918592453,0.4113636612892151,0.0,0.0022775547113269567,0.00438864529132843,0.40473562479019165,0.3651406466960907,0.0,0.29468026757240295,0.09619895368814468,0.019928015768527985,0.01005264651030302,0.3714379370212555,0.030462712049484253,0.0,0.28306397795677185,0.08470229059457779,0.0,0.25612854957580566,0.07241783291101456,0.0,0.1541435271501541,0.24148207902908325,0.0,0.007854459807276726,0.15729127824306488,0.22154827415943146,0.016538679599761963,0.0,0.08611736446619034,0.03561508655548096,0.0,0.0,0.1302153319120407,0.0,0.0,0.043357208371162415,0.010124062187969685,0.07303908467292786,0.002827913500368595,0.1854272037744522,0.04228357970714569,0.0,0.2104029357433319,0.0052359625697135925,0.0,0.0,0.0,0.0,0.027805205434560776,0.05792625620961189,0.05554915964603424,0.0,0.16626007854938507,0.0,0.0,0.0,0.00028230829047970474,0.0,0.0,0.12635299563407898,0.06894265860319138,0.0,0.0,0.0,0.0,0.03202933073043823,0.11312462389469147,0.00226426450535655,0.04264003783464432,0.1630694568157196,0.0,0.0,0.09979967027902603,0.0,0.05066360533237457,0.03795298933982849,0.02013598196208477,0.0,0.3752627372741699,0.11681999266147614,0.0,0.0,0.22169966995716095,0.008932462893426418,0.03518933802843094,0.0,0.09111177921295166,0.017615631222724915,0.045465752482414246,0.08376587182283401,0.2702322006225586,0.0,0.0,0.0,0.0,0.31884339451789856,0.35967954993247986,0.0,0.19007739424705505,0.03453550115227699,0.12031012028455734,0.024028269574046135,0.4160534143447876,0.0,0.04355234652757645,0.0,0.00763992452993989,0.10343591123819351,0.0,0.0,0.0683162659406662,0.5607102513313293,0.2043638527393341,0.009016272611916065,0.2651447653770447,0.3810056149959564,0.0,0.0,0.21214018762111664,0.054769303649663925,0.1420644372701645,0.0,0.0,0.030252784490585327,0.01757875084877014,0.1319584995508194,0.3323647081851959,0.0,0.16875940561294556,0.0,0.22486169636249542,0.11828604340553284,0.2328578382730484,0.22495105862617493,0.12113206833600998,0.15403763949871063,0.1274459958076477,0.006419497076421976,0.1770574003458023,0.0008375893230549991,0.0,0.0,0.0,0.009176014922559261,0.0,0.0,0.007667143363505602,0.0,0.24307012557983398,0.08279936760663986,0.0745639055967331,0.0,0.0,0.0,0.0,0.6997887492179871,0.0,0.0,0.03638496622443199,0.0,0.0,0.01215039100497961,0.01215918269008398,0.0,0.0,0.056050315499305725,0.08578643947839737,0.0,0.0,0.7135717868804932,0.0,0.1129380464553833,0.030258430168032646,0.0,0.0,0.13622279465198517,0.25617414712905884,0.0,0.07253029942512512,0.11423657834529877,0.0854414775967598,0.0,0.1332719624042511,0.0,0.1579771786928177,0.050880298018455505,0.0,0.31869715452194214,0.0186690092086792,0.19831949472427368,0.0,0.0,0.2677072286605835,0.04208596050739288,0.031335022300481796,0.0,0.0,0.4959276020526886,0.18558450043201447,0.0,0.10464989393949509,0.6725872159004211,0.07083355635404587,0.0,0.13736923038959503,0.04644858092069626,0.0,0.0,0.0,0.0,0.11028657108545303,0.14076368510723114,0.022761713713407516,0.053269077092409134,0.3207794725894928,0.1443939507007599,0.0,0.21159206330776215,0.545623242855072,0.0,0.0,0.41015180945396423,0.1939050704240799,0.0,0.08053644001483917,0.17787186801433563,0.0,0.6165456771850586,0.1584528237581253,0.0,0.0018113553524017334,0.5262171030044556,0.005257131531834602,0.0048492965288460255,0.0,0.28672027587890625,0.022463358938694,0.18326395750045776,0.0397508330643177,0.0028819628059864044,0.0,0.015154656954109669,0.353461354970932,0.3233616352081299,0.1747506856918335,0.03248405456542969,0.19128413498401642,0.0,0.25559505820274353,0.0,0.15992562472820282,0.0,0.0,0.2614046335220337,0.0,0.009251385927200317,0.8593612313270569,0.0,0.0,0.4770295321941376,0.0,0.6164751052856445,0.0638718456029892,0.019045010209083557,0.0,0.18388894200325012,0.19821114838123322,0.3213948607444763,0.0,0.0,0.0,0.9994741082191467,0.15050600469112396,0.11759066581726074,0.0,0.0,0.047236233949661255,0.7264118790626526,0.0,0.11931999772787094,0.3563603162765503,0.05168521776795387,0.0,0.01594080962240696,0.14407117664813995,0.0,0.04522352293133736,0.19933658838272095,0.735856294631958,0.024696508422493935,0.0,0.24690008163452148,0.6303378939628601,0.09747470170259476,0.009556097909808159,0.6819174289703369,0.025618642568588257,0.02735746279358864,0.016891207545995712,0.12025812268257141,0.28842341899871826,0.0,0.0,0.11198213696479797,0.5035569071769714,0.339740127325058,0.0,0.4897647500038147,0.04667350649833679,0.0018349438905715942,0.0,0.39013049006462097,0.003432022174820304,0.0,0.5466191172599792,0.03247023746371269,0.0,0.21607671678066254,0.03329476714134216,0.011431633494794369,0.11745553463697433,0.49092164635658264,0.0,0.0012969768140465021,0.46663278341293335,0.16084347665309906,0.002133746864274144,0.0,0.38787201046943665,0.11660982668399811,0.0,0.0008431033347733319,0.44070693850517273,0.0,0.0003762590931728482,0.1128462702035904,0.0,0.012953238561749458,0.0060240221209824085,0.14065319299697876,0.08604393154382706,0.0,0.07358060777187347,0.002027928363531828,0.0005084219155833125,0.0003275163471698761,0.0,0.0,0.012569461017847061,0.0552227646112442,0.03084440715610981,0.0027866519521921873,0.03820190578699112,0.0,0.0,0.01915932260453701,0.0,0.0,0.00213838298805058,0.0594995953142643,0.10882697254419327,0.0033349203877151012,0.0,0.009822134859859943,0.02611977979540825,0.0,0.035708341747522354,0.009638285264372826,0.010026955045759678,0.14499454200267792,0.003024269826710224,0.0,0.34498003125190735,0.0,0.06402892619371414,0.14693912863731384,0.004263435956090689,0.0,0.2894929051399231,0.37171471118927,0.0,0.0,0.24691152572631836,0.0,0.034620437771081924,0.05195724964141846,0.03747018799185753,0.009270980954170227,0.025089288130402565,0.02107570320367813,0.0681636855006218,0.0,0.0,0.0,0.0,0.6113684177398682,0.24820275604724884,0.0,0.08749908953905106,0.18821950256824493,0.013305163942277431,0.05487848073244095,0.6300320029258728,0.0,0.09249178320169449,0.0,0.0,0.09998418390750885,0.0014347583055496216,0.0,0.0414283461868763,0.8976545333862305,0.36531317234039307,0.006763483863323927,0.34328171610832214,0.2519487738609314,0.0,0.0,0.4440082609653473,0.008247551508247852,0.02867884375154972,0.0,0.0,0.23812495172023773,0.0,0.07886270433664322,0.4020961821079254,0.0,0.14521445333957672,0.05439576134085655,0.3379650115966797,0.41604408621788025,0.14364930987358093,0.5122396349906921,0.07933696359395981,0.23140022158622742,0.1622050404548645,0.00030544359469786286,0.2686935365200043,0.0,0.0,0.0,0.0,0.005862696096301079,0.0,0.0,0.019914014264941216,0.024217767640948296,0.3961290419101715,0.3448927700519562,0.0,0.0,0.0,0.0,0.0,0.7632281184196472,0.00028201896930113435,0.0,0.04171821102499962,0.0,0.0,0.0,0.0004377586592454463,0.0,0.0,0.3303346335887909,0.1774776726961136,0.0,0.0,1.182037353515625,0.0,0.14187845587730408,0.005489084869623184,0.0,0.0,0.06742025911808014,0.41165944933891296,0.0,0.16610471904277802,0.04430527240037918,0.04145871102809906,0.0,0.38138869404792786,0.0,0.4012702405452728,0.0017686308128759265,0.0,0.5996132493019104,0.015468454919755459,0.08143918216228485,0.0,0.0,0.3315844237804413,0.07221781462430954,0.023664064705371857,0.0,0.0,0.5377385020256042,0.33939844369888306,0.0,0.039821747690439224,0.6903159618377686,0.19250231981277466,0.02437593787908554,2.5556271076202393
205,0.08120213449001312,0.1303044557571411,0.05614428594708443,0.0,0.0,0.0,0.4657604694366455,0.08160395920276642,0.0,0.00893077626824379,0.05371366813778877,0.005408296827226877,0.0,0.31616899371147156,0.0,0.0762060359120369,0.023982413113117218,0.0,0.0,0.0,0.0,0.048933543264865875,0.0,0.33606788516044617,0.018604183569550514,0.0,0.0,0.4859839379787445,0.003901021322235465,0.09569519013166428,0.08327259123325348,0.28170046210289,0.0,0.28129372000694275,0.05252150446176529,0.07941029220819473,0.04895946756005287,0.2457580864429474,0.01459022518247366,0.12646321952342987,0.0290630254894495,0.1579252928495407,0.09229430556297302,0.10650097578763962,0.2649237811565399,0.10685159265995026,0.24489863216876984,0.015249825082719326,0.0,0.079450324177742,0.07814570516347885,0.0,0.17641587555408478,0.011969591490924358,0.02249750867486,0.00258762389421463,0.19156889617443085,0.6275901198387146,0.15899594128131866,0.06053537875413895,0.0,0.09595711529254913,0.09278234094381332,0.0,0.0,0.0016510207206010818,0.0,0.02643250860273838,0.14876008033752441,0.1176595464348793,0.021569736301898956,0.0,0.15344731509685516,0.09905482083559036,0.024313820526003838,0.04224366322159767,0.0022109299898147583,0.0960937961935997,0.0,0.12524724006652832,0.009819984436035156,0.0851726084947586,0.0,0.1525096446275711,0.04185156896710396,0.010015621781349182,0.05855005979537964,0.2139759510755539,0.3658679723739624,0.35693150758743286,0.04692491888999939,0.0,0.027036001905798912,0.07493535429239273,0.0017390616703778505,0.011998635716736317,0.4661988317966461,0.0,0.0,0.00020403116650413722,0.0,0.2859749495983124,0.0,0.2993674576282501,0.33247002959251404,0.14678405225276947,0.04184485971927643,0.01421617902815342,0.01534201204776764,0.0,0.0038635660894215107,0.06860636919736862,0.04346666485071182,0.17835476994514465,0.02248631976544857,0.0,0.03580044209957123,0.0,0.06682675331830978,0.005717145744711161,0.0,0.03592634201049805,0.013540834188461304,0.00432470440864563,0.0,0.3360396921634674,0.0,0.0,0.0,0.011448300443589687,0.0,0.12430936098098755,0.009467394091188908,0.005269590299576521,0.017151964828372,0.06783848255872726,0.0,0.0,0.08215072005987167,0.004887905903160572,0.0,0.0,0.017149480059742928,0.0,0.15547490119934082,0.0,0.019313856959342957,0.0,0.03935524821281433,0.00317838485352695,0.041736673563718796,0.19729216396808624,0.10070152580738068,0.0,0.0,0.23633182048797607,0.013459390960633755,0.0,0.02757866680622101,0.02972792647778988,0.2613396942615509,0.1305529922246933,0.02036074735224247,0.0,0.12192290276288986,0.09541302174329758,0.0023180998396128416,0.12332741171121597,0.0,0.0,0.0,0.0,0.03177539259195328,0.014760809950530529,0.12408708781003952,0.12142997235059738,0.003929405938833952,0.11349055916070938,0.03281562402844429,0.02858777716755867,0.0071045816875994205,0.0,0.2538747489452362,0.0,0.0,0.11947806924581528,0.23713140189647675,0.0,0.07387560606002808,0.0,0.0,0.01841636747121811,0.09041149914264679,0.0003650309517979622,0.19290977716445923,0.14959712326526642,0.035637300461530685,0.1977800875902176,0.012557456269860268,0.0073917158879339695,0.0898975282907486,0.0,0.02048194408416748,0.028229687362909317,0.0,0.0,0.0,0.0,0.0,0.040967874228954315,0.03307187184691429,0.31902021169662476,0.015229100361466408,0.21342897415161133,0.014648223295807838,0.04423965886235237,0.337442010641098,0.002534981817007065,0.02206924930214882,0.2408500760793686,0.0,0.02603243850171566,0.0,0.0,0.01418642420321703,0.0,0.03804829344153404,0.0015783228445798159,0.25969117879867554,0.0347227118909359,0.01027507334947586,0.0,0.33571165800094604,0.09664485603570938,0.09475000202655792,0.07593008130788803,0.015383817255496979,0.0,0.04559536650776863,0.051946382969617844,0.017387060448527336,0.0,0.0,0.3693423271179199,0.0,0.023310484364628792,0.06271734088659286,0.0,0.0,0.0,0.0,0.2725619375705719,0.0,0.0,0.004104651510715485,0.09570030868053436,0.0,0.06033584475517273,0.046977318823337555,0.001778542879037559,0.1484697461128235,0.0,0.0,0.17775216698646545,0.10696136951446533,0.19870944321155548,0.08497017621994019,0.0,0.16998045146465302,0.005583915859460831,0.0,0.07512134313583374,0.004493981134146452,0.0,0.35937753319740295,0.4346179962158203,0.21493013203144073,0.01654529944062233,0.0,0.0,0.0,0.0010078269988298416,0.031332727521657944,0.025586146861314774,0.04807702824473381,0.33628615736961365,0.0,0.0192159004509449,0.2949715852737427,0.1516961306333542,0.014058979228138924,0.0,0.0,0.0,0.25324681401252747,0.0,0.45099517703056335,0.06970153003931046,0.0026036840863525867,0.02218029461801052,0.19583147764205933,0.1679881066083908,0.06608352810144424,0.0,0.0,0.0,0.5136561393737793,0.10942292213439941,0.0,0.021956445649266243,0.1356654167175293,0.0,0.0,0.34977492690086365,0.0,0.05381631851196289,0.04458675533533096,0.0,0.0,0.0,0.0,0.08485563099384308,0.0,0.24984969198703766,0.025035832077264786,0.0,0.0,0.4585268795490265,4.8040667024906725e-05,0.11346324533224106,0.08725404739379883,0.3037387728691101,0.0,0.29535943269729614,0.1347828358411789,0.024163836613297462,0.04931982234120369,0.1752166599035263,0.02895415760576725,0.11272820085287094,0.10191122442483902,0.11145810037851334,0.1474645435810089,0.05318759009242058,0.15440025925636292,0.159063458442688,0.19212675094604492,0.014545287005603313,0.0,0.06359324604272842,0.1374610811471939,0.0,0.24977156519889832,0.024121755734086037,0.024002758786082268,0.0006960695027373731,0.316399484872818,0.7342823147773743,0.28684836626052856,0.04996828734874725,0.0,0.062490902841091156,0.17960131168365479,0.0,0.0,0.009247420355677605,6.391243368852884e-05,0.0831761583685875,0.2202446311712265,0.215547114610672,0.054830677807331085,0.0,0.15049989521503448,0.14869330823421478,0.06784181296825409,0.04091694951057434,0.00484122708439827,0.02617727406322956,0.0,0.16192233562469482,0.02745189517736435,0.016390692442655563,0.0,0.15816299617290497,0.11884800344705582,0.010702984407544136,0.06790798157453537,0.3175521492958069,0.3794527053833008,0.3444646894931793,0.0661163330078125,0.0709710419178009,0.046725139021873474,0.04250650852918625,0.0,0.034481413662433624,0.5683425068855286,0.0,0.0004412514972500503,0.0,0.01773158833384514,0.41502395272254944,0.0,0.343743234872818,0.3018072247505188,0.31298893690109253,0.06979164481163025,0.06045413762331009,0.027597537264227867,0.0,0.03560146689414978,0.0811249390244484,0.03132741525769234,0.2503454387187958,0.10090357810258865,0.0,0.08119259029626846,0.043222825974226,0.06492634117603302,0.028231225907802582,0.0,0.07823850959539413,0.0,0.02166161499917507,0.0,0.2391599863767624,0.0,0.014115666970610619,0.031232813373208046,0.056937236338853836,0.0,0.19108431041240692,0.03691112622618675,0.004156370181590319,0.004226158373057842,0.16463477909564972,0.0,0.0,0.10131416469812393,0.0,0.0,0.0,0.01470328401774168,0.0,0.14106485247612,0.0,0.0944879949092865,0.0256611630320549,0.10309308767318726,0.0,0.041750259697437286,0.11108571290969849,0.07220233976840973,0.0,0.0,0.37621021270751953,0.02618911862373352,0.0,0.051864754408597946,0.04612522944808006,0.2239481657743454,0.22461068630218506,0.025309525430202484,0.0,0.053841277956962585,0.116849385201931,0.004338685888797045,0.09722121804952621,0.0,0.0,0.0,0.0,0.020971225574612617,0.03618583828210831,0.3105771541595459,0.08425424247980118,0.04027177765965462,0.08480583131313324,0.017865074798464775,0.056289684027433395,0.0013573847245424986,0.0,0.15599747002124786,0.0,0.0,0.1861094981431961,0.30587735772132874,0.0,0.09886854887008667,0.0,0.0,0.057756587862968445,0.1779099702835083,0.007284694351255894,0.22502455115318298,0.13794508576393127,0.06425800174474716,0.17904889583587646,0.1108141541481018,0.0799105316400528,0.079033263027668,0.0,0.06926246732473373,0.07762641459703445,0.0,0.0,0.0,0.007140768226236105,0.036744147539138794,0.17019625008106232,0.04900335893034935,0.3489031493663788,0.00891771912574768,0.19605019688606262,0.05112652853131294,0.05522565543651581,0.36934489011764526,0.0,0.052040643990039825,0.21677803993225098,0.008752405643463135,0.0748344138264656,0.0005077902460470796,0.0007362460601143539,0.02411177009344101,0.0,0.03060240112245083,0.05951180309057236,0.3536507189273834,0.04964257404208183,0.028809206560254097,0.007713879458606243,0.3315185010433197,0.07232052087783813,0.0215611569583416,0.10092532634735107,0.10192570090293884,0.0,0.029418019577860832,0.09004739671945572,0.09065502882003784,0.0026386675890535116,0.0,0.26015573740005493,0.011717962101101875,0.04651918262243271,0.08905250579118729,0.0,0.0,0.0,0.0,0.3143148124217987,0.0,0.0,0.04445341229438782,0.09756544977426529,0.0,0.07002165913581848,0.09256625175476074,0.008960896171629429,0.0900493860244751,0.0,0.0,0.13215526938438416,0.1987939327955246,0.17459125816822052,0.07664231210947037,0.018919315189123154,0.1413787305355072,0.0,0.0005642016767524183,0.050249405205249786,0.004513292107731104,0.0,0.37195467948913574,0.49701058864593506,0.21290268003940582,0.08423614501953125,0.0,0.0008097352110780776,0.0,0.011516581289470196,0.01512960996478796,0.0767209380865097,0.05649842694401741,0.42081019282341003,0.0,0.06900463998317719,0.2506704330444336,0.13701286911964417,0.024546945467591286,0.0,0.015414522960782051,0.0,0.25544416904449463,0.0013623973354697227,0.46463093161582947,0.11863178759813309,0.04149715229868889,0.031182078644633293,0.17340324819087982,0.11905377358198166,0.03350527212023735,0.0,0.0,0.0,0.5424864888191223,0.06499495357275009,0.0,0.03650118410587311,0.025379210710525513,0.010051104240119457,0.0,0.37416061758995056,0.0,0.06942504644393921,0.08358966559171677,0.0,0.0,0.0,0.0,0.06679914891719818,0.02198764495551586,0.20981751382350922,0.01854579523205757,0.0,0.0,0.5667792558670044,0.004831933882087469,0.0273111741989851,0.08455005288124084,0.3774513900279999,0.0,0.2772136628627777,0.07109961658716202,0.1114250048995018,0.0007354453555308282,0.18242962658405304,0.004245289135724306,0.11534514278173447,0.1090279370546341,0.26938918232917786,0.057411111891269684,0.13696430623531342,0.2330159991979599,0.21070273220539093,0.3261658847332001,0.02811669185757637,0.0,0.04435074329376221,0.15926681458950043,0.0,0.2337280958890915,0.004452950321137905,0.024994565173983574,0.0,0.30254271626472473,0.8529325723648071,0.2531106472015381,0.12409081310033798,0.0,0.10623729228973389,0.20315074920654297,0.0,0.0,0.051736559718847275,0.001080579706467688,0.009561511687934399,0.28167545795440674,0.22109130024909973,0.06827142089605331,0.0,0.13577798008918762,0.15092246234416962,0.06432502716779709,0.09492291510105133,0.0020447969436645508,0.03210104629397392,0.0,0.11834695190191269,0.007174093276262283,0.02099757455289364,0.0,0.18163922429084778,0.0073798419907689095,0.004198799375444651,0.06157553195953369,0.40257859230041504,0.26685214042663574,0.3388667702674866,0.027786124497652054,0.0,0.02742837741971016,0.0590839646756649,0.04039786010980606,0.05884817987680435,0.6433960199356079,0.0,0.0095687136054039,0.028553372249007225,0.0,0.34144327044487,0.0,0.17971959710121155,0.39274707436561584,0.2598574757575989,0.06694313883781433,0.008040009997785091,0.027678677812218666,0.0,0.004215904977172613,0.04803990200161934,0.02773052453994751,0.26472392678260803,0.1148698478937149,0.0,0.04963570460677147,0.0,0.0701078400015831,0.011242239736020565,0.02830149047076702,0.09659575670957565,0.013851860538125038,0.006685236003249884,0.0,0.18046629428863525,0.0014892014442011714,0.010704091750085354,0.0,0.013416439294815063,0.0,0.12292511761188507,0.03497575223445892,0.0007993534090928733,0.021039439365267754,0.20300768315792084,0.0,0.0,0.07271398603916168,0.05074143037199974,0.0,0.0,0.014429646544158459,0.0,0.13017480075359344,0.0,0.0628642588853836,0.0,0.0065347314812242985,0.0,0.04275888204574585,0.11354260891675949,0.07416539639234543,0.0005357500049285591,0.0,0.2931414544582367,0.041656192392110825,0.0,0.031188642606139183,0.050414133816957474,0.23158715665340424,0.2793756425380707,0.00961593072861433,0.00027930131182074547,0.17020009458065033,0.16512499749660492,0.003180554835125804,0.14635303616523743,0.0,0.0,0.0020387526601552963,0.010765346698462963,0.012061628513038158,0.04431343078613281,0.3259575664997101,0.06781233102083206,0.000513350241817534,0.14282828569412231,0.011363564990460873,0.01146408449858427,0.0,0.000947065360378474,0.20554502308368683,0.0,0.0,0.3000207543373108,0.3780042231082916,0.0,0.12528888881206512,0.0,0.0,0.00028063953504897654,0.12560199201107025,0.01045955903828144,0.27488359808921814,0.08130309730768204,0.02057141624391079,0.1052788496017456,0.0,0.024759802967309952,0.06947806477546692,0.0,0.0916065126657486,0.05225853994488716,0.0,0.00408858573064208,0.0,0.0,0.0,0.08685274422168732,0.11337647587060928,0.4108489453792572,0.023047907277941704,0.21512143313884735,0.03606688231229782,0.024788718670606613,0.41359996795654297,0.002707213629037142,0.03932277485728264,0.21103429794311523,0.0,0.07301685959100723,0.0,0.001219837344251573,0.009874911978840828,0.0003162481007166207,0.07015597075223923,0.0,0.44759732484817505,0.0,0.028788834810256958,0.00954343844205141,0.30509302020072937,0.10563194006681442,0.1788979172706604,0.14820998907089233,0.05233420059084892,0.0,0.04697360098361969,0.06989134848117828,0.04658644646406174,0.0,0.0010744279716163874,0.28174135088920593,0.0,0.02049834653735161,0.0070816874504089355,0.0,0.0,0.0,0.0,0.3351198136806488,0.0,0.0,0.0,0.1208217665553093,0.0,0.06399539113044739,0.06923802196979523,0.024099333211779594,0.12146399170160294,0.0,0.0,0.13272054493427277,0.23398303985595703,0.1260753720998764,0.06951212137937546,0.0,0.1751668006181717,0.0,0.016390811651945114,0.05946474149823189,0.027367068454623222,0.0,0.4219381809234619,0.5815818905830383,0.21178822219371796,0.0638682171702385,0.0,0.010803205892443657,0.0,0.041980158537626266,0.014713217504322529,0.006723811384290457,0.14244996011257172,0.4455159306526184,0.0026147388853132725,0.04237896203994751,0.21060879528522491,0.2273637354373932,0.027154220268130302,0.0,0.038319673389196396,0.0,0.181466743350029,0.010603400878608227,0.4401419758796692,0.07781556993722916,0.003714185208082199,0.011204900220036507,-0.2022387832403183
206,0.0,0.051973167806863785,0.04251860827207565,0.0,0.0,0.0,0.374125599861145,0.14216656982898712,0.0,0.0040811956860125065,0.09431400895118713,0.017819851636886597,0.0,0.29399585723876953,0.0,0.039432745426893234,0.03681717813014984,0.0,0.0,0.0,0.0,0.1578187495470047,0.0,0.41451725363731384,0.01986616477370262,0.0,0.0,0.48449692130088806,0.0,0.08300506323575974,0.0054086958989501,0.19898410141468048,0.0,0.3540365993976593,0.0194373968988657,0.0721130296587944,0.06405611336231232,0.13096949458122253,0.025078976526856422,0.26948991417884827,0.0,0.1324494332075119,0.09867749363183975,0.08083540201187134,0.3007005453109741,0.0016554880421608686,0.1957714557647705,0.023145906627178192,0.0,0.056970443576574326,0.05095796287059784,0.0,0.16955578327178955,0.0004183888668194413,0.0,0.045961473137140274,0.02872515842318535,0.5510819554328918,0.07492052018642426,0.01114168856292963,0.0,0.25655293464660645,0.03855755925178528,0.0,0.0,0.0,0.0,0.11635904014110565,0.029739145189523697,0.0467229038476944,0.0,0.0,0.15046115219593048,0.19532327353954315,0.0063833752647042274,0.10067253559827805,0.018646208569407463,0.14216896891593933,0.0,0.19709330797195435,0.055219605565071106,0.01228279247879982,0.0,0.17042741179466248,0.11007602512836456,0.025109078735113144,0.0036139762960374355,0.09222759306430817,0.4374137222766876,0.26507556438446045,0.03621470555663109,0.0007431092672049999,0.0431426540017128,0.10100138932466507,0.0032201786525547504,0.0,0.35634124279022217,0.0,0.0,0.04209904000163078,0.0,0.15440671145915985,0.0,0.3538205921649933,0.37624940276145935,0.03539677709341049,0.027875801548361778,0.03694229945540428,0.0,0.0,0.023932084441184998,0.06683731079101562,0.03857230395078659,0.1472746878862381,0.0,0.0,0.017448564991354942,0.013682099059224129,0.025355223566293716,0.006073353346437216,0.03446206450462341,0.009634767659008503,0.0,0.0,0.001365523785352707,0.453683078289032,0.0,0.0,0.0,0.0,0.0,0.06829015165567398,0.0,0.01485480647534132,0.02680688351392746,0.0,0.0,0.0,0.08103808015584946,0.0005295251030474901,0.0,0.0022249852772802114,0.049172986298799515,0.0,0.09714701771736145,0.019205620512366295,0.0,0.019666390493512154,0.22130335867404938,0.0,0.016542360186576843,0.08633645623922348,0.06526223570108414,0.0,0.0,0.01124546118080616,0.016609493643045425,0.0,0.002631234936416149,0.0,0.19052299857139587,0.010351099073886871,0.018687792122364044,0.0,0.1437768191099167,0.0823761597275734,0.0,0.05980518087744713,0.0,0.0,0.0,0.0,0.003995286766439676,0.0,0.0035435683093965054,0.17521341145038605,0.0,0.015063242986798286,0.06885284930467606,0.013816693797707558,0.0037424853071570396,0.0,0.20376841723918915,0.0,0.009998228400945663,0.014962038025259972,0.16113132238388062,0.0,0.0,0.0,0.0,0.043708041310310364,0.146917924284935,0.0,0.11688414216041565,0.0921238511800766,0.03623949736356735,0.20228376984596252,0.11532709747552872,0.0,0.057911910116672516,0.0,0.010865967720746994,0.00974353775382042,0.0,0.0,0.004322890192270279,0.0,0.0,0.0,0.03683800995349884,0.21097195148468018,0.0,0.143644779920578,0.05646635591983795,0.11994148790836334,0.2913605570793152,0.0,0.0,0.31385964155197144,0.0,0.0,0.0,0.0,0.059383608400821686,0.0,0.033296652138233185,0.0024948623031377792,0.12513220310211182,0.149562805891037,0.0,0.0,0.24316763877868652,0.0874001681804657,0.2258383333683014,0.14218159019947052,0.0,0.0,0.04263334721326828,0.012110619805753231,0.0,0.020973414182662964,0.0,0.3544909954071045,0.002842002548277378,0.017507443204522133,0.07326656579971313,0.0,0.0,0.0,0.0,0.30254319310188293,0.0,0.0,0.0,0.05001820623874664,0.0,0.0428989976644516,0.022103480994701385,0.0,0.09038493037223816,0.001189625822007656,0.0,0.09171472489833832,0.0028025973588228226,0.4413549304008484,0.06589047610759735,0.019589312374591827,0.14487068355083466,0.0,0.0,0.06787454336881638,0.04462876170873642,0.0,0.22305046021938324,0.31650078296661377,0.24462813138961792,0.0,0.0,0.0,0.002750006504356861,0.012781224213540554,0.022631794214248657,0.06413773447275162,0.0022484525106847286,0.23865260183811188,0.0,0.008802637457847595,0.44734811782836914,0.2614743411540985,0.02725202776491642,0.0,0.0,0.0,0.30494624376296997,0.0,0.42476630210876465,0.09705168753862381,0.025927359238266945,0.0035884156823158264,0.21835029125213623,0.09956363588571548,0.0384676419198513,0.0,0.0,0.0,0.33715906739234924,0.059216730296611786,0.017512908205389977,0.10980261117219925,0.16082477569580078,0.01777663640677929,0.0,0.3836466372013092,0.12852606177330017,0.03636793792247772,0.003232085146009922,0.12849530577659607,0.05346963554620743,0.0,0.0,0.069413922727108,0.0,0.35476428270339966,0.1238357201218605,0.0,0.0,0.4117734730243683,0.008149519562721252,0.0788789689540863,0.011916269548237324,0.2901255190372467,0.0,0.11965332925319672,0.06384796649217606,0.0,0.02397857792675495,0.07796783000230789,0.16823506355285645,0.30082112550735474,0.31584417819976807,0.025825588032603264,0.2164282351732254,0.0,0.13068516552448273,0.00971502810716629,0.38206276297569275,0.0,0.0,0.08807948976755142,0.004578184336423874,0.0,0.6208317875862122,0.0,0.0,0.04199458658695221,0.056427001953125,0.831071138381958,0.2238951325416565,0.015422130934894085,0.0,0.014288024976849556,0.2882229685783386,0.02136329375207424,0.0,0.0,0.0,0.43381014466285706,0.25862282514572144,0.23496325314044952,0.0,0.0,0.1886502057313919,0.6162446737289429,0.005101572256535292,0.03335614874958992,0.1996307373046875,0.0,0.0,0.10210008919239044,0.08806134015321732,0.0,0.05096672102808952,0.1850556880235672,0.22314368188381195,0.05548402667045593,0.0,0.28929752111434937,0.5009729862213135,0.1775590479373932,0.050680745393037796,0.2913142740726471,0.04844851791858673,0.0018681545043364167,0.0,0.0997905507683754,0.45754119753837585,0.0,0.005124810617417097,0.0,0.33765891194343567,0.376232773065567,0.0,0.34927040338516235,0.14936096966266632,0.11458471417427063,0.01480936724692583,0.29317182302474976,0.043854571878910065,0.0,0.22141888737678528,0.07179924100637436,0.003668945748358965,0.27881771326065063,0.1159224659204483,0.0,0.14790619909763336,0.1909882128238678,0.0,0.03681175038218498,0.13377045094966888,0.21930237114429474,0.03923065960407257,0.0,0.030716413632035255,0.02998698502779007,0.0,0.0,0.08356926590204239,0.0,0.0,0.019129090011119843,0.03239317238330841,0.04197065532207489,0.030865494161844254,0.20867177844047546,0.02217513881623745,0.0,0.2090674191713333,0.01112489216029644,0.0,0.0,0.0,0.0,0.05412377789616585,0.030864153057336807,0.08997751027345657,0.0,0.09197860956192017,0.0,0.0,0.02017062157392502,0.012506883591413498,0.0,0.0,0.23073549568653107,0.10862500220537186,0.0,0.00206971843726933,0.007474579848349094,0.032855074852705,0.03927597030997276,0.098565973341465,0.007039519492536783,0.02979707159101963,0.1598106175661087,0.0,0.0009322464466094971,0.04337522014975548,0.0,0.020565215498209,0.030141571536660194,0.015149067156016827,0.0,0.42462122440338135,0.11056826263666153,0.0,0.004417091608047485,0.1672649085521698,0.014094929210841656,0.020460372790694237,0.0,0.09520450234413147,0.019090697169303894,0.018131818622350693,0.08537910133600235,0.33934974670410156,0.0,0.007491643074899912,0.0,0.0,0.21473699808120728,0.2838228940963745,0.0,0.17169983685016632,0.10780840367078781,0.06925055384635925,0.11594205349683762,0.2920725643634796,0.0,0.08347893506288528,0.0,0.007006207946687937,0.08526883274316788,0.0,0.0,0.011678793467581272,0.4321897625923157,0.15045049786567688,0.05091669782996178,0.17775842547416687,0.3649847209453583,0.0,0.0,0.17671771347522736,0.05798174440860748,0.1837529093027115,0.0,0.0,0.039646923542022705,0.01092261541634798,0.13594114780426025,0.24311572313308716,0.0,0.12158858776092529,0.0,0.18785491585731506,0.12915457785129547,0.2688094675540924,0.14075809717178345,0.15526142716407776,0.11138749122619629,0.2222631275653839,0.03258925676345825,0.0995333343744278,0.0,0.0,0.0,0.013973714783787727,0.007578507997095585,0.014912145212292671,0.0,0.009360040538012981,0.02927371859550476,0.1400759220123291,0.09455231577157974,0.07158461213111877,0.004744863603264093,0.0,0.004389640409499407,0.0,0.628820538520813,0.0,0.0,0.041817788034677505,0.0,0.0,0.025136031210422516,0.0007106636767275631,0.007327877916395664,0.0007253653602674603,0.02064277045428753,0.054262880235910416,0.04930511489510536,0.014769461937248707,0.5688287615776062,0.01482363510876894,0.10211290419101715,0.05475768819451332,0.0,0.0,0.08510737121105194,0.15327347815036774,0.0,0.14846393465995789,0.20990662276744843,0.14237435162067413,0.0,0.05367618054151535,0.0,0.08919505774974823,0.040981028228998184,0.004135313909500837,0.25530707836151123,0.023365825414657593,0.24330070614814758,0.0,0.0,0.3008722960948944,0.03640312701463699,0.025701338425278664,0.0,0.0,0.3529437780380249,0.19727672636508942,0.0,0.18650159239768982,0.5692127346992493,0.1097656786441803,0.0,0.142604261636734,0.054364755749702454,0.015156809240579605,0.0,0.0,0.0,0.32891038060188293,0.09443655610084534,0.0068268803879618645,0.057685013860464096,0.12340331077575684,0.039609141647815704,0.0,0.38257473707199097,0.1399930715560913,0.0031884757336229086,0.012986844405531883,0.0724131315946579,0.0405193455517292,0.0,0.0017187418416142464,0.1074930876493454,0.0006116386502981186,0.3560522198677063,0.09971620887517929,0.0010160277597606182,0.0,0.5381258726119995,0.00481893215328455,0.03712097182869911,0.01199381984770298,0.3395690619945526,0.0,0.17066845297813416,0.04496964067220688,0.05587822198867798,0.0019245920702815056,0.03174856677651405,0.1594327986240387,0.2816312313079834,0.1883857548236847,0.10211406648159027,0.15394285321235657,0.017495620995759964,0.2365085631608963,0.005126824136823416,0.3671737313270569,0.0,0.0,0.07140257954597473,0.0,0.003079503308981657,0.5962735414505005,0.0,0.0,0.08104963600635529,0.024447858333587646,0.7855230569839478,0.18744075298309326,0.06327015161514282,0.0,0.12601393461227417,0.2538243234157562,0.024632973596453667,0.0,0.0,0.0,0.43566596508026123,0.23816803097724915,0.2219412624835968,0.0,0.0,0.11034204065799713,0.5233821272850037,0.0,0.0891045480966568,0.16950058937072754,0.010673997923731804,0.0,0.08553803712129593,0.07617203891277313,0.0,0.03392436355352402,0.21132701635360718,0.2261926829814911,0.03751572221517563,0.0,0.3338850736618042,0.4622424840927124,0.1717987209558487,0.03575125336647034,0.1951751708984375,0.044499874114990234,0.01267833262681961,0.01780737191438675,0.08101417124271393,0.46239763498306274,0.0,0.0012665645917877555,0.04969608038663864,0.21897706389427185,0.30701494216918945,0.0,0.24946528673171997,0.2107546031475067,0.06070220097899437,0.012407273054122925,0.1913938671350479,0.021206632256507874,0.0,0.19903790950775146,0.05262906849384308,0.0,0.2370181679725647,0.04837995767593384,0.0,0.12174645066261292,0.14256355166435242,0.0,0.01355329155921936,0.17434309422969818,0.1745545119047165,0.0182049497961998,0.0,0.08252009749412537,0.09328711032867432,0.0,0.0,0.1035604327917099,0.0,0.0,0.06589163094758987,0.015312844887375832,0.026961367577314377,0.00647739740088582,0.15834000706672668,0.009842175990343094,0.0,0.1385296881198883,0.01866034045815468,0.0,0.0,0.0,0.0,0.02184288762509823,0.01840093359351158,0.04075312614440918,0.0,0.06340937316417694,0.0,0.0,0.009459080174565315,0.010374320670962334,0.0,0.0,0.11923322826623917,0.10254968702793121,0.0,0.006702626124024391,0.008997827768325806,0.02683602087199688,0.04859243333339691,0.03800252079963684,0.0,0.08172257244586945,0.1571996808052063,0.0003205742686986923,0.001741674728691578,0.027822893112897873,0.0,0.01326580997556448,0.014889033511281013,0.01039903610944748,0.0,0.297481894493103,0.14116819202899933,0.0,0.00021886266767978668,0.14107757806777954,0.004713336005806923,0.026639318093657494,0.0,0.06775633990764618,0.010265735909342766,0.018177039921283722,0.1406320184469223,0.29332399368286133,0.0,0.0030807428993284702,0.0,0.0,0.20629101991653442,0.24491456151008606,0.0003814044175669551,0.19586871564388275,0.07442986965179443,0.05077410861849785,0.08131992816925049,0.26091521978378296,0.0,0.036494456231594086,0.0,0.017242614179849625,0.05480235442519188,0.0,0.0,0.015185985714197159,0.3727767765522003,0.11702001094818115,0.025365512818098068,0.21231722831726074,0.2998576760292053,0.0,0.0022357632406055927,0.16384175419807434,0.021496854722499847,0.20481084287166595,0.0,0.0,0.1185656189918518,0.0,0.08831486105918884,0.15479227900505066,0.0,0.09945154935121536,0.0,0.16119229793548584,0.11535272747278214,0.2686719298362732,0.15100668370723724,0.09269669651985168,0.08895530551671982,0.20351915061473846,0.032476916909217834,0.24233746528625488,0.026782125234603882,0.0,0.0,0.011207513511180878,0.005383411422371864,0.002011164091527462,0.0,0.0024449604097753763,0.04164830967783928,0.11990398168563843,0.10269255936145782,0.027125703170895576,0.0012545902281999588,0.0,0.00044881924986839294,0.0,0.5930948257446289,0.0,0.0,0.01825251802802086,0.0,0.0,0.011986039578914642,0.02286985144019127,0.0,0.008530909195542336,0.020864631980657578,0.032629091292619705,0.019909948110580444,0.005872036330401897,0.6113172769546509,0.0046196021139621735,0.06902807950973511,0.02628082036972046,0.0,0.0,0.07047568261623383,0.20745840668678284,0.0,0.19971157610416412,0.196742981672287,0.11483437567949295,0.0,0.059142448008060455,0.0,0.0698966234922409,0.019839314743876457,0.004895716905593872,0.19953614473342896,0.06497809290885925,0.25100675225257874,0.0,0.0,0.32139283418655396,0.16187502443790436,0.034431397914886475,0.0,0.0,0.24279898405075073,0.22849109768867493,0.0,0.17213180661201477,0.4451407790184021,0.061325766146183014,0.0,0.06735438853502274
207,0.010871869511902332,0.07731997221708298,0.003566709579899907,0.0,0.0,0.0,0.04559313878417015,0.11703434586524963,0.0,0.11888720095157623,0.3507412374019623,0.05653119087219238,0.0,0.17350120842456818,0.505478024482727,0.00857020728290081,0.0,0.46795812249183655,0.2322935312986374,0.0,0.07316320389509201,0.12406948208808899,0.0,0.7825745344161987,0.1916106790304184,0.0,0.0,0.43740853667259216,0.007325485348701477,0.024916749447584152,0.0,0.22016794979572296,0.029709842056035995,0.15841196477413177,0.0029914577025920153,0.0,0.0,0.03199658915400505,0.378593772649765,0.2828337252140045,0.0804596021771431,0.006402889732271433,0.15086038410663605,0.0,0.2261563390493393,0.0,0.17662449181079865,0.006084487773478031,0.0,0.25810757279396057,0.0,0.011152436025440693,0.7868145704269409,0.0005660715396516025,0.0,0.373820036649704,0.0,0.4491714835166931,0.020521901547908783,0.003996139857918024,0.0,0.16990849375724792,0.05170299485325813,0.3407718241214752,0.0,0.0,0.0,0.9618178606033325,0.09241757541894913,0.024016285315155983,0.0,0.0,0.07885036617517471,0.6561362743377686,0.0,0.1077125146985054,0.4123365879058838,0.048879384994506836,0.0,0.0,0.2283109873533249,0.0,0.0810321718454361,0.1760140210390091,0.8165987133979797,0.02723129466176033,0.0,0.10090456157922745,0.6226677298545837,0.051211703568696976,0.036699194461107254,0.6775757074356079,0.009577463380992413,0.09479627758264542,0.002111513167619705,0.07794614881277084,0.08407287299633026,0.0,0.0,0.057358790189027786,0.47546476125717163,0.08803736418485641,0.0,0.7763113379478455,0.013242719694972038,0.0,0.00516851432621479,0.5325803756713867,0.0007167694275267422,0.0,0.43509915471076965,0.015372054651379585,0.0,0.20939652621746063,0.044629354029893875,0.01122763566672802,0.01651938445866108,0.5213087201118469,0.0,0.026259923353791237,0.33882585167884827,0.18468904495239258,0.0034294009674340487,0.0,0.2915039658546448,0.17220360040664673,0.0,0.0,0.4217320680618286,0.0,0.0,0.14112578332424164,0.0,0.01899428851902485,0.006146268919110298,0.10085500031709671,0.07333336770534515,0.0,0.06503919512033463,0.0,0.0,0.005832727067172527,0.0,0.0,0.03514448553323746,0.06012934446334839,0.026763135567307472,0.0003349623875692487,0.012731467373669147,0.0,0.0,0.013106280006468296,0.00867252703756094,0.0,0.003177858889102936,0.07045069336891174,0.07448088377714157,0.0,0.0,0.0,0.024432053789496422,0.0,0.04679444059729576,0.004463404417037964,0.0,0.08203338086605072,0.0,0.0,0.23979292809963226,0.015345552004873753,0.09395954757928848,0.08317802101373672,0.0,0.0,0.07283718883991241,0.4676276743412018,0.0,0.0,0.305989533662796,0.0,0.11758439987897873,0.010457456111907959,0.042501989752054214,0.0030821163672953844,0.02681034430861473,0.0,0.0036640597973018885,0.0,0.0,0.0,0.0,0.5571654438972473,0.15573330223560333,0.0,0.04269517585635185,0.24129420518875122,0.0,0.14727114140987396,0.7018538117408752,0.0,0.15674175322055817,0.0,0.0,0.0,0.0,0.0,0.038185667246580124,0.969298243522644,0.4245877265930176,0.0,0.21162959933280945,0.0971364825963974,0.0,0.0,0.47147804498672485,0.033204350620508194,0.026572788134217262,0.0,0.0,0.1445673257112503,0.0,0.07977751642465591,0.46467071771621704,0.0,0.16922208666801453,0.0016907869139686227,0.3108319342136383,0.48557350039482117,0.012285270728170872,0.5551717877388,0.07063960283994675,0.19996227324008942,0.29451823234558105,0.008445100858807564,0.24594470858573914,0.003985076677054167,0.0,0.0,0.0,0.006948967929929495,0.0,0.0,0.011709816753864288,0.05111215263605118,0.42276373505592346,0.21626794338226318,0.04822269454598427,0.0,0.0,0.0,0.0,0.670013964176178,0.0,0.0,0.0018558526644483209,0.0,0.0,0.0,0.0037636396009474993,0.0,0.0,0.2675582468509674,0.21541042625904083,0.0,0.0,1.0181695222854614,0.0,0.22362855076789856,0.021951530128717422,0.0,0.0,0.09064236283302307,0.3240807056427002,0.0,0.1750108301639557,0.0,0.04259307682514191,0.0,0.37795671820640564,0.0,0.43422287702560425,0.0,0.0,0.6266641616821289,0.0,0.0488186739385128,0.0,0.0,0.43252328038215637,0.034887030720710754,0.04148560389876366,0.0,0.0,0.5253356099128723,0.4231692850589752,0.0,0.01734388805925846,0.7080551385879517,0.2885471284389496,0.047415561974048615,0.38118964433670044,0.07837416976690292,0.03823133558034897,0.0,0.0,0.0,0.5790640115737915,0.003326982958242297,0.029432812705636024,0.19286756217479706,0.10758259147405624,0.0028474414721131325,0.0,0.38536858558654785,0.02461482211947441,0.0,0.016789009794592857,0.027123963460326195,0.12072154134511948,0.0,0.004897499922662973,0.016896653920412064,0.004638529848307371,0.10546398162841797,0.440922349691391,0.0071641537360847,0.0,0.49047955870628357,0.041276633739471436,0.060943473130464554,0.006886598654091358,0.4720984399318695,0.0,0.04138636216521263,0.13531269133090973,0.00812607817351818,0.008196800947189331,0.06356117874383926,0.13485543429851532,0.07997775822877884,0.6761992573738098,0.13334351778030396,0.286941796541214,0.008988945744931698,0.07992159575223923,0.013205662369728088,0.6434640288352966,0.0,0.003358559450134635,0.08802392333745956,0.004214971326291561,0.0,0.7938790321350098,0.0,0.0,0.0,0.16107480227947235,1.1484535932540894,0.39758989214897156,0.11801084131002426,0.0,0.03487510606646538,0.46147051453590393,0.0,0.0,0.0,0.0,0.33486512303352356,0.5289795398712158,0.3874220848083496,0.0,0.0,0.26268020272254944,0.836611270904541,0.02296517603099346,0.017429949715733528,0.313886433839798,0.0,0.0,0.15288354456424713,0.0807470753788948,0.0,0.05784270167350769,0.18741218745708466,0.11146467924118042,0.05129338428378105,0.0,0.6170791983604431,0.6062928438186646,0.2366178333759308,0.10740449279546738,0.25658950209617615,0.17657367885112762,0.04514965042471886,0.007383226882666349,0.4415247142314911,0.7590649127960205,0.0,0.014602812007069588,0.0,0.3105282485485077,0.616969645023346,0.0,0.1618640273809433,0.1525653451681137,0.1388927698135376,0.04274468868970871,0.29769495129585266,0.13501852750778198,0.0,0.14265969395637512,0.14832644164562225,0.02738412655889988,0.3553997576236725,0.4821789264678955,0.0,0.21609614789485931,0.2432112693786621,0.0,0.010478896088898182,0.08656995743513107,0.49531289935112,0.043554823845624924,0.009201970882713795,0.005443796515464783,0.0,0.004852664656937122,0.020202260464429855,0.05740494653582573,0.0,0.013387629762291908,0.02447332628071308,0.1529630422592163,0.06225475296378136,0.000930824491661042,0.5190996527671814,0.04269310459494591,0.0,0.3537687063217163,0.021509366109967232,0.0,0.0,0.0,0.004847466945648193,0.04023757949471474,0.03877078369259834,0.4172421395778656,0.0029835663735866547,0.11043335497379303,0.0,0.0,0.03351666405797005,0.007603663485497236,0.0,0.0,0.4872070252895355,0.029344890266656876,0.008398914709687233,0.00223281211219728,0.07636895775794983,0.035632576793432236,0.12454960495233536,0.2254081815481186,0.0,0.0661156103014946,0.22887594997882843,0.0,0.0,0.007385425269603729,0.0,0.03396102413535118,0.06675418466329575,0.08392243832349777,0.01112435944378376,1.0505043268203735,0.06310298293828964,0.0,0.0038680359721183777,0.04260384663939476,4.584491398418322e-05,0.0,0.009002028964459896,0.05529293417930603,0.03649861365556717,0.021921105682849884,0.31978049874305725,0.6329163908958435,0.006315536797046661,0.03913787379860878,0.0,0.0,0.09365842491388321,0.43041273951530457,0.0,0.2337115854024887,0.1397315263748169,0.2435908168554306,0.017021536827087402,0.1666475385427475,0.01529174204915762,0.07694153487682343,0.0,0.05545322969555855,0.3656834065914154,0.0064361183904111385,0.0,0.031544029712677,0.3903891444206238,0.12578415870666504,0.1351502686738968,0.27651891112327576,0.6945382952690125,0.0,0.005843734834343195,0.08637471497058868,0.05190419778227806,0.33252817392349243,0.0,0.018382230773568153,0.04998285695910454,0.0002707477833610028,0.3616614043712616,0.2906755208969116,0.08870458602905273,0.20405292510986328,0.007553280796855688,0.670069694519043,0.0774533748626709,0.5318949818611145,0.029290083795785904,0.3924879729747772,0.26276424527168274,0.16984285414218903,0.021704886108636856,0.10519524663686752,0.06302261352539062,0.0,0.0,0.0,0.0158331748098135,0.09362750500440598,0.0,0.020597103983163834,0.004197483416646719,0.15238988399505615,0.1342049390077591,0.043799061328172684,0.0,0.0,0.003813305636867881,0.0,0.6936378479003906,0.0,0.0,0.07870399951934814,0.10361583530902863,0.0,0.002555561251938343,0.07382847368717194,0.04533527418971062,0.0,0.004108475521206856,0.08453526347875595,0.025111252442002296,0.08085054904222488,0.5831391215324402,0.003238282399252057,0.07238040119409561,0.04503963142633438,0.0,0.0030268339905887842,0.22606630623340607,0.08037219196557999,0.0,0.14306053519248962,0.3526217043399811,0.2220289260149002,0.0,0.12796151638031006,0.0,0.13903988897800446,0.1252993792295456,0.0,0.25602683424949646,0.25677892565727234,0.4652930796146393,0.0,0.030141634866595268,0.029896480962634087,0.10088828951120377,0.1251419335603714,0.0,0.0,0.5430286526679993,0.06583156436681747,0.0,0.22673232853412628,0.6634736061096191,0.0666990801692009,0.0,0.2042350322008133,0.036850035190582275,0.01598464511334896,0.0,0.0,0.0,0.35580599308013916,0.10075590759515762,0.015405054204165936,0.14597617089748383,0.10566219687461853,0.03666776791214943,0.0,0.34821829199790955,0.22480089962482452,0.0,0.0048615895211696625,0.06654683500528336,0.0,0.005467144772410393,0.007343817036598921,0.13517630100250244,0.0,0.3508114814758301,0.22300328314304352,0.0,0.0,0.5971002578735352,0.022403659299016,0.005462777800858021,0.0,0.4178721606731415,0.0,0.14550873637199402,0.016525106504559517,0.02695021964609623,0.0,0.06749892979860306,0.2653610110282898,0.2503851354122162,0.413428395986557,0.13404464721679688,0.12522192299365997,0.025442544370889664,0.23433619737625122,0.0018993504345417023,0.4717260003089905,0.0,0.0,0.12347147613763809,0.0,0.00611095130443573,0.7893165946006775,0.0,0.0,0.14630134403705597,0.011579876765608788,0.9596136808395386,0.2268611639738083,0.1161188930273056,0.0,0.17870783805847168,0.3424636423587799,0.06525082141160965,0.0,1.3592342838819604e-05,0.0,0.6232964396476746,0.34506383538246155,0.21941979229450226,0.0,0.0,0.1736999750137329,0.7400162816047668,0.0,0.10682863742113113,0.33161601424217224,0.008525821380317211,0.0,0.04056577757000923,0.07449842244386673,0.0,0.020795447751879692,0.25149407982826233,0.27258744835853577,0.009432775899767876,0.0,0.4834202826023102,0.5532899498939514,0.13119275867938995,0.05667866766452789,0.269883394241333,0.0400954969227314,0.0386602021753788,0.018290404230356216,0.21844972670078278,0.5429922342300415,0.0,0.00022149003052618355,0.09940607100725174,0.24544453620910645,0.36235883831977844,0.0,0.1399592161178589,0.1364326775074005,0.012481600046157837,0.013094134628772736,0.2474888116121292,0.0665847659111023,0.0,0.2765212059020996,0.026345474645495415,0.026165280491113663,0.3248613774776459,0.24095721542835236,0.0,0.1279125213623047,0.2909357249736786,0.0037570318672806025,0.013631956651806831,0.29048362374305725,0.2964693307876587,0.058978743851184845,0.0,0.15323464572429657,0.054294757544994354,0.0034293781500309706,0.01637856848537922,0.16455884277820587,0.0,0.017171431332826614,0.0678502768278122,0.03842492029070854,0.03799770772457123,0.016191592440009117,0.36480116844177246,0.033403974026441574,0.0,0.17799055576324463,0.012978416867554188,0.0,0.0,0.0,0.0,0.02334066666662693,0.0,0.21802017092704773,0.0,0.0012618593173101544,0.0,0.0,0.021691830828785896,0.0006651973817497492,0.0,0.0,0.25138673186302185,0.09557759016752243,0.0,0.0,0.03614771366119385,0.04748865216970444,0.01440449059009552,0.08897270262241364,0.006549491081386805,0.08144763857126236,0.18693320453166962,0.00017702144396025687,0.0,0.06090252846479416,0.0,0.016971755772829056,0.07556482404470444,0.021514078602194786,0.0,0.6111806035041809,0.18977557122707367,0.0,0.0,0.0779423639178276,0.0,0.0054322704672813416,0.010185596533119678,0.00808658916503191,0.0030492180958390236,0.0,0.23023298382759094,0.38894593715667725,0.007098494563251734,0.005267462693154812,0.0,0.0,0.30435243248939514,0.2821367084980011,0.0,0.1798749566078186,0.09107518196105957,0.03187386691570282,0.047622885555028915,0.33535170555114746,0.0,0.101115882396698,0.0,0.006022810935974121,0.1434355527162552,0.0,0.0,0.0,0.6304357647895813,0.17452268302440643,0.012702953070402145,0.3572157919406891,0.44484615325927734,0.004334799014031887,0.002805361757054925,0.20884230732917786,0.013995768502354622,0.21186648309230804,0.003548793960362673,0.0,0.14564450085163116,0.0,0.215483620762825,0.2495782971382141,0.023570964112877846,0.1105775237083435,0.009972131811082363,0.4531261622905731,0.1512090563774109,0.37415769696235657,0.1678919494152069,0.17285719513893127,0.22172676026821136,0.1697753220796585,0.011100643314421177,0.2830040156841278,0.03141104802489281,0.0,0.0,0.0,0.011691025458276272,0.016238192096352577,0.0,0.018035324290394783,0.006944356020539999,0.1864156723022461,0.1491759866476059,0.0,0.0,0.0,0.0,0.0,0.6776544451713562,0.0,0.0,0.02855139598250389,0.0794580951333046,0.0,0.0,0.0369352363049984,0.04197670519351959,0.0008005479467101395,0.03040042147040367,0.07972265779972076,0.007810020819306374,0.0,0.8503817915916443,0.0,0.011191374622285366,0.00011110688501503319,0.0,0.012323841452598572,0.16247959434986115,0.2672651410102844,0.0,0.21554265916347504,0.12799915671348572,0.10724212229251862,0.0,0.10891273617744446,0.0037748722825199366,0.1584685891866684,0.033331479877233505,0.0,0.35710620880126953,0.13140027225017548,0.30081331729888916,0.0,0.011938045732676983,0.24752791225910187,0.17760713398456573,0.04774137958884239,0.0,0.0,0.46187400817871094,0.2298828512430191,0.0,0.14852236211299896,0.596470296382904,0.09659290313720703,0.019065359607338905,3.6237189769744873
208,0.0,0.06824825704097748,0.014882892370223999,0.0,0.0,0.0,0.13127805292606354,0.19287800788879395,0.0,0.03886881843209267,0.326225221157074,0.045642971992492676,0.0,0.2339913249015808,0.23528113961219788,0.01603882573544979,0.003488001646474004,0.29349327087402344,0.17274333536624908,0.0,0.000559498555958271,0.22123634815216064,0.0,0.7362873554229736,0.07065153867006302,0.0,0.0,0.45469701290130615,0.0,0.07130879163742065,0.0,0.1619151085615158,0.0,0.33614104986190796,0.008828948251903057,0.01182740367949009,0.05543254315853119,0.11655546724796295,0.16033560037612915,0.36008697748184204,0.0,0.015733204782009125,0.19540013372898102,0.01621987484395504,0.3399679660797119,0.0,0.08929218351840973,0.012424830347299576,0.0,0.05466800183057785,0.0,0.0,0.4219684898853302,0.0,0.0,0.3178839087486267,0.0,0.37715113162994385,0.0,0.0006786733865737915,0.0,0.29335641860961914,0.0,0.19696998596191406,0.0,0.0,0.0,0.5971920490264893,0.006644205655902624,0.003463718108832836,0.0,0.0,0.09131234884262085,0.3853863477706909,0.0,0.1403382122516632,0.1712188869714737,0.1587323248386383,0.0,0.08457507193088531,0.12880438566207886,0.002260303357616067,0.0,0.19184619188308716,0.5672146081924438,0.0172166395932436,0.0019479249604046345,0.0288429856300354,0.6297174096107483,0.15643076598644257,0.015320192091166973,0.4597880244255066,0.04231899976730347,0.08890001475811005,0.007486240938305855,0.008352411910891533,0.11421410739421844,0.0,0.0,0.12453726679086685,0.20769383013248444,0.08268564939498901,0.0,0.706093966960907,0.17413970828056335,0.0,0.00823449157178402,0.24197398126125336,0.0,0.0,0.2537301778793335,0.02137787826359272,0.0,0.12162002176046371,0.0,0.0,0.0048004817217588425,0.2526828944683075,0.0,0.011156284250319004,0.3137394189834595,0.01885492354631424,0.0,0.0,0.20749656856060028,0.45469629764556885,0.0,0.0,0.299348384141922,0.0,0.0,0.1607961803674698,0.0,0.0,0.0,0.0,0.0,0.0,0.029782969504594803,0.0,0.0,0.034843169152736664,0.003337132977321744,0.0,0.12350612878799438,0.09862085431814194,0.0,0.012352284044027328,0.28372663259506226,0.0,0.0,0.03543012589216232,0.028393138200044632,0.0,0.0,0.0,0.03187275305390358,0.019190793856978416,0.0,0.0,0.14464102685451508,0.0,0.020871512591838837,0.0,0.011686667799949646,0.06887874007225037,0.0,0.0,0.1659962683916092,0.0,0.0009803958237171173,0.0,0.002394553739577532,0.0,0.0,0.4027126431465149,0.0,0.0,0.27322888374328613,0.001433543860912323,0.043835241347551346,0.0,0.11880583316087723,0.0,0.0501784011721611,0.0,0.000710667110979557,0.0,0.0,0.0,0.0,0.3359883427619934,0.12587623298168182,0.0,0.060521721839904785,0.2202279269695282,0.009533783420920372,0.25130027532577515,0.4644009470939636,0.0,0.11344622075557709,0.0,0.0,0.0,0.0,0.0,0.052987948060035706,0.32227760553359985,0.19483166933059692,0.0,0.050049517303705215,0.07776015996932983,0.0,0.0,0.34252023696899414,0.06956936419010162,0.03393881395459175,0.0,0.0,0.34964829683303833,0.0,0.0050017135217785835,0.11025737971067429,0.0,0.1221945509314537,0.0,0.11149471253156662,0.2911040186882019,0.019174158573150635,0.5083954334259033,0.004992855712771416,0.0,0.27662432193756104,0.02104881964623928,0.30541613698005676,0.05311852693557739,0.0,0.0,0.0003149844706058502,0.017214816063642502,0.0,0.011198965832591057,0.0,0.2818734347820282,0.19244293868541718,0.14070060849189758,0.09277281910181046,0.0009623263031244278,0.0,0.0,0.0,0.48684361577033997,0.0,0.0,0.0,0.0,0.0,0.022590933367609978,0.010663345456123352,0.0,0.014806222170591354,0.17451994121074677,0.07612249255180359,0.01330342423170805,0.0,0.832625687122345,0.013788971118628979,0.1926182210445404,0.06229934096336365,0.0,0.0,0.04756287485361099,0.20668262243270874,0.0,0.17630994319915771,0.0013630450703203678,0.15047751367092133,0.0,0.19270865619182587,0.0,0.27670764923095703,0.010728323832154274,0.001820916309952736,0.35819992423057556,0.0,0.1279371976852417,0.0,0.0,0.5798078179359436,0.19436880946159363,0.024785444140434265,0.0,0.0,0.20889580249786377,0.4405536651611328,0.0,0.21187978982925415,0.371809184551239,0.16620013117790222,0.001124432310461998,0.0,0.15798823535442352,0.5601649880409241,0.0,0.0,0.0,0.44443634152412415,0.071738101541996,0.0,0.0,0.19791114330291748,0.004780867602676153,0.005373915191739798,0.19369655847549438,0.0,0.10133176296949387,0.0,0.0,0.0,0.0,0.0,0.21889431774616241,0.08665861934423447,1.0037529468536377,0.0,0.0,0.0,0.8775172829627991,0.08808505535125732,0.033179059624671936,0.23348252475261688,0.2660458981990814,0.0,0.4841587245464325,0.09064127504825592,0.37376466393470764,0.36171144247055054,0.8002050518989563,0.0,0.00011120778071926907,0.0,0.4371699392795563,0.0415678434073925,0.2870276868343353,0.734644889831543,0.8025611042976379,0.011659681797027588,0.0,0.0,0.24627338349819183,0.3121108114719391,0.0,0.001709587057121098,0.005285365041345358,0.17951259016990662,0.010520152747631073,0.5436130166053772,0.4403592348098755,0.08089417964220047,0.0,0.0,0.09579356759786606,0.0,0.0,0.0,0.057793617248535156,0.0,0.0,0.039858072996139526,0.0010976168559864163,0.5871623754501343,0.0,0.2691119611263275,0.0,0.052575238049030304,0.27512994408607483,0.0,0.7442752718925476,0.0010737694101408124,0.08556698262691498,0.07485749572515488,0.2558077275753021,0.0008931741467677057,0.2282744199037552,0.22044320404529572,0.0,0.18033474683761597,0.021380385383963585,0.5279111862182617,0.43102094531059265,0.11688588559627533,0.0,0.0007903981604613364,0.565895140171051,0.001979650231078267,0.0,0.2020007222890854,0.12075895816087723,0.0,0.031473517417907715,0.0,0.0,0.0,0.7551568150520325,0.7360173463821411,0.1745629608631134,0.2089177519083023,0.011775485239923,0.0,0.0,0.0,0.2136659473180771,0.2002289891242981,0.16070504486560822,0.058981649577617645,0.0,0.0,0.0011603079037740827,0.20221161842346191,0.17340798676013947,0.0,0.05195354297757149,0.2498607635498047,0.018612997606396675,0.0,0.5502147674560547,0.0,0.2766103148460388,0.005514482501894236,0.0,0.0,0.006195764522999525,0.10075095295906067,0.0,0.05133194848895073,0.0,0.0,0.0,0.0,0.015823205932974815,0.0,0.08605700731277466,0.6626020669937134,0.0,0.6247814893722534,0.0,0.0,0.13287903368473053,0.04965979605913162,0.0,0.04936990886926651,0.795603334903717,0.19644179940223694,0.0,0.0,0.5115007758140564,0.03614059463143349,0.0,0.0,0.0,1.1151150465011597,0.16824783384799957,0.0,0.0,0.17917652428150177,0.007946056313812733,0.05175385624170303,0.5464858412742615,0.0,0.0,0.016031570732593536,0.0,0.029355475679039955,0.10630376636981964,0.0,0.33463194966316223,0.00014525196456816047,0.6424973011016846,0.001482496620155871,0.007303236518055201,0.0,0.0,0.9842861294746399,0.0,0.0,0.11881294846534729,0.034007467329502106,0.13513168692588806,0.6313749551773071,0.0,0.0,0.0,0.0001224440784426406,0.09469595551490784,0.06654366850852966,0.7098208069801331,0.0015895465621724725,0.9691662192344666,0.0035142898559570312,0.026256190612912178,0.21147044003009796,0.0,0.010310692712664604,0.0,0.0,0.0,0.0,0.0,0.012370101176202297,0.0,0.0,0.05693491920828819,0.06538969278335571,0.6699142456054688,0.04861350357532501,0.23495347797870636,0.4376850724220276,0.0,0.0935404971241951,0.6648993492126465,0.0,0.0,0.0,0.0,0.0,0.06644019484519958,0.006657052785158157,0.10924728214740753,0.14056678116321564,0.02715810388326645,0.0,0.0,0.8924106955528259,0.4951096773147583,0.05526234582066536,0.18273143470287323,0.045840732753276825,0.0,0.26493290066719055,0.03855220228433609,0.0,0.0,0.0,1.1857706308364868,0.0,0.060454607009887695,0.017494844272732735,0.0,0.0,0.0,0.0,0.02182810939848423,0.0,0.05795319378376007,0.0,0.8203878402709961,0.03498203307390213,0.036841608583927155,0.0036348828580230474,0.06927856057882309,0.48136112093925476,0.0,0.0,0.5532345771789551,0.24402554333209991,0.005826431792229414,0.4645098149776459,0.08375051617622375,0.24381133913993835,0.0514240525662899,0.0,0.07434640824794769,0.0,0.024106455966830254,1.687408685684204,0.5347533822059631,0.46931490302085876,0.02360270358622074,0.0,0.0009344708523713052,0.011653868481516838,0.0021249905694276094,0.543274998664856,0.0,0.0,0.30835050344467163,0.001334693282842636,0.0,0.7725444436073303,0.3331720530986786,0.016632547602057457,0.004139282740652561,0.0,0.0,0.5580418705940247,0.06895602494478226,0.605607271194458,0.0,0.09890732914209366,0.3308049738407135,0.0,0.08766409009695053,0.23545244336128235,0.0,0.0,0.0,0.30525946617126465,0.15991616249084473,0.0,0.0,0.23334521055221558,0.07387888431549072,0.005148346535861492,0.2618390619754791,0.05220162495970726,0.06505247950553894,0.012928230687975883,0.03676869720220566,0.0,0.0,0.0,0.21710042655467987,0.018858714029192924,0.8274414539337158,0.0,0.0,0.0,0.7501954436302185,0.04544425010681152,0.0266723670065403,0.15279923379421234,0.30676504969596863,0.0,0.4159280061721802,0.023481275886297226,0.18766379356384277,0.12378314882516861,0.4051207900047302,0.055593788623809814,0.19185969233512878,0.0,0.3103440999984741,0.12018103152513504,0.18498557806015015,0.6196624040603638,0.3670685887336731,0.08494192361831665,0.0,0.0,0.09255671501159668,0.1334415227174759,0.0,0.21026258170604706,0.0,0.06843160092830658,0.15129807591438293,0.20929813385009766,0.550576388835907,0.03624586760997772,0.011786270886659622,0.0,0.24301674962043762,0.026327934116125107,0.03409045934677124,0.0,0.021898720413446426,0.0,0.23225803673267365,0.07627259194850922,0.020494308322668076,0.23524896800518036,0.0,0.16567707061767578,0.16617336869239807,0.019266806542873383,0.293006956577301,0.01708550937473774,0.40760499238967896,0.0,0.10065704584121704,0.0555550642311573,0.08641184866428375,0.0036742035299539566,0.23830625414848328,0.26572883129119873,0.006556391716003418,0.084253691136837,0.08207735419273376,0.5430487394332886,0.2876662015914917,0.07146305590867996,0.09000955522060394,0.0,0.2774721384048462,0.017450407147407532,0.0,0.27489006519317627,0.04864872246980667,0.0,0.12359265983104706,0.0041130585595965385,0.0986780971288681,0.0,0.4687808156013489,0.48349952697753906,0.07501611858606339,0.10778679698705673,0.048907678574323654,0.0,0.0,0.11518432945013046,0.10554051399230957,0.06093502417206764,0.14505097270011902,0.037137795239686966,0.0,0.012030374258756638,0.04429764300584793,0.08396623283624649,0.07427549362182617,0.12698811292648315,0.03786236420273781,0.17516939342021942,0.008909488096833229,0.07509198039770126,0.44026973843574524,0.0,0.11544348299503326,0.10752030462026596,0.0,0.0,0.08478986471891403,0.01380840316414833,0.0,0.019633734598755836,0.0,0.0,0.0,0.03655194118618965,0.021210532635450363,0.0,0.04729845002293587,0.30280113220214844,0.0,0.3521929681301117,0.0,0.0,0.030786283314228058,0.04189848154783249,0.0,0.013284606859087944,0.4345064163208008,0.11923226714134216,0.0,0.0,0.22706051170825958,0.035706572234630585,0.0004438909236341715,0.0006160675548017025,0.0,0.621117115020752,0.08483416587114334,0.0,0.0,0.14891543984413147,0.0712883397936821,0.032937053591012955,0.22312918305397034,0.020078223198652267,0.0,0.010700155980885029,0.0,0.006419867277145386,0.0758160948753357,0.0,0.285986065864563,0.0,0.2870733141899109,0.08855533599853516,0.003483056090772152,0.0,0.0008975279051810503,0.5319438576698303,0.0017488468438386917,0.0,0.0853881984949112,0.05880921334028244,0.07509768009185791,0.2399841994047165,0.0,0.0,0.07873332500457764,0.025933029130101204,0.07601992785930634,0.10922060906887054,0.38729438185691833,0.0008296743035316467,0.5387581586837769,0.13726358115673065,0.0,0.10291564464569092,0.0,0.0006977710872888565,0.004197055473923683,0.0,0.0,0.0,0.03257263824343681,0.06641548871994019,0.0,0.05318648740649223,0.1166321337223053,0.05047601833939552,0.302285373210907,0.22662107646465302,0.13661646842956543,0.23415952920913696,0.0,0.040725015103816986,0.4296036660671234,0.0007937168702483177,0.0,0.0,0.0,0.0,0.05251152813434601,0.03403677046298981,0.18792790174484253,0.16586846113204956,0.18021845817565918,0.0,0.0,0.5437044501304626,0.265939325094223,0.2843967378139496,0.11126773059368134,0.0,0.0,0.1007949560880661,0.012134082615375519,0.0,0.0,0.0,0.6166422367095947,0.012198831886053085,0.1089315116405487,0.01755508780479431,0.0,0.0,0.0,0.0,0.2737314701080322,0.0,0.0006747124716639519,0.0,0.3729837238788605,0.0010210443288087845,0.019344689324498177,0.01756329834461212,0.01922992616891861,0.22260089218616486,0.012875689193606377,0.0,0.29177483916282654,0.05505761504173279,0.3607969582080841,0.23098576068878174,0.06152541935443878,0.10092847049236298,0.014057527296245098,0.0,0.04230913519859314,0.11669981479644775,0.0004567764699459076,0.9798961877822876,0.29059815406799316,0.27633318305015564,0.0,0.0,0.0005837553180754185,0.05696965008974075,0.0029022039379924536,0.2298717498779297,0.04263174533843994,0.008434995077550411,0.2823014259338379,0.0,0.0,0.6904380321502686,0.3275712728500366,0.01758030615746975,0.0,0.0,0.011350907385349274,0.4423702657222748,0.026009682565927505,0.3770812451839447,0.11087072640657425,0.06729477643966675,0.17329013347625732,-0.04968966916203499
209,0.0,0.051973167806863785,0.04251860827207565,0.0,0.0,0.0,0.374125599861145,0.14216656982898712,0.0,0.0040811956860125065,0.09431400895118713,0.017819851636886597,0.0,0.29399585723876953,0.0,0.039432745426893234,0.03681717813014984,0.0,0.0,0.0,0.0,0.1578187495470047,0.0,0.41451725363731384,0.01986616477370262,0.0,0.0,0.48449692130088806,0.0,0.08300506323575974,0.0054086958989501,0.19898410141468048,0.0,0.3540365993976593,0.0194373968988657,0.0721130296587944,0.06405611336231232,0.13096949458122253,0.025078976526856422,0.26948991417884827,0.0,0.1324494332075119,0.09867749363183975,0.08083540201187134,0.3007005453109741,0.0016554880421608686,0.1957714557647705,0.023145906627178192,0.0,0.056970443576574326,0.05095796287059784,0.0,0.16955578327178955,0.0004183888668194413,0.0,0.045961473137140274,0.02872515842318535,0.5510819554328918,0.07492052018642426,0.01114168856292963,0.0,0.25655293464660645,0.03855755925178528,0.0,0.0,0.0,0.0,0.11635904014110565,0.029739145189523697,0.0467229038476944,0.0,0.0,0.15046115219593048,0.19532327353954315,0.0063833752647042274,0.10067253559827805,0.018646208569407463,0.14216896891593933,0.0,0.19709330797195435,0.055219605565071106,0.01228279247879982,0.0,0.17042741179466248,0.11007602512836456,0.025109078735113144,0.0036139762960374355,0.09222759306430817,0.4374137222766876,0.26507556438446045,0.03621470555663109,0.0007431092672049999,0.0431426540017128,0.10100138932466507,0.0032201786525547504,0.0,0.35634124279022217,0.0,0.0,0.04209904000163078,0.0,0.15440671145915985,0.0,0.3538205921649933,0.37624940276145935,0.03539677709341049,0.027875801548361778,0.03694229945540428,0.0,0.0,0.023932084441184998,0.06683731079101562,0.03857230395078659,0.1472746878862381,0.0,0.0,0.017448564991354942,0.013682099059224129,0.025355223566293716,0.006073353346437216,0.03446206450462341,0.009634767659008503,0.0,0.0,0.001365523785352707,0.453683078289032,0.0,0.0,0.0,0.0,0.0,0.06829015165567398,0.0,0.01485480647534132,0.02680688351392746,0.0,0.0,0.0,0.08103808015584946,0.0005295251030474901,0.0,0.0022249852772802114,0.049172986298799515,0.0,0.09714701771736145,0.019205620512366295,0.0,0.019666390493512154,0.22130335867404938,0.0,0.016542360186576843,0.08633645623922348,0.06526223570108414,0.0,0.0,0.01124546118080616,0.016609493643045425,0.0,0.002631234936416149,0.0,0.19052299857139587,0.010351099073886871,0.018687792122364044,0.0,0.1437768191099167,0.0823761597275734,0.0,0.05980518087744713,0.0,0.0,0.0,0.0,0.003995286766439676,0.0,0.0035435683093965054,0.17521341145038605,0.0,0.015063242986798286,0.06885284930467606,0.013816693797707558,0.0037424853071570396,0.0,0.20376841723918915,0.0,0.009998228400945663,0.014962038025259972,0.16113132238388062,0.0,0.0,0.0,0.0,0.043708041310310364,0.146917924284935,0.0,0.11688414216041565,0.0921238511800766,0.03623949736356735,0.20228376984596252,0.11532709747552872,0.0,0.057911910116672516,0.0,0.010865967720746994,0.00974353775382042,0.0,0.0,0.004322890192270279,0.0,0.0,0.0,0.03683800995349884,0.21097195148468018,0.0,0.143644779920578,0.05646635591983795,0.11994148790836334,0.2913605570793152,0.0,0.0,0.31385964155197144,0.0,0.0,0.0,0.0,0.059383608400821686,0.0,0.033296652138233185,0.0024948623031377792,0.12513220310211182,0.149562805891037,0.0,0.0,0.24316763877868652,0.0874001681804657,0.2258383333683014,0.14218159019947052,0.0,0.0,0.04263334721326828,0.012110619805753231,0.0,0.020973414182662964,0.0,0.3544909954071045,0.002842002548277378,0.017507443204522133,0.07326656579971313,0.0,0.0,0.0,0.0,0.30254319310188293,0.0,0.0,0.0,0.05001820623874664,0.0,0.0428989976644516,0.022103480994701385,0.0,0.09038493037223816,0.001189625822007656,0.0,0.09171472489833832,0.0028025973588228226,0.4413549304008484,0.06589047610759735,0.019589312374591827,0.14487068355083466,0.0,0.0,0.06787454336881638,0.04462876170873642,0.0,0.22305046021938324,0.31650078296661377,0.24462813138961792,0.0,0.0,0.0,0.002750006504356861,0.012781224213540554,0.022631794214248657,0.06413773447275162,0.0022484525106847286,0.23865260183811188,0.0,0.008802637457847595,0.44734811782836914,0.2614743411540985,0.02725202776491642,0.0,0.0,0.0,0.30494624376296997,0.0,0.42476630210876465,0.09705168753862381,0.025927359238266945,0.0035884156823158264,0.0015333059709519148,0.07412204146385193,0.27905699610710144,0.0,0.0,0.0,0.40618911385536194,0.1166187971830368,0.0,0.009540501050651073,0.16900619864463806,0.02227598801255226,0.0,0.37211230397224426,0.0,0.06462941318750381,0.0,0.04747031256556511,0.0002452647313475609,0.0,0.0,0.22644618153572083,0.0,0.6705146431922913,0.0,0.0022778338752686977,0.0,0.6071139574050903,0.017823245376348495,0.04320729523897171,0.0,0.23555831611156464,0.0,0.3798120319843292,0.0005539730191230774,0.08262738585472107,0.1418425440788269,0.44616490602493286,0.013369115069508553,0.20502175390720367,0.0,0.13328084349632263,0.10828607529401779,0.13705110549926758,0.40116775035858154,0.12647560238838196,0.08952126652002335,0.07790116965770721,0.0,0.22696882486343384,0.04177285358309746,0.0,0.0807790756225586,0.0,0.02319304458796978,0.1043955385684967,0.03487100824713707,0.6021322011947632,0.03799330070614815,0.0,0.0,0.15843020379543304,0.0008932568598538637,0.002462303265929222,0.0,0.008534116670489311,0.0,0.14326158165931702,0.019782844930887222,0.013233610428869724,0.060423098504543304,0.0,0.26378124952316284,0.05893510580062866,0.0,0.1558152139186859,0.1574622541666031,0.30417901277542114,0.0,0.08721727877855301,0.06861366331577301,0.0,0.0,0.20905911922454834,0.36685389280319214,0.001748865470290184,0.011078707873821259,0.04381909966468811,0.5267518758773804,0.16665714979171753,0.07317805290222168,0.08111265301704407,0.0557793565094471,0.2821044921875,0.0,0.0,0.24248670041561127,0.0,0.0,0.02283083274960518,0.0,0.011908061802387238,0.0,0.6442995071411133,0.4448903203010559,0.04199814051389694,0.0436016321182251,0.0707433670759201,0.0,0.0,0.03994451463222504,0.08287230879068375,0.07961761951446533,0.22998490929603577,0.0,0.0,0.03241986036300659,0.12774665653705597,0.016521690413355827,0.0757225975394249,0.03246769309043884,0.03733668476343155,0.0,0.0,0.0,0.3566187024116516,0.0,0.12116623669862747,0.01868497021496296,0.0,0.0,0.011217642575502396,0.013342524878680706,0.020623857155442238,0.034270621836185455,0.0,0.0,0.0,0.048063889145851135,0.00284460186958313,0.0,0.008519517257809639,0.22035512328147888,0.0,0.27567392587661743,0.0,0.0,0.0628659799695015,0.11856038868427277,0.0,0.009988205507397652,0.22718022763729095,0.023492515087127686,0.0,0.0,0.27792802453041077,0.0516757071018219,0.0,0.0008875657804310322,0.0,0.43237027525901794,0.010048814117908478,0.03652571141719818,0.0,0.14188580214977264,0.02396261878311634,0.00519147701561451,0.0914551392197609,0.020558327436447144,0.0,0.00441662035882473,0.0,0.023737439885735512,0.0,0.008912373334169388,0.2549242675304413,0.0,0.08026019483804703,0.0737517699599266,0.046385399997234344,0.0,0.0,0.39481180906295776,0.005442418158054352,0.0,0.028358206152915955,0.08542392402887344,0.0,0.09803614020347595,0.0,0.0,0.02399413473904133,0.016141463071107864,0.0,0.0732026919722557,0.39235395193099976,0.03113919124007225,0.45844945311546326,0.252105712890625,0.0,0.21674683690071106,0.0,0.010203955695033073,0.0,0.0,0.0,0.0,0.0,0.040329255163669586,0.011387811973690987,0.003761499421671033,0.0715225487947464,0.0,0.26397860050201416,0.1354535073041916,0.08756223320960999,0.27803242206573486,0.0,0.0,0.3750374913215637,0.0,0.006509719416499138,0.0,0.0,0.0,0.0,0.01843170076608658,0.06916841119527817,0.07165192067623138,0.1282307505607605,0.002258485183119774,0.0,0.5465118288993835,0.26115649938583374,0.1106068417429924,0.07692078500986099,0.024335011839866638,0.0,0.08567105233669281,0.0,0.010992685332894325,0.016340743750333786,0.0,0.6626299023628235,0.0,0.07265819609165192,0.042848922312259674,0.0,0.0,0.0,0.0,0.22294950485229492,0.0,0.0,0.0,0.26644769310951233,0.0,0.012125258333981037,0.0014513718197122216,0.01971283182501793,0.10126063972711563,0.0,0.050886668264865875,0.21649916470050812,0.03807608783245087,0.28184014558792114,0.11592303961515427,0.11386504024267197,0.15608519315719604,0.0,0.0,0.0552029013633728,0.05366603285074234,0.0,0.7768397927284241,0.3051470220088959,0.32457998394966125,0.015361946076154709,0.0,0.004055348690599203,0.05521731078624725,0.006323968525975943,0.11932700127363205,0.11757781356573105,0.0,0.18928122520446777,0.0,0.0,0.5917254686355591,0.3218349814414978,0.014432823285460472,0.010512406937777996,0.0,0.0,0.46822887659072876,0.0,0.4946802258491516,0.08209977298974991,0.219846710562706,0.04188121482729912,0.00826459750533104,0.04566832631826401,0.08329162001609802,0.0,0.0,0.0,0.3697128891944885,0.1444123387336731,0.0,0.007445933762937784,0.10679221898317337,0.03168199583888054,0.0,0.40159207582473755,0.0013760632136836648,0.018946656957268715,0.025965364649891853,0.014719071798026562,0.0071966503746807575,0.0,0.0,0.15589655935764313,0.003669610247015953,0.4574353098869324,0.01694547012448311,0.0010531977750360966,0.0,0.6231157779693604,0.0023644145112484694,0.02996964566409588,0.004276766907423735,0.3207753598690033,0.0,0.3403095304965973,0.016194293275475502,0.10791640728712082,0.03274564445018768,0.18410184979438782,0.04428594186902046,0.2723146080970764,0.014533798210322857,0.2031625360250473,0.10114937275648117,0.10188253968954086,0.36980724334716797,0.0496184378862381,0.24088501930236816,0.018087590113282204,0.0,0.08677365630865097,0.005372639279812574,0.0,0.30442604422569275,0.0,0.0,0.05247366055846214,0.05170408636331558,0.7281394600868225,0.09488467127084732,0.03602907806634903,0.0,0.21048268675804138,0.09854107350111008,0.0006206582183949649,0.0,0.0,0.0,0.18869298696517944,0.09457256644964218,0.12496145069599152,0.0,0.0,0.1517067402601242,0.23058798909187317,0.0006241174996830523,0.15909342467784882,0.06284486502408981,0.12501674890518188,0.0,0.14259988069534302,0.04895373061299324,0.0,0.0,0.20907555520534515,0.16928815841674805,0.023374026641249657,0.001529219327494502,0.20335213840007782,0.4161243438720703,0.20552590489387512,0.03801896795630455,0.06388343870639801,0.042393870651721954,0.08716858923435211,0.025012778118252754,0.0,0.43047255277633667,0.0,0.0021387815941125154,0.05446135252714157,0.01826557330787182,0.13519808650016785,0.0,0.29748421907424927,0.3573214113712311,0.059883419424295425,0.02661382406949997,0.052895598113536835,0.0,0.0,0.04179595410823822,0.05556148290634155,0.01780928485095501,0.17236128449440002,0.007522881496697664,0.0,0.05153994262218475,0.04917797073721886,0.003573014633730054,0.013421408832073212,0.0582519993185997,0.023424750193953514,0.0008713444694876671,0.0,0.018144182860851288,0.29610997438430786,0.0,0.0,0.025729821994900703,0.0,0.0,0.053951408714056015,0.001311193685978651,0.018641816452145576,0.010270146653056145,0.009311927482485771,0.0,0.0,0.08832284808158875,0.027639267966151237,0.0,0.005457292310893536,0.03513828292489052,0.0,0.09864258021116257,0.0,0.0,0.035131391137838364,0.08529709279537201,0.0,0.010807173326611519,0.1035987138748169,0.029592003673315048,0.0,0.0,0.09033545106649399,0.06802551448345184,0.0,0.015286611393094063,0.0,0.19327904284000397,0.038127265870571136,0.021787501871585846,0.0,0.16238930821418762,0.10378327965736389,0.0018723121611401439,0.028124889358878136,0.010875310748815536,0.0,0.0,0.0,0.013010932132601738,0.0,0.07398547977209091,0.16551122069358826,0.0,0.01657666079699993,0.08707177639007568,0.021119268611073494,0.0,0.0,0.17036296427249908,0.0,0.0042661200277507305,0.10121095180511475,0.20897766947746277,0.0,0.023942044004797935,0.0,0.0,0.04745585471391678,0.1237352192401886,0.006511553656309843,0.1463605761528015,0.15780742466449738,0.04885673522949219,0.21759551763534546,0.15672613680362701,0.0,0.04534268006682396,0.0,0.03154103830456734,0.00030292870360426605,0.0,0.0,0.0,0.016514917835593224,0.015147160738706589,0.0034025064669549465,0.07575789093971252,0.18240851163864136,0.0,0.12673670053482056,0.11567004770040512,0.04245728254318237,0.291375070810318,0.0,0.0,0.25264477729797363,0.0,0.0011791305150836706,0.0006895809201523662,0.0,0.0213001798838377,0.0,0.020102955400943756,0.03274524211883545,0.23704878985881805,0.1144736185669899,0.004603859037160873,0.0,0.300568163394928,0.15945406258106232,0.268726110458374,0.07933130860328674,0.0,0.0,0.03622706979513168,0.0013097012415528297,0.0005581927835009992,0.008293639868497849,0.0,0.30880987644195557,0.01128967385739088,0.07336397469043732,0.021061547100543976,0.0,0.0,0.0,0.0,0.38849905133247375,0.0,0.0,0.0,0.05864851921796799,0.0,0.014477092772722244,0.026653269305825233,0.005952966865152121,0.05088555067777634,0.0,0.003940999507904053,0.08858660608530045,0.017657160758972168,0.40605661273002625,0.030004048720002174,0.03309907764196396,0.08989833295345306,0.0,0.0,0.03987737372517586,0.09996823221445084,0.0010952085722237825,0.4860079884529114,0.32336747646331787,0.2218904346227646,0.0,0.0,0.0,0.015688559040427208,0.011779937893152237,0.03303546458482742,0.0855264738202095,0.03663155436515808,0.2599727213382721,0.0,0.0,0.48397374153137207,0.3157021999359131,0.032439976930618286,0.0,0.0,0.0,0.284016489982605,0.0,0.35563501715660095,0.16033929586410522,0.05793523043394089,0.008356130681931973,-0.4820481538772583
210,0.0,0.05932925269007683,0.03235556557774544,0.0,0.0,0.0,0.4257378578186035,0.12299922853708267,0.0,0.008388910442590714,0.09966904670000076,0.011791544035077095,0.0,0.2796831727027893,0.0,0.07691676169633865,0.022831309586763382,0.006025059148669243,0.0,0.0,0.0,0.10844731330871582,0.0,0.41518592834472656,0.029925810173153877,0.0,0.0,0.4514228403568268,0.0,0.0478677898645401,0.020838003605604172,0.23196600377559662,0.0,0.2995498776435852,0.005732339806854725,0.06790250539779663,0.05939936637878418,0.16976574063301086,0.03864775970578194,0.2356370985507965,0.0,0.10571733862161636,0.09973226487636566,0.06740159541368484,0.2783487141132355,0.010238590650260448,0.20389001071453094,0.03689182549715042,0.0,0.09256070852279663,0.054090194404125214,0.0,0.16018980741500854,0.0,0.0074836136773228645,0.020116468891501427,0.04707938805222511,0.5082555413246155,0.056413840502500534,0.01972316950559616,0.0,0.20449398458003998,0.03317580744624138,0.0,0.0,0.0,0.0,0.054270029067993164,0.03645430505275726,0.06392461061477661,0.0,0.0,0.14137892425060272,0.12036502361297607,0.0,0.06896506249904633,0.04189208522439003,0.11077287793159485,0.0,0.13288551568984985,0.042401399463415146,0.052221380174160004,0.0,0.16440095007419586,0.09850500524044037,0.02979953959584236,0.00020233448594808578,0.1325562596321106,0.42232614755630493,0.2994224727153778,0.017817888408899307,0.0,0.05688152834773064,0.10078435391187668,0.009576226584613323,0.002518198685720563,0.3527146577835083,0.0,0.0,0.006228077225387096,0.0,0.15987277030944824,0.0,0.38986116647720337,0.2983805537223816,0.028356505557894707,0.01847221702337265,0.06707514822483063,0.0,0.0,0.0007798081496730447,0.05747596174478531,0.0345136821269989,0.15996187925338745,0.0,0.0,0.030046803876757622,0.009839728474617004,0.035423509776592255,0.016423393040895462,0.00616725068539381,0.008526597172021866,0.0,0.0,0.0,0.3741344213485718,0.0,0.0,0.0,0.0,0.0,0.0627286285161972,0.0,0.034715745598077774,0.007755976635962725,0.0,0.0,0.0,0.0739750936627388,0.014665970578789711,0.0,0.0,0.01847076416015625,0.0,0.10224633663892746,0.02101670578122139,0.0,0.01619229093194008,0.11056739091873169,0.0,0.02128177508711815,0.0774611085653305,0.06893043220043182,0.0,0.0,0.08354371786117554,0.020459916442632675,0.0,0.0030762283131480217,0.00014550425112247467,0.13770577311515808,0.011293429881334305,0.020504171028733253,0.0,0.11047389358282089,0.07048856467008591,0.0,0.03689929470419884,0.0,0.0,0.0,0.0,0.028703683987259865,0.0001472514122724533,0.005170893855392933,0.2030411809682846,0.0,0.014255431480705738,0.0656791478395462,0.04221207648515701,0.0,0.0,0.21820586919784546,0.0,0.013138450682163239,0.04387538507580757,0.18699276447296143,0.0,0.0,0.0,0.0,0.023476066067814827,0.13123877346515656,0.0,0.1273481249809265,0.14131689071655273,0.07225652039051056,0.2146875560283661,0.07822437584400177,0.0,0.07499593496322632,0.0,0.009786216542124748,0.011815031990408897,0.0,0.0,0.004138807766139507,0.0,0.0,5.1342882215976715e-05,0.035829346626996994,0.20922881364822388,0.0,0.17153719067573547,0.014624008908867836,0.06433236598968506,0.3086042106151581,0.00015429779887199402,0.0,0.26426059007644653,0.0,5.7223718613386154e-05,0.0,0.0,0.040289491415023804,0.0,0.07007525861263275,0.0,0.14057625830173492,0.11574726551771164,0.0021488741040229797,0.0,0.26627400517463684,0.08462244272232056,0.13839484751224518,0.05613437294960022,0.0,0.0024886506143957376,0.04421273618936539,0.006888640113174915,0.0,0.02624998614192009,0.0,0.35043856501579285,0.0,0.0012562774354591966,0.05830555409193039,0.0,0.0,0.0,0.0,0.25585922598838806,0.0,0.0,0.0,0.048715632408857346,0.0,0.028681281954050064,0.03992769494652748,0.00938272662460804,0.1051856279373169,0.0,0.0,0.09588617086410522,0.006325313355773687,0.3900904655456543,0.06642946600914001,0.014775997027754784,0.13216336071491241,0.0,0.0,0.06883955001831055,0.019894486293196678,0.0010143090039491653,0.3122558295726776,0.28798726201057434,0.2560153007507324,0.0,0.0,0.0,0.0,0.004075534176081419,0.02595742605626583,0.0512518584728241,0.020625311881303787,0.21556952595710754,0.0,0.007710026111453772,0.346756249666214,0.15731629729270935,0.02281152456998825,0.0,0.0,0.0,0.3107682466506958,0.0,0.41110339760780334,0.08234594762325287,0.03344424068927765,0.005130158271640539,0.0015333059709519148,0.07412204146385193,0.27905699610710144,0.0,0.0,0.0,0.40618911385536194,0.1166187971830368,0.0,0.009540501050651073,0.16900619864463806,0.02227598801255226,0.0,0.37211230397224426,0.0,0.06462941318750381,0.0,0.04747031256556511,0.0002452647313475609,0.0,0.0,0.22644618153572083,0.0,0.6705146431922913,0.0,0.0022778338752686977,0.0,0.6071139574050903,0.017823245376348495,0.04320729523897171,0.0,0.23555831611156464,0.0,0.3798120319843292,0.0005539730191230774,0.08262738585472107,0.1418425440788269,0.44616490602493286,0.013369115069508553,0.20502175390720367,0.0,0.13328084349632263,0.10828607529401779,0.13705110549926758,0.40116775035858154,0.12647560238838196,0.08952126652002335,0.07790116965770721,0.0,0.22696882486343384,0.04177285358309746,0.0,0.0807790756225586,0.0,0.02319304458796978,0.1043955385684967,0.03487100824713707,0.6021322011947632,0.03799330070614815,0.0,0.0,0.15843020379543304,0.0008932568598538637,0.002462303265929222,0.0,0.008534116670489311,0.0,0.14326158165931702,0.019782844930887222,0.013233610428869724,0.060423098504543304,0.0,0.26378124952316284,0.05893510580062866,0.0,0.1558152139186859,0.1574622541666031,0.30417901277542114,0.0,0.08721727877855301,0.06861366331577301,0.0,0.0,0.20905911922454834,0.36685389280319214,0.001748865470290184,0.011078707873821259,0.04381909966468811,0.5267518758773804,0.16665714979171753,0.07317805290222168,0.08111265301704407,0.0557793565094471,0.2821044921875,0.0,0.0,0.24248670041561127,0.0,0.0,0.02283083274960518,0.0,0.011908061802387238,0.0,0.6442995071411133,0.4448903203010559,0.04199814051389694,0.0436016321182251,0.0707433670759201,0.0,0.0,0.03994451463222504,0.08287230879068375,0.07961761951446533,0.22998490929603577,0.0,0.0,0.03241986036300659,0.12774665653705597,0.016521690413355827,0.0757225975394249,0.03246769309043884,0.03733668476343155,0.0,0.0,0.0,0.3566187024116516,0.0,0.12116623669862747,0.01868497021496296,0.0,0.0,0.011217642575502396,0.013342524878680706,0.020623857155442238,0.034270621836185455,0.0,0.0,0.0,0.048063889145851135,0.00284460186958313,0.0,0.008519517257809639,0.22035512328147888,0.0,0.27567392587661743,0.0,0.0,0.0628659799695015,0.11856038868427277,0.0,0.009988205507397652,0.22718022763729095,0.023492515087127686,0.0,0.0,0.27792802453041077,0.0516757071018219,0.0,0.0008875657804310322,0.0,0.43237027525901794,0.010048814117908478,0.03652571141719818,0.0,0.14188580214977264,0.02396261878311634,0.00519147701561451,0.0914551392197609,0.020558327436447144,0.0,0.00441662035882473,0.0,0.023737439885735512,0.0,0.008912373334169388,0.2549242675304413,0.0,0.08026019483804703,0.0737517699599266,0.046385399997234344,0.0,0.0,0.39481180906295776,0.005442418158054352,0.0,0.028358206152915955,0.08542392402887344,0.0,0.09803614020347595,0.0,0.0,0.02399413473904133,0.016141463071107864,0.0,0.0732026919722557,0.39235395193099976,0.03113919124007225,0.45844945311546326,0.252105712890625,0.0,0.21674683690071106,0.0,0.010203955695033073,0.0,0.0,0.0,0.0,0.0,0.040329255163669586,0.011387811973690987,0.003761499421671033,0.0715225487947464,0.0,0.26397860050201416,0.1354535073041916,0.08756223320960999,0.27803242206573486,0.0,0.0,0.3750374913215637,0.0,0.006509719416499138,0.0,0.0,0.0,0.0,0.01843170076608658,0.06916841119527817,0.07165192067623138,0.1282307505607605,0.002258485183119774,0.0,0.5465118288993835,0.26115649938583374,0.1106068417429924,0.07692078500986099,0.024335011839866638,0.0,0.08567105233669281,0.0,0.010992685332894325,0.016340743750333786,0.0,0.6626299023628235,0.0,0.07265819609165192,0.042848922312259674,0.0,0.0,0.0,0.0,0.22294950485229492,0.0,0.0,0.0,0.26644769310951233,0.0,0.012125258333981037,0.0014513718197122216,0.01971283182501793,0.10126063972711563,0.0,0.050886668264865875,0.21649916470050812,0.03807608783245087,0.28184014558792114,0.11592303961515427,0.11386504024267197,0.15608519315719604,0.0,0.0,0.0552029013633728,0.05366603285074234,0.0,0.7768397927284241,0.3051470220088959,0.32457998394966125,0.015361946076154709,0.0,0.004055348690599203,0.05521731078624725,0.006323968525975943,0.11932700127363205,0.11757781356573105,0.0,0.18928122520446777,0.0,0.0,0.5917254686355591,0.3218349814414978,0.014432823285460472,0.010512406937777996,0.0,0.0,0.46822887659072876,0.0,0.4946802258491516,0.08209977298974991,0.219846710562706,0.04188121482729912,0.02523285336792469,0.048703473061323166,0.039934948086738586,0.0,0.0,0.0,0.4503476321697235,0.11402230709791183,0.0,0.017922595143318176,0.05243866145610809,0.017412999644875526,0.0,0.4429575204849243,0.0,0.03568176180124283,0.0368993915617466,0.0,0.005086282268166542,0.0,0.0,0.11506891995668411,0.008957048878073692,0.3509826064109802,0.017866874113678932,0.0017249142983928323,0.0,0.6233087182044983,0.0018941962625831366,0.033697694540023804,0.0035387587267905474,0.352731853723526,0.0,0.3067087233066559,0.014255672693252563,0.11785242706537247,0.030256271362304688,0.19743381440639496,0.026492826640605927,0.25477901101112366,0.050500355660915375,0.225529745221138,0.07187099754810333,0.10830248892307281,0.3382287621498108,0.0877867043018341,0.3377554714679718,0.009807373397052288,0.0,0.072186179459095,0.01726946234703064,0.0,0.2904735207557678,0.0001594821660546586,0.0,0.004923841450363398,0.09711828827857971,0.8180888891220093,0.14383907616138458,0.04416007548570633,0.0,0.17014957964420319,0.15581469237804413,0.0,0.0,0.005963576957583427,0.0,0.08932438492774963,0.14356686174869537,0.17812377214431763,0.004564388655126095,0.0,0.19578218460083008,0.21918317675590515,0.007353111635893583,0.1303606629371643,0.046793051064014435,0.09720738977193832,0.0,0.14995507895946503,0.03171202540397644,0.0005312443245202303,0.0,0.19486774504184723,0.08955260366201401,0.022616887465119362,0.0019637958612293005,0.2551344037055969,0.35262542963027954,0.2507413625717163,0.03201494365930557,0.00908674206584692,0.041746966540813446,0.061214737594127655,0.03163164481520653,0.0,0.5172993540763855,0.0,0.0009731875616125762,0.037617236375808716,0.0007084111566655338,0.167158842086792,0.0,0.21701380610466003,0.37330755591392517,0.08858461678028107,0.030140595510601997,0.04251430556178093,0.000465118297142908,0.0,0.0004286556504666805,0.046658530831336975,0.01829204335808754,0.20704929530620575,0.01838243380188942,0.0,0.06957845389842987,0.017938503995537758,0.010974857956171036,0.010852653533220291,0.02092597261071205,0.030917024239897728,0.0,0.0,0.002558587584644556,0.2604896128177643,0.0,0.0,0.0,0.0,0.0,0.05119031295180321,0.003827126929536462,0.019214022904634476,0.010472279973328114,0.022616039961576462,0.0,0.0,0.11954724788665771,0.04866930842399597,0.0,0.0,0.024195648729801178,0.0,0.06828764081001282,0.0,0.0018147052032873034,0.008881530724465847,0.04820765182375908,0.0,0.014256426133215427,0.09913958609104156,0.03744976967573166,0.0,0.0,0.12949514389038086,0.0618104487657547,0.0,0.023281551897525787,0.001965742325410247,0.16611608862876892,0.05777260661125183,0.030327284708619118,0.0,0.1883346438407898,0.1261354237794876,0.000519412278663367,0.04359104856848717,0.0,0.0,0.0,0.0,0.022101718932390213,0.00019898962636943907,0.1394277662038803,0.11012497544288635,0.0,0.020349936559796333,0.05771150812506676,0.02979184500873089,0.0,0.0,0.15653128921985626,0.0005285133956931531,0.0013718839036300778,0.14219418168067932,0.29087138175964355,0.0,0.04034792631864548,0.0,0.0,0.016206007450819016,0.1348029524087906,0.008943875320255756,0.2031947374343872,0.14022964239120483,0.05395220220088959,0.1685691475868225,0.07322070002555847,0.0017541915876790881,0.042922716587781906,0.0,0.043288230895996094,0.006943932734429836,0.0,0.0,0.0,0.0,0.0,0.005004894454032183,0.09971863031387329,0.25603190064430237,0.0,0.18079440295696259,0.044607557356357574,0.04941834881901741,0.37062492966651917,0.0,0.0,0.21578244864940643,0.0,0.01183623168617487,0.0,0.0,0.01180324237793684,0.0,0.02662895992398262,0.0005058465176261961,0.3048367202281952,0.03746376931667328,0.013933666050434113,0.0,0.27335602045059204,0.15757031738758087,0.2397388070821762,0.06998424977064133,0.0036771243903785944,0.002641441533342004,0.03941835090517998,0.0034995011519640684,0.002566693117842078,0.010286564007401466,0.0,0.291413813829422,0.0,0.02522820420563221,0.01776609942317009,0.0,0.0,0.0,0.0,0.3832332193851471,0.0,0.0,0.0,0.06082334369421005,0.0,0.013319287449121475,0.0323704369366169,0.01071105431765318,0.0636136531829834,0.0,0.0,0.11431704461574554,0.041982248425483704,0.3123457729816437,0.02913403883576393,0.00652483431622386,0.11564581096172333,0.0,0.0,0.05348756164312363,0.07011725753545761,0.0006996423471719027,0.46364328265190125,0.4388675391674042,0.24697625637054443,0.0,0.0,0.0,0.0,0.024236759170889854,0.027644935995340347,0.0499059334397316,0.05925070866942406,0.29684576392173767,0.0,0.0,0.41517797112464905,0.29397550225257874,0.021387726068496704,0.0,0.0,0.0003881673328578472,0.23512955009937286,0.0,0.4037017822265625,0.14506042003631592,0.031139079481363297,0.002842723624780774,-0.5294039845466614
211,0.0,0.03161059692502022,0.00622536102309823,0.0,0.0,0.0,0.35370221734046936,0.15201398730278015,0.0,0.04674272984266281,0.13705843687057495,0.05526185780763626,0.0,0.28101012110710144,0.11450622230768204,0.046580005437135696,0.031126148998737335,0.07864316552877426,0.02029356174170971,0.0,0.0,0.16359646618366241,0.0,0.47103723883628845,0.04791581630706787,0.0,0.0,0.43054038286209106,0.0,0.10521570593118668,0.0,0.2353605479001999,0.0,0.3083347678184509,0.009710920043289661,0.024553634226322174,0.05855833366513252,0.1599736511707306,0.1311933994293213,0.3689975142478943,0.0,0.027227312326431274,0.14509263634681702,0.05705585703253746,0.2758854925632477,0.0,0.22041413187980652,0.02051747776567936,0.0,0.046926721930503845,0.0,0.0,0.3113836348056793,0.0,0.0,0.15561655163764954,0.018771685659885406,0.6060494780540466,0.03776859492063522,0.0328306183218956,0.0,0.22764237225055695,0.06877189129590988,0.02965904027223587,0.0,0.0,0.0,0.2925293743610382,0.1021830216050148,0.07393296808004379,0.0,0.0,0.12525838613510132,0.3077864646911621,0.0,0.05004667490720749,0.04186837747693062,0.10920896381139755,0.0,0.14550884068012238,0.04674912989139557,0.0283183753490448,0.0,0.18740803003311157,0.27592733502388,0.017506083473563194,0.0,0.15246470272541046,0.5604473948478699,0.3819352984428406,0.028102494776248932,0.07852300256490707,0.03742114081978798,0.08397766947746277,0.00425479793921113,0.00887646246701479,0.3804180324077606,0.0,0.0,0.07738213986158371,0.006151220761239529,0.3194887936115265,0.0,0.39682257175445557,0.31385305523872375,0.015248752199113369,0.018224839121103287,0.10716562718153,0.0,0.0,0.13176913559436798,0.04529505595564842,0.02702391892671585,0.17666073143482208,0.002117709955200553,0.0,0.037974726408720016,0.05608776584267616,0.014166106469929218,0.0,0.14431487023830414,0.00791903492063284,0.0,0.0017754469299688935,0.11185307055711746,0.47884199023246765,0.0,0.0,0.0759754478931427,0.0,0.0,0.1730702817440033,0.0,0.0034784965682774782,0.0,0.0010813426924869418,0.0,0.0,0.05321827158331871,0.0,0.0,0.018352609127759933,0.0071005248464643955,0.0,0.10716076195240021,0.04520498961210251,0.0,0.011481154710054398,0.1774127185344696,0.0,0.0,0.12000587582588196,0.04139327257871628,0.0,0.0,0.07133152335882187,0.01250413991510868,0.0,0.0,0.0,0.28750327229499817,0.0,0.021259751170873642,0.0,0.09077479690313339,0.10870549082756042,0.0,0.017358237877488136,0.014477846212685108,0.0,0.0,0.0,0.024079976603388786,0.0,0.025210708379745483,0.3548561930656433,0.0,0.01372133195400238,0.1511603742837906,0.04073219746351242,0.009104824624955654,0.0,0.16035890579223633,0.0,0.017102153971791267,0.02199629880487919,0.2282022386789322,0.0,0.0,0.0,0.0003752158081624657,0.2343170940876007,0.1549796164035797,0.0,0.21491190791130066,0.2015073448419571,0.0433051735162735,0.22208860516548157,0.23069660365581512,0.0,0.10483404994010925,0.0,0.0,0.031140485778450966,0.0,0.0,0.001711166580207646,0.039862144738435745,0.05425170436501503,0.0011690817773342133,0.08858606964349747,0.2396193891763687,0.0,0.050390034914016724,0.14669643342494965,0.0833149328827858,0.23896969854831696,0.0,0.0,0.35907527804374695,0.0,0.0027861371636390686,0.0,0.0,0.052036382257938385,0.0,0.09230406582355499,0.04710059612989426,0.1340467631816864,0.3164439797401428,0.004678328055888414,0.0,0.3369561433792114,0.037305720150470734,0.2084953486919403,0.042411379516124725,0.0,0.0,0.015036193653941154,0.03847891837358475,0.00014680458116345108,0.013869578950107098,0.0021417737007141113,0.3123501241207123,0.04028411582112312,0.04794623702764511,0.06598750501871109,0.0,0.0,0.0,0.0,0.37562474608421326,0.0,0.0,0.0,0.014637519605457783,0.0,0.03301529213786125,0.029317932203412056,0.0,0.04525386542081833,0.006901920773088932,0.0,0.059391047805547714,0.0,0.6391079425811768,0.04560234025120735,0.0341622456908226,0.11533604562282562,0.0,0.0,0.06244610622525215,0.07921250909566879,0.0,0.0917990431189537,0.21868722140789032,0.21441993117332458,0.0,0.011599224992096424,0.0,0.07770887762308121,0.0,0.0,0.10066727548837662,0.0,0.2914300858974457,0.0,0.0,0.46560001373291016,0.2092493325471878,0.008825263939797878,0.0,0.0,0.07932811975479126,0.3108879625797272,0.0,0.4341419041156769,0.23120613396167755,0.071748286485672,0.0,0.21835029125213623,0.09956363588571548,0.0384676419198513,0.0,0.0,0.0,0.33715906739234924,0.059216730296611786,0.017512908205389977,0.10980261117219925,0.16082477569580078,0.01777663640677929,0.0,0.3836466372013092,0.12852606177330017,0.03636793792247772,0.003232085146009922,0.12849530577659607,0.05346963554620743,0.0,0.0,0.069413922727108,0.0,0.35476428270339966,0.1238357201218605,0.0,0.0,0.4117734730243683,0.008149519562721252,0.0788789689540863,0.011916269548237324,0.2901255190372467,0.0,0.11965332925319672,0.06384796649217606,0.0,0.02397857792675495,0.07796783000230789,0.16823506355285645,0.30082112550735474,0.31584417819976807,0.025825588032603264,0.2164282351732254,0.0,0.13068516552448273,0.00971502810716629,0.38206276297569275,0.0,0.0,0.08807948976755142,0.004578184336423874,0.0,0.6208317875862122,0.0,0.0,0.04199458658695221,0.056427001953125,0.831071138381958,0.2238951325416565,0.015422130934894085,0.0,0.014288024976849556,0.2882229685783386,0.02136329375207424,0.0,0.0,0.0,0.43381014466285706,0.25862282514572144,0.23496325314044952,0.0,0.0,0.1886502057313919,0.6162446737289429,0.005101572256535292,0.03335614874958992,0.1996307373046875,0.0,0.0,0.10210008919239044,0.08806134015321732,0.0,0.05096672102808952,0.1850556880235672,0.22314368188381195,0.05548402667045593,0.0,0.28929752111434937,0.5009729862213135,0.1775590479373932,0.050680745393037796,0.2913142740726471,0.04844851791858673,0.0018681545043364167,0.0,0.0997905507683754,0.45754119753837585,0.0,0.005124810617417097,0.0,0.33765891194343567,0.376232773065567,0.0,0.34927040338516235,0.14936096966266632,0.11458471417427063,0.01480936724692583,0.29317182302474976,0.043854571878910065,0.0,0.22141888737678528,0.07179924100637436,0.003668945748358965,0.27881771326065063,0.1159224659204483,0.0,0.14790619909763336,0.1909882128238678,0.0,0.03681175038218498,0.13377045094966888,0.21930237114429474,0.03923065960407257,0.0,0.030716413632035255,0.02998698502779007,0.0,0.0,0.08356926590204239,0.0,0.0,0.019129090011119843,0.03239317238330841,0.04197065532207489,0.030865494161844254,0.20867177844047546,0.02217513881623745,0.0,0.2090674191713333,0.01112489216029644,0.0,0.0,0.0,0.0,0.05412377789616585,0.030864153057336807,0.08997751027345657,0.0,0.09197860956192017,0.0,0.0,0.02017062157392502,0.012506883591413498,0.0,0.0,0.23073549568653107,0.10862500220537186,0.0,0.00206971843726933,0.007474579848349094,0.032855074852705,0.03927597030997276,0.098565973341465,0.007039519492536783,0.02979707159101963,0.1598106175661087,0.0,0.0009322464466094971,0.04337522014975548,0.0,0.020565215498209,0.030141571536660194,0.015149067156016827,0.0,0.42462122440338135,0.11056826263666153,0.0,0.004417091608047485,0.1672649085521698,0.014094929210841656,0.020460372790694237,0.0,0.09520450234413147,0.019090697169303894,0.018131818622350693,0.08537910133600235,0.33934974670410156,0.0,0.007491643074899912,0.0,0.0,0.21473699808120728,0.2838228940963745,0.0,0.17169983685016632,0.10780840367078781,0.06925055384635925,0.11594205349683762,0.2920725643634796,0.0,0.08347893506288528,0.0,0.007006207946687937,0.08526883274316788,0.0,0.0,0.011678793467581272,0.4321897625923157,0.15045049786567688,0.05091669782996178,0.17775842547416687,0.3649847209453583,0.0,0.0,0.17671771347522736,0.05798174440860748,0.1837529093027115,0.0,0.0,0.039646923542022705,0.01092261541634798,0.13594114780426025,0.24311572313308716,0.0,0.12158858776092529,0.0,0.18785491585731506,0.12915457785129547,0.2688094675540924,0.14075809717178345,0.15526142716407776,0.11138749122619629,0.2222631275653839,0.03258925676345825,0.0995333343744278,0.0,0.0,0.0,0.013973714783787727,0.007578507997095585,0.014912145212292671,0.0,0.009360040538012981,0.02927371859550476,0.1400759220123291,0.09455231577157974,0.07158461213111877,0.004744863603264093,0.0,0.004389640409499407,0.0,0.628820538520813,0.0,0.0,0.041817788034677505,0.0,0.0,0.025136031210422516,0.0007106636767275631,0.007327877916395664,0.0007253653602674603,0.02064277045428753,0.054262880235910416,0.04930511489510536,0.014769461937248707,0.5688287615776062,0.01482363510876894,0.10211290419101715,0.05475768819451332,0.0,0.0,0.08510737121105194,0.15327347815036774,0.0,0.14846393465995789,0.20990662276744843,0.14237435162067413,0.0,0.05367618054151535,0.0,0.08919505774974823,0.040981028228998184,0.004135313909500837,0.25530707836151123,0.023365825414657593,0.24330070614814758,0.0,0.0,0.3008722960948944,0.03640312701463699,0.025701338425278664,0.0,0.0,0.3529437780380249,0.19727672636508942,0.0,0.18650159239768982,0.5692127346992493,0.1097656786441803,0.0,0.0851016417145729,0.030223267152905464,0.012263206765055656,0.0,0.0,0.0,0.2834766209125519,0.15972444415092468,0.0,0.06297047436237335,0.17598965764045715,0.08330424875020981,0.0,0.3456074893474579,0.26119741797447205,0.023909488692879677,0.007587907835841179,0.15330851078033447,0.010803239420056343,0.0,0.0,0.14806436002254486,0.0,0.5176400542259216,0.09577064216136932,0.0,0.0,0.5292260646820068,0.007117946166545153,0.016966508701443672,0.0,0.3216354250907898,0.0,0.21544751524925232,0.0,0.03217290714383125,0.0,0.05951870232820511,0.2709398865699768,0.3387327194213867,0.15650926530361176,0.09648317843675613,0.13970527052879333,0.01518904510885477,0.30135849118232727,0.0,0.2606678605079651,0.0,0.0,0.13430990278720856,0.0,0.0020477965008467436,0.6164483428001404,0.0,0.0,0.21151767671108246,0.0030509710777550936,0.6968444585800171,0.10161086916923523,0.05631445720791817,0.0,0.22516831755638123,0.15802183747291565,0.07270048558712006,0.0,0.0,0.0,0.5783629417419434,0.19416627287864685,0.10437292605638504,0.0,0.0,0.09502951055765152,0.5033969283103943,0.0,0.1246364563703537,0.2195255607366562,0.046321574598550797,0.0,0.045932136476039886,0.08498454838991165,0.0,0.024868851527571678,0.22572946548461914,0.4127536118030548,0.015714561566710472,0.0,0.28106069564819336,0.5519310235977173,0.19998204708099365,0.02447696030139923,0.2979483902454376,0.014324885793030262,0.03878450393676758,0.020967261865735054,0.08594182133674622,0.3500816226005554,0.0,0.0,0.11674881726503372,0.1859106570482254,0.2711580693721771,0.0,0.33616915345191956,0.17212912440299988,0.006509460508823395,0.002203030977398157,0.19831587374210358,0.017221208661794662,0.0,0.27372467517852783,0.02298678085207939,0.007404800970107317,0.24815887212753296,0.08400783687829971,0.0003441738663241267,0.05697375163435936,0.22180655598640442,0.0,0.011250966228544712,0.2914620041847229,0.14283958077430725,0.004573176149278879,0.0,0.20714975893497467,0.1916622817516327,0.0,0.00023512827465310693,0.18829989433288574,0.0,0.0011002907995134592,0.1412069946527481,0.0,0.00895698368549347,0.016832593828439713,0.13920871913433075,0.009162318892776966,0.0,0.1019165962934494,0.0011129170889034867,0.0,0.0,0.0,0.0,0.04457240551710129,0.007244482636451721,0.040356267243623734,0.0,0.0,0.0,0.0,0.032028164714574814,0.0004949675058014691,0.0,0.0,0.12590321898460388,0.08169776946306229,0.0,0.0013257050886750221,0.015644455328583717,0.09841200709342957,0.0,0.04860515519976616,0.0,0.04786859080195427,0.1423231065273285,0.0055622318759560585,0.0,0.08954419940710068,0.0,0.013092856854200363,0.03354065120220184,0.010819507762789726,0.0,0.21989503502845764,0.30077099800109863,0.0,0.0,0.16387735307216644,0.007314152549952269,0.026967810466885567,0.0034539310727268457,0.04613727331161499,0.004035742953419685,0.0,0.09811188280582428,0.2190171629190445,0.0,0.0,0.0,0.0,0.3710348606109619,0.18205811083316803,0.0,0.17180222272872925,0.15650810301303864,0.0069734156131744385,0.13776010274887085,0.3775832951068878,0.0,0.09229373186826706,0.0,0.00022205502318684012,0.02442866936326027,0.0,0.0,0.0,0.49723148345947266,0.2240023910999298,0.0,0.22209559381008148,0.24445419013500214,0.0,0.0,0.2871887981891632,0.02186954766511917,0.14316292107105255,0.0,0.0,0.21518690884113312,0.0,0.07971860468387604,0.1527499556541443,0.0,0.06109558045864105,0.0,0.19507502019405365,0.19317582249641418,0.1468142420053482,0.3199547529220581,0.05970883369445801,0.11240357160568237,0.29621538519859314,0.04087936133146286,0.30856621265411377,0.0,0.0,0.0,0.003970274701714516,0.01771409437060356,0.000493980071041733,0.0,0.007151882629841566,0.11079980432987213,0.12269649654626846,0.12237054854631424,0.0021492261439561844,0.0,0.0,0.0,0.0,0.5609128475189209,0.0,0.0,0.005242424551397562,0.0,0.0,0.0018911475781351328,0.014778812415897846,0.0,0.006336670834571123,0.02900550700724125,0.050012893974781036,0.018297730013728142,0.0,0.7809613347053528,0.015112808905541897,0.07083326578140259,0.043129779398441315,0.0,0.0,0.08013169467449188,0.24051840603351593,0.0,0.2082921266555786,0.0557001568377018,0.08202995359897614,0.0,0.10011814534664154,0.0,0.15010562539100647,0.0,0.0,0.2887412905693054,0.00816828478127718,0.20823141932487488,0.0,0.0,0.4051748812198639,0.1803065985441208,0.019878191873431206,0.0,0.0,0.28295037150382996,0.3196341395378113,0.0,0.1791362464427948,0.45576077699661255,0.1261208951473236,0.007936676032841206,0.28542599081993103
212,0.010871869511902332,0.07731997221708298,0.003566709579899907,0.0,0.0,0.0,0.04559313878417015,0.11703434586524963,0.0,0.11888720095157623,0.3507412374019623,0.05653119087219238,0.0,0.17350120842456818,0.505478024482727,0.00857020728290081,0.0,0.46795812249183655,0.2322935312986374,0.0,0.07316320389509201,0.12406948208808899,0.0,0.7825745344161987,0.1916106790304184,0.0,0.0,0.43740853667259216,0.007325485348701477,0.024916749447584152,0.0,0.22016794979572296,0.029709842056035995,0.15841196477413177,0.0029914577025920153,0.0,0.0,0.03199658915400505,0.378593772649765,0.2828337252140045,0.0804596021771431,0.006402889732271433,0.15086038410663605,0.0,0.2261563390493393,0.0,0.17662449181079865,0.006084487773478031,0.0,0.25810757279396057,0.0,0.011152436025440693,0.7868145704269409,0.0005660715396516025,0.0,0.373820036649704,0.0,0.4491714835166931,0.020521901547908783,0.003996139857918024,0.0,0.16990849375724792,0.05170299485325813,0.3407718241214752,0.0,0.0,0.0,0.9618178606033325,0.09241757541894913,0.024016285315155983,0.0,0.0,0.07885036617517471,0.6561362743377686,0.0,0.1077125146985054,0.4123365879058838,0.048879384994506836,0.0,0.0,0.2283109873533249,0.0,0.0810321718454361,0.1760140210390091,0.8165987133979797,0.02723129466176033,0.0,0.10090456157922745,0.6226677298545837,0.051211703568696976,0.036699194461107254,0.6775757074356079,0.009577463380992413,0.09479627758264542,0.002111513167619705,0.07794614881277084,0.08407287299633026,0.0,0.0,0.057358790189027786,0.47546476125717163,0.08803736418485641,0.0,0.7763113379478455,0.013242719694972038,0.0,0.00516851432621479,0.5325803756713867,0.0007167694275267422,0.0,0.43509915471076965,0.015372054651379585,0.0,0.20939652621746063,0.044629354029893875,0.01122763566672802,0.01651938445866108,0.5213087201118469,0.0,0.026259923353791237,0.33882585167884827,0.18468904495239258,0.0034294009674340487,0.0,0.2915039658546448,0.17220360040664673,0.0,0.0,0.4217320680618286,0.0,0.0,0.14112578332424164,0.0,0.01899428851902485,0.006146268919110298,0.10085500031709671,0.07333336770534515,0.0,0.06503919512033463,0.0,0.0,0.005832727067172527,0.0,0.0,0.03514448553323746,0.06012934446334839,0.026763135567307472,0.0003349623875692487,0.012731467373669147,0.0,0.0,0.013106280006468296,0.00867252703756094,0.0,0.003177858889102936,0.07045069336891174,0.07448088377714157,0.0,0.0,0.0,0.024432053789496422,0.0,0.04679444059729576,0.004463404417037964,0.0,0.08203338086605072,0.0,0.0,0.23979292809963226,0.015345552004873753,0.09395954757928848,0.08317802101373672,0.0,0.0,0.07283718883991241,0.4676276743412018,0.0,0.0,0.305989533662796,0.0,0.11758439987897873,0.010457456111907959,0.042501989752054214,0.0030821163672953844,0.02681034430861473,0.0,0.0036640597973018885,0.0,0.0,0.0,0.0,0.5571654438972473,0.15573330223560333,0.0,0.04269517585635185,0.24129420518875122,0.0,0.14727114140987396,0.7018538117408752,0.0,0.15674175322055817,0.0,0.0,0.0,0.0,0.0,0.038185667246580124,0.969298243522644,0.4245877265930176,0.0,0.21162959933280945,0.0971364825963974,0.0,0.0,0.47147804498672485,0.033204350620508194,0.026572788134217262,0.0,0.0,0.1445673257112503,0.0,0.07977751642465591,0.46467071771621704,0.0,0.16922208666801453,0.0016907869139686227,0.3108319342136383,0.48557350039482117,0.012285270728170872,0.5551717877388,0.07063960283994675,0.19996227324008942,0.29451823234558105,0.008445100858807564,0.24594470858573914,0.003985076677054167,0.0,0.0,0.0,0.006948967929929495,0.0,0.0,0.011709816753864288,0.05111215263605118,0.42276373505592346,0.21626794338226318,0.04822269454598427,0.0,0.0,0.0,0.0,0.670013964176178,0.0,0.0,0.0018558526644483209,0.0,0.0,0.0,0.0037636396009474993,0.0,0.0,0.2675582468509674,0.21541042625904083,0.0,0.0,1.0181695222854614,0.0,0.22362855076789856,0.021951530128717422,0.0,0.0,0.09064236283302307,0.3240807056427002,0.0,0.1750108301639557,0.0,0.04259307682514191,0.0,0.37795671820640564,0.0,0.43422287702560425,0.0,0.0,0.6266641616821289,0.0,0.0488186739385128,0.0,0.0,0.43252328038215637,0.034887030720710754,0.04148560389876366,0.0,0.0,0.5253356099128723,0.4231692850589752,0.0,0.01734388805925846,0.7080551385879517,0.2885471284389496,0.047415561974048615,0.01812492311000824,0.0699828565120697,0.04494862258434296,0.0,0.0,0.0,0.37911638617515564,0.12559083104133606,0.0,0.06858652830123901,0.16302593052387238,0.04851265996694565,0.0,0.396981418132782,0.029483508318662643,0.030603334307670593,0.022075004875659943,0.04380319267511368,0.03581107780337334,0.0,0.0,0.1569690704345703,0.0,0.33514976501464844,0.08185194432735443,0.0,0.0,0.4053928852081299,0.0,0.0944208949804306,0.0029896069318056107,0.23464639484882355,0.0,0.2992634177207947,0.0005638436414301395,0.025012724101543427,0.08259055018424988,0.09544624388217926,0.046466633677482605,0.3457227945327759,0.04211174324154854,0.06576206535100937,0.23682093620300293,0.020191365852952003,0.23595945537090302,0.0,0.3331339657306671,0.0,0.0,0.018235299736261368,0.015292073599994183,0.0,0.4268661141395569,0.0015672564040869474,0.0,0.12055317312479019,0.008475379087030888,0.7029125690460205,0.07936649024486542,0.0,0.0,0.21136975288391113,0.15726417303085327,0.015009000897407532,0.0,0.008802931755781174,0.0,0.33490681648254395,0.08794627338647842,0.1112360805273056,0.0,0.0,0.19041776657104492,0.4217338263988495,0.0,0.11144471913576126,0.08639081567525864,0.0,0.0,0.22430557012557983,0.067357137799263,0.0,0.0,0.268599271774292,0.11781129240989685,0.03768250346183777,0.0,0.14458096027374268,0.5104795098304749,0.20615625381469727,0.04748935252428055,0.13486380875110626,0.043221451342105865,0.011013838462531567,0.01089237816631794,0.01029250118881464,0.3837936520576477,0.0,0.0,0.02156648598611355,0.09240395575761795,0.2208067774772644,0.0,0.3249596357345581,0.2686898708343506,0.03590674698352814,0.012241481803357601,0.11772347241640091,0.003005343722179532,0.0,0.18307410180568695,0.07123461365699768,0.020467951893806458,0.1888274848461151,0.0005422884132713079,0.0,0.05656379461288452,0.08063174784183502,0.0,0.016591746360063553,0.1308113932609558,0.03375484421849251,0.0,0.02633868157863617,0.011354041285812855,0.2883545458316803,0.0,0.0,0.05057908594608307,0.0,0.0,0.08969535678625107,0.0,0.04220272973179817,0.0,0.02322082221508026,0.004690622445195913,0.0,0.1828935146331787,0.012897872366011143,0.0,0.0,0.001946483738720417,0.0,0.045559365302324295,0.01757470890879631,0.020840782672166824,0.006831444799900055,0.2643108069896698,0.0,0.0,0.004709539469331503,0.017555339261889458,0.0,0.0,0.0615762397646904,0.019649198278784752,0.012042775750160217,0.003478231141343713,0.0,0.054245010018348694,0.007360178977251053,0.10976462811231613,0.0,0.09771130979061127,0.1376977264881134,0.0,0.0,0.028411149978637695,0.0,0.0,0.005770346615463495,0.029202809557318687,0.0,0.08498930931091309,0.08883629739284515,0.0,0.00337273720651865,0.15362922847270966,0.06642485409975052,0.012438579462468624,0.0,0.09753621369600296,0.011088736355304718,0.024669066071510315,0.05066557973623276,0.2362457513809204,0.0,0.0,0.0,0.0,0.114860899746418,0.2508484721183777,0.0,0.11656223237514496,0.05772455036640167,0.10344324260950089,0.12013060599565506,0.22376185655593872,0.0,0.0919114276766777,0.0,0.005973306484520435,0.04567375406622887,0.0,0.0,0.0,0.038108304142951965,0.04880527779459953,0.001755984965711832,0.11397983133792877,0.2982063889503479,0.0,0.017330612987279892,0.1684855818748474,0.13169892132282257,0.23979461193084717,0.0,0.0,0.2122766673564911,0.0,0.04209484905004501,0.046899884939193726,0.0,0.09125342220067978,0.0,0.02745308354496956,0.003021322190761566,0.13119561970233917,0.1718340367078781,0.009587209671735764,0.0,0.1604604870080948,0.05131453275680542,0.2651265859603882,0.039344049990177155,0.0,0.0,0.028736108914017677,0.013790452852845192,0.0,0.0018482482992112637,0.015382414683699608,0.14851076900959015,0.08234734833240509,0.010319366119801998,0.10288013517856598,0.0,0.0,0.0,0.0,0.4325646758079529,0.0,0.0,0.008370758034288883,0.013349225744605064,0.0,0.02640468254685402,0.006736833602190018,0.0,0.013966549187898636,0.00390856247395277,0.015307793393731117,0.04962928593158722,0.0,0.5486138463020325,0.01612773723900318,0.09439095109701157,0.15876679122447968,0.0,0.0,0.0652974396944046,0.16095945239067078,0.0,0.14919109642505646,0.2604498267173767,0.22955337166786194,0.0,0.0,0.0,0.044467050582170486,0.09886139631271362,0.008078367449343204,0.13858123123645782,0.0,0.2380041480064392,0.0,0.0,0.39649128913879395,0.28685957193374634,0.021214144304394722,0.0,0.0,0.2035272717475891,0.3154275715351105,0.0,0.4269299805164337,0.34157663583755493,0.06737048923969269,0.0,0.01807580329477787,0.045989710837602615,0.006042804103344679,0.0,0.0,0.0,0.1645030975341797,0.18185526132583618,0.0,0.07227739691734314,0.2890424132347107,0.09693458676338196,0.0,0.3075137734413147,0.3723284602165222,0.002310402225703001,0.001408144598826766,0.2794698476791382,0.09236118197441101,0.0,0.04442618414759636,0.1581573784351349,0.0,0.5945395827293396,0.13412638008594513,0.0,0.0,0.5182972550392151,0.0,0.01886487565934658,0.0,0.28947561979293823,0.001162717118859291,0.22403255105018616,0.00046860898146405816,0.04301734268665314,0.0,0.028836708515882492,0.281574547290802,0.345071017742157,0.11114798486232758,0.06809181720018387,0.16358967125415802,0.00481974333524704,0.3006833493709564,0.0,0.20964455604553223,0.0,0.0,0.15913021564483643,0.0,0.0062428731471300125,0.736037015914917,0.0,0.0,0.33449065685272217,0.002080506645143032,0.6028872132301331,0.04546040669083595,0.011951517313718796,0.0,0.23677101731300354,0.10782171040773392,0.20828162133693695,0.0,0.0,0.0,0.7741438150405884,0.13616082072257996,0.07416244596242905,0.0,0.0,0.06652598083019257,0.5531100034713745,0.0,0.17318102717399597,0.3110617399215698,0.035389646887779236,0.0,0.023702215403318405,0.11499777436256409,0.0,0.03261057287454605,0.24376356601715088,0.5412907600402832,0.01619594171643257,0.0,0.2014283537864685,0.5791428685188293,0.06787174940109253,0.021758021786808968,0.5052960515022278,0.015743544325232506,0.01839441992342472,0.02464580163359642,0.07103075087070465,0.244084894657135,0.0,3.0660536140203476e-05,0.10000810027122498,0.32772988080978394,0.16320155560970306,0.0,0.4492892026901245,0.09592915326356888,0.008224931545555592,0.003930223174393177,0.2905067801475525,0.005892847664654255,0.0,0.40737706422805786,0.009728719480335712,0.0,0.2023913860321045,0.03596865385770798,0.0,0.049058545380830765,0.34282615780830383,0.0,0.012940892949700356,0.3692384958267212,0.12981277704238892,0.0009976518340408802,0.0,0.25283607840538025,0.17848357558250427,0.0,0.0,0.3146555423736572,0.0,0.00024095340631902218,0.12377174943685532,0.0,0.010801566764712334,0.006214513909071684,0.07509338855743408,0.03385933116078377,0.0,0.07654094696044922,0.0011031873291358352,0.0,0.0,0.0,0.0,0.01175097655504942,0.027605298906564713,0.03205231577157974,0.00021962937898933887,0.019915826618671417,0.0,0.0,0.012061512097716331,0.0,0.0,0.0,0.050870198756456375,0.10365347564220428,0.0,0.0026190215721726418,0.004350065253674984,0.021162739023566246,0.0,0.04562607407569885,0.0,0.0205741748213768,0.12689678370952606,0.008248632773756981,0.0,0.16196222603321075,0.0,0.026470676064491272,0.05667285621166229,0.0,0.0,0.11983603984117508,0.2936297655105591,0.0,0.0,0.22829881310462952,0.0,0.04179340600967407,0.0032027156557887793,0.023102231323719025,0.010365504771471024,0.010215019807219505,0.03348100930452347,0.1142328605055809,0.0,0.0,0.0,0.0,0.41483497619628906,0.20871493220329285,0.0,0.07220490276813507,0.15679728984832764,0.012479346245527267,0.09108742326498032,0.5122498869895935,0.0,0.07850875705480576,0.0,0.001143570989370346,0.012922992929816246,0.0,0.0,0.0,0.6753844022750854,0.30308568477630615,0.00077816192060709,0.24750632047653198,0.16293741762638092,0.0,0.00010881246998906136,0.4143821597099304,0.011381270363926888,0.049061477184295654,0.0,0.0,0.17049118876457214,0.0,0.08791957050561905,0.2960336208343506,0.0,0.11534466594457626,0.0035570506006479263,0.20880843698978424,0.31075671315193176,0.08143734931945801,0.43570536375045776,0.0536358579993248,0.12269551306962967,0.20205742120742798,0.01671472191810608,0.35741835832595825,0.0,0.0,0.0,0.004366493318229914,0.004268060903996229,0.0,0.0,0.011351137422025204,0.039223700761795044,0.2976703941822052,0.192244291305542,0.009105784818530083,0.0,0.0,0.0,0.0,0.630790650844574,0.0,0.0,0.0027414693031460047,0.0,0.0,0.0,0.012803535908460617,0.0,0.0,0.16603070497512817,0.10101864486932755,0.004792361985892057,0.0,0.8877311944961548,0.0,0.14040812849998474,0.016753951087594032,0.0,0.0,0.07078687846660614,0.34372997283935547,0.0,0.22016999125480652,0.026999110355973244,0.0425475537776947,0.0,0.21759545803070068,0.0,0.2509640157222748,0.0032953491900116205,0.0,0.42805245518684387,0.00636080140247941,0.11622265726327896,0.0,0.0,0.4452582597732544,0.1715095341205597,0.01630442589521408,0.0,0.0,0.37243470549583435,0.35307180881500244,0.0,0.08912327140569687,0.555590808391571,0.16988429427146912,0.011445123702287674,1.877350091934204
213,0.0025873344857245684,0.13585908710956573,0.4188261032104492,0.0,0.013337739743292332,0.0,0.6130809783935547,0.015800639986991882,0.0,0.006505417171865702,0.08898595720529556,0.0,0.00015295048069674522,0.30958256125450134,0.0,0.21095700562000275,0.05286915972828865,0.0,0.0,0.0,0.0,0.14503537118434906,0.06614942103624344,0.6432040333747864,0.0,0.0,0.0,0.8561299443244934,0.09372619539499283,0.10233940184116364,0.25723132491111755,0.34724411368370056,0.0,0.41224727034568787,0.17688502371311188,0.3581065237522125,0.2100290060043335,0.7566576600074768,0.0,0.0006816925597377121,0.013075802475214005,0.41245779395103455,0.03843193128705025,0.26906919479370117,0.5695322751998901,0.9940401911735535,0.17291243374347687,0.0,0.0,0.1745021641254425,0.37659838795661926,0.0,0.0,0.010444670915603638,0.17522010207176208,0.0,0.7042160034179688,0.7724694609642029,0.13528621196746826,0.0627419576048851,0.0,0.02960403822362423,0.03661889582872391,0.0,0.0,0.1707005798816681,0.0,0.0,0.15659789741039276,0.07956720143556595,0.661893904209137,0.0,0.4053252339363098,0.00433012330904603,0.19719982147216797,0.088860884308815,0.0,0.6119802594184875,0.0,0.154743030667305,0.03643806651234627,0.3121055066585541,0.0,0.16333860158920288,0.0,0.0,0.17165769636631012,0.17891784012317657,0.4083419442176819,0.586459219455719,0.1003975197672844,0.0,0.007281877100467682,0.4532729387283325,0.003973290324211121,0.0,0.4737531244754791,0.08482812345027924,0.0,7.079293482092908e-06,0.0,0.11804653704166412,0.0,0.3648677170276642,0.8138812184333801,0.43301859498023987,0.24352224171161652,0.0,0.0,0.0,0.0,0.23855270445346832,0.2959643006324768,0.3037886917591095,0.23611398041248322,0.0,0.0,0.0,0.31595245003700256,0.13520389795303345,0.0,0.08833401650190353,0.1410306990146637,0.017636412754654884,0.0,0.4511290192604065,0.0,0.3015214502811432,0.0,0.0,0.0,0.022263551130890846,0.21841123700141907,0.0,0.08934114873409271,0.020806368440389633,0.0,0.0,0.023486163467168808,0.025607548654079437,0.0,0.04637288302183151,0.6431799530982971,0.0,0.5764697790145874,0.0,0.0,0.02110847271978855,0.0,0.0,0.04865337163209915,0.863132894039154,0.285574346780777,0.0,0.0,0.509784996509552,0.0009865412721410394,0.0,0.0035560044925659895,0.0,1.2009449005126953,0.30265936255455017,0.0,0.0,0.23499737679958344,0.04889153689146042,0.0,0.7649177312850952,0.0,0.0,0.0,0.0,0.024952275678515434,0.1094878539443016,0.08693233132362366,0.1737070232629776,0.030324647203087807,0.8394080400466919,0.0,0.03877520561218262,0.0,0.0,0.8962275385856628,0.013357308693230152,0.0,0.23367884755134583,0.28008121252059937,0.09680304676294327,0.8239158391952515,0.0,0.0,0.0,0.0,0.10398153215646744,0.2060699462890625,0.5573480129241943,0.011149889789521694,0.8204668164253235,0.0,0.12019021064043045,0.2124636322259903,0.0,0.020742515102028847,0.012630989775061607,0.0,0.0,0.0,0.0,0.0,0.0020231653470546007,0.0008421839447692037,0.3281800150871277,0.1096607968211174,0.7776158452033997,0.0,0.31718358397483826,0.6373356580734253,0.0,0.08381611108779907,0.5517266392707825,0.0,0.029018227010965347,0.0,0.0,0.0,0.03063669241964817,0.02573554217815399,0.0,0.4344276189804077,0.0030014992225915194,0.011209092102944851,0.0,0.892559289932251,0.44275838136672974,0.034284669905900955,0.3003927767276764,0.28880107402801514,0.00024700205540284514,0.28658926486968994,0.061447568237781525,0.0,0.0,0.0,1.099347710609436,0.0,0.001245227176696062,0.03902974724769592,0.0,0.0,0.0,0.0,0.013753063976764679,0.0,0.03464912250638008,0.0,0.8918401002883911,0.08138201385736465,0.08713257312774658,0.02270696870982647,0.07310900837182999,0.544219434261322,0.0,0.0,0.6484411954879761,0.3360390365123749,0.0,0.621476948261261,0.0024727615527808666,0.4337714910507202,0.044861968606710434,0.0,0.11540990322828293,0.0,0.020326660946011543,1.4763914346694946,0.9861167073249817,0.5236881971359253,0.20327894389629364,0.0,0.009984523057937622,0.0,0.00389877799898386,0.4789929986000061,0.0,0.027494143694639206,0.5249226689338684,0.0,0.0,0.584367036819458,0.31529656052589417,0.02047247439622879,0.0,0.0,0.0,0.3155219256877899,0.18434230983257294,0.7010661959648132,0.0,0.0021418051328510046,0.25001099705696106,0.0,0.0718313679099083,0.018015746027231216,0.0,0.0,0.0,0.27275359630584717,0.1484372317790985,0.0,0.04810498282313347,0.23883986473083496,0.08213353902101517,0.0,0.3438971936702728,0.05982000008225441,0.011388599872589111,0.028157232329249382,0.07750417292118073,0.05924059823155403,0.0,0.002380573423579335,0.1660003364086151,0.0,0.43671858310699463,0.0969560369849205,0.0004222821444272995,0.0,0.4044864773750305,0.0,0.061714231967926025,0.0,0.23739129304885864,0.0,0.3317923843860626,0.0,0.012111199088394642,0.10466913878917694,0.04430151730775833,0.03414890542626381,0.34039628505706787,0.0021153967827558517,0.04705500602722168,0.21547701954841614,0.03313590586185455,0.2593705654144287,0.0,0.2605705261230469,0.0,0.0,0.007680184207856655,0.014085175469517708,0.0,0.4680076837539673,0.0,0.0,0.21748021245002747,0.0,0.60603928565979,0.020715897902846336,0.0,0.0,0.3038233518600464,0.07953238487243652,0.07468600571155548,0.0,0.0,0.0,0.45460745692253113,0.06094856187701225,0.07827237993478775,0.0,0.0,0.1453871876001358,0.5115773677825928,0.0,0.13626709580421448,0.08127165585756302,0.001099820714443922,0.0,0.23603108525276184,0.08673365414142609,0.0,0.0,0.2766192555427551,0.1743638515472412,0.0566718652844429,0.0,0.12071898579597473,0.5774126052856445,0.19518035650253296,0.02300511673092842,0.25596287846565247,0.06499116867780685,0.0,0.01682307943701744,0.005121075548231602,0.31888657808303833,0.0,0.0,0.057738326489925385,0.1272357851266861,0.17527979612350464,0.0,0.3455555737018585,0.23426182568073273,0.0,0.006296487059444189,0.1500864326953888,0.0,0.0,0.2169247418642044,0.075194351375103,0.0008769985288381577,0.12476226687431335,0.0,0.0,0.050379134714603424,0.06835015118122101,0.0,0.0,0.19863377511501312,0.03713062405586243,0.0019576363265514374,0.01824670098721981,0.08958455175161362,0.3599623143672943,0.0,0.0,0.09352298825979233,0.0,0.0,0.12442252039909363,0.0,0.058977313339710236,0.00037275534123182297,0.0,0.003391912905499339,0.0,0.17401908338069916,0.00017512543126940727,0.0,0.0,0.0,0.0,0.012215862981975079,0.03597531467676163,0.0,0.014968039467930794,0.32988476753234863,0.007807489484548569,0.0,0.0,0.010811915621161461,0.0,0.0,0.0,0.026828959584236145,0.028103286400437355,0.0,0.0,0.0,0.0,0.11636733263731003,0.0,0.10042742639780045,0.11306113749742508,0.0,0.0,0.08137521892786026,0.0,0.0031723137944936752,0.0068951016291975975,0.02660832181572914,0.0,0.01646443083882332,0.11741676181554794,0.0,0.0,0.23626336455345154,0.058516088873147964,0.015859682112932205,0.0,0.09229208528995514,0.0,0.0382094569504261,0.016981543973088264,0.1646217405796051,0.0,0.0,0.0,0.0,0.20850582420825958,0.26482605934143066,0.0,0.12287725508213043,0.016954101622104645,0.12109429389238358,0.05967216193675995,0.33016467094421387,0.0,0.05029129981994629,0.0,0.006418854463845491,0.03462160751223564,0.0,0.0,0.025000300258398056,0.06415598839521408,0.09579421579837799,0.00025176769122481346,0.13698385655879974,0.31837087869644165,0.0,0.0017071757465600967,0.22953689098358154,0.10200367867946625,0.16366511583328247,0.0,0.0,0.22016337513923645,0.0,0.010801752097904682,0.05580870434641838,0.0,0.13287918269634247,0.0,0.02135327458381653,0.027810702100396156,0.08158235251903534,0.29202699661254883,0.0,0.0,0.1307883858680725,0.022524086758494377,0.34814223647117615,0.03767762333154678,0.0,0.0,0.015569942072033882,0.010074217803776264,0.0,0.0,0.005402669310569763,0.09957554936408997,0.1258181780576706,0.01557752676308155,0.08796361833810806,0.0,0.0,0.0,0.0,0.4819853901863098,0.0,0.0,0.0,0.0,0.0,0.014751162379980087,0.010422985069453716,0.0,0.019477246329188347,0.07646943628787994,0.03518082946538925,0.0046099768951535225,0.0,0.6674237251281738,9.071826934814453e-05,0.10810166597366333,0.11234479397535324,0.0,0.0,0.0782475620508194,0.22346803545951843,0.0,0.08553983271121979,0.13421198725700378,0.18070892989635468,0.0,0.0296291783452034,0.0,0.08457081764936447,0.0910295620560646,0.0014741243794560432,0.20309726893901825,2.7766101993620396e-05,0.18787220120429993,0.0,0.0,0.449084997177124,0.285952627658844,0.01666386052966118,0.0,0.0,0.25322893261909485,0.3359697461128235,0.0,0.34385913610458374,0.38525599241256714,0.043353121727705,0.0,0.0,0.09369190782308578,0.1835012584924698,0.0,0.0,0.0,0.44177567958831787,0.11196805536746979,0.0,0.010980721563100815,0.09971502423286438,0.0507454089820385,0.0031837238930165768,0.3554993271827698,0.001835082657635212,0.08718520402908325,0.04340675473213196,0.0,0.0,0.0,0.0,0.17837201058864594,0.008438934572041035,0.5965173244476318,0.0,0.00011526234447956085,0.0,0.7356321811676025,0.04314015433192253,0.05136658996343613,0.1627756655216217,0.3792686462402344,0.0,0.3730640709400177,0.04340803623199463,0.19109949469566345,0.09671124070882797,0.4136293828487396,0.008448261767625809,0.1599915325641632,0.006504465825855732,0.33783063292503357,0.08239269256591797,0.19882257282733917,0.5574111342430115,0.4456881284713745,0.2488817274570465,0.0,0.0,0.0595659539103508,0.17496143281459808,0.0,0.18677327036857605,0.00110935652628541,0.06400087475776672,0.05679400637745857,0.2990919351577759,0.7386972904205322,0.06870043277740479,0.051542118191719055,0.0,0.1945754587650299,0.10264912247657776,0.006545123644173145,0.0,0.042351678013801575,0.0,0.09487810730934143,0.17754310369491577,0.11379875242710114,0.29489216208457947,0.0,0.2343735694885254,0.18790045380592346,0.041201457381248474,0.2214774787425995,0.008915005251765251,0.33248767256736755,0.0,0.1589757204055786,0.04844546318054199,0.0976812019944191,0.008051378652453423,0.2316817045211792,0.032062847167253494,0.0042274026200175285,0.08564812690019608,0.20200186967849731,0.4545048475265503,0.3803219795227051,0.07295814901590347,0.013810091651976109,0.0,0.2659095227718353,0.02883974090218544,0.00492624007165432,0.45074978470802307,0.045915741473436356,0.0,0.08346551656723022,0.0,0.1181761771440506,0.0,0.2975205183029175,0.5669867396354675,0.1411985605955124,0.12334805727005005,0.034442853182554245,0.0,0.0,0.04860187694430351,0.11386207491159439,0.07701215147972107,0.2138252854347229,0.09950646758079529,0.0,0.01635793037712574,0.0,0.1065358966588974,0.06619742512702942,0.07402962446212769,0.05976283550262451,0.15118759870529175,0.012689601629972458,0.015783829614520073,0.3512458801269531,0.00764505797997117,0.1358552873134613,0.013300959020853043,0.0,0.0,0.08744582533836365,0.06132851541042328,0.0,0.02961001731455326,0.006444795057177544,0.0,0.0,0.07334785163402557,0.06652386486530304,0.0,0.038463495671749115,0.29464372992515564,0.0,0.3192528188228607,0.0,0.0,0.0026064610574394464,0.010131976567208767,0.0,0.019801445305347443,0.4382685720920563,0.13057810068130493,0.0,0.0,0.25627076625823975,0.030965492129325867,0.0,0.004149225074797869,0.0,0.6152572631835938,0.12164092063903809,0.0,0.0,0.22076089680194855,0.0999879539012909,0.0032783066853880882,0.30088943243026733,0.0,0.0,0.00893011037260294,0.00015910225920379162,0.016833916306495667,0.05434172600507736,0.07328838109970093,0.1569211483001709,0.0030130408704280853,0.32819369435310364,0.043188806623220444,0.009040558710694313,0.0,0.0,0.5064494609832764,0.005023881793022156,0.0,0.2033398300409317,0.2150813788175583,0.07705371826887131,0.3261511027812958,0.0,0.0,0.035074979066848755,0.059482935816049576,0.07261635363101959,0.20059683918952942,0.32106420397758484,0.007595321163535118,0.48466551303863525,0.019373103976249695,0.0,0.11114606261253357,0.0,0.02342875674366951,0.019268028438091278,0.0,0.0,0.0,0.0,0.002776804845780134,0.0,0.08723476529121399,0.2821960151195526,0.04694980010390282,0.36726123094558716,0.08561500161886215,0.18263298273086548,0.39364153146743774,0.0,0.03272932022809982,0.3706205189228058,0.017299696803092957,0.004094834439456463,0.0,0.0,0.0,0.03793990612030029,0.041444215923547745,0.023806223645806313,0.32476717233657837,0.04828697070479393,0.0036550750955939293,0.0,0.5270661115646362,0.26079797744750977,0.25295689702033997,0.16310125589370728,0.008740849792957306,0.0,0.12174010276794434,0.01864698901772499,0.0,0.0,0.0,0.5721816420555115,0.0014087045565247536,0.021423833444714546,0.01648123934864998,0.0,0.0,0.0,0.0,0.24431461095809937,0.0,0.0,0.0,0.4072537422180176,0.007750467862933874,0.013478148728609085,0.018677527084946632,0.020944958552718163,0.23467034101486206,0.001930012833327055,0.0,0.323031485080719,0.09623159468173981,0.23846125602722168,0.27373263239860535,0.014790363609790802,0.18518373370170593,0.009478721767663956,0.0,0.05927491933107376,0.09347352385520935,0.0,0.9145342111587524,0.5587149262428284,0.3205501139163971,0.005297478288412094,0.0,0.0,0.0160202756524086,0.01772112026810646,0.21580271422863007,0.004337486810982227,0.03475246578454971,0.37712955474853516,0.0,0.0,0.5738989114761353,0.3508135676383972,0.021438149735331535,0.0,0.0,0.017772924154996872,0.3341900706291199,0.05564087629318237,0.46905621886253357,0.10044099390506744,0.02286282740533352,0.1393086314201355,-1.0781406164169312
214,0.010871869511902332,0.07731997221708298,0.003566709579899907,0.0,0.0,0.0,0.04559313878417015,0.11703434586524963,0.0,0.11888720095157623,0.3507412374019623,0.05653119087219238,0.0,0.17350120842456818,0.505478024482727,0.00857020728290081,0.0,0.46795812249183655,0.2322935312986374,0.0,0.07316320389509201,0.12406948208808899,0.0,0.7825745344161987,0.1916106790304184,0.0,0.0,0.43740853667259216,0.007325485348701477,0.024916749447584152,0.0,0.22016794979572296,0.029709842056035995,0.15841196477413177,0.0029914577025920153,0.0,0.0,0.03199658915400505,0.378593772649765,0.2828337252140045,0.0804596021771431,0.006402889732271433,0.15086038410663605,0.0,0.2261563390493393,0.0,0.17662449181079865,0.006084487773478031,0.0,0.25810757279396057,0.0,0.011152436025440693,0.7868145704269409,0.0005660715396516025,0.0,0.373820036649704,0.0,0.4491714835166931,0.020521901547908783,0.003996139857918024,0.0,0.16990849375724792,0.05170299485325813,0.3407718241214752,0.0,0.0,0.0,0.9618178606033325,0.09241757541894913,0.024016285315155983,0.0,0.0,0.07885036617517471,0.6561362743377686,0.0,0.1077125146985054,0.4123365879058838,0.048879384994506836,0.0,0.0,0.2283109873533249,0.0,0.0810321718454361,0.1760140210390091,0.8165987133979797,0.02723129466176033,0.0,0.10090456157922745,0.6226677298545837,0.051211703568696976,0.036699194461107254,0.6775757074356079,0.009577463380992413,0.09479627758264542,0.002111513167619705,0.07794614881277084,0.08407287299633026,0.0,0.0,0.057358790189027786,0.47546476125717163,0.08803736418485641,0.0,0.7763113379478455,0.013242719694972038,0.0,0.00516851432621479,0.5325803756713867,0.0007167694275267422,0.0,0.43509915471076965,0.015372054651379585,0.0,0.20939652621746063,0.044629354029893875,0.01122763566672802,0.01651938445866108,0.5213087201118469,0.0,0.026259923353791237,0.33882585167884827,0.18468904495239258,0.0034294009674340487,0.0,0.2915039658546448,0.17220360040664673,0.0,0.0,0.4217320680618286,0.0,0.0,0.14112578332424164,0.0,0.01899428851902485,0.006146268919110298,0.10085500031709671,0.07333336770534515,0.0,0.06503919512033463,0.0,0.0,0.005832727067172527,0.0,0.0,0.03514448553323746,0.06012934446334839,0.026763135567307472,0.0003349623875692487,0.012731467373669147,0.0,0.0,0.013106280006468296,0.00867252703756094,0.0,0.003177858889102936,0.07045069336891174,0.07448088377714157,0.0,0.0,0.0,0.024432053789496422,0.0,0.04679444059729576,0.004463404417037964,0.0,0.08203338086605072,0.0,0.0,0.23979292809963226,0.015345552004873753,0.09395954757928848,0.08317802101373672,0.0,0.0,0.07283718883991241,0.4676276743412018,0.0,0.0,0.305989533662796,0.0,0.11758439987897873,0.010457456111907959,0.042501989752054214,0.0030821163672953844,0.02681034430861473,0.0,0.0036640597973018885,0.0,0.0,0.0,0.0,0.5571654438972473,0.15573330223560333,0.0,0.04269517585635185,0.24129420518875122,0.0,0.14727114140987396,0.7018538117408752,0.0,0.15674175322055817,0.0,0.0,0.0,0.0,0.0,0.038185667246580124,0.969298243522644,0.4245877265930176,0.0,0.21162959933280945,0.0971364825963974,0.0,0.0,0.47147804498672485,0.033204350620508194,0.026572788134217262,0.0,0.0,0.1445673257112503,0.0,0.07977751642465591,0.46467071771621704,0.0,0.16922208666801453,0.0016907869139686227,0.3108319342136383,0.48557350039482117,0.012285270728170872,0.5551717877388,0.07063960283994675,0.19996227324008942,0.29451823234558105,0.008445100858807564,0.24594470858573914,0.003985076677054167,0.0,0.0,0.0,0.006948967929929495,0.0,0.0,0.011709816753864288,0.05111215263605118,0.42276373505592346,0.21626794338226318,0.04822269454598427,0.0,0.0,0.0,0.0,0.670013964176178,0.0,0.0,0.0018558526644483209,0.0,0.0,0.0,0.0037636396009474993,0.0,0.0,0.2675582468509674,0.21541042625904083,0.0,0.0,1.0181695222854614,0.0,0.22362855076789856,0.021951530128717422,0.0,0.0,0.09064236283302307,0.3240807056427002,0.0,0.1750108301639557,0.0,0.04259307682514191,0.0,0.37795671820640564,0.0,0.43422287702560425,0.0,0.0,0.6266641616821289,0.0,0.0488186739385128,0.0,0.0,0.43252328038215637,0.034887030720710754,0.04148560389876366,0.0,0.0,0.5253356099128723,0.4231692850589752,0.0,0.01734388805925846,0.7080551385879517,0.2885471284389496,0.047415561974048615,0.5416882634162903,0.20798130333423615,0.2662208676338196,0.0,0.0,0.0,1.0151817798614502,0.0,0.007687476463615894,0.3833911120891571,0.008574907667934895,0.0,0.0,0.5910347104072571,0.0,0.009286771528422832,0.031797461211681366,0.0,0.0,0.017868485301733017,0.0,0.005202101077884436,0.03490433096885681,0.010885943658649921,0.16594313085079193,0.002946047345176339,0.0,0.7573108673095703,0.08457302302122116,0.03479490056633949,0.010237184353172779,0.563236653804779,0.0,0.005945172626525164,0.33577749133110046,0.03682831674814224,0.0,0.4683355689048767,0.061781223863363266,0.00038220908027142286,0.9565603137016296,0.31341519951820374,0.09620025753974915,0.04785769432783127,0.05707733333110809,0.6697444319725037,0.833453893661499,0.02908436208963394,0.0,0.17174343764781952,0.23679237067699432,0.017799368128180504,0.3031168282032013,0.0007998193032108247,0.07699310779571533,0.0,0.9315018057823181,1.8331695795059204,0.7444125413894653,0.2398565411567688,0.0,0.0,0.6691035628318787,0.0,0.0,0.0873865857720375,0.0018210263224318624,0.005587445106357336,0.8255873322486877,0.49270543456077576,0.3790234625339508,0.0,0.5453169941902161,0.5081740617752075,0.34983789920806885,0.0,0.24415846168994904,0.0,0.0,0.10514845699071884,0.02901189774274826,0.0,0.004890539683401585,0.2079983800649643,0.0,0.0,0.01102143432945013,0.8264026045799255,0.3188704550266266,0.41562047600746155,0.3089893162250519,0.0,0.0580042265355587,0.19683772325515747,0.0,0.5113283395767212,1.1613668203353882,0.0,0.007770908996462822,0.0001522666570963338,0.0193614698946476,0.7026661038398743,0.0,0.007349773310124874,0.5153951644897461,0.6618069410324097,0.17988085746765137,0.12752482295036316,0.2662500739097595,0.0,0.0,0.11951643228530884,0.3446751832962036,0.5295689702033997,1.036062240600586,0.0,0.22721992433071136,0.041940122842788696,0.25230488181114197,0.07628434151411057,0.0,0.7153369784355164,0.20243361592292786,0.0,0.0,0.0,0.0,0.3786470592021942,0.0,0.0003568604588508606,0.008688987232744694,0.0011408530408516526,0.6153426766395569,0.045276954770088196,0.13129590451717377,0.8938624858856201,0.0,0.0,0.3861851096153259,0.03218039125204086,0.0,0.0,0.050511106848716736,0.0,0.10378120839595795,0.0,0.6995187401771545,0.01035310234874487,0.0,0.0,0.0,0.4099135100841522,0.02441452629864216,0.0,0.0,1.2095826864242554,0.1161559596657753,0.0,0.026889128610491753,0.09963463246822357,0.6544652581214905,0.4566594362258911,0.20660609006881714,0.0,0.11996915936470032,0.26325523853302,0.0,0.4549017548561096,0.0,0.0,0.04590373858809471,0.015577699989080429,0.015657175332307816,0.04394957795739174,1.6305617094039917,0.04518449306488037,0.025149988010525703,0.4748533368110657,0.0,0.00365474377758801,0.0,0.003957320936024189,0.044352974742650986,0.024500951170921326,0.0,0.6721904873847961,1.0088274478912354,0.026550965383648872,0.7821952700614929,0.0,0.0,0.0,0.2487892508506775,0.0009642536169849336,0.4390808045864105,0.3713257610797882,0.029764117673039436,0.11204379051923752,0.0021208778489381075,0.48033010959625244,0.21520179510116577,0.0,0.12212736904621124,0.5535287261009216,0.0,0.014373896643519402,0.0,0.03374667093157768,0.0,0.29884591698646545,0.1842261701822281,0.948043942451477,0.06769970804452896,0.5200276374816895,0.0,0.061467062681913376,0.8895312547683716,0.0,0.23681220412254333,0.09617231786251068,0.0,0.6121633648872375,0.04192200303077698,0.22590668499469757,0.02272012270987034,0.0,0.8412157297134399,0.0,1.1102091073989868,0.0,0.37414121627807617,0.13676407933235168,0.47722452878952026,0.13262318074703217,0.02336915209889412,0.30786386132240295,0.5392465591430664,0.0,0.035478126257658005,0.023846281692385674,0.35487666726112366,0.0,0.003096733009442687,0.11704809963703156,0.0,0.10597465932369232,0.0,0.0,0.0,0.0,0.0,0.4555143117904663,0.0,0.0,0.0479726567864418,0.8151054978370667,0.008903443813323975,0.09689036011695862,0.06539367139339447,0.20186816155910492,0.05559519678354263,0.0,0.00819437950849533,0.2592633366584778,0.7912307977676392,0.022719040513038635,0.2114092856645584,0.0,0.20160086452960968,0.0,0.09890246391296387,0.3424542546272278,0.0,0.0,0.7940532565116882,1.2241188287734985,0.32358118891716003,0.5189617872238159,0.0,0.0,0.009715095162391663,0.08383305370807648,0.00691309804096818,0.09689944982528687,0.42356589436531067,0.8112440705299377,0.0,0.21159428358078003,0.0,0.15482690930366516,0.1566222459077835,0.0,0.10799307376146317,0.07062318176031113,0.0,0.13155683875083923,0.5431278944015503,0.21124865114688873,0.05948982015252113,0.0601903572678566,0.5444595813751221,0.1974872648715973,0.11666177958250046,0.0005298739415593445,0.0,0.0,0.7835967540740967,0.018000617623329163,0.0546339750289917,0.2996123135089874,0.010465079918503761,0.002916762139648199,0.017819007858633995,0.5437484979629517,0.0011383092496544123,0.07838618755340576,0.05949791520833969,0.0,0.0,0.03832583874464035,0.0,0.05851159989833832,0.03243083506822586,0.022795217111706734,0.14210088551044464,0.0,0.0019564933609217405,0.6858007311820984,0.12468471378087997,0.014889996498823166,0.08054584264755249,0.522737443447113,0.0,0.026578279212117195,0.2204301506280899,0.014165964908897877,0.0,0.2621292769908905,0.13827233016490936,0.15088388323783875,0.735832691192627,0.2853831350803375,0.15011347830295563,0.06658696383237839,0.1282777488231659,0.4582658112049103,0.7373301982879639,0.0020616112742573023,0.0,0.05579749122262001,0.15861624479293823,0.015171844512224197,0.5568673610687256,0.00380844809114933,0.029790431261062622,0.0,0.6374939680099487,1.5414462089538574,0.6443454623222351,0.2697603106498718,0.0,0.028630506247282028,0.7002062201499939,0.0,0.009259008802473545,0.08647045493125916,3.0311091904877685e-05,0.05195888504385948,0.7473862767219543,0.5243017077445984,0.13697479665279388,0.0,0.3630247414112091,0.5728406310081482,0.18589070439338684,0.0054576038382947445,0.1195337250828743,0.000836673250887543,0.0005291723646223545,0.12504105269908905,0.05043341964483261,0.0,0.03362579643726349,0.18119803071022034,0.004293051082640886,0.017183367162942886,0.0,0.8356757760047913,0.35307398438453674,0.4051979184150696,0.18514221906661987,0.01777692884206772,0.016257045790553093,0.06261111795902252,0.0030540800653398037,0.27553224563598633,1.1304713487625122,0.00014319023466669023,0.09642346948385239,0.013983854092657566,0.07973708212375641,0.9268500208854675,0.0,0.01950339786708355,0.3186977803707123,0.4678567349910736,0.15892529487609863,0.15461759269237518,0.24777081608772278,0.0,0.030336786061525345,0.06308969110250473,0.0769546627998352,0.5228488445281982,0.6003774404525757,0.0,0.24148719012737274,0.04817010089755058,0.07703875750303268,0.048788782209157944,0.033367566764354706,0.46290984749794006,0.17444834113121033,0.0,0.0,0.0,0.011953288689255714,0.22911392152309418,0.0,0.002597055397927761,0.002859638538211584,0.06594173610210419,0.35955217480659485,0.041371606290340424,0.14961093664169312,0.7851755023002625,0.002944064326584339,0.0,0.342719703912735,0.0713723674416542,0.0,0.0,0.01696263626217842,0.0,0.03267284855246544,0.0,0.4383660852909088,0.0,0.0,0.0,0.0,0.24635149538516998,0.10342004150152206,0.0,0.0,0.7695948481559753,0.07386009395122528,0.0,0.0019521028734743595,0.07999974489212036,0.3906756341457367,0.24388831853866577,0.10503148287534714,0.03531345725059509,0.18075796961784363,0.30979061126708984,0.0,0.16981671750545502,0.0,0.0,0.021847650408744812,0.03423214703798294,0.009942715987563133,0.0026708224322646856,1.3276342153549194,0.011708454228937626,0.02241654135286808,0.1822187304496765,0.001398731372319162,0.004214901477098465,0.0,0.034648217260837555,0.066701240837574,0.06885330379009247,0.0,0.5139250755310059,0.9396292567253113,0.026670405641198158,0.3701075315475464,0.0,0.010049384087324142,0.011310778558254242,0.3431999385356903,0.04071372374892235,0.3868570029735565,0.18239247798919678,0.02871292643249035,0.12024807929992676,0.0003916628484148532,0.073091521859169,0.0737975612282753,0.0,0.1184500977396965,0.2984997630119324,0.00042248269892297685,0.024763446301221848,0.0,0.08860363811254501,0.007066145073622465,0.22287042438983917,0.26081475615501404,0.8965200781822205,0.03705378621816635,0.25453081727027893,0.0,0.10274367034435272,0.599768340587616,0.01694166101515293,0.15989042818546295,0.05267464742064476,0.0006229892023839056,0.4956604242324829,0.017226818948984146,0.08504821360111237,0.06268943101167679,0.010034185834228992,0.4920327067375183,0.00046304010902531445,0.9148972034454346,0.0,0.2505178153514862,0.14399592578411102,0.27318304777145386,0.0715305283665657,0.06053978577256203,0.14034830033779144,0.08658107370138168,0.0,0.013846106827259064,0.01885596103966236,0.19533438980579376,0.0,0.007784572429955006,0.08728443831205368,0.0,0.11591345071792603,0.0002527875476516783,0.0,0.0,0.004150674678385258,0.0,0.7135072350502014,0.0,0.0,0.02362276241183281,0.31931498646736145,0.00041561078978702426,0.10813771188259125,0.0583370178937912,0.13237592577934265,0.0665409043431282,0.0,0.010126934386789799,0.19603265821933746,0.3935430645942688,0.3592493534088135,0.18934305012226105,0.0,0.20126624405384064,0.0,0.052490949630737305,0.27890536189079285,0.031758759170770645,0.01479873526841402,0.4270332455635071,0.8751262426376343,0.22716937959194183,0.17353563010692596,0.00461859256029129,0.0,0.0096127325668931,0.07629778981208801,0.020656980574131012,0.06220046803355217,0.36732423305511475,0.6878766417503357,0.01235554926097393,0.051440998911857605,0.03647153824567795,0.15666164457798004,0.07223771512508392,0.0,0.04811850190162659,0.16263025999069214,0.012233463115990162,0.056161485612392426,0.2831783592700958,0.3544064164161682,0.05485173687338829,0.0578780360519886,0.3174160122871399
215,0.13153815269470215,0.12858760356903076,0.03004780039191246,0.0,0.0,0.0,0.5562533140182495,0.05380178242921829,0.0,0.010689820162951946,0.03480154275894165,0.00260109337978065,0.0,0.3128419816493988,0.0,0.10133884102106094,0.05611870810389519,0.0,0.0,0.0,0.0,0.05313727259635925,0.0,0.23703445494174957,0.02067524753510952,0.0,0.0,0.4913625419139862,0.011280184611678123,0.09143953025341034,0.11721061915159225,0.31382495164871216,0.0,0.282706618309021,0.09305407851934433,0.054687339812517166,0.008726174011826515,0.21744012832641602,0.001476589939557016,0.07102115452289581,0.06225984916090965,0.16409090161323547,0.08353523164987564,0.11004164069890976,0.1733936071395874,0.16816218197345734,0.2776561677455902,0.026863113045692444,0.0,0.046216439455747604,0.16113682091236115,0.0,0.15428856015205383,0.019062049686908722,0.04703988507390022,0.0,0.30243420600891113,0.7333893775939941,0.2095789760351181,0.06671468168497086,0.0,0.08180157095193863,0.14018121361732483,0.0,0.0,0.009148037992417812,0.0,0.0,0.2182289958000183,0.15299701690673828,0.0365862138569355,0.0,0.17397506535053253,0.1411513388156891,0.0771331712603569,0.04741378873586655,0.009152904152870178,0.0588875412940979,0.0,0.1588183045387268,0.00938901025801897,0.06765460968017578,0.0,0.13808095455169678,0.0011169823119416833,0.0,0.058433063328266144,0.28909072279930115,0.33238694071769714,0.41317516565322876,0.03734861686825752,0.0,0.02431419864296913,0.07341345399618149,0.0,0.016532711684703827,0.5905753374099731,0.0,0.005387780722230673,0.0,0.0,0.3674263060092926,0.0,0.26546066999435425,0.41535863280296326,0.2449435591697693,0.05567939952015877,0.008707800880074501,0.005539460573345423,0.0,0.0,0.06696517765522003,0.04628325626254082,0.2565564215183258,0.0803874060511589,0.0,0.03540181741118431,0.0,0.09012733399868011,0.021488627418875694,0.0,0.056905072182416916,0.0,0.008996901102364063,0.0,0.32387545704841614,0.0,0.027254806831479073,0.0,0.033114347606897354,0.0,0.16968075931072235,0.03239649161696434,0.0028584820684045553,0.0330452062189579,0.13951373100280762,0.0,0.0,0.05075351893901825,0.010137014091014862,0.0,0.0,0.013710932806134224,0.0,0.14939726889133453,0.0,0.04916941747069359,0.0,0.007824589498341084,0.0,0.05180671811103821,0.15970702469348907,0.09217426925897598,0.0,0.0,0.31081023812294006,0.01859320141375065,0.0,0.03400709107518196,0.03834942728281021,0.30184850096702576,0.2095961570739746,0.013509219512343407,0.0,0.13388940691947937,0.11398546397686005,0.0,0.1704460084438324,0.0,0.0,0.0,0.002265953691676259,0.022037873044610023,0.02868298813700676,0.2555587887763977,0.11340128630399704,0.026940813288092613,0.1474878191947937,0.0,0.02282305806875229,0.0,0.0,0.22601720690727234,0.0,0.0,0.2037024348974228,0.33564332127571106,0.0,0.08683321624994278,0.0,0.0,0.0,0.14073991775512695,0.008201501332223415,0.28719282150268555,0.09654376655817032,0.02784579247236252,0.21012119948863983,0.0,0.04135638475418091,0.12204794585704803,0.0,0.03324095532298088,0.09259480237960815,0.0,0.0,0.0,0.0,0.0,0.09389567375183105,0.05115225166082382,0.37553492188453674,0.04071866348385811,0.2569482922554016,0.0,0.07176444679498672,0.40695667266845703,0.0007231479394249618,0.028414223343133926,0.2533780038356781,0.0,0.07320413738489151,0.0,0.0003991533594671637,0.013262348249554634,0.0,0.058382511138916016,0.0,0.36639687418937683,0.0,0.010631314478814602,0.0,0.33714237809181213,0.07933700084686279,0.07300762087106705,0.13905219733715057,0.05063137784600258,0.0,0.03970684856176376,0.08612551540136337,0.0627865344285965,0.0,0.0,0.34194737672805786,0.0,0.019089147448539734,0.05012441426515579,0.0,0.0,0.0,0.0,0.2785615026950836,0.0,0.0,0.01285085640847683,0.15001901984214783,0.0,0.07677320390939713,0.05956804007291794,0.005413317121565342,0.15919899940490723,0.0,0.0,0.16626282036304474,0.21273648738861084,0.10866978019475937,0.11625723540782928,0.0,0.18332929909229279,0.0,0.006549063138663769,0.08812972158193588,0.0012092192191630602,0.0,0.3314476013183594,0.5888422727584839,0.21927380561828613,0.06503534317016602,0.0,0.0,0.0,0.002769127953797579,0.013730060309171677,0.007652553729712963,0.046891529113054276,0.4589390456676483,0.0,0.06468583643436432,0.23182375729084015,0.16791141033172607,0.021466994658112526,0.0,0.003176826983690262,0.0,0.23012106120586395,0.0,0.5445550084114075,0.04758678004145622,0.002124018734320998,0.024829111993312836,0.19096942245960236,0.06657204777002335,0.014637235552072525,0.0,0.0,0.0,0.25212806463241577,0.03590346872806549,0.01669534482061863,0.09201082587242126,0.17550627887248993,0.05560586228966713,0.0,0.30988994240760803,0.2218373864889145,0.0,0.0,0.14808447659015656,0.10742507874965668,0.0,0.01971619203686714,0.06867247074842453,0.0,0.34367820620536804,0.2164638787508011,0.0,0.0,0.4123300015926361,0.0050306436605751514,0.051289644092321396,0.0,0.31302839517593384,0.0,0.14565959572792053,0.032239269465208054,0.0007679172558709979,0.023347895592451096,0.03677438199520111,0.1457180678844452,0.2611095905303955,0.27090322971343994,0.02531818114221096,0.19820046424865723,0.0,0.1093292236328125,0.0,0.3725196123123169,0.0,0.0,0.121455617249012,0.0019010765245184302,0.0,0.7374283671379089,0.0,0.0,0.14336898922920227,0.0016067863907665014,0.7674259543418884,0.1797519028186798,0.027640899643301964,0.0,0.05040149763226509,0.2974924147129059,0.12340424209833145,0.0,0.0,0.0,0.6155166029930115,0.27918994426727295,0.25422996282577515,0.0,0.0,0.1434609591960907,0.7372457981109619,0.0,0.011934120208024979,0.21990759670734406,0.0,0.0,0.13895262777805328,0.13836990296840668,0.0,0.06236310675740242,0.19517755508422852,0.2653966546058655,0.07203363627195358,0.0,0.3199876546859741,0.5587625503540039,0.17344285547733307,0.03874891623854637,0.3496263325214386,0.0727778822183609,0.0,0.004447184968739748,0.10321836918592453,0.4113636612892151,0.0,0.0022775547113269567,0.00438864529132843,0.40473562479019165,0.3651406466960907,0.0,0.29468026757240295,0.09619895368814468,0.019928015768527985,0.01005264651030302,0.3714379370212555,0.030462712049484253,0.0,0.28306397795677185,0.08470229059457779,0.0,0.25612854957580566,0.07241783291101456,0.0,0.1541435271501541,0.24148207902908325,0.0,0.007854459807276726,0.15729127824306488,0.22154827415943146,0.016538679599761963,0.0,0.08611736446619034,0.03561508655548096,0.0,0.0,0.1302153319120407,0.0,0.0,0.043357208371162415,0.010124062187969685,0.07303908467292786,0.002827913500368595,0.1854272037744522,0.04228357970714569,0.0,0.2104029357433319,0.0052359625697135925,0.0,0.0,0.0,0.0,0.027805205434560776,0.05792625620961189,0.05554915964603424,0.0,0.16626007854938507,0.0,0.0,0.0,0.00028230829047970474,0.0,0.0,0.12635299563407898,0.06894265860319138,0.0,0.0,0.0,0.0,0.03202933073043823,0.11312462389469147,0.00226426450535655,0.04264003783464432,0.1630694568157196,0.0,0.0,0.09979967027902603,0.0,0.05066360533237457,0.03795298933982849,0.02013598196208477,0.0,0.3752627372741699,0.11681999266147614,0.0,0.0,0.22169966995716095,0.008932462893426418,0.03518933802843094,0.0,0.09111177921295166,0.017615631222724915,0.045465752482414246,0.08376587182283401,0.2702322006225586,0.0,0.0,0.0,0.0,0.31884339451789856,0.35967954993247986,0.0,0.19007739424705505,0.03453550115227699,0.12031012028455734,0.024028269574046135,0.4160534143447876,0.0,0.04355234652757645,0.0,0.00763992452993989,0.10343591123819351,0.0,0.0,0.0683162659406662,0.5607102513313293,0.2043638527393341,0.009016272611916065,0.2651447653770447,0.3810056149959564,0.0,0.0,0.21214018762111664,0.054769303649663925,0.1420644372701645,0.0,0.0,0.030252784490585327,0.01757875084877014,0.1319584995508194,0.3323647081851959,0.0,0.16875940561294556,0.0,0.22486169636249542,0.11828604340553284,0.2328578382730484,0.22495105862617493,0.12113206833600998,0.15403763949871063,0.1274459958076477,0.006419497076421976,0.1770574003458023,0.0008375893230549991,0.0,0.0,0.0,0.009176014922559261,0.0,0.0,0.007667143363505602,0.0,0.24307012557983398,0.08279936760663986,0.0745639055967331,0.0,0.0,0.0,0.0,0.6997887492179871,0.0,0.0,0.03638496622443199,0.0,0.0,0.01215039100497961,0.01215918269008398,0.0,0.0,0.056050315499305725,0.08578643947839737,0.0,0.0,0.7135717868804932,0.0,0.1129380464553833,0.030258430168032646,0.0,0.0,0.13622279465198517,0.25617414712905884,0.0,0.07253029942512512,0.11423657834529877,0.0854414775967598,0.0,0.1332719624042511,0.0,0.1579771786928177,0.050880298018455505,0.0,0.31869715452194214,0.0186690092086792,0.19831949472427368,0.0,0.0,0.2677072286605835,0.04208596050739288,0.031335022300481796,0.0,0.0,0.4959276020526886,0.18558450043201447,0.0,0.10464989393949509,0.6725872159004211,0.07083355635404587,0.0,0.1868344098329544,0.08380720764398575,0.0,0.0,0.0,0.0,0.4171046316623688,0.08358662575483322,0.007595766801387072,0.05768321827054024,0.07226267457008362,0.04769505187869072,0.0,0.3485521674156189,0.03349824249744415,0.035367269068956375,0.01626848801970482,0.0,0.004373386036604643,0.0,0.0,0.09495661407709122,0.0005211242823861539,0.3096694350242615,0.07010667026042938,0.0,0.0,0.537352442741394,0.015008636750280857,0.03367338702082634,0.07567392289638519,0.3808458745479584,0.0,0.2076350599527359,0.041636962443590164,0.03996262326836586,0.0,0.0861874595284462,0.07717766612768173,0.216211199760437,0.18508251011371613,0.16064807772636414,0.12399016320705414,0.03543085977435112,0.21257367730140686,0.007391324266791344,0.3709776699542999,0.0,0.008746628649532795,0.05462096258997917,0.08232130855321884,0.0027884577866643667,0.5001756548881531,0.0,0.003452580189332366,0.02827974408864975,0.07654887437820435,0.8250521421432495,0.21346470713615417,0.10018466413021088,0.0,0.14267632365226746,0.25672319531440735,0.01835034415125847,0.0,0.002199726179242134,0.0,0.22417999804019928,0.29102998971939087,0.26905593276023865,0.0,0.0,0.09184850007295609,0.41072291135787964,0.00709268543869257,0.09583654254674911,0.09760286659002304,0.02510301023721695,0.0,0.11263655126094818,0.04643669351935387,0.006305904593318701,0.017395183444023132,0.21931487321853638,0.06612075120210648,0.013066533021628857,0.02001124992966652,0.3771182596683502,0.4003632366657257,0.2695578932762146,0.02515033818781376,0.03614269569516182,0.02969992719590664,0.05591292306780815,0.010692182928323746,0.08663690835237503,0.5751351118087769,0.0,0.016432074829936028,0.04481014981865883,0.07990475744009018,0.3922062814235687,0.0,0.23313114047050476,0.28025010228157043,0.06926579028367996,0.026845743879675865,0.10215010493993759,0.04604493826627731,0.0,0.08678332716226578,0.04520880803465843,0.0,0.2891246974468231,0.10255566239356995,0.0,0.09641243517398834,0.059802476316690445,0.01570216566324234,0.019135739654302597,0.09199206531047821,0.13011838495731354,0.057325199246406555,0.0021785302087664604,0.01453406736254692,0.10304385423660278,0.012730754911899567,0.02166408859193325,0.010720551945269108,0.0,0.007386151235550642,0.08620446175336838,0.014038973487913609,0.023670779541134834,0.02866985648870468,0.2271985560655594,0.009022320620715618,0.0,0.09944088011980057,0.056717440485954285,0.0,0.0,0.0,0.0015181340277194977,0.05350429192185402,0.0,0.0806075930595398,0.0,0.015263061970472336,0.0,0.0025310588534921408,0.023917226120829582,0.040177375078201294,0.0,0.0,0.22307908535003662,0.07401539385318756,0.0,0.006876442115753889,0.04355398565530777,0.06694845855236053,0.10917219519615173,0.016061225906014442,0.002057934645563364,0.14343544840812683,0.1439363807439804,0.0,0.01159705501049757,0.0,0.0,0.03469827026128769,0.04258367046713829,0.017412256449460983,0.006877930369228125,0.3749074339866638,0.1198914423584938,0.0,0.017078295350074768,0.06645828485488892,0.007856164127588272,0.024781573563814163,0.008905844762921333,0.14186784625053406,0.010311298072338104,0.003807006636634469,0.21118299663066864,0.36399775743484497,0.0,0.0012707170099020004,0.0,0.0,0.09084445983171463,0.22894304990768433,0.008508512750267982,0.2318791300058365,0.042719483375549316,0.02776823192834854,0.11006920039653778,0.05982184410095215,0.0,0.06790725886821747,0.0,0.023191703483462334,0.0760187953710556,0.0,0.0,0.0011971498606726527,0.21894954144954681,0.02175302617251873,0.029497133567929268,0.21411605179309845,0.4121382534503937,0.0030933921225368977,0.022207558155059814,0.05167556554079056,0.028548968955874443,0.2786267399787903,0.00031929268152453005,0.006863801274448633,0.14176690578460693,0.005652488674968481,0.12466467171907425,0.04236588254570961,0.0,0.05999281629920006,0.011809681542217731,0.1440296173095703,0.02352440543472767,0.3704272210597992,0.0246872678399086,0.06238198280334473,0.09873051196336746,0.21773557364940643,0.030783528462052345,0.22115032374858856,0.055572547018527985,0.0,0.0,0.0151883065700531,0.037899795919656754,0.012853923253715038,0.0,0.008233346045017242,0.09757580608129501,0.00765786599367857,0.0615655891597271,0.0072175427339971066,0.0,0.0,0.001996272476390004,0.0,0.5339113473892212,0.0,0.0,0.014610826969146729,0.025247227400541306,0.0,0.05169003829360008,0.06852751225233078,0.027961106970906258,0.06675723195075989,0.008442915044724941,0.0,0.024676982313394547,0.021997446194291115,0.4464700520038605,0.03682057186961174,0.010126044042408466,0.0350075401365757,0.0,0.01699041575193405,0.09465692192316055,0.14245672523975372,0.0,0.27070721983909607,0.33822545409202576,0.1175510361790657,0.0,0.00672771455720067,0.0,0.009768369607627392,0.02219611033797264,0.0,0.09250301867723465,0.10808490216732025,0.34484344720840454,0.0,0.008907127194106579,0.22015032172203064,0.2002120465040207,0.050075922161340714,0.0,0.0,0.09512581676244736,0.21440882980823517,0.0,0.27168741822242737,0.3176301419734955,0.032905641943216324,0.00923830270767212,-0.09753789752721786
216,0.11134401708841324,0.03647176921367645,0.0,0.0,0.0,0.0,0.17191481590270996,0.07056143879890442,0.0,0.14149805903434753,0.20300723612308502,0.03349851071834564,0.0,0.19250436127185822,0.3503038287162781,0.021290471777319908,0.0009642578661441803,0.2556535005569458,0.1121664047241211,0.0,0.039822109043598175,0.06129957735538483,0.0,0.5820100903511047,0.20658603310585022,0.0,0.0,0.43088868260383606,0.013500324450433254,0.010893180966377258,0.0,0.2844684422016144,0.0001321898598689586,0.13115717470645905,0.0,0.0,0.0,0.04849565774202347,0.32425594329833984,0.2276691347360611,0.16044993698596954,0.029913097620010376,0.10288923233747482,0.0,0.1580210030078888,0.0,0.2971082031726837,0.006088886875659227,0.0,0.2528356909751892,0.0,0.015278611332178116,0.722912609577179,0.0,0.0,0.19318000972270966,0.001937571563757956,0.6003533601760864,0.10417098551988602,0.04395179823040962,0.0,0.1032523438334465,0.1474563628435135,0.1558137685060501,0.0,0.0,0.0,0.7173817753791809,0.18132056295871735,0.08879882842302322,0.0,0.005019551608711481,0.11362045258283615,0.6121194362640381,0.0,0.03684977814555168,0.354778915643692,0.007953540422022343,0.0,0.0,0.18664458394050598,0.005199391394853592,0.0843380019068718,0.1856423318386078,0.5455053448677063,0.027331914752721786,0.0,0.26064416766166687,0.5308283567428589,0.1357373744249344,0.03862462937831879,0.39824873208999634,0.017414061352610588,0.060927681624889374,0.013028864748775959,0.13163794577121735,0.19219300150871277,0.0,0.0,0.013101966120302677,0.398832231760025,0.1724168360233307,0.0,0.521311342716217,0.03561054542660713,0.0,0.0034319923724979162,0.48372989892959595,0.013260476291179657,0.0,0.2968652844429016,0.024102887138724327,0.0002660834288690239,0.2661992609500885,0.0963263213634491,0.011067231185734272,0.04465872421860695,0.40434667468070984,0.0,0.027406880632042885,0.1947300285100937,0.21155321598052979,0.006892366334795952,0.0,0.17051778733730316,0.06107572093605995,0.0,0.0,0.2527128756046295,0.0,0.004267246928066015,0.11830674111843109,0.0,0.030277298763394356,0.007201485335826874,0.19052177667617798,0.07515481114387512,0.0,0.08809475600719452,0.0,0.0,0.0,0.0,0.0,0.03181629255414009,0.05150219798088074,0.04751049727201462,0.0,0.0,0.0,0.0,0.006499860901385546,0.007400515954941511,0.0,0.002901093102991581,0.16651690006256104,0.05023684352636337,0.0,0.0,0.004277663305401802,0.012171633541584015,0.008930547162890434,0.07610659301280975,0.002223402261734009,0.006403806619346142,0.10458870232105255,0.003244836116209626,0.0,0.1269545555114746,0.003013682784512639,0.07920712977647781,0.06595709919929504,0.0,0.0,0.1787603199481964,0.32325008511543274,0.0,0.0,0.2471953183412552,0.0004856702289544046,0.09861825406551361,0.0032379503827542067,0.04427728429436684,0.016017181798815727,0.024699527770280838,0.04825865104794502,0.14504191279411316,0.0,0.0,0.0,0.0,0.42152026295661926,0.1882982850074768,0.0,0.0936059057712555,0.18610528111457825,0.0,0.11202772706747055,0.49552884697914124,0.0,0.16329015791416168,0.0,0.0,0.013474092818796635,0.0,0.0,0.012575368396937847,0.8687257766723633,0.28520017862319946,0.0,0.22977082431316376,0.21489045023918152,0.0,0.0,0.27667680382728577,0.048823654651641846,0.05786345526576042,0.0,0.0,0.05726166442036629,0.0,0.11410529166460037,0.37206602096557617,0.0,0.1445809155702591,0.0013328945497050881,0.35336393117904663,0.262187659740448,0.07629036903381348,0.35088497400283813,0.06086321547627449,0.21863099932670593,0.2760104238986969,0.0065058087930083275,0.1575356125831604,0.0,0.0,0.0,0.0,0.014347326941788197,0.0,0.0,0.015094412490725517,0.005324672441929579,0.2736263573169708,0.11848185211420059,0.029433760792016983,0.0,0.0,0.0,0.0,0.6440237164497375,0.0,0.0,0.004623372573405504,0.0,0.0,0.0,0.03236476704478264,0.0,0.0,0.11239078640937805,0.14353090524673462,0.0,0.0,0.8146477937698364,0.0026972044724971056,0.1360054910182953,0.03697935491800308,0.0,0.0,0.127252459526062,0.2309778481721878,0.0,0.1716720163822174,0.0,0.03360705450177193,0.0,0.22845908999443054,0.0,0.2540074586868286,0.0,0.0,0.42641502618789673,0.014872067607939243,0.13736648857593536,0.0,0.0,0.2812066674232483,0.0336177833378315,0.04287974163889885,0.0,0.0,0.5031542778015137,0.3068658709526062,0.0,0.036804843693971634,0.6712118983268738,0.18047769367694855,0.040350526571273804,0.21135397255420685,0.16368333995342255,0.3006960451602936,0.002022149972617626,0.0,0.0,0.6620597839355469,0.007338314782828093,0.01444399543106556,0.2242066115140915,0.11454814672470093,0.0,0.006280526518821716,0.4398556649684906,0.0,0.009850467555224895,0.01355209480971098,0.0,0.029359210282564163,0.002865022514015436,0.0,0.008065898902714252,0.04125101491808891,0.22342093288898468,0.15631404519081116,0.0,0.0,0.5896819829940796,0.051792412996292114,0.03436441347002983,0.020618952810764313,0.3704442083835602,0.0,0.03597940132021904,0.2675250470638275,0.03427460417151451,0.024952037259936333,0.41178885102272034,0.06738121807575226,0.0063053942285478115,0.45375940203666687,0.1704915314912796,0.24578538537025452,0.06500820815563202,0.14888985455036163,0.37461671233177185,0.365071564912796,0.00728614954277873,0.0,0.08387341350317001,0.049301937222480774,0.024698102846741676,0.33403024077415466,0.0024955717381089926,0.04790530726313591,0.0,0.6341126561164856,1.0662723779678345,0.47533494234085083,0.07243207842111588,0.0,0.0,0.29114994406700134,0.0,0.0,0.030841363593935966,0.003048443468287587,0.11773202568292618,0.39951276779174805,0.3035438358783722,0.2064230740070343,0.0,0.2849150598049164,0.35565266013145447,0.1292908489704132,0.0032504878472536802,0.16454321146011353,0.027914052829146385,0.05700276419520378,0.07382573932409286,0.09183510392904282,0.0,0.004968573804944754,0.16115079820156097,0.15292750298976898,0.036931272596120834,0.006592522840946913,0.4098944365978241,0.4637494683265686,0.23136471211910248,0.1696758270263672,0.17911551892757416,0.13305436074733734,0.19771039485931396,0.0,0.3549935817718506,0.6166591644287109,0.0,0.0038551469333469868,0.0,0.12752480804920197,0.4324106276035309,0.0,0.23713107407093048,0.27916571497917175,0.35417088866233826,0.13047058880329132,0.20352843403816223,0.13989180326461792,0.0,0.011352458968758583,0.10612738132476807,0.127827450633049,0.32633140683174133,0.511719822883606,0.0,0.1708398014307022,0.1291632205247879,0.08304929733276367,0.05834691599011421,0.0,0.5261316299438477,0.21322683990001678,0.0,0.0,0.011463630944490433,0.0,0.28547045588493347,0.019630268216133118,0.0,0.0,0.0010322887683287263,0.3106068968772888,0.07316531985998154,0.054214298725128174,0.3361462354660034,0.0,0.0,0.2943195402622223,0.03190044313669205,0.0,0.0,0.10404369980096817,0.0,0.1476890742778778,0.005969866644591093,0.2932624816894531,0.01536628883332014,0.09134518355131149,0.0,0.0,0.40263253450393677,0.020653344690799713,0.0,0.0,0.8684978485107422,0.075149767100811,0.018069501966238022,0.010028261691331863,0.042474403977394104,0.4163159430027008,0.22669334709644318,0.17270304262638092,0.0,0.07547541707754135,0.1286180317401886,0.0013771954691037536,0.20559315383434296,0.005333349108695984,0.0,0.06609470397233963,0.004401098471134901,0.02549971640110016,0.02965303137898445,0.781672477722168,0.07660334557294846,0.02138376608490944,0.16806825995445251,0.01080312766134739,0.018513699993491173,0.0,0.042925164103507996,0.12901437282562256,0.04174438863992691,0.01700666919350624,0.2911026179790497,0.46161794662475586,0.0,0.521885335445404,0.0,0.0,0.016904396936297417,0.10552322864532471,0.0,0.1781127154827118,0.4355640411376953,0.22152642905712128,0.1534048169851303,0.09620432555675507,0.2731040120124817,0.11747045814990997,0.0,0.09102772921323776,0.3304016590118408,0.0,0.0018539518350735307,0.03087480179965496,0.0,0.0910230204463005,0.21245895326137543,0.09627927094697952,0.4468301832675934,0.000563003879506141,0.39303451776504517,0.05527415871620178,0.0703425481915474,0.5113773345947266,0.018741104751825333,0.09145786613225937,0.12788067758083344,0.005904513876885176,0.3377918004989624,0.1075432226061821,0.1490030288696289,0.05730927735567093,0.0050107515417039394,0.5648149251937866,0.07215465605258942,0.5766286849975586,0.007657333742827177,0.2248346358537674,0.06827103346586227,0.44339719414711,0.17542152106761932,0.024963874369859695,0.1377827674150467,0.23502187430858612,0.0,0.01472224947065115,0.007736827712506056,0.1735798716545105,0.01623666286468506,0.005489659495651722,0.12048237770795822,0.07032069563865662,0.1927460879087448,0.07577567547559738,0.0,0.0,0.0,0.0,0.394935667514801,0.0,0.0,0.07308560609817505,0.49655094742774963,0.0072781117632985115,0.04997655376791954,0.054081499576568604,0.09324093908071518,0.023699847981333733,0.0,0.07982303202152252,0.19840936362743378,0.4267433285713196,0.1031820997595787,0.12373550236225128,0.05542928725481033,0.13857121765613556,0.0,0.0081739891320467,0.17589424550533295,0.0,0.0,0.8221926093101501,0.5827541947364807,0.23567628860473633,0.2619774043560028,0.003103991039097309,0.0,0.04674599692225456,0.08386930078268051,0.060932695865631104,0.17490558326244354,0.23034024238586426,0.47793886065483093,0.006964626256376505,0.06950539350509644,0.08496613800525665,0.092059426009655,0.1277420073747635,0.0,0.005977871362119913,0.05714227631688118,0.0987311527132988,0.03154429420828819,0.3692677915096283,0.1976015567779541,0.12157999724149704,0.06478565186262131,0.245473250746727,0.11879658699035645,0.12343784421682358,0.0,0.0,0.0,0.5273993611335754,0.03492000326514244,0.008036891929805279,0.18385903537273407,0.01043438259512186,0.015061086975038052,0.0,0.44498884677886963,0.004850110504776239,0.06483486294746399,0.013235866092145443,0.0,0.0,0.011573588475584984,0.0,0.08039763569831848,0.010148090310394764,0.19185397028923035,0.12955044209957123,0.0005837588105350733,0.0,0.617347002029419,0.04221204295754433,0.005712789949029684,0.026885300874710083,0.4319753348827362,0.0,0.11534663289785385,0.09968860447406769,0.03084573522210121,0.0,0.20973780751228333,0.11146630346775055,0.18628135323524475,0.4197378158569336,0.2420463263988495,0.1196974515914917,0.04137735813856125,0.21931801736354828,0.1732378900051117,0.5578930377960205,0.0,0.0,0.07366291433572769,0.07171081751585007,0.0,0.5145564675331116,0.0,0.022747375071048737,0.00014127667236607522,0.25617778301239014,1.1442087888717651,0.3641572594642639,0.16791220009326935,0.0,0.0774851143360138,0.4174754321575165,0.00581993255764246,0.0,0.01288016140460968,0.0,0.1458466798067093,0.42271170020103455,0.3291079103946686,0.08108207583427429,0.0,0.258895605802536,0.5806185007095337,0.03240209445357323,0.05761568993330002,0.145814448595047,0.01753866672515869,0.0,0.09406570345163345,0.05297607183456421,0.0,0.023955097422003746,0.24606019258499146,0.04804820194840431,0.01783224567770958,0.0,0.5043835043907166,0.3589309751987457,0.23775359988212585,0.1144859790802002,0.02114001102745533,0.0009592539863660932,0.0695890486240387,0.015565481968224049,0.20259959995746613,0.6708346605300903,0.0,0.021171966567635536,0.048216987401247025,0.08653364330530167,0.40135976672172546,0.0,0.05055781081318855,0.29223257303237915,0.13307595252990723,0.08809790760278702,0.1529848426580429,0.08167070895433426,0.0,0.029130393639206886,0.028461148962378502,0.040668606758117676,0.35279932618141174,0.3495423495769501,0.0,0.13375191390514374,0.09793836623430252,0.042429160326719284,0.051624055951833725,0.0542176254093647,0.315361887216568,0.1887998729944229,0.0,0.0024172146804630756,0.011936417780816555,0.0,0.1480148434638977,0.0002975367533508688,0.0,0.00021036487305536866,0.04416671395301819,0.13931810855865479,0.0679362341761589,0.06778930127620697,0.4051128923892975,0.004765789024531841,0.0,0.28207120299339294,0.07460042834281921,0.0,0.0,0.00669867405667901,0.0,0.05044897273182869,0.0,0.23879170417785645,0.0,0.0,0.0,0.0,0.14703060686588287,0.004503334406763315,0.0,0.0,0.4992591440677643,0.07698369771242142,0.0,0.00406684959307313,0.049360938370227814,0.20932862162590027,0.09764375537633896,0.07014184445142746,0.006823113653808832,0.17755058407783508,0.19127540290355682,0.0,0.04006354883313179,0.0,0.0,0.021140234544873238,0.030207769945263863,0.0,0.0048671141266822815,0.7121337056159973,0.042872145771980286,0.00045022202539257705,0.08771155774593353,0.02103440649807453,0.0018751753959804773,0.0,0.014803794212639332,0.09583111852407455,0.032696809619665146,0.0,0.34845826029777527,0.5124797821044922,0.013336247764527798,0.18533174693584442,0.0,0.0,0.037274349480867386,0.19192375242710114,0.02197822369635105,0.2871367037296295,0.16391171514987946,0.02423684112727642,0.15097205340862274,0.04247181490063667,0.011113736778497696,0.10066063702106476,0.0,0.047003380954265594,0.1970382034778595,0.0,0.002459513721987605,0.0,0.15918102860450745,0.03282478451728821,0.05202057212591171,0.260396808385849,0.5186727046966553,0.009709954261779785,0.13175638020038605,0.042605772614479065,0.08862606436014175,0.4431440830230713,0.0032034011092036963,0.06127903237938881,0.1097177267074585,0.014603612013161182,0.23875880241394043,0.046589143574237823,0.04027469828724861,0.04090651124715805,0.028008976951241493,0.35435938835144043,0.0034645397681742907,0.5860694646835327,0.0,0.13407231867313385,0.11444077640771866,0.2602134346961975,0.070474773645401,0.1889970749616623,0.1103675365447998,0.0014023404801264405,0.0,0.0055976202711462975,0.016024598851799965,0.05281522125005722,0.0,0.01254908088594675,0.04872212931513786,0.006479207426309586,0.07224063575267792,0.0037480576429516077,0.0,0.0,0.005138061009347439,0.0,0.557377278804779,0.0,0.0,0.020706238225102425,0.21518683433532715,0.0,0.023589547723531723,0.037547577172517776,0.07524902373552322,0.05828399956226349,0.004625972360372543,0.0227093193680048,0.10865602642297745,0.10981813818216324,0.43856123089790344,0.06942863762378693,0.0,0.08429522067308426,0.0,0.02452223375439644,0.2163669615983963,0.09912589937448502,0.0,0.48795896768569946,0.48255103826522827,0.14996613562107086,0.028021451085805893,0.0053374310955405235,0.00010657004168024287,0.01592399738729,0.04088340699672699,0.01336247380822897,0.13641230762004852,0.20658721029758453,0.43786466121673584,0.0,0.025525802746415138,0.14407947659492493,0.20750196278095245,0.040892343968153,0.0,0.0010799235897138715,0.13717013597488403,0.09349402040243149,0.0015383899444714189,0.2543083429336548,0.3599676191806793,0.08600958436727524,0.06648313999176025,0.1305231750011444
217,0.08555958420038223,0.12197568267583847,0.2657015025615692,0.0,0.0,0.0,0.554180920124054,0.021581020206212997,0.017007816582918167,0.21662405133247375,0.038197752088308334,0.0,0.0,0.3360939621925354,0.0,0.06665964424610138,0.0,0.0,0.0,0.002113375812768936,0.0,0.007220244500786066,0.015379172749817371,0.3887833058834076,0.102030910551548,0.0010325330076739192,0.0,0.6312861442565918,0.045153792947530746,0.010146803222596645,0.059204887598752975,0.33228492736816406,0.0,0.07084959000349045,0.12692604959011078,0.045857563614845276,0.0,0.407912015914917,0.1568085253238678,0.0225753765553236,0.3744402229785919,0.14112697541713715,0.14026446640491486,0.022651849314570427,0.22281070053577423,0.27632641792297363,0.29302582144737244,0.016876500099897385,0.0,0.21918454766273499,0.09299203008413315,0.0036158524453639984,0.27891597151756287,0.005374039988964796,0.07116185128688812,0.0,0.41538572311401367,0.9314582943916321,0.2796251177787781,0.05751028284430504,0.0,0.0019695856608450413,0.12170346081256866,0.0,0.0,0.0,0.0,0.0763348862528801,0.2722720503807068,0.11276166886091232,0.14645832777023315,0.0,0.2893589437007904,0.3741455078125,0.04340989515185356,0.021139616146683693,0.2529618740081787,0.1186448335647583,0.0,0.0010672964854165912,0.07905300706624985,0.020018666982650757,0.0,0.17820706963539124,0.20426733791828156,0.012238740921020508,0.0,0.27588608860969543,0.4460205137729645,0.22320733964443207,0.14955686032772064,0.013567081652581692,0.003707310650497675,0.2024647742509842,0.0,0.2945483326911926,0.4101978838443756,0.0,0.0,0.0,0.04244392737746239,0.2840019762516022,0.00411278335377574,0.31425219774246216,0.2280573844909668,0.12307335436344147,0.09157802164554596,0.2031387835741043,0.026713285595178604,0.0,0.0,0.07896634191274643,0.14438621699810028,0.3046388328075409,0.4688125550746918,0.0,0.07591549307107925,0.18129348754882812,0.10110453516244888,0.06893303245306015,0.0,0.4285569190979004,0.2511771321296692,0.0026447863783687353,0.0,0.0020820030476897955,0.0,0.30782973766326904,0.0,0.005357574671506882,0.0,0.03129344806075096,0.21093177795410156,0.07609601318836212,0.07444217056035995,0.24039311707019806,0.0,0.0,0.1519589126110077,0.0,0.0,0.0,0.10135243088006973,0.0,0.1860274374485016,0.0,0.19337835907936096,0.0028471872210502625,0.0,0.0,0.0,0.3886139392852783,0.016819126904010773,0.0,0.0,0.774865448474884,0.08855872601270676,0.0,0.0017891466850414872,0.018777329474687576,0.4813806712627411,0.06210532411932945,0.1007334366440773,0.0,0.0007535979384556413,0.09028535336256027,0.0,0.08702776581048965,0.0,0.0,0.036823149770498276,0.0,0.0,0.00760143855586648,0.5416900515556335,0.18172045052051544,0.017451245337724686,0.20712952315807343,0.0,0.007264137268066406,0.0,0.019961338490247726,0.19897539913654327,0.05118269473314285,0.0,0.2572493553161621,0.35811975598335266,0.016123278066515923,0.4241897761821747,0.0,0.0,0.0,0.012896138243377209,0.030953455716371536,0.12596027553081512,0.512128472328186,0.04305853322148323,0.3555532693862915,0.05528116971254349,0.09849698841571808,0.20765426754951477,0.0,0.021168846637010574,0.2402060478925705,0.0,0.0,0.0,0.07784321159124374,0.05353492125868797,0.10897692292928696,0.04056359454989433,0.3583240211009979,0.02623583748936653,0.32427823543548584,0.004896427039057016,0.07091834396123886,0.4582730233669281,0.0,0.06341103464365005,0.22205977141857147,0.005846045445650816,0.2567245662212372,0.034743890166282654,0.0548991933465004,0.013052741065621376,0.038681820034980774,0.570581316947937,0.0036336169578135014,0.4904848039150238,0.0,0.15490292012691498,0.1085275411605835,0.5043468475341797,0.19228427112102509,0.02460399642586708,0.13433824479579926,0.04553646966814995,0.0,0.02135668694972992,0.0024436318781226873,0.1435951292514801,0.005415624938905239,0.0007463902584277093,0.26009079813957214,0.0,0.13062314689159393,0.021742774173617363,0.0,0.0,0.0,0.0,0.28524693846702576,0.0,0.0,0.02518092468380928,0.49875590205192566,0.0,0.0016351882368326187,0.017628444358706474,0.17282985150814056,0.08895856887102127,0.0,0.05073035880923271,0.20874564349651337,0.34945476055145264,0.2417229264974594,0.09288235008716583,0.0,0.08240842074155807,0.0,0.0,0.17382189631462097,0.0,0.0,0.9008073806762695,0.376160591840744,0.21095295250415802,0.09500398486852646,0.0,0.0,0.035066377371549606,0.01199956052005291,0.06941776722669601,0.1840866655111313,0.1734108179807663,0.3803858757019043,0.0,0.055089958012104034,0.1297026127576828,0.058198411017656326,0.06397438794374466,0.0,0.0018858835101127625,0.04392554238438606,0.1822126805782318,0.0,0.34922048449516296,0.1641208529472351,0.1791517436504364,0.1352359652519226,0.2500429153442383,0.0638703852891922,0.013276522979140282,0.0,0.0,0.0,0.335460901260376,0.049788158386945724,0.016848094761371613,0.01959373988211155,0.1192018985748291,0.11472751200199127,0.0,0.22303742170333862,0.275554895401001,0.0,0.011928926222026348,0.1315649449825287,0.08957014977931976,0.0,0.02314114011824131,0.05358079448342323,0.0,0.2887517809867859,0.26961269974708557,0.0,0.0,0.3938469886779785,0.0,0.024858009070158005,0.0,0.31233859062194824,0.0003373372310306877,0.15237268805503845,0.10395126044750214,0.0,0.02825348637998104,0.04021443799138069,0.08813821524381638,0.1840033382177353,0.3005979061126709,0.012325461022555828,0.21747583150863647,0.006009830627590418,0.13705050945281982,0.0,0.30970993638038635,0.0,0.0,0.1713206022977829,0.008313809521496296,0.0,0.7282446026802063,0.0,0.0,0.20541594922542572,0.013050656765699387,0.7356860637664795,0.1978560835123062,0.016076266765594482,0.0,0.05456430837512016,0.27335992455482483,0.11752321571111679,0.0,0.0,0.0,0.6495761871337891,0.28292107582092285,0.23540566861629486,0.0,0.0,0.0951356366276741,0.87591552734375,0.0,0.011612892150878906,0.2339518815279007,0.0,0.0,0.16672880947589874,0.11369683593511581,0.0,0.00036079506389796734,0.1806754320859909,0.3276730477809906,0.05284794420003891,0.0,0.4302669167518616,0.6218665242195129,0.29355674982070923,0.07273878157138824,0.37453848123550415,0.10167412459850311,0.0,0.00668615847826004,0.18335746228694916,0.4867174029350281,0.0,0.0,0.035921595990657806,0.35149332880973816,0.536053478717804,0.0,0.31586953997612,0.1929216831922531,0.0,0.015755467116832733,0.29121696949005127,0.001494853408075869,0.0,0.37530675530433655,0.10510722547769547,0.0,0.20799696445465088,0.1065419390797615,0.007077335380017757,0.1708323061466217,0.3270508050918579,0.0,0.008606871590018272,0.21753911674022675,0.2720661759376526,0.0,0.0,0.1955406665802002,0.08650822192430496,0.0,0.0010077859042212367,0.2563461661338806,0.0,0.0,0.1235080361366272,0.005301470868289471,0.06921247392892838,0.0014578565023839474,0.25411954522132874,0.06033007800579071,0.0,0.19352535903453827,0.00040933964191935956,0.0,0.0,0.0,0.0,0.006377942394465208,0.04870814085006714,0.10578322410583496,0.02078287862241268,0.21005618572235107,0.0,0.0,0.02132727950811386,0.005392902530729771,0.0,0.0,0.13515642285346985,0.03502452000975609,0.0085755018517375,0.0,0.0,0.012197330594062805,0.01801108941435814,0.11926230043172836,0.0,0.010834737680852413,0.190739706158638,0.0,0.0,0.20849807560443878,0.0,0.06149435043334961,0.194657564163208,0.006038543302565813,0.0,0.5568512082099915,0.2211374044418335,0.0,0.011748124845325947,0.15001870691776276,0.032415203750133514,0.02200070209801197,0.0011994927190244198,0.08872040361166,0.004859786480665207,0.04872555658221245,0.10332979261875153,0.25541579723358154,0.0,0.0,0.0,0.0,0.5019413232803345,0.4043756425380707,0.0,0.2039462924003601,0.039559438824653625,0.13154399394989014,0.052669938653707504,0.44153380393981934,0.0,0.0824648067355156,0.0,0.005600187927484512,0.2277863770723343,0.012270423583686352,0.0,0.0857437252998352,0.5047435760498047,0.20843666791915894,0.04430871084332466,0.25779929757118225,0.5319267511367798,0.0,0.0,0.17708635330200195,0.034176524728536606,0.13577845692634583,0.0,0.0,0.1851639300584793,0.0,0.1314733922481537,0.2327018678188324,0.007826641201972961,0.18963861465454102,0.004223279654979706,0.4379979968070984,0.1710011512041092,0.31821128726005554,0.2796030640602112,0.09001155942678452,0.21803900599479675,0.10892681032419205,0.002505057957023382,0.06594624370336533,0.035082537680864334,0.0,0.0,0.0,0.02697053551673889,0.003304495243355632,0.0025778908748179674,0.013915243558585644,0.03129402920603752,0.21776752173900604,0.1900121569633484,0.05986658111214638,0.0031792446970939636,0.0,0.007395695894956589,0.0,0.7434573173522949,0.0,0.0,0.07460236549377441,0.0,0.0,0.016842026263475418,0.0071949041448533535,0.0,0.004167447332292795,0.19811606407165527,0.12371603399515152,0.01365527044981718,0.0,0.9271535277366638,0.0,0.06858193874359131,0.06732801347970963,0.0,0.0,0.17549438774585724,0.22491100430488586,0.0,0.061167020350694656,0.21867959201335907,0.0853915736079216,0.0,0.15760159492492676,0.0,0.256428986787796,0.02494940161705017,0.0,0.41839471459388733,0.012825747020542622,0.2629847228527069,0.0,0.0,0.18316690623760223,0.06727590411901474,0.02873341739177704,0.0,0.0,0.4921342730522156,0.21688398718833923,0.0,0.12653911113739014,0.6669278740882874,0.035688616335392,0.0030347537249326706,0.22464005649089813,0.11130969971418381,0.13082145154476166,0.0,0.005958522204309702,0.0,0.47724220156669617,0.07657230645418167,0.016807034611701965,0.12324287742376328,0.04442119225859642,0.05838421732187271,0.0,0.35036277770996094,0.13026981055736542,0.04145621135830879,0.028761891648173332,0.01913466863334179,0.0,0.007216818630695343,0.0,0.09927991032600403,0.0008421625825576484,0.2762133479118347,0.11144042015075684,0.0,0.0,0.6130298972129822,0.038088683038949966,0.004216026049107313,0.013007056899368763,0.3974086046218872,0.0,0.12425477802753448,0.11468036472797394,0.006521071773022413,0.0,0.20569084584712982,0.157053604722023,0.16765840351581573,0.3790954649448395,0.18658553063869476,0.1338348090648651,0.0450458824634552,0.23513124883174896,0.10826720297336578,0.395457923412323,0.00716720474883914,0.0,0.1355058252811432,0.0592377670109272,0.0,0.549360454082489,0.0002487802121322602,0.021580884233117104,0.061285920441150665,0.19607149064540863,0.991015613079071,0.28773757815361023,0.11891251802444458,0.0,0.1305621862411499,0.3110133707523346,0.06231817230582237,0.006496087647974491,0.009476843290030956,0.0,0.2802506983280182,0.39881792664527893,0.23186521232128143,0.0737239271402359,0.0,0.1894376128911972,0.6132779121398926,0.016580745577812195,0.08845149725675583,0.22527150809764862,0.046993743628263474,0.0,0.06798068434000015,0.052997298538684845,0.0,0.0,0.21127891540527344,0.14760342240333557,0.01751522533595562,0.0,0.5063228607177734,0.4816288948059082,0.24727602303028107,0.10898872464895248,0.11050819605588913,0.008527316153049469,0.08229416608810425,0.02691595070064068,0.21721677482128143,0.6136431694030762,0.0,0.011328253895044327,0.08060594648122787,0.09456115961074829,0.4882563054561615,0.0,0.11259372532367706,0.2749257981777191,0.042567845433950424,0.06175457313656807,0.14980949461460114,0.03199372813105583,0.0,0.1577310413122177,0.04882001504302025,0.050043102353811264,0.31970125436782837,0.33170953392982483,0.0,0.12114866077899933,0.1875443309545517,0.04097065329551697,0.05890035629272461,0.16825677454471588,0.3337898254394531,0.12490107119083405,0.0,0.09851604700088501,0.04375767335295677,0.0,0.1787927746772766,0.07907821238040924,0.0,0.00016208375745918602,0.1386079639196396,0.08793862909078598,0.06457200646400452,0.048936840146780014,0.3444151282310486,0.012329048477113247,0.0,0.19332003593444824,0.027355773374438286,0.0,0.0,0.010833163745701313,0.010872234590351582,0.03221232071518898,0.0,0.20837175846099854,0.002310794312506914,0.0,0.0,0.0,0.1946498155593872,0.01761840097606182,0.0,0.0,0.4375632703304291,0.060325492173433304,0.0,0.0,0.029481863602995872,0.23658065497875214,0.06085485219955444,0.06004908308386803,0.017038945108652115,0.12733589112758636,0.1989094465970993,0.0,0.041161902248859406,0.03184312582015991,0.0,0.03861166164278984,0.1396128386259079,0.0,0.0,0.6907820105552673,0.13907206058502197,0.0,0.11329638212919235,0.04756942763924599,0.00818692333996296,0.0,0.05971638485789299,0.11306394636631012,0.017342878505587578,0.0,0.2898101508617401,0.3740260899066925,0.00577332079410553,0.1482151597738266,0.0,0.0052059972658753395,0.1700294315814972,0.21007876098155975,0.006666663568466902,0.2238880842924118,0.21237774193286896,0.027897367253899574,0.17524471879005432,0.13677000999450684,0.023387981578707695,0.12536558508872986,0.0,0.028993094339966774,0.2252887785434723,0.006104325409978628,0.005875920876860619,0.0,0.27223822474479675,0.03397369384765625,0.05599541589617729,0.23818539083003998,0.536084771156311,0.008591986261308193,0.09864840656518936,0.11354666948318481,0.04514962062239647,0.3499753177165985,0.023791050538420677,0.02681800164282322,0.22415021061897278,0.014349005185067654,0.2049781084060669,0.04579513892531395,0.0522785447537899,0.05680534988641739,0.037988267838954926,0.4612240791320801,0.0789472684264183,0.5315186381340027,0.057037629187107086,0.10057627409696579,0.15179204940795898,0.27791857719421387,0.08179191499948502,0.12895379960536957,0.11988092958927155,0.0026849964633584023,0.0,0.006792393513023853,0.025112975388765335,0.06515873968601227,0.0,0.008929720148444176,0.11989717930555344,0.03733157739043236,0.15329785645008087,0.0008354023448191583,0.0,0.0,0.004205468576401472,0.0,0.5776333808898926,0.0,0.0,0.035724036395549774,0.21958386898040771,0.0,0.01168074831366539,0.03831861540675163,0.048673100769519806,0.051659174263477325,0.07726561278104782,0.05005839094519615,0.1150338426232338,0.09728336334228516,0.663733720779419,0.03917566314339638,0.0,0.07391760498285294,0.0,0.0023818467743694782,0.19812752306461334,0.13523732125759125,0.0025970477145165205,0.5034776926040649,0.39643096923828125,0.1199168711900711,0.02687765471637249,0.04310671240091324,0.0028009514790028334,0.08244246244430542,0.029197920113801956,0.003699289634823799,0.2587060332298279,0.15207096934318542,0.38517874479293823,0.006109640933573246,0.018481552600860596,0.14101575314998627,0.1478385180234909,0.04481091722846031,0.0,0.0008259907481260598,0.17988435924053192,0.17145049571990967,0.0,0.2113785296678543,0.40009641647338867,0.09086944162845612,0.07739168405532837,-0.0083078658208251
218,0.08555958420038223,0.12197568267583847,0.2657015025615692,0.0,0.0,0.0,0.554180920124054,0.021581020206212997,0.017007816582918167,0.21662405133247375,0.038197752088308334,0.0,0.0,0.3360939621925354,0.0,0.06665964424610138,0.0,0.0,0.0,0.002113375812768936,0.0,0.007220244500786066,0.015379172749817371,0.3887833058834076,0.102030910551548,0.0010325330076739192,0.0,0.6312861442565918,0.045153792947530746,0.010146803222596645,0.059204887598752975,0.33228492736816406,0.0,0.07084959000349045,0.12692604959011078,0.045857563614845276,0.0,0.407912015914917,0.1568085253238678,0.0225753765553236,0.3744402229785919,0.14112697541713715,0.14026446640491486,0.022651849314570427,0.22281070053577423,0.27632641792297363,0.29302582144737244,0.016876500099897385,0.0,0.21918454766273499,0.09299203008413315,0.0036158524453639984,0.27891597151756287,0.005374039988964796,0.07116185128688812,0.0,0.41538572311401367,0.9314582943916321,0.2796251177787781,0.05751028284430504,0.0,0.0019695856608450413,0.12170346081256866,0.0,0.0,0.0,0.0,0.0763348862528801,0.2722720503807068,0.11276166886091232,0.14645832777023315,0.0,0.2893589437007904,0.3741455078125,0.04340989515185356,0.021139616146683693,0.2529618740081787,0.1186448335647583,0.0,0.0010672964854165912,0.07905300706624985,0.020018666982650757,0.0,0.17820706963539124,0.20426733791828156,0.012238740921020508,0.0,0.27588608860969543,0.4460205137729645,0.22320733964443207,0.14955686032772064,0.013567081652581692,0.003707310650497675,0.2024647742509842,0.0,0.2945483326911926,0.4101978838443756,0.0,0.0,0.0,0.04244392737746239,0.2840019762516022,0.00411278335377574,0.31425219774246216,0.2280573844909668,0.12307335436344147,0.09157802164554596,0.2031387835741043,0.026713285595178604,0.0,0.0,0.07896634191274643,0.14438621699810028,0.3046388328075409,0.4688125550746918,0.0,0.07591549307107925,0.18129348754882812,0.10110453516244888,0.06893303245306015,0.0,0.4285569190979004,0.2511771321296692,0.0026447863783687353,0.0,0.0020820030476897955,0.0,0.30782973766326904,0.0,0.005357574671506882,0.0,0.03129344806075096,0.21093177795410156,0.07609601318836212,0.07444217056035995,0.24039311707019806,0.0,0.0,0.1519589126110077,0.0,0.0,0.0,0.10135243088006973,0.0,0.1860274374485016,0.0,0.19337835907936096,0.0028471872210502625,0.0,0.0,0.0,0.3886139392852783,0.016819126904010773,0.0,0.0,0.774865448474884,0.08855872601270676,0.0,0.0017891466850414872,0.018777329474687576,0.4813806712627411,0.06210532411932945,0.1007334366440773,0.0,0.0007535979384556413,0.09028535336256027,0.0,0.08702776581048965,0.0,0.0,0.036823149770498276,0.0,0.0,0.00760143855586648,0.5416900515556335,0.18172045052051544,0.017451245337724686,0.20712952315807343,0.0,0.007264137268066406,0.0,0.019961338490247726,0.19897539913654327,0.05118269473314285,0.0,0.2572493553161621,0.35811975598335266,0.016123278066515923,0.4241897761821747,0.0,0.0,0.0,0.012896138243377209,0.030953455716371536,0.12596027553081512,0.512128472328186,0.04305853322148323,0.3555532693862915,0.05528116971254349,0.09849698841571808,0.20765426754951477,0.0,0.021168846637010574,0.2402060478925705,0.0,0.0,0.0,0.07784321159124374,0.05353492125868797,0.10897692292928696,0.04056359454989433,0.3583240211009979,0.02623583748936653,0.32427823543548584,0.004896427039057016,0.07091834396123886,0.4582730233669281,0.0,0.06341103464365005,0.22205977141857147,0.005846045445650816,0.2567245662212372,0.034743890166282654,0.0548991933465004,0.013052741065621376,0.038681820034980774,0.570581316947937,0.0036336169578135014,0.4904848039150238,0.0,0.15490292012691498,0.1085275411605835,0.5043468475341797,0.19228427112102509,0.02460399642586708,0.13433824479579926,0.04553646966814995,0.0,0.02135668694972992,0.0024436318781226873,0.1435951292514801,0.005415624938905239,0.0007463902584277093,0.26009079813957214,0.0,0.13062314689159393,0.021742774173617363,0.0,0.0,0.0,0.0,0.28524693846702576,0.0,0.0,0.02518092468380928,0.49875590205192566,0.0,0.0016351882368326187,0.017628444358706474,0.17282985150814056,0.08895856887102127,0.0,0.05073035880923271,0.20874564349651337,0.34945476055145264,0.2417229264974594,0.09288235008716583,0.0,0.08240842074155807,0.0,0.0,0.17382189631462097,0.0,0.0,0.9008073806762695,0.376160591840744,0.21095295250415802,0.09500398486852646,0.0,0.0,0.035066377371549606,0.01199956052005291,0.06941776722669601,0.1840866655111313,0.1734108179807663,0.3803858757019043,0.0,0.055089958012104034,0.1297026127576828,0.058198411017656326,0.06397438794374466,0.0,0.0018858835101127625,0.04392554238438606,0.1822126805782318,0.0,0.34922048449516296,0.1641208529472351,0.1791517436504364,0.1352359652519226,0.01359045971184969,0.06842907518148422,0.012967283837497234,0.0,0.0,0.0,0.27339187264442444,0.13347871601581573,0.0,0.04216497391462326,0.2059255838394165,0.07142982631921768,0.0,0.33623993396759033,0.045446086674928665,0.01442609541118145,0.0028870534151792526,0.06494036316871643,0.023400966078042984,0.0,0.0007160819950513542,0.12235639989376068,0.0,0.3818981945514679,0.08162401616573334,0.0,0.0,0.3998706042766571,0.0029305501375347376,0.042115360498428345,0.003075650194659829,0.26704317331314087,0.0,0.2883268892765045,0.0002589946088846773,0.008165821433067322,0.06492599099874496,0.03526395559310913,0.029881412163376808,0.22347784042358398,0.03393346443772316,0.06279740482568741,0.18208734691143036,0.010179105214774609,0.24151937663555145,0.0,0.24904532730579376,0.0,0.0,0.028346916660666466,0.029407700523734093,0.0,0.5092979669570923,0.0,0.0,0.15015088021755219,0.0002261863846797496,0.575769305229187,0.05552315711975098,0.005887157749384642,0.0,0.23285433650016785,0.09257085621356964,0.04567568749189377,0.0,0.0,0.0,0.41690266132354736,0.11741648614406586,0.10853424668312073,0.0,0.0,0.10275048762559891,0.48404446244239807,0.0,0.11883912980556488,0.07380825281143188,0.006214309483766556,0.0,0.1819303035736084,0.07198487222194672,0.0,0.0,0.27160152792930603,0.16704079508781433,0.040256600826978683,0.0,0.16247114539146423,0.5311940312385559,0.17626839876174927,0.02109970711171627,0.23755131661891937,0.05475069582462311,0.0,0.008783196099102497,0.015023920685052872,0.30743035674095154,0.0,0.0,0.04731198400259018,0.13922865688800812,0.2096046656370163,0.0,0.2855217456817627,0.22231009602546692,0.0011938376119360328,0.009548623114824295,0.13182908296585083,0.0,0.0,0.1789725124835968,0.07690439373254776,0.0,0.16038250923156738,0.00031190449954010546,0.0,0.04568907618522644,0.0739215761423111,0.0,0.011702573858201504,0.14719165861606598,0.04617661237716675,0.006241334602236748,0.008690955117344856,0.08801243454217911,0.25527065992355347,0.0,0.0,0.08684554696083069,0.0,0.0,0.13178184628486633,0.0,0.04007420316338539,0.000641721417196095,0.02492900937795639,0.0,0.0,0.14865925908088684,0.0030413679778575897,0.0,0.0,0.0,0.0,0.019925247877836227,0.015870505943894386,0.002986953593790531,0.009519594721496105,0.23764832317829132,0.005111345089972019,0.0,0.0014322857605293393,0.008897701278328896,0.0,0.0,0.01089381892234087,0.03507944568991661,0.012861368246376514,0.0,0.0,0.0017559909028932452,0.007886558771133423,0.06268095970153809,0.0,0.08598712831735611,0.12352471798658371,0.0,0.0,0.061136987060308456,0.0,0.007282293401658535,0.020492829382419586,0.007796814199537039,0.0,0.08072422444820404,0.09445689618587494,0.0,0.0,0.18299929797649384,0.027347246184945107,0.02876567281782627,0.0,0.09175162762403488,0.0,0.026110593229532242,0.048503629863262177,0.16464252769947052,0.0,0.0,0.0,0.0,0.20111574232578278,0.25530195236206055,0.0,0.14515960216522217,0.016259904950857162,0.07362816482782364,0.055704694241285324,0.26955389976501465,0.0,0.04042985662817955,0.0,0.006281314883381128,0.04510199651122093,0.0,0.0,0.029178142547607422,0.1237763985991478,0.09986547380685806,0.0002521371643524617,0.12091970443725586,0.32551586627960205,0.0,0.0,0.22372913360595703,0.05508660152554512,0.1676347255706787,0.0,0.0,0.16392312943935394,0.0,0.02314501814544201,0.07144699990749359,0.0,0.11428382992744446,0.0,0.01438187900930643,0.04751647263765335,0.10912704467773438,0.2670091390609741,0.009262476116418839,0.0037018044386059046,0.139445960521698,0.011627181433141232,0.2773013114929199,0.023589083924889565,0.0,0.0,0.002551002660766244,0.018405983224511147,0.0,0.0,0.0,0.08504431694746017,0.11358300596475601,0.016217699274420738,0.09076856821775436,0.0,0.0,0.0,0.0,0.48401907086372375,0.0,0.0,0.0023380310740321875,0.0,0.0,0.008695918135344982,0.007594543043524027,0.0,0.022749854251742363,0.027145804837346077,0.03500255197286606,0.016240466386079788,0.0,0.5716292858123779,0.002176095964387059,0.08420208841562271,0.07017448544502258,0.0,0.0,0.05654827132821083,0.19191080331802368,0.0,0.1275525689125061,0.11963040381669998,0.11768019199371338,0.0,0.019038954749703407,0.0,0.062384121119976044,0.014463196508586407,0.0008846620912663639,0.18584492802619934,0.002169413259252906,0.17702285945415497,0.0,0.0,0.39399969577789307,0.21218609809875488,0.014484514482319355,0.0,0.0,0.23619689047336578,0.307256281375885,0.0,0.27758392691612244,0.3707291781902313,0.04442350193858147,0.0,0.09825785458087921,0.09190864115953445,0.1376044750213623,0.0,0.0,0.0,0.5032170414924622,0.10531697422266006,0.0,0.1735326498746872,0.019841106608510017,0.02837263233959675,0.0,0.4301832318305969,0.0004782078613061458,0.053442809730768204,0.02372240275144577,0.0,0.0,0.0037975634913891554,0.0,0.09291503578424454,0.0030715949833393097,0.2565127909183502,0.10340552031993866,0.002003444591537118,0.0,0.6265695691108704,0.04104223474860191,0.002454666653648019,0.020322365686297417,0.4029974043369293,0.0,0.1685589998960495,0.057935524731874466,0.05585860460996628,0.0,0.23790498077869415,0.07870598882436752,0.15261879563331604,0.30064231157302856,0.2804219126701355,0.10454019159078598,0.07814852148294449,0.2972768247127533,0.1590699702501297,0.4436814486980438,0.003711272496730089,0.0,0.07990792393684387,0.07901295274496078,0.0,0.4313298463821411,0.0,0.03545001521706581,0.019942648708820343,0.2370496392250061,0.9925017952919006,0.24249382317066193,0.12214504182338715,0.0,0.17745894193649292,0.24252067506313324,0.004092469811439514,0.0,0.006922921631485224,0.0,0.124114491045475,0.3311961591243744,0.18152359127998352,0.10257746279239655,0.0,0.24134135246276855,0.46630626916885376,0.022523069754242897,0.15135805308818817,0.1327812671661377,0.04802072420716286,0.0,0.0717725083231926,0.031949061900377274,0.0,0.0017523608403280377,0.2794431746006012,0.037146300077438354,0.018952634185552597,0.0,0.38716554641723633,0.3875473439693451,0.1873590648174286,0.10831340402364731,0.015364580787718296,0.001769911963492632,0.07253255695104599,0.02734403684735298,0.168927401304245,0.5208269953727722,0.0,0.003826962551102042,0.09004457294940948,0.042800989001989365,0.23121674358844757,0.0,0.055252932012081146,0.31657329201698303,0.06523674726486206,0.09590974450111389,0.08427360653877258,0.057109132409095764,0.0,0.0499119907617569,0.042917490005493164,0.06491807848215103,0.2917901575565338,0.30721405148506165,0.0,0.06993488222360611,0.07523974031209946,0.05708549544215202,0.05016373097896576,0.07921146601438522,0.2857802212238312,0.1782718449831009,0.006490950006991625,0.02419182099401951,0.08999163657426834,0.0,0.15885408222675323,0.009542410261929035,0.0,0.0,0.09693057835102081,0.10210791975259781,0.05730205774307251,0.04477974772453308,0.2562680244445801,0.0,0.0,0.2416517436504364,0.05586165189743042,0.0,0.0,0.01649876870214939,0.0,0.06622093170881271,0.0,0.17464281618595123,0.0,0.0,0.0,0.0,0.1712828278541565,0.006040206644684076,0.0,0.0,0.4197174608707428,0.07268905639648438,0.0,0.01202146802097559,0.040896959602832794,0.2474008947610855,0.06726133823394775,0.05499263107776642,0.002769915387034416,0.1813700944185257,0.1744086742401123,0.0,0.0848911926150322,0.0,0.0,0.015311850234866142,0.015262295491993427,0.0,0.005016333889216185,0.47161975502967834,0.04561372473835945,0.0016384521732106805,0.13254213333129883,0.031244490295648575,0.0012764649000018835,0.0,0.00749156204983592,0.11952601373195648,0.018219010904431343,0.0,0.31299418210983276,0.3722437918186188,0.011473539285361767,0.19736921787261963,0.0,0.0,0.0508706197142601,0.129301518201828,0.018775666132569313,0.2202274352312088,0.1875406801700592,0.02366061881184578,0.16670043766498566,0.03088291920721531,0.039515990763902664,0.10705825686454773,0.0,0.036912817507982254,0.16149190068244934,0.0,0.0022134657483547926,0.0,0.05564362555742264,0.0024504391476511955,0.007537749130278826,0.17701192200183868,0.41231080889701843,0.014380499720573425,0.15985268354415894,0.07729265838861465,0.07909867912530899,0.4079943299293518,0.00515696732327342,0.05579392984509468,0.20081496238708496,0.008098460733890533,0.1859198361635208,0.013964721001684666,0.047359101474285126,0.027750182896852493,0.026825467124581337,0.3253006041049957,0.009040702134370804,0.46961408853530884,0.016033248975872993,0.10772065073251724,0.07378826290369034,0.2976694703102112,0.11114385724067688,0.26677289605140686,0.12463082373142242,0.012849124148488045,0.0,0.008234736509621143,0.015341437421739101,0.0597957968711853,0.0,5.743652582168579e-05,0.1330835223197937,0.0031027719378471375,0.037605151534080505,0.00484958803281188,0.0,0.0,0.0007466276292689145,0.0,0.448123574256897,0.0,0.0,0.008252992294728756,0.2549577057361603,0.0,0.016629809513688087,0.04665025696158409,0.06163245439529419,0.06992321461439133,0.0052328393794596195,0.02612880989909172,0.13781824707984924,0.1339906007051468,0.39738011360168457,0.0578194186091423,0.0,0.10658320039510727,0.0,0.005823907908052206,0.1866651326417923,0.09810428321361542,0.0,0.5836003422737122,0.38742712140083313,0.18086223304271698,0.03677743673324585,0.0,0.002457672031596303,0.01435763482004404,0.034873116761446,0.024988505989313126,0.11009132117033005,0.15936535596847534,0.3818510174751282,0.0,0.03534725680947304,0.2450503259897232,0.2581406831741333,0.04049348831176758,0.0,0.002651698188856244,0.06239193677902222,0.1630108803510666,0.000518391199875623,0.3121202886104584,0.2353523075580597,0.07537440210580826,0.06202857941389084,0.38356295228004456
219,0.4131839871406555,0.059250492602586746,0.028756121173501015,0.004445741418749094,0.0,0.0,0.5656653642654419,0.018349740654230118,0.03760075569152832,0.14509405195713043,0.1356019228696823,0.014812207780778408,0.0,0.3548623025417328,0.031922534108161926,0.0,0.008691570721566677,0.058697666972875595,0.13726122677326202,0.005344265606254339,0.0022851868998259306,0.005730575416237116,0.0,0.16414545476436615,0.42752805352211,0.0027536842972040176,0.0053381482139229774,0.4650440216064453,0.03364168480038643,0.08668088167905807,0.027550382539629936,0.41861486434936523,0.0,0.011976998299360275,0.2241167575120926,0.0,0.0,0.08772578090429306,0.19295762479305267,0.12891623377799988,0.6091896891593933,0.0450713150203228,0.3034476935863495,0.0,0.09821467846632004,0.026867805048823357,0.5582608580589294,0.0016409866511821747,0.0,0.09931690245866776,0.0,0.0,0.7537484169006348,0.0,0.0,0.0,0.24861808121204376,1.065958857536316,0.40364494919776917,0.11656896024942398,0.0,0.0031114311423152685,0.45088115334510803,0.0,0.0,0.0,0.0,0.379576712846756,0.5284143090248108,0.4035486876964569,0.0,0.0,0.22604413330554962,0.7926527261734009,0.03784502297639847,0.0,0.2647179067134857,0.0,0.0002971559879370034,0.1577298641204834,0.13237540423870087,0.0,0.06842095404863358,0.13355907797813416,0.1941370964050293,0.03557085618376732,0.0,0.5674266219139099,0.6343843340873718,0.2929762005805969,0.13954316079616547,0.30292731523513794,0.1914157122373581,0.0537002794444561,0.008551635779440403,0.4343968331813812,0.7670871615409851,0.0,0.03624368831515312,0.004754796624183655,0.34881624579429626,0.7691382765769958,0.0,0.2651955485343933,0.12953989207744598,0.21316733956336975,0.05648849532008171,0.32704976201057434,0.08943314850330353,0.0,0.16608327627182007,0.1567421853542328,0.03832867369055748,0.348503977060318,0.4229736328125,0.0,0.24419580399990082,0.23424454033374786,0.000668188207782805,0.024304455146193504,0.08182394504547119,0.4689546227455139,0.037317775189876556,0.0,0.03941787779331207,0.0014265448553487659,0.010857309214770794,0.03562178090214729,0.09493060410022736,0.0,0.03000667132437229,0.010115349665284157,0.1448407769203186,0.06821335852146149,0.0032564231660217047,0.5180273056030273,0.04087541624903679,0.0,0.24684014916419983,0.0,0.0,0.006564407143741846,0.0,0.005633406341075897,0.043732743710279465,0.042011745274066925,0.34063073992729187,0.0010999493533745408,0.13377970457077026,0.0,0.0,0.06590627133846283,0.051273882389068604,0.0,0.0,0.4721083641052246,0.025831550359725952,0.0,0.002324212109670043,0.0910501778125763,0.11102942377328873,0.1317925900220871,0.15750841796398163,0.0,0.021820465102791786,0.18422530591487885,0.0,0.008175368420779705,0.021212680265307426,0.0,0.04389044642448425,0.06650056689977646,0.08580281585454941,0.006684142630547285,1.01799738407135,0.13585138320922852,0.0,0.013127279467880726,0.05972303822636604,0.0,0.01574423536658287,0.009603251703083515,0.07317528873682022,0.06676268577575684,0.02309226058423519,0.22850601375102997,0.6041838526725769,0.011618955992162228,0.053450971841812134,0.0,0.0042247711680829525,0.10601464658975601,0.38242873549461365,0.01502479612827301,0.23525677621364594,0.1830906718969345,0.22970452904701233,0.06493767350912094,0.1749606430530548,0.03666279464960098,0.08670389652252197,0.0,0.04698404669761658,0.33608004450798035,0.007289208471775055,0.0,0.03869006782770157,0.3881424069404602,0.18037644028663635,0.2004544734954834,0.21211016178131104,0.6759573817253113,0.0033075609244406223,0.011371951550245285,0.12365813553333282,0.07598339021205902,0.2856427729129791,0.0,0.017336184158921242,0.0728309378027916,0.0,0.3717106878757477,0.24866275489330292,0.09666901081800461,0.22385458648204803,0.005470606964081526,0.6827483177185059,0.1206415668129921,0.5475194454193115,0.09483611583709717,0.41342827677726746,0.2687534689903259,0.22325502336025238,0.01940208673477173,0.021834364160895348,0.05544435605406761,0.007005775813013315,0.0,0.0,0.008993668481707573,0.10692109912633896,0.0,0.013084768317639828,0.047072332352399826,0.18166996538639069,0.20962630212306976,0.057139258831739426,0.0,0.0,0.006825323682278395,0.0,0.733639657497406,0.0,0.0,0.08737572282552719,0.09283994138240814,0.00390911428257823,0.0020814111921936274,0.043242085725069046,0.04980260878801346,0.0,0.003389717312529683,0.05944429710507393,0.07044120877981186,0.12077300995588303,0.6233004927635193,0.003968448378145695,0.09583421051502228,0.054092343896627426,0.0,0.006798204965889454,0.17803619801998138,0.046510711312294006,0.0,0.10467618703842163,0.3731209933757782,0.24961340427398682,0.008758485317230225,0.1367526352405548,0.0,0.16856126487255096,0.0851195752620697,0.0,0.25689801573753357,0.1888369619846344,0.44030991196632385,0.0,0.05787813663482666,0.07076170295476913,0.02863115444779396,0.1261596530675888,0.0,0.0,0.47889596223831177,0.08520065993070602,0.0,0.21355323493480682,0.6312716603279114,0.08144309371709824,0.0,0.0,0.2069978564977646,0.5300076603889465,0.0,0.0,0.0,0.39432016015052795,0.08717596530914307,0.0,0.0,0.2506360411643982,0.0,0.0,0.2232654094696045,0.0,0.08607592433691025,0.0,0.08982028067111969,0.0,0.0,0.0,0.16417944431304932,0.05952627211809158,1.0088589191436768,0.0,0.0,0.0,0.8170607686042786,0.05321750417351723,0.06072741001844406,0.13265475630760193,0.26673221588134766,0.0,0.5235058069229126,0.08166712522506714,0.4007180333137512,0.402141809463501,0.8557375073432922,8.333888399647549e-05,0.0,0.0,0.2861839830875397,0.08474878966808319,0.2527971863746643,0.7048323154449463,0.7883607149124146,0.0,0.0,0.0,0.2250700294971466,0.2614714801311493,0.0,0.037699319422245026,0.05088794603943825,0.21401509642601013,0.014467294327914715,0.5268274545669556,0.30438232421875,0.12173257768154144,0.0,0.0,0.015281866304576397,0.0,0.0,0.0,0.08416648209095001,0.0,2.951092210423667e-05,0.05513301491737366,0.0,0.5744131207466125,0.0,0.313334584236145,0.0,0.018328377977013588,0.14690184593200684,0.010711051523685455,0.6092600226402283,0.0,0.13831591606140137,0.06555641442537308,0.2944820821285248,0.01845569722354412,0.1904214471578598,0.43543991446495056,0.01781989447772503,0.11794829368591309,0.030628833919763565,0.5553306937217712,0.37448540329933167,0.08839325606822968,0.08702004700899124,0.0875869169831276,0.6645897030830383,0.0,0.0,0.06902662664651871,0.07773855328559875,0.0,0.010806177742779255,0.0,0.0010323213646188378,0.0,0.8458907008171082,0.5580551624298096,0.27032870054244995,0.205088272690773,0.05445624887943268,0.0,0.0,0.0,0.19003866612911224,0.11015794426202774,0.16021902859210968,0.055095188319683075,0.0,0.0,0.02538255974650383,0.1428956538438797,0.3797460198402405,0.0,0.024714836850762367,0.13296504318714142,0.019218526780605316,0.0,0.47215455770492554,0.0,0.40906867384910583,0.008888470008969307,0.003965620417147875,0.0,0.013694784604012966,0.05206665024161339,0.0,0.05063491314649582,0.0,0.0,0.0,0.02668435499072075,0.0015878946287557483,0.0,0.006925624329596758,0.7927706837654114,0.0,0.5120174884796143,0.0,0.0,0.10119549185037613,0.18012185394763947,0.0,0.033270787447690964,0.8486841917037964,0.3358129858970642,0.0,0.0,0.5317823886871338,0.004495253786444664,0.0,0.0,0.0,1.1275783777236938,0.14061331748962402,0.0014417999191209674,0.0,0.06699488312005997,0.0,0.07689375430345535,0.464372843503952,0.017153743654489517,0.0,0.015729451552033424,0.0,0.05491885915398598,0.1681598573923111,0.01042499765753746,0.2835582196712494,0.026590967550873756,0.41929376125335693,0.08145400136709213,0.027755778282880783,0.0,0.009153793565928936,0.8074544072151184,0.0,0.03146316483616829,0.07076235860586166,0.0011723579373210669,0.0591440387070179,0.5950790047645569,0.0,0.0,0.006336425896733999,0.0,0.10116756707429886,0.014536653645336628,0.8335522413253784,0.045522816479206085,1.0586782693862915,0.17596611380577087,0.00518112862482667,0.23783951997756958,0.0,0.058451175689697266,0.0,0.0,0.0,0.00348502560518682,0.0,0.04177962988615036,0.10662505030632019,0.0,0.012753894552588463,0.029506875202059746,0.6561112403869629,0.1335124969482422,0.15720932185649872,0.3078177869319916,0.0,0.047593243420124054,0.42461097240448,0.05493749678134918,0.0,0.0,0.0,0.0,0.024360191076993942,0.0,0.25163331627845764,0.12752126157283783,0.2048981934785843,0.0,0.0,0.871105968952179,0.559471845626831,0.0,0.1239655390381813,0.05299613997340202,0.005015506409108639,0.24499161541461945,0.02883153222501278,0.004729578737169504,0.00040971674025058746,0.0,1.1535470485687256,0.0,0.1821587234735489,0.05263376235961914,0.0,0.0,0.0,0.0,0.06083907186985016,0.0,0.011125100776553154,0.0,0.7180889248847961,0.005644320510327816,0.013314093463122845,0.0,0.061215996742248535,0.40623772144317627,0.0,0.030608603730797768,0.519995927810669,0.24140548706054688,0.0,0.43767228722572327,0.14635290205478668,0.18450692296028137,0.02106834203004837,0.0,0.026396168395876884,0.0,0.03462519869208336,1.763034462928772,0.3536370098590851,0.375512033700943,0.05574079230427742,0.0,0.01594928652048111,0.027040675282478333,0.0,0.43582287430763245,0.016970019787549973,0.0,0.24281059205532074,0.013036425225436687,0.0,0.8461844325065613,0.19132502377033234,0.08512744307518005,0.04276009649038315,0.0,0.0,0.47529470920562744,0.047780055552721024,0.399303138256073,0.0,0.19645090401172638,0.27474260330200195,0.09692221879959106,0.10106725990772247,0.2122173309326172,0.0,0.0,0.0,0.41344454884529114,0.0752735510468483,0.0,0.09710917621850967,0.08259466290473938,0.00027645265799947083,0.0,0.2782917618751526,0.00029923932743258774,0.0,0.04295671731233597,0.025466864928603172,0.0,0.0,0.0,0.11137483268976212,0.0492701418697834,0.6287440061569214,0.11536487191915512,0.0,0.0017026729183271527,0.8182716965675354,0.061039142310619354,0.017873113974928856,0.07819082587957382,0.43004417419433594,0.0,0.2873186767101288,0.042902249842882156,0.19736075401306152,0.05283862352371216,0.4235582649707794,0.11480479687452316,0.05562954396009445,0.21881721913814545,0.3068513870239258,0.07698535919189453,0.10929543524980545,0.48909732699394226,0.3596787750720978,0.21484161913394928,0.0,0.0001618899405002594,0.19233746826648712,0.07520201802253723,0.0,0.4518434703350067,0.010923877358436584,0.0357804000377655,0.0009758074884302914,0.3182976543903351,0.8185958862304688,0.2307032197713852,0.0616559274494648,0.0,0.09145580977201462,0.08537182211875916,0.0,0.0,0.019208457320928574,0.0,0.19902081787586212,0.33752569556236267,0.04564917832612991,0.1700710952281952,0.0,0.2991611361503601,0.36472198367118835,0.004395078402012587,0.13909374177455902,0.2083091288805008,0.24117834866046906,0.005019908305257559,0.014337708242237568,0.04065525531768799,0.07513532787561417,0.021977709606289864,0.23519209027290344,0.26192623376846313,0.0,0.018021659925580025,0.329947829246521,0.5392525792121887,0.22997654974460602,0.11121884733438492,0.13351497054100037,0.04936952888965607,0.3087618350982666,0.007291124202311039,0.20618748664855957,0.41560375690460205,0.006274973042309284,0.013720358721911907,0.025119442492723465,0.09469398111104965,0.1502900868654251,0.0,0.3361128866672516,0.3227955102920532,0.1732136458158493,0.11498035490512848,0.18273133039474487,0.02658628299832344,0.0,0.012336835265159607,0.0905088484287262,0.06464909017086029,0.30403146147727966,0.2881166338920593,0.006578405853360891,0.04285626485943794,0.22019930183887482,0.020409580320119858,0.10121164470911026,0.04575676470994949,0.2250722497701645,0.147659033536911,0.0,0.010650696232914925,0.1346815973520279,0.004584877286106348,0.25351443886756897,0.08440124243497849,0.0004504956887103617,0.004602363798767328,0.048034802079200745,0.1075277253985405,0.0,0.013977847062051296,0.2005859911441803,0.0,0.009354737587273121,0.10590415447950363,0.0400138758122921,0.0,0.0,0.3175011873245239,0.0,0.2625995874404907,0.0,0.09876767545938492,0.007100421469658613,0.0,0.0,0.0,0.40047675371170044,0.10795768350362778,0.0,0.0,0.5309165120124817,0.03764886409044266,0.0,0.0,0.013482024893164635,0.6164138913154602,0.12839190661907196,0.07463087886571884,0.00463535962626338,0.07600323855876923,0.04937252029776573,0.02982698567211628,0.12254520505666733,0.040809497237205505,0.0,0.041504595428705215,0.044621050357818604,0.03268757835030556,0.10401276499032974,0.39110153913497925,0.2009722739458084,0.0,0.16057221591472626,0.03402038291096687,0.0,0.0,0.012398593127727509,0.38752326369285583,0.004300259985029697,0.001056172768585384,0.31070318818092346,0.23597818613052368,0.06952990591526031,0.28666970133781433,0.003121237503364682,0.0,0.08692856878042221,0.06619933247566223,0.06822342425584793,0.10705619305372238,0.47635141015052795,0.013683301396667957,0.48223862051963806,0.17194844782352448,0.0,0.1474129855632782,0.0,0.06046188622713089,0.07252661883831024,0.0,0.0,0.0,0.2633133828639984,0.10467257350683212,0.04514891654253006,0.03297951817512512,0.2940429747104645,0.02202383242547512,0.21890147030353546,0.08244647085666656,0.08798302710056305,0.2996516823768616,0.006371835712343454,0.034006476402282715,0.22057044506072998,0.011486253701150417,0.11594495922327042,0.1573067605495453,0.01590176671743393,0.016187531873583794,0.031580451875925064,0.38090482354164124,0.1656961441040039,0.413785845041275,0.0519743375480175,0.09701411426067352,0.07611918449401855,0.5412830710411072,0.26323118805885315,0.11751452833414078,0.1403246521949768,0.010433586314320564,0.0,0.011319135315716267,0.020293613895773888,0.038656268268823624,0.0,0.005282784812152386,0.49866071343421936,0.08445661514997482,0.15096960961818695,0.0,0.0,0.0,0.0,0.0,0.363645076751709,0.0,0.0,0.008597961626946926,0.3831678330898285,0.006723008118569851,0.00045588280772790313,0.029834823682904243,0.06089015677571297,0.052659258246421814,0.0,0.09874015301465988,0.21035929024219513,0.13913483917713165,0.3343069851398468,0.15940698981285095,0.06725049018859863,0.04327953979372978,0.0,0.009677805006504059,0.06774540990591049,0.014256573282182217,0.0,1.0987097024917603,0.2832176387310028,0.25715819001197815,0.0,0.0017915492644533515,0.007151058409363031,0.13031016290187836,0.012428675778210163,0.07715820521116257,0.2102075219154358,0.08929113298654556,0.3762456476688385,0.0010726148029789329,0.00202430528588593,0.4354807436466217,0.17054696381092072,0.1113942489027977,0.0,0.008381979539990425,0.16204258799552917,0.2653675973415375,0.018800387158989906,0.19813519716262817,0.1636396199464798,0.15115512907505035,0.11554128676652908,-0.2928799092769623
220,0.4131839871406555,0.059250492602586746,0.028756121173501015,0.004445741418749094,0.0,0.0,0.5656653642654419,0.018349740654230118,0.03760075569152832,0.14509405195713043,0.1356019228696823,0.014812207780778408,0.0,0.3548623025417328,0.031922534108161926,0.0,0.008691570721566677,0.058697666972875595,0.13726122677326202,0.005344265606254339,0.0022851868998259306,0.005730575416237116,0.0,0.16414545476436615,0.42752805352211,0.0027536842972040176,0.0053381482139229774,0.4650440216064453,0.03364168480038643,0.08668088167905807,0.027550382539629936,0.41861486434936523,0.0,0.011976998299360275,0.2241167575120926,0.0,0.0,0.08772578090429306,0.19295762479305267,0.12891623377799988,0.6091896891593933,0.0450713150203228,0.3034476935863495,0.0,0.09821467846632004,0.026867805048823357,0.5582608580589294,0.0016409866511821747,0.0,0.09931690245866776,0.0,0.0,0.7537484169006348,0.0,0.0,0.0,0.24861808121204376,1.065958857536316,0.40364494919776917,0.11656896024942398,0.0,0.0031114311423152685,0.45088115334510803,0.0,0.0,0.0,0.0,0.379576712846756,0.5284143090248108,0.4035486876964569,0.0,0.0,0.22604413330554962,0.7926527261734009,0.03784502297639847,0.0,0.2647179067134857,0.0,0.0002971559879370034,0.1577298641204834,0.13237540423870087,0.0,0.06842095404863358,0.13355907797813416,0.1941370964050293,0.03557085618376732,0.0,0.5674266219139099,0.6343843340873718,0.2929762005805969,0.13954316079616547,0.30292731523513794,0.1914157122373581,0.0537002794444561,0.008551635779440403,0.4343968331813812,0.7670871615409851,0.0,0.03624368831515312,0.004754796624183655,0.34881624579429626,0.7691382765769958,0.0,0.2651955485343933,0.12953989207744598,0.21316733956336975,0.05648849532008171,0.32704976201057434,0.08943314850330353,0.0,0.16608327627182007,0.1567421853542328,0.03832867369055748,0.348503977060318,0.4229736328125,0.0,0.24419580399990082,0.23424454033374786,0.000668188207782805,0.024304455146193504,0.08182394504547119,0.4689546227455139,0.037317775189876556,0.0,0.03941787779331207,0.0014265448553487659,0.010857309214770794,0.03562178090214729,0.09493060410022736,0.0,0.03000667132437229,0.010115349665284157,0.1448407769203186,0.06821335852146149,0.0032564231660217047,0.5180273056030273,0.04087541624903679,0.0,0.24684014916419983,0.0,0.0,0.006564407143741846,0.0,0.005633406341075897,0.043732743710279465,0.042011745274066925,0.34063073992729187,0.0010999493533745408,0.13377970457077026,0.0,0.0,0.06590627133846283,0.051273882389068604,0.0,0.0,0.4721083641052246,0.025831550359725952,0.0,0.002324212109670043,0.0910501778125763,0.11102942377328873,0.1317925900220871,0.15750841796398163,0.0,0.021820465102791786,0.18422530591487885,0.0,0.008175368420779705,0.021212680265307426,0.0,0.04389044642448425,0.06650056689977646,0.08580281585454941,0.006684142630547285,1.01799738407135,0.13585138320922852,0.0,0.013127279467880726,0.05972303822636604,0.0,0.01574423536658287,0.009603251703083515,0.07317528873682022,0.06676268577575684,0.02309226058423519,0.22850601375102997,0.6041838526725769,0.011618955992162228,0.053450971841812134,0.0,0.0042247711680829525,0.10601464658975601,0.38242873549461365,0.01502479612827301,0.23525677621364594,0.1830906718969345,0.22970452904701233,0.06493767350912094,0.1749606430530548,0.03666279464960098,0.08670389652252197,0.0,0.04698404669761658,0.33608004450798035,0.007289208471775055,0.0,0.03869006782770157,0.3881424069404602,0.18037644028663635,0.2004544734954834,0.21211016178131104,0.6759573817253113,0.0033075609244406223,0.011371951550245285,0.12365813553333282,0.07598339021205902,0.2856427729129791,0.0,0.017336184158921242,0.0728309378027916,0.0,0.3717106878757477,0.24866275489330292,0.09666901081800461,0.22385458648204803,0.005470606964081526,0.6827483177185059,0.1206415668129921,0.5475194454193115,0.09483611583709717,0.41342827677726746,0.2687534689903259,0.22325502336025238,0.01940208673477173,0.021834364160895348,0.05544435605406761,0.007005775813013315,0.0,0.0,0.008993668481707573,0.10692109912633896,0.0,0.013084768317639828,0.047072332352399826,0.18166996538639069,0.20962630212306976,0.057139258831739426,0.0,0.0,0.006825323682278395,0.0,0.733639657497406,0.0,0.0,0.08737572282552719,0.09283994138240814,0.00390911428257823,0.0020814111921936274,0.043242085725069046,0.04980260878801346,0.0,0.003389717312529683,0.05944429710507393,0.07044120877981186,0.12077300995588303,0.6233004927635193,0.003968448378145695,0.09583421051502228,0.054092343896627426,0.0,0.006798204965889454,0.17803619801998138,0.046510711312294006,0.0,0.10467618703842163,0.3731209933757782,0.24961340427398682,0.008758485317230225,0.1367526352405548,0.0,0.16856126487255096,0.0851195752620697,0.0,0.25689801573753357,0.1888369619846344,0.44030991196632385,0.0,0.05787813663482666,0.07076170295476913,0.02863115444779396,0.1261596530675888,0.0,0.0,0.47889596223831177,0.08520065993070602,0.0,0.21355323493480682,0.6312716603279114,0.08144309371709824,0.0,0.19096942245960236,0.06657204777002335,0.014637235552072525,0.0,0.0,0.0,0.25212806463241577,0.03590346872806549,0.01669534482061863,0.09201082587242126,0.17550627887248993,0.05560586228966713,0.0,0.30988994240760803,0.2218373864889145,0.0,0.0,0.14808447659015656,0.10742507874965668,0.0,0.01971619203686714,0.06867247074842453,0.0,0.34367820620536804,0.2164638787508011,0.0,0.0,0.4123300015926361,0.0050306436605751514,0.051289644092321396,0.0,0.31302839517593384,0.0,0.14565959572792053,0.032239269465208054,0.0007679172558709979,0.023347895592451096,0.03677438199520111,0.1457180678844452,0.2611095905303955,0.27090322971343994,0.02531818114221096,0.19820046424865723,0.0,0.1093292236328125,0.0,0.3725196123123169,0.0,0.0,0.121455617249012,0.0019010765245184302,0.0,0.7374283671379089,0.0,0.0,0.14336898922920227,0.0016067863907665014,0.7674259543418884,0.1797519028186798,0.027640899643301964,0.0,0.05040149763226509,0.2974924147129059,0.12340424209833145,0.0,0.0,0.0,0.6155166029930115,0.27918994426727295,0.25422996282577515,0.0,0.0,0.1434609591960907,0.7372457981109619,0.0,0.011934120208024979,0.21990759670734406,0.0,0.0,0.13895262777805328,0.13836990296840668,0.0,0.06236310675740242,0.19517755508422852,0.2653966546058655,0.07203363627195358,0.0,0.3199876546859741,0.5587625503540039,0.17344285547733307,0.03874891623854637,0.3496263325214386,0.0727778822183609,0.0,0.004447184968739748,0.10321836918592453,0.4113636612892151,0.0,0.0022775547113269567,0.00438864529132843,0.40473562479019165,0.3651406466960907,0.0,0.29468026757240295,0.09619895368814468,0.019928015768527985,0.01005264651030302,0.3714379370212555,0.030462712049484253,0.0,0.28306397795677185,0.08470229059457779,0.0,0.25612854957580566,0.07241783291101456,0.0,0.1541435271501541,0.24148207902908325,0.0,0.007854459807276726,0.15729127824306488,0.22154827415943146,0.016538679599761963,0.0,0.08611736446619034,0.03561508655548096,0.0,0.0,0.1302153319120407,0.0,0.0,0.043357208371162415,0.010124062187969685,0.07303908467292786,0.002827913500368595,0.1854272037744522,0.04228357970714569,0.0,0.2104029357433319,0.0052359625697135925,0.0,0.0,0.0,0.0,0.027805205434560776,0.05792625620961189,0.05554915964603424,0.0,0.16626007854938507,0.0,0.0,0.0,0.00028230829047970474,0.0,0.0,0.12635299563407898,0.06894265860319138,0.0,0.0,0.0,0.0,0.03202933073043823,0.11312462389469147,0.00226426450535655,0.04264003783464432,0.1630694568157196,0.0,0.0,0.09979967027902603,0.0,0.05066360533237457,0.03795298933982849,0.02013598196208477,0.0,0.3752627372741699,0.11681999266147614,0.0,0.0,0.22169966995716095,0.008932462893426418,0.03518933802843094,0.0,0.09111177921295166,0.017615631222724915,0.045465752482414246,0.08376587182283401,0.2702322006225586,0.0,0.0,0.0,0.0,0.31884339451789856,0.35967954993247986,0.0,0.19007739424705505,0.03453550115227699,0.12031012028455734,0.024028269574046135,0.4160534143447876,0.0,0.04355234652757645,0.0,0.00763992452993989,0.10343591123819351,0.0,0.0,0.0683162659406662,0.5607102513313293,0.2043638527393341,0.009016272611916065,0.2651447653770447,0.3810056149959564,0.0,0.0,0.21214018762111664,0.054769303649663925,0.1420644372701645,0.0,0.0,0.030252784490585327,0.01757875084877014,0.1319584995508194,0.3323647081851959,0.0,0.16875940561294556,0.0,0.22486169636249542,0.11828604340553284,0.2328578382730484,0.22495105862617493,0.12113206833600998,0.15403763949871063,0.1274459958076477,0.006419497076421976,0.1770574003458023,0.0008375893230549991,0.0,0.0,0.0,0.009176014922559261,0.0,0.0,0.007667143363505602,0.0,0.24307012557983398,0.08279936760663986,0.0745639055967331,0.0,0.0,0.0,0.0,0.6997887492179871,0.0,0.0,0.03638496622443199,0.0,0.0,0.01215039100497961,0.01215918269008398,0.0,0.0,0.056050315499305725,0.08578643947839737,0.0,0.0,0.7135717868804932,0.0,0.1129380464553833,0.030258430168032646,0.0,0.0,0.13622279465198517,0.25617414712905884,0.0,0.07253029942512512,0.11423657834529877,0.0854414775967598,0.0,0.1332719624042511,0.0,0.1579771786928177,0.050880298018455505,0.0,0.31869715452194214,0.0186690092086792,0.19831949472427368,0.0,0.0,0.2677072286605835,0.04208596050739288,0.031335022300481796,0.0,0.0,0.4959276020526886,0.18558450043201447,0.0,0.10464989393949509,0.6725872159004211,0.07083355635404587,0.0,0.19058145582675934,0.03736918419599533,0.02162858657538891,0.0,0.0,0.0,0.38686683773994446,0.09493398666381836,0.017635252326726913,0.15648455917835236,0.0802224725484848,0.0378321148455143,0.0,0.35511514544487,0.18612056970596313,0.0,0.007632201071828604,0.05840286985039711,0.0,0.0033414927311241627,0.014759191311895847,0.1178937777876854,0.0,0.31069910526275635,0.23832109570503235,0.0,0.0,0.5931292176246643,0.024337558075785637,0.00712196622043848,0.0023780656047165394,0.42719778418540955,0.0,0.14478053152561188,0.028319550678133965,0.018259266391396523,0.0,0.06967394798994064,0.24886658787727356,0.22256596386432648,0.4102618992328644,0.13562913239002228,0.11596784740686417,0.022949127480387688,0.2153855413198471,0.00536772096529603,0.47659021615982056,0.0,0.0,0.12493634223937988,0.000976736075244844,0.007151012774556875,0.779712438583374,0.0,0.0,0.0929989144206047,0.019986867904663086,0.9979656934738159,0.23423857986927032,0.1210772842168808,0.0,0.16400401294231415,0.3627549409866333,0.032435983419418335,0.0,0.0009164247312583029,0.0,0.5638582706451416,0.36999040842056274,0.2453441172838211,0.0,0.0,0.19261083006858826,0.7404947280883789,0.00024968566140159965,0.09054112434387207,0.3156531751155853,0.012048352509737015,0.0,0.04682483524084091,0.08127430826425552,0.0,0.01915462501347065,0.23885498940944672,0.21656210720539093,0.009167694486677647,0.0,0.5138182044029236,0.5524139404296875,0.149677112698555,0.06849384307861328,0.22851258516311646,0.04058593511581421,0.04075990989804268,0.005913979839533567,0.22463437914848328,0.5751287341117859,0.0,0.005485429894179106,0.07812732458114624,0.23332664370536804,0.39163678884506226,0.0,0.12723520398139954,0.15481753647327423,0.03745216876268387,0.01674770936369896,0.21931597590446472,0.07331720739603043,0.0,0.2338741570711136,0.02692400850355625,0.028193136677145958,0.34077188372612,0.2548470199108124,0.0,0.1380871683359146,0.26390570402145386,0.0071919080801308155,0.016139840707182884,0.26492002606391907,0.2806150019168854,0.06861158460378647,0.0,0.1294196993112564,0.03715471550822258,0.0027909064665436745,0.020785821601748466,0.13313031196594238,0.0,0.021043220534920692,0.06576987355947495,0.047333020716905594,0.04029834643006325,0.017789876088500023,0.35682228207588196,0.031454507261514664,0.0,0.19148677587509155,0.014913339167833328,0.0,0.0,0.0,0.0,0.02085242047905922,0.0,0.20745454728603363,0.0,0.0,0.0,0.0,0.02037661150097847,0.004628447350114584,0.0,0.0,0.26736992597579956,0.10285668820142746,0.0,0.0,0.029953347519040108,0.05470118671655655,0.019716447219252586,0.08417504280805588,0.006876045372337103,0.09085499495267868,0.17929309606552124,0.0,0.0,0.040547434240579605,0.0,0.019062019884586334,0.07133356481790543,0.021683186292648315,0.0,0.6202265024185181,0.1677175909280777,0.0,0.0,0.05827931687235832,0.0,0.01105609443038702,0.008541742339730263,0.00938232708722353,0.004474323708564043,0.0,0.24729479849338531,0.41385260224342346,0.005966221448034048,0.007723737042397261,0.0,0.0,0.2821179926395416,0.30153247714042664,0.0,0.19500629603862762,0.0786302238702774,0.03290736302733421,0.04532243683934212,0.30051982402801514,0.0,0.10734779387712479,0.0,0.019450457766652107,0.14573834836483002,0.0,0.0,0.0,0.5964666604995728,0.1690930426120758,0.020039796829223633,0.3458620309829712,0.47262489795684814,0.0025733013171702623,0.002936269622296095,0.16436541080474854,0.015247366391122341,0.23674140870571136,0.0028835299890488386,0.0,0.12944357097148895,0.0,0.21839947998523712,0.23785901069641113,0.020670223981142044,0.11556342244148254,0.008895614184439182,0.43140020966529846,0.12237216532230377,0.40478256344795227,0.128968745470047,0.17009305953979492,0.1936189979314804,0.17278605699539185,0.010035069659352303,0.2586402893066406,0.02664658986032009,0.0,0.0,0.0,0.00933403242379427,0.01636764220893383,0.0,0.018545808270573616,0.007415351923555136,0.17186591029167175,0.13504092395305634,0.0,0.0,0.0,0.0,0.0,0.6742278933525085,0.0,0.0,0.029976798221468925,0.08859501034021378,0.0,0.0,0.04679389297962189,0.04672161862254143,0.0,0.02436072751879692,0.08894068002700806,0.015566829591989517,0.006375789642333984,0.7911517024040222,0.0021945147309452295,0.01973675936460495,0.002734936075285077,0.0,0.013096255250275135,0.16220217943191528,0.2361382395029068,0.0,0.21827486157417297,0.17966140806674957,0.11693864315748215,0.0,0.09066455066204071,0.00015033315867185593,0.128592386841774,0.035982854664325714,0.0,0.3130871057510376,0.13746356964111328,0.31838807463645935,0.0,0.01121704000979662,0.22818098962306976,0.1731230914592743,0.04544122517108917,0.0,0.0,0.4453986585140228,0.20257604122161865,0.0,0.16386111080646515,0.576636791229248,0.09287462383508682,0.008543777279555798,0.31291380524635315
221,0.007284971419721842,0.06616643071174622,0.03459453210234642,0.0,0.0,0.0,0.5203761458396912,0.09009060263633728,0.0,0.00962531752884388,0.048428475856781006,0.010219402611255646,0.0,0.32079964876174927,0.0,0.08275346457958221,0.058243848383426666,0.0,0.0,0.0,0.0,0.06778167933225632,0.0,0.28714609146118164,0.014897527173161507,0.0,0.0,0.44128838181495667,0.005019736010581255,0.083610899746418,0.023818284273147583,0.25879716873168945,0.0,0.29221081733703613,0.026216911152005196,0.07249392569065094,0.0664793848991394,0.17290079593658447,0.00554239097982645,0.22107575833797455,0.013379820622503757,0.17158663272857666,0.09500882029533386,0.10542374104261398,0.26541563868522644,0.05869602784514427,0.32588818669319153,0.031822461634874344,0.0,0.0822635218501091,0.06855230033397675,0.0,0.1332336664199829,0.008244683966040611,0.008440001867711544,0.0,0.07424040138721466,0.641164243221283,0.08390617370605469,0.027647819370031357,0.0,0.19669176638126373,0.08933715522289276,0.0,0.0,0.003834631759673357,0.0,0.00799303874373436,0.08389165997505188,0.11386295408010483,0.0,0.0,0.20571747422218323,0.14843763411045074,0.030802275985479355,0.07130388915538788,0.01464092917740345,0.09287969768047333,0.0,0.21542257070541382,0.025577258318662643,0.053932301700115204,0.0,0.15785986185073853,0.008376071229577065,0.017709944397211075,0.0033766813576221466,0.17433424293994904,0.37746334075927734,0.35212063789367676,0.018912166357040405,0.0,0.06629261374473572,0.08731266856193542,0.0029928809963166714,0.0,0.4515286684036255,0.0,0.0011786477407440543,0.005147651769220829,0.0,0.20492903888225555,0.0,0.25638800859451294,0.38211774826049805,0.057763002812862396,0.03533407673239708,0.013974012807011604,0.0,0.0,0.00046463380567729473,0.07547210156917572,0.056808583438396454,0.16648465394973755,0.011207113973796368,0.0,0.02972336672246456,0.0,0.054474275559186935,0.01101335696876049,0.00030305952532216907,0.00711699016392231,0.0,0.0,0.0,0.39433783292770386,0.0,0.0,0.0,0.0,0.0,0.07760503888130188,0.0,0.03515741974115372,0.02894071862101555,0.0,0.0,0.0,0.16053864359855652,0.019664211198687553,0.0,0.0,0.03586391732096672,0.0,0.0697162076830864,0.011028176173567772,0.009246679954230785,0.012801982462406158,0.14294704794883728,0.0,0.02291359379887581,0.0908048152923584,0.06737667322158813,0.0,0.0,0.07793346047401428,0.005622444674372673,0.0,0.010190203785896301,0.013496574014425278,0.14891384541988373,0.019459739327430725,0.0301881842315197,0.0,0.18945473432540894,0.07989513874053955,0.0,0.08169112354516983,0.0,0.0,0.0,0.0,0.03065486252307892,0.0015255063772201538,0.04877045378088951,0.10915344953536987,0.0,0.06886748224496841,0.023544510826468468,0.054165925830602646,0.0,0.0,0.2174467146396637,0.0,0.004358756355941296,0.06161706894636154,0.2785037159919739,0.0,0.01767593063414097,0.0,0.0011180667206645012,0.00646715983748436,0.18730944395065308,0.0014951449120417237,0.17314031720161438,0.057550858706235886,0.05834529176354408,0.1820397675037384,0.014287828467786312,0.0010294457897543907,0.07067129015922546,0.0,0.020501945167779922,0.0327298641204834,0.0,0.0,0.0,0.0,0.0,0.011024587787687778,0.05684298649430275,0.3096078336238861,0.0,0.23069821298122406,0.0,0.1247008740901947,0.3950786888599396,0.0,0.0,0.2467125505208969,0.0,0.008677740581333637,0.0,0.0,0.016933338716626167,0.0,0.03626465052366257,0.0,0.19893142580986023,0.05073460191488266,0.0,0.0,0.25346389412879944,0.09901508688926697,0.17371121048927307,0.10274258255958557,0.0023458264768123627,0.0007917613256722689,0.0491296760737896,0.01869419775903225,0.0,0.02832416072487831,0.0,0.3619734048843384,0.0,0.0,0.04802706092596054,0.0,0.0,0.0,0.0,0.2646911144256592,0.0,0.0,0.0,0.07404012978076935,0.0,0.061763934791088104,0.03255520015954971,0.007676140870898962,0.12021790444850922,0.0,0.0,0.13953819870948792,0.02781841717660427,0.3219604194164276,0.11817116290330887,0.0,0.19368258118629456,0.0,0.0,0.10886400192975998,0.02703026495873928,0.002155284397304058,0.24040842056274414,0.4739735424518585,0.2936680018901825,0.0,0.0,0.0,0.0,0.0031553630251437426,0.04384185001254082,0.008863493800163269,0.021269766613841057,0.2788349986076355,0.0,0.01814892143011093,0.33995312452316284,0.2384578287601471,0.020679831504821777,0.0,0.0,0.0,0.23930871486663818,0.0,0.49033209681510925,0.059579551219940186,0.010286331176757812,0.002892271615564823,0.5416882634162903,0.20798130333423615,0.2662208676338196,0.0,0.0,0.0,1.0151817798614502,0.0,0.007687476463615894,0.3833911120891571,0.008574907667934895,0.0,0.0,0.5910347104072571,0.0,0.009286771528422832,0.031797461211681366,0.0,0.0,0.017868485301733017,0.0,0.005202101077884436,0.03490433096885681,0.010885943658649921,0.16594313085079193,0.002946047345176339,0.0,0.7573108673095703,0.08457302302122116,0.03479490056633949,0.010237184353172779,0.563236653804779,0.0,0.005945172626525164,0.33577749133110046,0.03682831674814224,0.0,0.4683355689048767,0.061781223863363266,0.00038220908027142286,0.9565603137016296,0.31341519951820374,0.09620025753974915,0.04785769432783127,0.05707733333110809,0.6697444319725037,0.833453893661499,0.02908436208963394,0.0,0.17174343764781952,0.23679237067699432,0.017799368128180504,0.3031168282032013,0.0007998193032108247,0.07699310779571533,0.0,0.9315018057823181,1.8331695795059204,0.7444125413894653,0.2398565411567688,0.0,0.0,0.6691035628318787,0.0,0.0,0.0873865857720375,0.0018210263224318624,0.005587445106357336,0.8255873322486877,0.49270543456077576,0.3790234625339508,0.0,0.5453169941902161,0.5081740617752075,0.34983789920806885,0.0,0.24415846168994904,0.0,0.0,0.10514845699071884,0.02901189774274826,0.0,0.004890539683401585,0.2079983800649643,0.0,0.0,0.01102143432945013,0.8264026045799255,0.3188704550266266,0.41562047600746155,0.3089893162250519,0.0,0.0580042265355587,0.19683772325515747,0.0,0.5113283395767212,1.1613668203353882,0.0,0.007770908996462822,0.0001522666570963338,0.0193614698946476,0.7026661038398743,0.0,0.007349773310124874,0.5153951644897461,0.6618069410324097,0.17988085746765137,0.12752482295036316,0.2662500739097595,0.0,0.0,0.11951643228530884,0.3446751832962036,0.5295689702033997,1.036062240600586,0.0,0.22721992433071136,0.041940122842788696,0.25230488181114197,0.07628434151411057,0.0,0.7153369784355164,0.20243361592292786,0.0,0.0,0.0,0.0,0.3786470592021942,0.0,0.0003568604588508606,0.008688987232744694,0.0011408530408516526,0.6153426766395569,0.045276954770088196,0.13129590451717377,0.8938624858856201,0.0,0.0,0.3861851096153259,0.03218039125204086,0.0,0.0,0.050511106848716736,0.0,0.10378120839595795,0.0,0.6995187401771545,0.01035310234874487,0.0,0.0,0.0,0.4099135100841522,0.02441452629864216,0.0,0.0,1.2095826864242554,0.1161559596657753,0.0,0.026889128610491753,0.09963463246822357,0.6544652581214905,0.4566594362258911,0.20660609006881714,0.0,0.11996915936470032,0.26325523853302,0.0,0.4549017548561096,0.0,0.0,0.04590373858809471,0.015577699989080429,0.015657175332307816,0.04394957795739174,1.6305617094039917,0.04518449306488037,0.025149988010525703,0.4748533368110657,0.0,0.00365474377758801,0.0,0.003957320936024189,0.044352974742650986,0.024500951170921326,0.0,0.6721904873847961,1.0088274478912354,0.026550965383648872,0.7821952700614929,0.0,0.0,0.0,0.2487892508506775,0.0009642536169849336,0.4390808045864105,0.3713257610797882,0.029764117673039436,0.11204379051923752,0.0021208778489381075,0.48033010959625244,0.21520179510116577,0.0,0.12212736904621124,0.5535287261009216,0.0,0.014373896643519402,0.0,0.03374667093157768,0.0,0.29884591698646545,0.1842261701822281,0.948043942451477,0.06769970804452896,0.5200276374816895,0.0,0.061467062681913376,0.8895312547683716,0.0,0.23681220412254333,0.09617231786251068,0.0,0.6121633648872375,0.04192200303077698,0.22590668499469757,0.02272012270987034,0.0,0.8412157297134399,0.0,1.1102091073989868,0.0,0.37414121627807617,0.13676407933235168,0.47722452878952026,0.13262318074703217,0.02336915209889412,0.30786386132240295,0.5392465591430664,0.0,0.035478126257658005,0.023846281692385674,0.35487666726112366,0.0,0.003096733009442687,0.11704809963703156,0.0,0.10597465932369232,0.0,0.0,0.0,0.0,0.0,0.4555143117904663,0.0,0.0,0.0479726567864418,0.8151054978370667,0.008903443813323975,0.09689036011695862,0.06539367139339447,0.20186816155910492,0.05559519678354263,0.0,0.00819437950849533,0.2592633366584778,0.7912307977676392,0.022719040513038635,0.2114092856645584,0.0,0.20160086452960968,0.0,0.09890246391296387,0.3424542546272278,0.0,0.0,0.7940532565116882,1.2241188287734985,0.32358118891716003,0.5189617872238159,0.0,0.0,0.009715095162391663,0.08383305370807648,0.00691309804096818,0.09689944982528687,0.42356589436531067,0.8112440705299377,0.0,0.21159428358078003,0.0,0.15482690930366516,0.1566222459077835,0.0,0.10799307376146317,0.07062318176031113,0.0,0.13155683875083923,0.5431278944015503,0.21124865114688873,0.05948982015252113,0.0601903572678566,0.49997931718826294,0.18522785604000092,0.09610269218683243,0.02159884385764599,0.0,0.0,0.9147979617118835,0.02812870405614376,0.02489205077290535,0.2774200439453125,0.05425297096371651,0.0,0.00943723227828741,0.5784931778907776,0.0,0.027098435908555984,0.06777923554182053,0.0,0.015014461241662502,0.06917816400527954,0.0,0.019483279436826706,0.02440439723432064,0.05154113844037056,0.08507154881954193,0.00010145921260118484,0.0022445768117904663,0.6766654849052429,0.07100792229175568,0.04003433138132095,0.06986650079488754,0.5064586997032166,0.0,0.031710434705019,0.4025936722755432,0.039334822446107864,0.0,0.28449153900146484,0.04538930580019951,0.06426316499710083,0.6829360723495483,0.30054497718811035,0.1745329201221466,0.12584426999092102,0.12952767312526703,0.5592821836471558,0.6816281676292419,0.0033054545056074858,0.0,0.0852835550904274,0.0974973514676094,0.015334832482039928,0.3893853724002838,0.018172040581703186,0.029228374361991882,0.0,0.863322913646698,1.5113695859909058,0.7324719429016113,0.20027665793895721,0.0,0.01176950242370367,0.6947798132896423,0.0,0.0,0.12992803752422333,0.0,0.0497196726500988,0.753717839717865,0.62542724609375,0.18061690032482147,0.0,0.3655930757522583,0.3396984338760376,0.3281395137310028,0.00505915516987443,0.08731851726770401,0.01562931016087532,0.025768635794520378,0.1682318150997162,0.053629811853170395,0.00011333041038597003,0.023101532831788063,0.11017671972513199,0.07665330916643143,0.011629919521510601,0.0061501916497945786,0.8299600481987,0.2615348994731903,0.48500558733940125,0.1551181823015213,0.05366610363125801,0.09682419896125793,0.060074396431446075,0.004335684701800346,0.3129475712776184,1.1678920984268188,0.0,0.075556181371212,0.01213384885340929,0.020961275324225426,0.94383305311203,0.0,0.11632180213928223,0.39338162541389465,0.6632214188575745,0.1572621911764145,0.07207661867141724,0.2242577075958252,0.0,0.0,0.0846967026591301,0.15731434524059296,0.445914089679718,0.6277251243591309,0.0,0.24182811379432678,0.06898467242717743,0.09409978240728378,0.042632680386304855,0.0018566712969914079,0.4389498829841614,0.08460507541894913,0.0,0.0,0.0,0.007363105658441782,0.19247448444366455,0.007345810532569885,0.017198024317622185,0.0017834131140261889,0.014173032715916634,0.42356786131858826,0.04106201231479645,0.10240824520587921,0.6996079683303833,0.0,0.0,0.37104374170303345,0.046488840132951736,0.0,0.0,0.0231782179325819,0.0,0.04698054492473602,0.0,0.45213961601257324,0.012914103455841541,0.02130177617073059,0.0,0.0,0.315357506275177,0.09767910093069077,0.0,0.0,0.8297931551933289,0.13077020645141602,0.0,0.02142857387661934,0.10353906452655792,0.4305751919746399,0.38512980937957764,0.11375436931848526,0.012262561358511448,0.16230173408985138,0.24971918761730194,0.0,0.32930198311805725,0.0,0.0,0.021121034398674965,0.0,0.04795850068330765,0.016872359439730644,1.3462666273117065,0.05324860289692879,0.061865925788879395,0.22233092784881592,0.005482240114361048,0.00564243970438838,0.0,0.0066352286376059055,0.07955515384674072,0.04969862848520279,0.0,0.5348721742630005,0.9541990160942078,0.021636998280882835,0.5343405604362488,0.0,0.0,0.01583481952548027,0.3011370599269867,0.01180976815521717,0.43140459060668945,0.19150368869304657,0.12240123003721237,0.11255552619695663,0.019536590203642845,0.35923442244529724,0.05223127081990242,0.0,0.1854625940322876,0.3602994978427887,0.0,0.029753565788269043,0.0,0.0,0.07436274737119675,0.38888970017433167,0.187733456492424,0.8986632227897644,0.02089986577630043,0.4338211119174957,0.03624749556183815,0.06785344332456589,0.7106737494468689,0.015574382618069649,0.12063898146152496,0.07673503458499908,0.0019275613594800234,0.4970591962337494,0.0,0.16388431191444397,0.05079352855682373,0.0,0.42932263016700745,0.028279591351747513,0.974287211894989,0.0,0.2531740367412567,0.06871442496776581,0.29281720519065857,0.11412926018238068,0.004026936832815409,0.18434447050094604,0.41146039962768555,0.0,0.011625440791249275,0.012998709455132484,0.30082210898399353,0.0020480083767324686,0.00758822588250041,0.11949672549962997,0.03073229268193245,0.1627926081418991,0.028773820027709007,0.0,0.0,0.00436535244807601,0.0,0.6005574464797974,0.0,0.0,0.04667934775352478,0.41152530908584595,0.031161898747086525,0.09085375815629959,0.1018921509385109,0.08306680619716644,0.03245122358202934,0.0,0.0019714664667844772,0.2029126137495041,0.6030684113502502,0.1018708273768425,0.2078961431980133,0.0,0.2381000965833664,0.0,0.0512876994907856,0.2370680868625641,0.0,0.0009121123584918678,0.49913454055786133,1.0554569959640503,0.26748886704444885,0.41650763154029846,0.0,0.0,0.005603800993412733,0.08874496817588806,0.04161180928349495,0.0584496334195137,0.38884854316711426,0.7343646883964539,0.0,0.1365850567817688,0.08155052363872528,0.1304619461297989,0.09102626144886017,0.0,0.15158139169216156,0.05071387439966202,0.06834173202514648,0.14669303596019745,0.38416096568107605,0.1853492707014084,0.036374278366565704,0.0334576778113842,0.5950154662132263
222,0.08555958420038223,0.12197568267583847,0.2657015025615692,0.0,0.0,0.0,0.554180920124054,0.021581020206212997,0.017007816582918167,0.21662405133247375,0.038197752088308334,0.0,0.0,0.3360939621925354,0.0,0.06665964424610138,0.0,0.0,0.0,0.002113375812768936,0.0,0.007220244500786066,0.015379172749817371,0.3887833058834076,0.102030910551548,0.0010325330076739192,0.0,0.6312861442565918,0.045153792947530746,0.010146803222596645,0.059204887598752975,0.33228492736816406,0.0,0.07084959000349045,0.12692604959011078,0.045857563614845276,0.0,0.407912015914917,0.1568085253238678,0.0225753765553236,0.3744402229785919,0.14112697541713715,0.14026446640491486,0.022651849314570427,0.22281070053577423,0.27632641792297363,0.29302582144737244,0.016876500099897385,0.0,0.21918454766273499,0.09299203008413315,0.0036158524453639984,0.27891597151756287,0.005374039988964796,0.07116185128688812,0.0,0.41538572311401367,0.9314582943916321,0.2796251177787781,0.05751028284430504,0.0,0.0019695856608450413,0.12170346081256866,0.0,0.0,0.0,0.0,0.0763348862528801,0.2722720503807068,0.11276166886091232,0.14645832777023315,0.0,0.2893589437007904,0.3741455078125,0.04340989515185356,0.021139616146683693,0.2529618740081787,0.1186448335647583,0.0,0.0010672964854165912,0.07905300706624985,0.020018666982650757,0.0,0.17820706963539124,0.20426733791828156,0.012238740921020508,0.0,0.27588608860969543,0.4460205137729645,0.22320733964443207,0.14955686032772064,0.013567081652581692,0.003707310650497675,0.2024647742509842,0.0,0.2945483326911926,0.4101978838443756,0.0,0.0,0.0,0.04244392737746239,0.2840019762516022,0.00411278335377574,0.31425219774246216,0.2280573844909668,0.12307335436344147,0.09157802164554596,0.2031387835741043,0.026713285595178604,0.0,0.0,0.07896634191274643,0.14438621699810028,0.3046388328075409,0.4688125550746918,0.0,0.07591549307107925,0.18129348754882812,0.10110453516244888,0.06893303245306015,0.0,0.4285569190979004,0.2511771321296692,0.0026447863783687353,0.0,0.0020820030476897955,0.0,0.30782973766326904,0.0,0.005357574671506882,0.0,0.03129344806075096,0.21093177795410156,0.07609601318836212,0.07444217056035995,0.24039311707019806,0.0,0.0,0.1519589126110077,0.0,0.0,0.0,0.10135243088006973,0.0,0.1860274374485016,0.0,0.19337835907936096,0.0028471872210502625,0.0,0.0,0.0,0.3886139392852783,0.016819126904010773,0.0,0.0,0.774865448474884,0.08855872601270676,0.0,0.0017891466850414872,0.018777329474687576,0.4813806712627411,0.06210532411932945,0.1007334366440773,0.0,0.0007535979384556413,0.09028535336256027,0.0,0.08702776581048965,0.0,0.0,0.036823149770498276,0.0,0.0,0.00760143855586648,0.5416900515556335,0.18172045052051544,0.017451245337724686,0.20712952315807343,0.0,0.007264137268066406,0.0,0.019961338490247726,0.19897539913654327,0.05118269473314285,0.0,0.2572493553161621,0.35811975598335266,0.016123278066515923,0.4241897761821747,0.0,0.0,0.0,0.012896138243377209,0.030953455716371536,0.12596027553081512,0.512128472328186,0.04305853322148323,0.3555532693862915,0.05528116971254349,0.09849698841571808,0.20765426754951477,0.0,0.021168846637010574,0.2402060478925705,0.0,0.0,0.0,0.07784321159124374,0.05353492125868797,0.10897692292928696,0.04056359454989433,0.3583240211009979,0.02623583748936653,0.32427823543548584,0.004896427039057016,0.07091834396123886,0.4582730233669281,0.0,0.06341103464365005,0.22205977141857147,0.005846045445650816,0.2567245662212372,0.034743890166282654,0.0548991933465004,0.013052741065621376,0.038681820034980774,0.570581316947937,0.0036336169578135014,0.4904848039150238,0.0,0.15490292012691498,0.1085275411605835,0.5043468475341797,0.19228427112102509,0.02460399642586708,0.13433824479579926,0.04553646966814995,0.0,0.02135668694972992,0.0024436318781226873,0.1435951292514801,0.005415624938905239,0.0007463902584277093,0.26009079813957214,0.0,0.13062314689159393,0.021742774173617363,0.0,0.0,0.0,0.0,0.28524693846702576,0.0,0.0,0.02518092468380928,0.49875590205192566,0.0,0.0016351882368326187,0.017628444358706474,0.17282985150814056,0.08895856887102127,0.0,0.05073035880923271,0.20874564349651337,0.34945476055145264,0.2417229264974594,0.09288235008716583,0.0,0.08240842074155807,0.0,0.0,0.17382189631462097,0.0,0.0,0.9008073806762695,0.376160591840744,0.21095295250415802,0.09500398486852646,0.0,0.0,0.035066377371549606,0.01199956052005291,0.06941776722669601,0.1840866655111313,0.1734108179807663,0.3803858757019043,0.0,0.055089958012104034,0.1297026127576828,0.058198411017656326,0.06397438794374466,0.0,0.0018858835101127625,0.04392554238438606,0.1822126805782318,0.0,0.34922048449516296,0.1641208529472351,0.1791517436504364,0.1352359652519226,0.19583147764205933,0.1679881066083908,0.06608352810144424,0.0,0.0,0.0,0.5136561393737793,0.10942292213439941,0.0,0.021956445649266243,0.1356654167175293,0.0,0.0,0.34977492690086365,0.0,0.05381631851196289,0.04458675533533096,0.0,0.0,0.0,0.0,0.08485563099384308,0.0,0.24984969198703766,0.025035832077264786,0.0,0.0,0.4585268795490265,4.8040667024906725e-05,0.11346324533224106,0.08725404739379883,0.3037387728691101,0.0,0.29535943269729614,0.1347828358411789,0.024163836613297462,0.04931982234120369,0.1752166599035263,0.02895415760576725,0.11272820085287094,0.10191122442483902,0.11145810037851334,0.1474645435810089,0.05318759009242058,0.15440025925636292,0.159063458442688,0.19212675094604492,0.014545287005603313,0.0,0.06359324604272842,0.1374610811471939,0.0,0.24977156519889832,0.024121755734086037,0.024002758786082268,0.0006960695027373731,0.316399484872818,0.7342823147773743,0.28684836626052856,0.04996828734874725,0.0,0.062490902841091156,0.17960131168365479,0.0,0.0,0.009247420355677605,6.391243368852884e-05,0.0831761583685875,0.2202446311712265,0.215547114610672,0.054830677807331085,0.0,0.15049989521503448,0.14869330823421478,0.06784181296825409,0.04091694951057434,0.00484122708439827,0.02617727406322956,0.0,0.16192233562469482,0.02745189517736435,0.016390692442655563,0.0,0.15816299617290497,0.11884800344705582,0.010702984407544136,0.06790798157453537,0.3175521492958069,0.3794527053833008,0.3444646894931793,0.0661163330078125,0.0709710419178009,0.046725139021873474,0.04250650852918625,0.0,0.034481413662433624,0.5683425068855286,0.0,0.0004412514972500503,0.0,0.01773158833384514,0.41502395272254944,0.0,0.343743234872818,0.3018072247505188,0.31298893690109253,0.06979164481163025,0.06045413762331009,0.027597537264227867,0.0,0.03560146689414978,0.0811249390244484,0.03132741525769234,0.2503454387187958,0.10090357810258865,0.0,0.08119259029626846,0.043222825974226,0.06492634117603302,0.028231225907802582,0.0,0.07823850959539413,0.0,0.02166161499917507,0.0,0.2391599863767624,0.0,0.014115666970610619,0.031232813373208046,0.056937236338853836,0.0,0.19108431041240692,0.03691112622618675,0.004156370181590319,0.004226158373057842,0.16463477909564972,0.0,0.0,0.10131416469812393,0.0,0.0,0.0,0.01470328401774168,0.0,0.14106485247612,0.0,0.0944879949092865,0.0256611630320549,0.10309308767318726,0.0,0.041750259697437286,0.11108571290969849,0.07220233976840973,0.0,0.0,0.37621021270751953,0.02618911862373352,0.0,0.051864754408597946,0.04612522944808006,0.2239481657743454,0.22461068630218506,0.025309525430202484,0.0,0.053841277956962585,0.116849385201931,0.004338685888797045,0.09722121804952621,0.0,0.0,0.0,0.0,0.020971225574612617,0.03618583828210831,0.3105771541595459,0.08425424247980118,0.04027177765965462,0.08480583131313324,0.017865074798464775,0.056289684027433395,0.0013573847245424986,0.0,0.15599747002124786,0.0,0.0,0.1861094981431961,0.30587735772132874,0.0,0.09886854887008667,0.0,0.0,0.057756587862968445,0.1779099702835083,0.007284694351255894,0.22502455115318298,0.13794508576393127,0.06425800174474716,0.17904889583587646,0.1108141541481018,0.0799105316400528,0.079033263027668,0.0,0.06926246732473373,0.07762641459703445,0.0,0.0,0.0,0.007140768226236105,0.036744147539138794,0.17019625008106232,0.04900335893034935,0.3489031493663788,0.00891771912574768,0.19605019688606262,0.05112652853131294,0.05522565543651581,0.36934489011764526,0.0,0.052040643990039825,0.21677803993225098,0.008752405643463135,0.0748344138264656,0.0005077902460470796,0.0007362460601143539,0.02411177009344101,0.0,0.03060240112245083,0.05951180309057236,0.3536507189273834,0.04964257404208183,0.028809206560254097,0.007713879458606243,0.3315185010433197,0.07232052087783813,0.0215611569583416,0.10092532634735107,0.10192570090293884,0.0,0.029418019577860832,0.09004739671945572,0.09065502882003784,0.0026386675890535116,0.0,0.26015573740005493,0.011717962101101875,0.04651918262243271,0.08905250579118729,0.0,0.0,0.0,0.0,0.3143148124217987,0.0,0.0,0.04445341229438782,0.09756544977426529,0.0,0.07002165913581848,0.09256625175476074,0.008960896171629429,0.0900493860244751,0.0,0.0,0.13215526938438416,0.1987939327955246,0.17459125816822052,0.07664231210947037,0.018919315189123154,0.1413787305355072,0.0,0.0005642016767524183,0.050249405205249786,0.004513292107731104,0.0,0.37195467948913574,0.49701058864593506,0.21290268003940582,0.08423614501953125,0.0,0.0008097352110780776,0.0,0.011516581289470196,0.01512960996478796,0.0767209380865097,0.05649842694401741,0.42081019282341003,0.0,0.06900463998317719,0.2506704330444336,0.13701286911964417,0.024546945467591286,0.0,0.015414522960782051,0.0,0.25544416904449463,0.0013623973354697227,0.46463093161582947,0.11863178759813309,0.04149715229868889,0.031182078644633293,0.23940634727478027,0.15494507551193237,0.0848684310913086,0.008504904806613922,0.0,0.0,0.6459886431694031,0.03413739055395126,0.010514603927731514,0.14882899820804596,0.031997088342905045,0.0,0.007810348179191351,0.4316897988319397,0.0,0.046985264867544174,0.06434911489486694,0.0,0.0002288620889885351,0.01323353685438633,0.0,0.04719531163573265,0.05872388556599617,0.1380588412284851,0.03912869840860367,0.0,0.0,0.6396530270576477,0.04024762660264969,0.027628421783447266,0.09577061980962753,0.42250561714172363,0.0,0.124167300760746,0.1711466759443283,0.09806735813617706,0.0,0.2608114778995514,0.057738274335861206,0.07433851063251495,0.32876142859458923,0.29675135016441345,0.13116861879825592,0.1351679414510727,0.19278813898563385,0.38555142283439636,0.40481409430503845,0.010083064436912537,0.003100636648014188,0.0722389742732048,0.15688025951385498,0.017446910962462425,0.3034876585006714,0.009179807268083096,0.036142099648714066,0.0,0.540359377861023,1.0655542612075806,0.44456982612609863,0.12224496901035309,0.0,0.055019717663526535,0.3339831829071045,0.0,0.003913492895662785,0.0905696302652359,0.0,0.004390337970107794,0.4571809768676758,0.31544190645217896,0.1274058073759079,0.0,0.20545616745948792,0.2534952759742737,0.16102123260498047,0.05271793529391289,0.07794281095266342,0.04770223796367645,0.02171889878809452,0.07999060302972794,0.026196245104074478,0.006804627366364002,0.0,0.17491990327835083,0.03725585713982582,0.007650380488485098,0.019096581265330315,0.5223914980888367,0.26290416717529297,0.33578601479530334,0.07680751383304596,0.01911921799182892,0.04536383971571922,0.08231837302446365,0.027081141248345375,0.1968647688627243,0.7516800165176392,0.0,0.027012482285499573,0.015200096182525158,0.014918423257768154,0.5128387808799744,0.0,0.19269870221614838,0.33920004963874817,0.34618502855300903,0.1133929044008255,0.05434269830584526,0.07184266299009323,0.0,0.003111952682957053,0.05124199017882347,0.08398036658763885,0.35578078031539917,0.3593742549419403,0.0,0.12915273010730743,0.054212357848882675,0.07813587784767151,0.03755611926317215,0.012624534778296947,0.29126212000846863,0.10804064571857452,0.003900329116731882,0.0,0.012614666484296322,0.009785834699869156,0.16408555209636688,0.005976061802357435,0.007307334337383509,0.0024353135377168655,0.0421939454972744,0.1928638517856598,0.01994510553777218,0.06128159165382385,0.3381304144859314,0.0,0.001437144703231752,0.18373017013072968,0.054466862231492996,0.0,0.00037763602449558675,0.02977229468524456,0.0,0.13519923388957977,0.0,0.18686309456825256,0.0,0.0,0.0,0.014377030543982983,0.25931188464164734,0.07326238602399826,0.0,0.0,0.6004529595375061,0.09456097334623337,0.0,0.02547021023929119,0.05406869575381279,0.3849794268608093,0.29330167174339294,0.04649530351161957,0.006098771933466196,0.1429600566625595,0.15730272233486176,0.0,0.1927066594362259,0.0,0.0,0.03543782979249954,0.00901180598884821,0.013804718852043152,0.03067117929458618,0.685390830039978,0.08558716624975204,0.016248077154159546,0.17316265404224396,0.0,0.001972662750631571,0.0,0.010554157197475433,0.17448690533638,0.017241334542632103,0.0,0.39992842078208923,0.5285862684249878,0.0019185722339898348,0.3723764419555664,0.0,0.0,0.0,0.10899128764867783,0.011440559290349483,0.27448973059654236,0.21918904781341553,0.04711666330695152,0.13488279283046722,0.0,0.17256490886211395,0.09540773928165436,0.0,0.12593381106853485,0.2007495015859604,0.0,0.01793263666331768,0.0,0.026175403967499733,0.025884587317705154,0.16574203968048096,0.1334511935710907,0.536068856716156,0.018528353422880173,0.3313840329647064,0.00469593470916152,0.04441772401332855,0.5122440457344055,0.01916789822280407,0.06394486874341965,0.17279843986034393,0.008962179534137249,0.26255300641059875,0.008869851008057594,0.06063903495669365,0.019083227962255478,0.014387490227818489,0.26679134368896484,0.015259153209626675,0.640754222869873,0.0,0.09996133297681808,0.06010674312710762,0.331952303647995,0.1244702860713005,0.07827120274305344,0.18515785038471222,0.17046450078487396,0.0,0.02506927028298378,0.03171569108963013,0.1544519066810608,0.0013449931284412742,0.0029634740203619003,0.20676381886005402,0.0,0.1308884471654892,0.013035277836024761,0.0,0.0,0.012674110941588879,0.0,0.3908495008945465,0.0,0.0,0.028708497062325478,0.2967052459716797,0.0013453923165798187,0.07179563492536545,0.09032709151506424,0.0618746280670166,0.1085878536105156,0.0,0.0,0.1686805635690689,0.41170206665992737,0.10950994491577148,0.12673991918563843,0.0,0.19326232373714447,0.0,0.02655813656747341,0.14011527597904205,0.0,0.0019013237906619906,0.6531643271446228,0.6593863368034363,0.21853899955749512,0.18616218864917755,0.0,0.004253890831023455,0.0029095218051224947,0.05972796306014061,0.03008614294230938,0.056104231625795364,0.24625276029109955,0.5288134217262268,0.00810893066227436,0.06896114349365234,0.09315594285726547,0.16429845988750458,0.08153348416090012,0.0,0.06120270490646362,0.004016292281448841,0.13374853134155273,0.07686571031808853,0.37016603350639343,0.11439404636621475,0.049362387508153915,0.046082254499197006,-1.3070452213287354
223,0.0,0.14580698311328888,0.49901142716407776,0.0025319962296634912,0.0,0.0,0.6165251135826111,0.023064477369189262,0.0,0.0,0.06971359252929688,0.0,0.0,0.2560161054134369,0.0,0.19062575697898865,0.02071727253496647,0.0,0.0,0.0,0.0,0.13131533563137054,0.024541132152080536,0.6915145516395569,0.0,0.0,0.0,0.8383224606513977,0.07546878606081009,0.050354618579149246,0.2950911819934845,0.31335610151290894,0.0,0.40168699622154236,0.18109342455863953,0.38994666934013367,0.16907644271850586,0.7970860004425049,0.0,0.0014210757799446583,0.0,0.4300292432308197,0.0496140718460083,0.23809538781642914,0.5526755452156067,0.9194612503051758,0.09471753984689713,0.0,0.0,0.19541268050670624,0.3753562569618225,0.0,0.0,0.008799625560641289,0.21441571414470673,0.0,0.705437183380127,0.6566708087921143,0.1545850783586502,0.05330171808600426,0.0,0.031216956675052643,0.005395323503762484,0.0,0.0,0.11193660646677017,0.007867962121963501,0.0,0.1341460943222046,0.009054800495505333,0.6139037609100342,0.0,0.3648563325405121,0.0,0.11197283864021301,0.11362392455339432,0.0,0.5950393080711365,0.0,0.1136055514216423,0.018796073272824287,0.28434595465660095,0.002320026746019721,0.15566471219062805,0.0,0.0,0.15287916362285614,0.1682804375886917,0.4216732680797577,0.5398867726325989,0.10819404572248459,0.0,0.0,0.49480000138282776,0.0,0.0,0.4295858144760132,0.1101142019033432,0.0,0.007106830831617117,0.0,0.041176941245794296,0.0,0.523565411567688,0.7770289778709412,0.45221033692359924,0.25072622299194336,0.00425294041633606,0.0,0.0,0.0,0.23023076355457306,0.23016251623630524,0.2444600760936737,0.17344403266906738,0.0,0.0,0.0,0.23436005413532257,0.17837098240852356,0.0,0.055087246000766754,0.1792672872543335,0.01806602254509926,0.0,0.44949594140052795,0.0021692970767617226,0.251851886510849,0.0,0.0,0.0,0.008321575820446014,0.1466808319091797,0.0,0.08851303160190582,0.033986084163188934,0.0,0.0,0.037221238017082214,0.033826835453510284,0.0,0.01818820834159851,0.5972957611083984,0.0,0.5825796127319336,0.0,0.0,0.039336323738098145,0.0,0.0,0.0770333781838417,0.7553068995475769,0.2995852530002594,0.0,0.0,0.5816555023193359,0.004490009043365717,0.0,2.5456563889747486e-05,0.0,1.1863898038864136,0.3187517821788788,0.0,0.0,0.17561393976211548,0.04143685847520828,0.0,0.6736462712287903,0.0,0.0,0.0,0.0,0.053877200931310654,0.1280384510755539,0.0714355856180191,0.2393416315317154,0.022735506296157837,0.7789468765258789,0.0,0.0232236348092556,0.0,0.0,0.9064512252807617,0.006670026574283838,0.0,0.2480948567390442,0.21862371265888214,0.14484235644340515,0.6863566040992737,0.0,0.0,0.0,0.0,0.11936444789171219,0.1768777072429657,0.6465228199958801,0.019819585606455803,0.8549498319625854,0.0,0.07303962856531143,0.20340029895305634,0.0,0.014215032570064068,0.0,0.0,0.0,0.0,0.0,0.0,0.0027101635932922363,0.00014260431635193527,0.18936091661453247,0.08597730100154877,0.7086277008056641,0.0,0.25761011242866516,0.5193008780479431,0.0,0.07981596887111664,0.5699911713600159,0.011427074670791626,0.0072761401534080505,0.0,0.0,0.0,0.05793948844075203,0.023192021995782852,0.0,0.3738971948623657,0.008960005827248096,0.0,0.0,0.8568225502967834,0.4411666691303253,0.032102812081575394,0.20033086836338043,0.12933868169784546,0.00021978218865115196,0.2841806411743164,0.07842656970024109,0.002091595670208335,0.0,0.0,1.1752516031265259,0.0,0.039286598563194275,0.019569972530007362,0.0,0.0,0.0,0.0,0.008554468862712383,0.0,0.02693403698503971,0.0,0.8790748119354248,0.06585793942213058,0.07828748226165771,0.007446978706866503,0.08901925384998322,0.530750572681427,0.0,0.0,0.645555317401886,0.34800291061401367,0.0,0.5859456658363342,0.0,0.38418906927108765,0.045114580541849136,0.0,0.10873053222894669,0.0,0.028012918308377266,1.4983670711517334,0.8328608274459839,0.479095995426178,0.12274959683418274,0.0,0.0022740827407687902,0.0,0.0031924801878631115,0.4800146520137787,0.0,0.0031826640479266644,0.46405166387557983,0.0,0.0,0.6381208300590515,0.273648738861084,0.021513326093554497,0.010216942988336086,0.0,0.0,0.38818955421447754,0.12531189620494843,0.6468139886856079,0.0,0.007982944138348103,0.25170832872390747,0.6265518665313721,0.10198905318975449,0.05953284353017807,0.0,0.0,0.0,0.7515262365341187,0.0,0.005997200962156057,0.33713990449905396,0.0,0.007094020955264568,0.0,0.5277624726295471,0.0,0.013185760006308556,0.010307291522622108,0.0,0.0,0.016213472932577133,0.0,0.017194047570228577,0.0,0.021701736375689507,0.32104745507240295,0.0031791774090379477,0.0,0.5892305374145508,0.028870930895209312,0.014123651199042797,0.009405359625816345,0.5815383195877075,0.0,0.01249829214066267,0.1261976659297943,0.0,0.0,0.18475332856178284,0.13074997067451477,0.11709906905889511,0.9778827428817749,0.17585408687591553,0.0920524001121521,0.015393058769404888,0.04326937347650528,0.11912864446640015,0.9937963485717773,0.0,0.0,0.09972959011793137,0.0993637889623642,0.00035436637699604034,0.6457789540290833,0.0,0.01580161228775978,0.0,0.2507564127445221,1.673448085784912,0.519743800163269,0.2866400480270386,0.0,0.011296342127025127,0.7964369654655457,0.0,0.0,0.003461772110313177,0.0,0.09446407854557037,0.7570356130599976,0.5365166068077087,0.04918650910258293,0.0,0.5062230825424194,0.9321569204330444,0.058233119547367096,0.0001923159434227273,0.2946719527244568,0.0,0.0,0.13688543438911438,0.04289599508047104,0.0,0.01910005323588848,0.25709962844848633,0.0,0.013673586770892143,0.0001445779053028673,0.8624047040939331,0.43083393573760986,0.346205472946167,0.1830655038356781,0.0012920971494168043,0.043040644377470016,0.041064634919166565,0.0,0.42805346846580505,1.085631251335144,0.0,0.022852744907140732,0.020375927910208702,0.09038594365119934,0.6717265844345093,0.0,0.0,0.32217952609062195,0.2909783124923706,0.07088485360145569,0.1768294870853424,0.24347369372844696,0.0,0.0061462088488042355,0.0725427120923996,0.09245749562978745,0.49896717071533203,0.797393798828125,0.0,0.23473575711250305,0.08355241268873215,0.05042588710784912,0.06101848930120468,0.01242744829505682,0.593374490737915,0.12819118797779083,0.0,0.0,0.0,0.0,0.10762962698936462,0.0,0.0,0.010879806242883205,0.016989052295684814,0.2731631398200989,0.09098386019468307,0.11738048493862152,1.018180012702942,0.001106754643842578,0.0,0.4594056308269501,0.03158276528120041,0.0,0.0,0.0,0.0,0.03252526372671127,0.0,0.6585482358932495,0.0,0.0,0.0,0.0,0.04458177089691162,0.0075468625873327255,0.0,0.0,0.747495174407959,0.06370317190885544,0.0,0.006325714290142059,0.11503159999847412,0.1168094277381897,0.21639925241470337,0.22776249051094055,0.0,0.16542233526706696,0.277255117893219,0.0,0.0437040738761425,0.0,0.0,0.03003772161900997,0.025253204628825188,0.024996569380164146,0.0,1.4825466871261597,0.026580845937132835,0.0,0.08745327591896057,0.003419003216549754,0.0,0.0,0.0,0.002589050680398941,0.021765276789665222,0.0,0.5804710388183594,0.9799450635910034,0.010735206305980682,0.1171012744307518,0.0,0.0,0.022988006472587585,0.4079577624797821,6.914449386385968e-06,0.4785967767238617,0.0535961352288723,0.047114353626966476,0.025469055399298668,0.012049971148371696,0.012593726627528667,0.11432421207427979,0.0,0.04888246953487396,0.42761704325675964,0.0,0.0027317889034748077,0.0,0.3314647078514099,0.006402596831321716,0.09285430610179901,0.4125763177871704,0.9093844294548035,0.03486814349889755,0.03824598714709282,0.0,0.023304428905248642,0.6029248237609863,0.0,0.04393009468913078,0.03362266719341278,0.0,0.5325636863708496,0.079740509390831,0.056746214628219604,0.11148496717214584,0.0,0.720099925994873,0.0,0.9244384765625,0.0,0.32762211561203003,0.2955177426338196,0.28017961978912354,0.04279254004359245,0.09277550876140594,0.10445880889892578,0.009657928720116615,0.0,0.009632796980440617,0.036489374935626984,0.16346269845962524,0.0,0.008961288258433342,0.0,0.0,0.0030241161584854126,0.0,0.0,0.0,0.0,0.0,0.6880106329917908,0.0,0.0,0.02821456454694271,0.273453950881958,0.0,0.05461541935801506,0.12136010825634003,0.12061037868261337,0.03258294612169266,0.0,0.01113986223936081,0.13561563193798065,0.13754749298095703,0.388441264629364,0.00929124467074871,0.0,0.0625646561384201,0.0,0.098090261220932,0.4232443571090698,0.07870655506849289,0.0,0.19479870796203613,0.8332344889640808,0.22934220731258392,0.08278602361679077,0.0,0.0,0.003294867929071188,0.10251322388648987,0.0,0.148237943649292,0.3040401339530945,0.6533412933349609,0.0,0.09418903291225433,0.02251279354095459,0.18070650100708008,0.08483501523733139,0.0,0.017580902203917503,0.4703996181488037,0.004119207616895437,4.840238761971705e-05,0.3504849374294281,0.5619075894355774,0.029748916625976562,0.00442101527005434,0.34091317653656006,0.15014532208442688,0.17777439951896667,0.0,0.0,0.0,0.7161464691162109,0.006461636628955603,0.02679450623691082,0.19898369908332825,0.004789966624230146,0.0013916405150666833,0.00652327248826623,0.4446748197078705,0.004236008506268263,0.05478619411587715,0.08289941400289536,0.0,0.0,0.0,0.0,0.06264317035675049,0.05174540355801582,0.18723666667938232,0.11208982765674591,0.0,0.0003065712808165699,0.8000033497810364,0.10384678095579147,0.020773926749825478,0.09530993551015854,0.5368046164512634,0.0,0.175162672996521,0.1645282655954361,0.15591423213481903,0.0056166499853134155,0.4298316538333893,0.07815970480442047,0.046920400112867355,0.4964812695980072,0.3879542648792267,0.06444306671619415,0.16221930086612701,0.28789064288139343,0.6583948731422424,0.5330713987350464,0.0,1.0980666047544219e-05,0.1047840341925621,0.23005889356136322,0.007791638374328613,0.3798235058784485,0.025566041469573975,0.06027313694357872,0.0,0.6318718194961548,1.3408687114715576,0.5088480114936829,0.1960279643535614,0.0,0.03900660201907158,0.4385237693786621,0.0,0.006389630027115345,0.12637200951576233,0.0,0.008771630935370922,0.6338472962379456,0.3399716317653656,0.3401418626308441,0.0,0.4553052484989166,0.4152856767177582,0.15975575149059296,0.025139858946204185,0.09790731966495514,0.10287021845579147,0.0,0.10070333629846573,0.019471343606710434,0.058497097343206406,0.029162688180804253,0.20271897315979004,0.016354428604245186,0.00017294213466811925,0.02145431749522686,0.7020142078399658,0.3583105504512787,0.45425382256507874,0.1605461686849594,0.003362132702022791,0.03226464241743088,0.1472489982843399,0.008106115274131298,0.21959319710731506,0.9358158111572266,0.0,0.07273215800523758,0.01429721899330616,0.015288998372852802,0.5669354796409607,0.0,0.045817457139492035,0.4527130126953125,0.5256597399711609,0.20418326556682587,0.1254993975162506,0.13408149778842926,0.0,0.0,0.09890346974134445,0.09109640121459961,0.45840874314308167,0.5453755259513855,0.0,0.1425030529499054,0.023183470591902733,0.07597937434911728,0.08882605284452438,0.05113115534186363,0.33657845854759216,0.14711466431617737,0.0,0.0,0.02623104117810726,0.002458617091178894,0.3229127824306488,0.0,0.00951764639467001,0.0,0.05010480806231499,0.2847425937652588,0.0014926039148122072,0.14623992145061493,0.6149927377700806,0.0,0.0,0.2459288090467453,0.06906872987747192,0.001009496278129518,0.0,0.2724005877971649,0.0,0.18359071016311646,0.0,0.24852053821086884,0.0,0.0,0.0,0.0,0.41475921869277954,0.16207188367843628,0.0011736206943169236,0.0,0.7729703783988953,0.023593369871377945,0.0,0.0006189417326822877,0.04651438072323799,0.6650285124778748,0.3302498757839203,0.08906267583370209,0.023179277777671814,0.1741948425769806,0.17577259242534637,0.0,0.3182576596736908,0.0,0.0,0.015488877892494202,0.030152728781104088,0.02706708014011383,0.10981065034866333,1.0368207693099976,0.04742782190442085,0.005923301912844181,0.3929382860660553,0.0,0.0,0.0,0.017772264778614044,0.27339860796928406,0.014688113704323769,0.0,0.5617172122001648,0.7385575771331787,0.07813873142004013,0.5063729286193848,0.0,0.0017704267520457506,0.003210995113477111,0.15223664045333862,0.0761011615395546,0.3882487714290619,0.26878979802131653,0.01123770885169506,0.32181471586227417,0.004557958338409662,0.05536729842424393,0.06796175986528397,0.0,0.13458040356636047,0.16544051468372345,0.0,0.0073196240700781345,0.0,0.08525780588388443,0.010068058036267757,0.13947533071041107,0.1258688122034073,0.7144386172294617,0.04340566322207451,0.38778966665267944,0.007912332192063332,0.1115381270647049,0.583767831325531,0.012388448230922222,0.13585291802883148,0.12404068559408188,0.008421103470027447,0.34804874658584595,0.019437601789832115,0.02350030094385147,0.009668296203017235,0.0009554065763950348,0.3802756667137146,0.0,0.8293344378471375,0.0,0.11700492352247238,0.07849820703268051,0.488546222448349,0.24408264458179474,0.012046431191265583,0.20871315896511078,0.11715791374444962,0.0,0.019427988678216934,0.03890087828040123,0.09888633340597153,0.0,0.004891651216894388,0.3317825496196747,0.0,0.06014512851834297,0.0,0.0,0.0,0.0,0.0,0.47942519187927246,0.0,0.0,0.007809135597199202,0.4903580844402313,0.026690680533647537,0.07439108937978745,0.04805535078048706,0.11452489346265793,0.0987096056342125,0.0,0.00627720495685935,0.32408463954925537,0.38546305894851685,0.1790817528963089,0.27255919575691223,0.0,0.19273178279399872,0.0,0.08694241940975189,0.19907616078853607,0.007449090015143156,0.004810286685824394,0.8680200576782227,0.8753312230110168,0.3012584447860718,0.1489536613225937,0.0,0.0003002837474923581,0.0160681065171957,0.03837841376662254,0.04649484157562256,0.07546752691268921,0.27783486247062683,0.6590973734855652,0.0042694504372775555,0.02346361055970192,0.17637383937835693,0.15271000564098358,0.1367161124944687,0.0,0.07912171632051468,0.08843624591827393,0.03361033648252487,0.10857124626636505,0.30315908789634705,0.10034578293561935,0.03873608633875847,0.0711304172873497,-0.5866757035255432
224,0.13090424239635468,0.06290525943040848,0.0,0.0,0.0,0.0,0.3360709547996521,0.05502065643668175,0.0,0.14314012229442596,0.14613071084022522,0.011486719362437725,0.0,0.2614613473415375,0.15367837250232697,0.04619944095611572,0.01733078807592392,0.1491745412349701,0.020842749625444412,0.0,0.0,0.04608643427491188,0.0,0.46113312244415283,0.1678656041622162,0.0,0.0,0.4114825427532196,0.010271807201206684,0.02935182675719261,0.0,0.3488234877586365,0.0,0.1157279685139656,0.008724864572286606,0.0026327306404709816,0.0,0.09445711225271225,0.19948036968708038,0.23352782428264618,0.1913648545742035,0.0577494315803051,0.1233326718211174,0.002043133834376931,0.19985593855381012,0.0,0.42471933364868164,0.00549682043492794,0.0,0.14866191148757935,0.0,0.0115880835801363,0.6445277333259583,0.012733514420688152,0.0,0.07201095670461655,0.033783573657274246,0.7180418968200684,0.093355692923069,0.05176475644111633,0.0,0.08417519181966782,0.22405488789081573,0.058979663997888565,0.0,0.0,0.0,0.5255448222160339,0.2908177077770233,0.13538537919521332,0.0,0.0013334465911611915,0.16663965582847595,0.6220866441726685,0.0,0.04349501430988312,0.26330432295799255,0.002444607438519597,0.0,0.03094065934419632,0.15347416698932648,0.01833105832338333,0.10049346089363098,0.16534423828125,0.38196125626564026,0.034261371940374374,0.0,0.2805662751197815,0.5365250706672668,0.27338042855262756,0.0466950349509716,0.2337649166584015,0.03130244091153145,0.0741707980632782,0.0,0.11582674086093903,0.3450583517551422,0.0,0.0,0.002574288286268711,0.2530839741230011,0.2101794332265854,0.0,0.42048531770706177,0.11795242875814438,0.03503422811627388,0.026693711057305336,0.36299386620521545,0.06309991329908371,0.0,0.1684967279434204,0.027336368337273598,0.0015673103043809533,0.24616511166095734,0.13854272663593292,0.00977391842752695,0.03834589943289757,0.26797905564308167,0.0,0.026532689109444618,0.10764859616756439,0.1779068559408188,0.000539149041287601,0.0,0.08329785615205765,0.10151415318250656,0.0,0.0,0.12516829371452332,0.0,0.0014046248979866505,0.09785643219947815,0.0,0.0163266584277153,0.02286146581172943,0.2160576581954956,0.020376218482851982,0.0,0.156209334731102,0.0013716729590669274,0.0,0.0,0.0,0.0,0.012249456718564034,0.0329868383705616,0.09029612690210342,0.0,0.0,0.0,0.0,0.042591579258441925,0.034383583813905716,0.0,0.0,0.212079718708992,0.04740935191512108,0.0,0.0,0.010539780370891094,0.03169310465455055,0.01249707955867052,0.05694401264190674,0.0,0.03214824199676514,0.14283053576946259,0.0,0.0,0.08170325309038162,0.0,0.06567350775003433,0.048340216279029846,0.016052911058068275,0.0,0.28185442090034485,0.24902884662151337,0.0,0.0,0.15960071980953217,0.005306706763803959,0.04248868301510811,0.0,0.0829453244805336,0.006120920181274414,0.0228616651147604,0.07615721970796585,0.22903524339199066,0.0,0.0,0.0,0.0,0.31187379360198975,0.25258854031562805,0.0011224668705835938,0.15626439452171326,0.12129683047533035,0.0004602836270350963,0.11323698610067368,0.3582862913608551,0.0,0.1284252107143402,0.0,0.0019692708738148212,0.041548553854227066,0.0,0.0,0.0,0.5079964399337769,0.20799803733825684,0.008130823262035847,0.20506316423416138,0.30630117654800415,0.0,0.010777887888252735,0.14782081544399261,0.05680437758564949,0.16716548800468445,0.0,0.0,0.08425970375537872,0.0,0.1112084686756134,0.17475487291812897,0.0,0.08456259220838547,0.0,0.29887744784355164,0.17958320677280426,0.13222147524356842,0.23789061605930328,0.06789632141590118,0.14225955307483673,0.30995315313339233,0.04652073234319687,0.15912124514579773,0.0,0.0,0.0,0.0023156984243541956,0.009706013835966587,0.007408774457871914,0.00013268164184410125,0.009160556830465794,0.10237863659858704,0.17647375166416168,0.043937258422374725,0.006980674806982279,0.0,0.0,0.0,0.0,0.6214122772216797,0.0,0.0,0.0,0.0,0.0,0.0,0.02572786808013916,0.0,0.017800061032176018,0.039920873939991,0.08186499774456024,0.02249738574028015,0.0,0.7120715379714966,0.026604562997817993,0.05719386786222458,0.07986805588006973,0.0,0.0,0.16965678334236145,0.11847271025180817,0.0,0.12123337388038635,0.1059931144118309,0.14865519106388092,0.0,0.11163098365068436,0.0,0.18044035136699677,0.0,0.0,0.2745570242404938,0.005650751758366823,0.18754233419895172,0.0,0.0075331032276153564,0.3045065104961395,0.08177291601896286,0.033244047313928604,0.0,0.0,0.3488537669181824,0.23551136255264282,0.0,0.1753101646900177,0.5660036206245422,0.12717756628990173,0.03912708908319473,0.21835029125213623,0.09956363588571548,0.0384676419198513,0.0,0.0,0.0,0.33715906739234924,0.059216730296611786,0.017512908205389977,0.10980261117219925,0.16082477569580078,0.01777663640677929,0.0,0.3836466372013092,0.12852606177330017,0.03636793792247772,0.003232085146009922,0.12849530577659607,0.05346963554620743,0.0,0.0,0.069413922727108,0.0,0.35476428270339966,0.1238357201218605,0.0,0.0,0.4117734730243683,0.008149519562721252,0.0788789689540863,0.011916269548237324,0.2901255190372467,0.0,0.11965332925319672,0.06384796649217606,0.0,0.02397857792675495,0.07796783000230789,0.16823506355285645,0.30082112550735474,0.31584417819976807,0.025825588032603264,0.2164282351732254,0.0,0.13068516552448273,0.00971502810716629,0.38206276297569275,0.0,0.0,0.08807948976755142,0.004578184336423874,0.0,0.6208317875862122,0.0,0.0,0.04199458658695221,0.056427001953125,0.831071138381958,0.2238951325416565,0.015422130934894085,0.0,0.014288024976849556,0.2882229685783386,0.02136329375207424,0.0,0.0,0.0,0.43381014466285706,0.25862282514572144,0.23496325314044952,0.0,0.0,0.1886502057313919,0.6162446737289429,0.005101572256535292,0.03335614874958992,0.1996307373046875,0.0,0.0,0.10210008919239044,0.08806134015321732,0.0,0.05096672102808952,0.1850556880235672,0.22314368188381195,0.05548402667045593,0.0,0.28929752111434937,0.5009729862213135,0.1775590479373932,0.050680745393037796,0.2913142740726471,0.04844851791858673,0.0018681545043364167,0.0,0.0997905507683754,0.45754119753837585,0.0,0.005124810617417097,0.0,0.33765891194343567,0.376232773065567,0.0,0.34927040338516235,0.14936096966266632,0.11458471417427063,0.01480936724692583,0.29317182302474976,0.043854571878910065,0.0,0.22141888737678528,0.07179924100637436,0.003668945748358965,0.27881771326065063,0.1159224659204483,0.0,0.14790619909763336,0.1909882128238678,0.0,0.03681175038218498,0.13377045094966888,0.21930237114429474,0.03923065960407257,0.0,0.030716413632035255,0.02998698502779007,0.0,0.0,0.08356926590204239,0.0,0.0,0.019129090011119843,0.03239317238330841,0.04197065532207489,0.030865494161844254,0.20867177844047546,0.02217513881623745,0.0,0.2090674191713333,0.01112489216029644,0.0,0.0,0.0,0.0,0.05412377789616585,0.030864153057336807,0.08997751027345657,0.0,0.09197860956192017,0.0,0.0,0.02017062157392502,0.012506883591413498,0.0,0.0,0.23073549568653107,0.10862500220537186,0.0,0.00206971843726933,0.007474579848349094,0.032855074852705,0.03927597030997276,0.098565973341465,0.007039519492536783,0.02979707159101963,0.1598106175661087,0.0,0.0009322464466094971,0.04337522014975548,0.0,0.020565215498209,0.030141571536660194,0.015149067156016827,0.0,0.42462122440338135,0.11056826263666153,0.0,0.004417091608047485,0.1672649085521698,0.014094929210841656,0.020460372790694237,0.0,0.09520450234413147,0.019090697169303894,0.018131818622350693,0.08537910133600235,0.33934974670410156,0.0,0.007491643074899912,0.0,0.0,0.21473699808120728,0.2838228940963745,0.0,0.17169983685016632,0.10780840367078781,0.06925055384635925,0.11594205349683762,0.2920725643634796,0.0,0.08347893506288528,0.0,0.007006207946687937,0.08526883274316788,0.0,0.0,0.011678793467581272,0.4321897625923157,0.15045049786567688,0.05091669782996178,0.17775842547416687,0.3649847209453583,0.0,0.0,0.17671771347522736,0.05798174440860748,0.1837529093027115,0.0,0.0,0.039646923542022705,0.01092261541634798,0.13594114780426025,0.24311572313308716,0.0,0.12158858776092529,0.0,0.18785491585731506,0.12915457785129547,0.2688094675540924,0.14075809717178345,0.15526142716407776,0.11138749122619629,0.2222631275653839,0.03258925676345825,0.0995333343744278,0.0,0.0,0.0,0.013973714783787727,0.007578507997095585,0.014912145212292671,0.0,0.009360040538012981,0.02927371859550476,0.1400759220123291,0.09455231577157974,0.07158461213111877,0.004744863603264093,0.0,0.004389640409499407,0.0,0.628820538520813,0.0,0.0,0.041817788034677505,0.0,0.0,0.025136031210422516,0.0007106636767275631,0.007327877916395664,0.0007253653602674603,0.02064277045428753,0.054262880235910416,0.04930511489510536,0.014769461937248707,0.5688287615776062,0.01482363510876894,0.10211290419101715,0.05475768819451332,0.0,0.0,0.08510737121105194,0.15327347815036774,0.0,0.14846393465995789,0.20990662276744843,0.14237435162067413,0.0,0.05367618054151535,0.0,0.08919505774974823,0.040981028228998184,0.004135313909500837,0.25530707836151123,0.023365825414657593,0.24330070614814758,0.0,0.0,0.3008722960948944,0.03640312701463699,0.025701338425278664,0.0,0.0,0.3529437780380249,0.19727672636508942,0.0,0.18650159239768982,0.5692127346992493,0.1097656786441803,0.0,0.2482307106256485,0.03892117366194725,0.009833240881562233,0.0,0.0,0.0,0.38967660069465637,0.07130618393421173,0.0017284575151279569,0.07878933846950531,0.06535715609788895,0.03275064006447792,0.0,0.3964039981365204,0.15634292364120483,0.02967658080160618,0.011385971680283546,0.06109783425927162,0.001173072843812406,0.0,0.0,0.10122258216142654,0.0,0.3373136520385742,0.10236942768096924,0.0,0.0,0.5347817540168762,0.00301787699572742,0.010329382494091988,0.0,0.41658782958984375,0.0,0.14094819128513336,0.020657168701291084,0.04877392575144768,0.0,0.05918082222342491,0.1966293305158615,0.28982436656951904,0.28621453046798706,0.11642520129680634,0.11842533946037292,0.02148408442735672,0.2332429438829422,0.0010383313056081533,0.42948290705680847,0.00014729534450452775,0.0,0.10434222221374512,0.0,0.0013959872303530574,0.6552767157554626,0.0,0.0,0.07180619239807129,0.02937387116253376,0.9010517001152039,0.21842731535434723,0.08526025712490082,0.0,0.10489776730537415,0.34987351298332214,0.02666320651769638,0.0,0.0,0.0,0.43247345089912415,0.3303123712539673,0.26102522015571594,0.0,0.0,0.1435321569442749,0.6081106662750244,0.0,0.07070711255073547,0.21479590237140656,0.005508774425834417,0.0,0.04619928076863289,0.08912910521030426,0.0,0.031918205320835114,0.1974273920059204,0.22883088886737823,0.015731744468212128,0.0,0.41257748007774353,0.48080894351005554,0.23874406516551971,0.0197338555008173,0.15571078658103943,0.01589134894311428,0.03804311528801918,0.024024998769164085,0.12282335013151169,0.5581434965133667,0.0,0.002830540994182229,0.03720962628722191,0.22634856402873993,0.36800020933151245,0.0,0.2189253717660904,0.20361122488975525,0.053904179483652115,0.009886994026601315,0.22756513953208923,0.042836494743824005,0.0,0.19329455494880676,0.029442576691508293,0.00782725028693676,0.3171285092830658,0.1369876265525818,0.0,0.1257600337266922,0.19012348353862762,0.0,0.023900069296360016,0.16902172565460205,0.20928096771240234,0.0,0.0,0.07842189073562622,0.05306677520275116,0.0,0.0019265334121882915,0.08318395167589188,0.0,0.0007171037141233683,0.058819204568862915,0.009676218032836914,0.0097963223233819,0.017551014199852943,0.2884480357170105,0.016055675223469734,0.0,0.13808585703372955,0.018387921154499054,0.0,0.0,0.0,0.0,0.023443108424544334,0.010591783560812473,0.11799780279397964,0.0,0.0,0.0,0.0,0.03720477968454361,0.004939468111842871,0.0,0.0,0.23452144861221313,0.08467146009206772,0.0,0.005032786168158054,0.016356881707906723,0.05151059478521347,0.03928991034626961,0.04378748685121536,0.00040559383342042565,0.08029443770647049,0.18185442686080933,0.0003452853125054389,0.0009252437739633024,0.04173026606440544,0.0,0.02242151089012623,0.047486811876297,0.012436924502253532,0.0,0.48700860142707825,0.17018824815750122,0.0,0.0,0.11158305406570435,0.004617069382220507,0.014843604527413845,0.0008057727245613933,0.04393918067216873,0.0043833148665726185,9.709070582175627e-05,0.18468962609767914,0.3405314087867737,0.0,9.227829286828637e-05,0.0,0.0,0.25641486048698425,0.2742697298526764,0.0,0.2534719407558441,0.0978882685303688,0.01085938885807991,0.06553567200899124,0.2577255368232727,0.0,0.08787652105093002,0.0,0.008829593658447266,0.06293928623199463,0.0,0.0,0.0,0.4362758994102478,0.11631476134061813,0.021626466885209084,0.2881309986114502,0.3820642828941345,0.0,0.002960071200504899,0.114852175116539,0.016614798456430435,0.25728657841682434,0.0,0.0,0.12516863644123077,0.000972804322373122,0.12241601943969727,0.16095419228076935,0.0,0.06062006205320358,0.0,0.2834134101867676,0.09270550310611725,0.32220879197120667,0.12795957922935486,0.09092264622449875,0.15507136285305023,0.24015140533447266,0.029336588457226753,0.218238964676857,0.016620052978396416,0.0,0.0,0.006678888574242592,0.0031569425482302904,0.003541868645697832,0.0,0.009832283481955528,0.049124207347631454,0.09343814104795456,0.10398516058921814,0.0,0.0,0.0,0.0,0.0,0.6393479108810425,0.0,0.0,0.01618039235472679,0.004255225416272879,0.0,0.004811959341168404,0.01969452202320099,0.0009709178120829165,0.007480444386601448,0.0277730543166399,0.04827103763818741,0.015475076623260975,0.006030302960425615,0.678447961807251,0.019262300804257393,0.052602097392082214,0.03212558105587959,0.0,0.0,0.11805461347103119,0.19617272913455963,0.0,0.1756814420223236,0.2514980733394623,0.08963987231254578,0.0,0.07310735434293747,0.0,0.08170459419488907,0.009442399255931377,0.0,0.219150573015213,0.06222466751933098,0.2700861692428589,0.0,0.000615219003520906,0.26782792806625366,0.13857656717300415,0.02320200391113758,0.0,0.0,0.2748614549636841,0.19164343178272247,0.0,0.2066996991634369,0.5059446692466736,0.08738071471452713,0.010527457110583782,0.7720982432365417
225,0.13936327397823334,0.1309492290019989,0.032940126955509186,0.0,0.0,0.0,0.5419316291809082,0.044997427612543106,0.0,0.014592571184039116,0.032134875655174255,0.004197488538920879,0.0,0.32512497901916504,0.0,0.11213452368974686,0.053034573793411255,0.0,0.0,0.0,0.0,0.05965689942240715,0.0004904571687802672,0.2439228892326355,0.02040197141468525,0.0,0.0,0.5132509469985962,0.005691395606845617,0.08456170558929443,0.11467558145523071,0.3044714629650116,0.0,0.27589040994644165,0.08881299197673798,0.054374177008867264,0.0076985848136246204,0.2167614847421646,0.000980227836407721,0.0712294951081276,0.053150564432144165,0.16897551715373993,0.06976804882287979,0.0922950878739357,0.17511239647865295,0.19375599920749664,0.30268171429634094,0.035089362412691116,0.0,0.050484199076890945,0.17154592275619507,0.0,0.14898502826690674,0.011591779068112373,0.04159216210246086,0.0,0.2930511236190796,0.7720446586608887,0.230872243642807,0.07228634506464005,0.0,0.07470846176147461,0.1432105153799057,0.0,0.0,0.006553442683070898,0.0,0.0,0.22973498702049255,0.15209649503231049,0.047578904777765274,0.0,0.18698573112487793,0.16158148646354675,0.07895325124263763,0.04326494410634041,0.005984650459140539,0.06569289416074753,0.0,0.1667466014623642,0.008754666894674301,0.0586390420794487,0.0,0.14728467166423798,0.004209202714264393,0.0,0.052361879497766495,0.29221445322036743,0.32684215903282166,0.4045376479625702,0.045828063040971756,0.0,0.024281492456793785,0.08179768174886703,0.0009505481575615704,0.022092092782258987,0.5990543365478516,0.0,0.006803023628890514,0.0,0.0,0.3705189526081085,0.0,0.25928235054016113,0.42242541909217834,0.2633841633796692,0.04842107370495796,0.009328993037343025,0.010234924964606762,0.0,0.0,0.0757550448179245,0.056202612817287445,0.2691839337348938,0.07780871540307999,0.0,0.03574236109852791,0.0,0.08335167169570923,0.021126212552189827,0.0,0.06268658488988876,0.0,0.007107339333742857,0.0,0.29787173867225647,0.0,0.027969038113951683,0.0,0.031887397170066833,0.0,0.15716135501861572,0.032787639647722244,0.0028404805343598127,0.04282999038696289,0.1535758227109909,0.0,0.0,0.03209878131747246,0.0052841342985630035,0.0,0.0,0.01356243621557951,0.0,0.17132370173931122,0.0,0.04769638180732727,0.0,0.0,0.0,0.05085763335227966,0.15812772512435913,0.10888223350048065,0.0,0.0,0.3315962553024292,0.029835056513547897,0.0,0.03244197368621826,0.037380628287792206,0.314084529876709,0.23315203189849854,0.01127532683312893,0.0,0.13442353904247284,0.12560470402240753,0.0,0.18775396049022675,0.0,0.0,0.0029395318124443293,0.006274789106100798,0.015685349702835083,0.030371537432074547,0.25749948620796204,0.1409214735031128,0.02762984298169613,0.15047869086265564,0.0,0.021012669429183006,0.00032067569554783404,0.0,0.22331182658672333,0.0009397715330123901,0.0,0.20021231472492218,0.33857202529907227,0.0,0.0858248695731163,0.0,0.0,0.0,0.136429563164711,0.0028156705666333437,0.2817785441875458,0.11333531141281128,0.026592008769512177,0.21257689595222473,0.0,0.04629065841436386,0.13894441723823547,0.0,0.03996657952666283,0.09383060783147812,0.0,0.0,0.0,0.0,0.0,0.08951332420110703,0.0598008818924427,0.3814164996147156,0.051579877734184265,0.269925594329834,0.0,0.06194847449660301,0.4124361574649811,0.0,0.031630609184503555,0.2662738561630249,0.0,0.0719030499458313,0.0,0.0002740018826443702,0.019981587305665016,0.0,0.057966023683547974,0.0,0.3916202187538147,0.0,0.01986951008439064,0.0,0.34570854902267456,0.08772935718297958,0.07740967720746994,0.1548805832862854,0.04965906962752342,0.0,0.03874381631612778,0.09073533117771149,0.04935232177376747,0.0,0.0,0.3514971137046814,0.0,0.019741440191864967,0.05801594257354736,0.0,0.0,0.0,0.0,0.2989087700843811,0.0,0.0,0.010606723837554455,0.16359204053878784,0.0,0.07818112522363663,0.06165275350213051,0.00839863158762455,0.15542232990264893,0.0,0.0,0.19000829756259918,0.21569298207759857,0.10871965438127518,0.11954641342163086,0.0,0.19036974012851715,0.0018626308301463723,0.014529015868902206,0.08962477743625641,0.0,0.0,0.3292722702026367,0.6195824146270752,0.22882860898971558,0.07417351007461548,0.0,0.0,0.0,0.004225010517984629,0.012830684892833233,0.010045546106994152,0.05343419313430786,0.4802052974700928,2.3543834686279297e-05,0.06928496807813644,0.23774221539497375,0.16877882182598114,0.029411837458610535,0.0,0.006448511499911547,0.0,0.22850167751312256,0.0,0.557099461555481,0.046184953302145004,0.00124164333101362,0.025760721415281296,0.5416882634162903,0.20798130333423615,0.2662208676338196,0.0,0.0,0.0,1.0151817798614502,0.0,0.007687476463615894,0.3833911120891571,0.008574907667934895,0.0,0.0,0.5910347104072571,0.0,0.009286771528422832,0.031797461211681366,0.0,0.0,0.017868485301733017,0.0,0.005202101077884436,0.03490433096885681,0.010885943658649921,0.16594313085079193,0.002946047345176339,0.0,0.7573108673095703,0.08457302302122116,0.03479490056633949,0.010237184353172779,0.563236653804779,0.0,0.005945172626525164,0.33577749133110046,0.03682831674814224,0.0,0.4683355689048767,0.061781223863363266,0.00038220908027142286,0.9565603137016296,0.31341519951820374,0.09620025753974915,0.04785769432783127,0.05707733333110809,0.6697444319725037,0.833453893661499,0.02908436208963394,0.0,0.17174343764781952,0.23679237067699432,0.017799368128180504,0.3031168282032013,0.0007998193032108247,0.07699310779571533,0.0,0.9315018057823181,1.8331695795059204,0.7444125413894653,0.2398565411567688,0.0,0.0,0.6691035628318787,0.0,0.0,0.0873865857720375,0.0018210263224318624,0.005587445106357336,0.8255873322486877,0.49270543456077576,0.3790234625339508,0.0,0.5453169941902161,0.5081740617752075,0.34983789920806885,0.0,0.24415846168994904,0.0,0.0,0.10514845699071884,0.02901189774274826,0.0,0.004890539683401585,0.2079983800649643,0.0,0.0,0.01102143432945013,0.8264026045799255,0.3188704550266266,0.41562047600746155,0.3089893162250519,0.0,0.0580042265355587,0.19683772325515747,0.0,0.5113283395767212,1.1613668203353882,0.0,0.007770908996462822,0.0001522666570963338,0.0193614698946476,0.7026661038398743,0.0,0.007349773310124874,0.5153951644897461,0.6618069410324097,0.17988085746765137,0.12752482295036316,0.2662500739097595,0.0,0.0,0.11951643228530884,0.3446751832962036,0.5295689702033997,1.036062240600586,0.0,0.22721992433071136,0.041940122842788696,0.25230488181114197,0.07628434151411057,0.0,0.7153369784355164,0.20243361592292786,0.0,0.0,0.0,0.0,0.3786470592021942,0.0,0.0003568604588508606,0.008688987232744694,0.0011408530408516526,0.6153426766395569,0.045276954770088196,0.13129590451717377,0.8938624858856201,0.0,0.0,0.3861851096153259,0.03218039125204086,0.0,0.0,0.050511106848716736,0.0,0.10378120839595795,0.0,0.6995187401771545,0.01035310234874487,0.0,0.0,0.0,0.4099135100841522,0.02441452629864216,0.0,0.0,1.2095826864242554,0.1161559596657753,0.0,0.026889128610491753,0.09963463246822357,0.6544652581214905,0.4566594362258911,0.20660609006881714,0.0,0.11996915936470032,0.26325523853302,0.0,0.4549017548561096,0.0,0.0,0.04590373858809471,0.015577699989080429,0.015657175332307816,0.04394957795739174,1.6305617094039917,0.04518449306488037,0.025149988010525703,0.4748533368110657,0.0,0.00365474377758801,0.0,0.003957320936024189,0.044352974742650986,0.024500951170921326,0.0,0.6721904873847961,1.0088274478912354,0.026550965383648872,0.7821952700614929,0.0,0.0,0.0,0.2487892508506775,0.0009642536169849336,0.4390808045864105,0.3713257610797882,0.029764117673039436,0.11204379051923752,0.0021208778489381075,0.48033010959625244,0.21520179510116577,0.0,0.12212736904621124,0.5535287261009216,0.0,0.014373896643519402,0.0,0.03374667093157768,0.0,0.29884591698646545,0.1842261701822281,0.948043942451477,0.06769970804452896,0.5200276374816895,0.0,0.061467062681913376,0.8895312547683716,0.0,0.23681220412254333,0.09617231786251068,0.0,0.6121633648872375,0.04192200303077698,0.22590668499469757,0.02272012270987034,0.0,0.8412157297134399,0.0,1.1102091073989868,0.0,0.37414121627807617,0.13676407933235168,0.47722452878952026,0.13262318074703217,0.02336915209889412,0.30786386132240295,0.5392465591430664,0.0,0.035478126257658005,0.023846281692385674,0.35487666726112366,0.0,0.003096733009442687,0.11704809963703156,0.0,0.10597465932369232,0.0,0.0,0.0,0.0,0.0,0.4555143117904663,0.0,0.0,0.0479726567864418,0.8151054978370667,0.008903443813323975,0.09689036011695862,0.06539367139339447,0.20186816155910492,0.05559519678354263,0.0,0.00819437950849533,0.2592633366584778,0.7912307977676392,0.022719040513038635,0.2114092856645584,0.0,0.20160086452960968,0.0,0.09890246391296387,0.3424542546272278,0.0,0.0,0.7940532565116882,1.2241188287734985,0.32358118891716003,0.5189617872238159,0.0,0.0,0.009715095162391663,0.08383305370807648,0.00691309804096818,0.09689944982528687,0.42356589436531067,0.8112440705299377,0.0,0.21159428358078003,0.0,0.15482690930366516,0.1566222459077835,0.0,0.10799307376146317,0.07062318176031113,0.0,0.13155683875083923,0.5431278944015503,0.21124865114688873,0.05948982015252113,0.0601903572678566,0.5276356935501099,0.1923733800649643,0.07320044189691544,0.015484794974327087,0.0,0.0,0.9272724986076355,0.0165898185223341,0.03231170028448105,0.2684130072593689,0.027717338874936104,0.006621918175369501,0.026083745062351227,0.5160087943077087,0.013072177767753601,0.10439397394657135,0.13961993157863617,0.0,0.00245869904756546,0.05529950186610222,0.0,0.07800167798995972,0.029684050008654594,0.017917504534125328,0.05156334117054939,0.0,0.0,0.6804770231246948,0.09231224656105042,0.03079654835164547,0.15268494188785553,0.5408255457878113,0.0,0.04554806277155876,0.3559236526489258,0.048787541687488556,0.0,0.3117370903491974,0.056010015308856964,0.04829247668385506,0.6232405304908752,0.3934718370437622,0.1310548335313797,0.17621347308158875,0.12747487425804138,0.652294933795929,0.6202924251556396,0.004440667573362589,0.0,0.06981905549764633,0.24150194227695465,0.015319664031267166,0.3326477110385895,0.014741535298526287,0.053079258650541306,0.0,0.9195196628570557,1.4567221403121948,0.7420451045036316,0.24571721255779266,0.0,0.07202772796154022,0.6667688488960266,0.0,0.06097281724214554,0.21250703930854797,0.0,0.005061828065663576,0.7765821814537048,0.526485025882721,0.22226640582084656,0.0,0.3252977430820465,0.2521766126155853,0.3765753209590912,0.02869952842593193,0.06020534783601761,0.01993432454764843,0.04339495673775673,0.1497587114572525,0.03067045472562313,0.006353216245770454,0.004863823298364878,0.10436267405748367,0.016347654163837433,0.00790325365960598,0.023547375574707985,0.9102659225463867,0.2778904139995575,0.5202500224113464,0.13575322926044464,0.016607550904154778,0.07172518968582153,0.08658673614263535,0.029736416414380074,0.2674335837364197,1.2328855991363525,0.0007975205080583692,0.1421581208705902,0.007765398360788822,0.006955249700695276,1.0876001119613647,0.0,0.11197134107351303,0.417587548494339,0.6595131158828735,0.17727646231651306,0.03322165086865425,0.2638082206249237,0.0,0.0,0.07900100201368332,0.1428687870502472,0.5510430932044983,0.5781057476997375,0.0,0.24879427254199982,0.02762327902019024,0.12219910323619843,0.03766801580786705,0.0029099350795149803,0.4234117567539215,0.09248495101928711,0.0021391238551586866,0.0,0.00013741721340920776,0.023385675624012947,0.2580244839191437,0.0034426995553076267,0.01636430248618126,0.004086046013981104,0.020091870799660683,0.4720238149166107,0.018313243985176086,0.17970721423625946,0.7137088179588318,0.0,0.0,0.29314082860946655,0.030771080404520035,0.0,0.0,0.02673005312681198,0.0020878498908132315,0.0987856313586235,0.0,0.38871923089027405,0.0040468317456543446,0.0,0.0,0.003261340782046318,0.36386004090309143,0.2057693600654602,0.0,0.0,0.8234375715255737,0.0985761359333992,0.0,0.01604762300848961,0.10980740189552307,0.521687388420105,0.45285940170288086,0.0740492045879364,0.06487981230020523,0.1774422824382782,0.3057085871696472,0.0,0.3946720361709595,0.0,0.0,0.029548313468694687,0.007822946645319462,0.055687543004751205,0.007452773861587048,1.28281831741333,0.0556664802134037,0.05533548817038536,0.2591889202594757,0.003910462372004986,0.004233040381222963,0.003604085650295019,0.009775932878255844,0.11368044465780258,0.07811755686998367,0.0,0.5873979330062866,0.9897245764732361,0.019693385809659958,0.5307325124740601,0.0,0.029883189126849174,0.0,0.2952543795108795,0.02167770266532898,0.37384361028671265,0.16763125360012054,0.05821513757109642,0.1111060231924057,0.0,0.2823973596096039,0.06605765968561172,0.0,0.28246939182281494,0.30456212162971497,0.01263296976685524,0.053691715002059937,0.0,0.0,0.025128668174147606,0.35548120737075806,0.1707870215177536,0.9287746548652649,0.03459927812218666,0.4612787067890167,0.01873580738902092,0.05597423017024994,0.7001993060112,0.04619677737355232,0.17024607956409454,0.10205596685409546,0.0016291579231619835,0.496435284614563,0.0,0.12128642201423645,0.033789947628974915,0.0,0.36300128698349,0.012040287256240845,0.9905742406845093,0.0,0.21935950219631195,0.06944611668586731,0.3421367406845093,0.15675047039985657,0.00576723413541913,0.2349669486284256,0.4001985788345337,0.0,0.027946695685386658,0.028725704178214073,0.2922755181789398,0.0,0.0017404647078365088,0.1776578724384308,0.0020452337339520454,0.14107011258602142,0.018898028880357742,0.0,0.0,0.016435150057077408,0.0,0.5549790859222412,0.0,0.0,0.028269996866583824,0.43147775530815125,0.02299923449754715,0.11860855668783188,0.14617162942886353,0.1385955661535263,0.10420187562704086,0.0,0.0,0.282217413187027,0.6900040507316589,0.09749293327331543,0.2898513972759247,0.0,0.33451735973358154,0.003420872613787651,0.06200133264064789,0.2162592113018036,0.0,0.003957859240472317,0.54509437084198,1.0617151260375977,0.2772129774093628,0.4231700897216797,0.0,0.0,0.003783885622397065,0.13234232366085052,0.04205174744129181,0.02241343818604946,0.4049763083457947,0.8114325404167175,0.052220478653907776,0.13494524359703064,0.04227849096059799,0.12983088195323944,0.10198505222797394,0.0,0.19813363254070282,0.05515499413013458,0.06169022247195244,0.18173909187316895,0.3584159016609192,0.10984108597040176,0.029657742008566856,0.04173022136092186,0.027188608422875404
226,0.13090424239635468,0.06290525943040848,0.0,0.0,0.0,0.0,0.3360709547996521,0.05502065643668175,0.0,0.14314012229442596,0.14613071084022522,0.011486719362437725,0.0,0.2614613473415375,0.15367837250232697,0.04619944095611572,0.01733078807592392,0.1491745412349701,0.020842749625444412,0.0,0.0,0.04608643427491188,0.0,0.46113312244415283,0.1678656041622162,0.0,0.0,0.4114825427532196,0.010271807201206684,0.02935182675719261,0.0,0.3488234877586365,0.0,0.1157279685139656,0.008724864572286606,0.0026327306404709816,0.0,0.09445711225271225,0.19948036968708038,0.23352782428264618,0.1913648545742035,0.0577494315803051,0.1233326718211174,0.002043133834376931,0.19985593855381012,0.0,0.42471933364868164,0.00549682043492794,0.0,0.14866191148757935,0.0,0.0115880835801363,0.6445277333259583,0.012733514420688152,0.0,0.07201095670461655,0.033783573657274246,0.7180418968200684,0.093355692923069,0.05176475644111633,0.0,0.08417519181966782,0.22405488789081573,0.058979663997888565,0.0,0.0,0.0,0.5255448222160339,0.2908177077770233,0.13538537919521332,0.0,0.0013334465911611915,0.16663965582847595,0.6220866441726685,0.0,0.04349501430988312,0.26330432295799255,0.002444607438519597,0.0,0.03094065934419632,0.15347416698932648,0.01833105832338333,0.10049346089363098,0.16534423828125,0.38196125626564026,0.034261371940374374,0.0,0.2805662751197815,0.5365250706672668,0.27338042855262756,0.0466950349509716,0.2337649166584015,0.03130244091153145,0.0741707980632782,0.0,0.11582674086093903,0.3450583517551422,0.0,0.0,0.002574288286268711,0.2530839741230011,0.2101794332265854,0.0,0.42048531770706177,0.11795242875814438,0.03503422811627388,0.026693711057305336,0.36299386620521545,0.06309991329908371,0.0,0.1684967279434204,0.027336368337273598,0.0015673103043809533,0.24616511166095734,0.13854272663593292,0.00977391842752695,0.03834589943289757,0.26797905564308167,0.0,0.026532689109444618,0.10764859616756439,0.1779068559408188,0.000539149041287601,0.0,0.08329785615205765,0.10151415318250656,0.0,0.0,0.12516829371452332,0.0,0.0014046248979866505,0.09785643219947815,0.0,0.0163266584277153,0.02286146581172943,0.2160576581954956,0.020376218482851982,0.0,0.156209334731102,0.0013716729590669274,0.0,0.0,0.0,0.0,0.012249456718564034,0.0329868383705616,0.09029612690210342,0.0,0.0,0.0,0.0,0.042591579258441925,0.034383583813905716,0.0,0.0,0.212079718708992,0.04740935191512108,0.0,0.0,0.010539780370891094,0.03169310465455055,0.01249707955867052,0.05694401264190674,0.0,0.03214824199676514,0.14283053576946259,0.0,0.0,0.08170325309038162,0.0,0.06567350775003433,0.048340216279029846,0.016052911058068275,0.0,0.28185442090034485,0.24902884662151337,0.0,0.0,0.15960071980953217,0.005306706763803959,0.04248868301510811,0.0,0.0829453244805336,0.006120920181274414,0.0228616651147604,0.07615721970796585,0.22903524339199066,0.0,0.0,0.0,0.0,0.31187379360198975,0.25258854031562805,0.0011224668705835938,0.15626439452171326,0.12129683047533035,0.0004602836270350963,0.11323698610067368,0.3582862913608551,0.0,0.1284252107143402,0.0,0.0019692708738148212,0.041548553854227066,0.0,0.0,0.0,0.5079964399337769,0.20799803733825684,0.008130823262035847,0.20506316423416138,0.30630117654800415,0.0,0.010777887888252735,0.14782081544399261,0.05680437758564949,0.16716548800468445,0.0,0.0,0.08425970375537872,0.0,0.1112084686756134,0.17475487291812897,0.0,0.08456259220838547,0.0,0.29887744784355164,0.17958320677280426,0.13222147524356842,0.23789061605930328,0.06789632141590118,0.14225955307483673,0.30995315313339233,0.04652073234319687,0.15912124514579773,0.0,0.0,0.0,0.0023156984243541956,0.009706013835966587,0.007408774457871914,0.00013268164184410125,0.009160556830465794,0.10237863659858704,0.17647375166416168,0.043937258422374725,0.006980674806982279,0.0,0.0,0.0,0.0,0.6214122772216797,0.0,0.0,0.0,0.0,0.0,0.0,0.02572786808013916,0.0,0.017800061032176018,0.039920873939991,0.08186499774456024,0.02249738574028015,0.0,0.7120715379714966,0.026604562997817993,0.05719386786222458,0.07986805588006973,0.0,0.0,0.16965678334236145,0.11847271025180817,0.0,0.12123337388038635,0.1059931144118309,0.14865519106388092,0.0,0.11163098365068436,0.0,0.18044035136699677,0.0,0.0,0.2745570242404938,0.005650751758366823,0.18754233419895172,0.0,0.0075331032276153564,0.3045065104961395,0.08177291601896286,0.033244047313928604,0.0,0.0,0.3488537669181824,0.23551136255264282,0.0,0.1753101646900177,0.5660036206245422,0.12717756628990173,0.03912708908319473,0.19583147764205933,0.1679881066083908,0.06608352810144424,0.0,0.0,0.0,0.5136561393737793,0.10942292213439941,0.0,0.021956445649266243,0.1356654167175293,0.0,0.0,0.34977492690086365,0.0,0.05381631851196289,0.04458675533533096,0.0,0.0,0.0,0.0,0.08485563099384308,0.0,0.24984969198703766,0.025035832077264786,0.0,0.0,0.4585268795490265,4.8040667024906725e-05,0.11346324533224106,0.08725404739379883,0.3037387728691101,0.0,0.29535943269729614,0.1347828358411789,0.024163836613297462,0.04931982234120369,0.1752166599035263,0.02895415760576725,0.11272820085287094,0.10191122442483902,0.11145810037851334,0.1474645435810089,0.05318759009242058,0.15440025925636292,0.159063458442688,0.19212675094604492,0.014545287005603313,0.0,0.06359324604272842,0.1374610811471939,0.0,0.24977156519889832,0.024121755734086037,0.024002758786082268,0.0006960695027373731,0.316399484872818,0.7342823147773743,0.28684836626052856,0.04996828734874725,0.0,0.062490902841091156,0.17960131168365479,0.0,0.0,0.009247420355677605,6.391243368852884e-05,0.0831761583685875,0.2202446311712265,0.215547114610672,0.054830677807331085,0.0,0.15049989521503448,0.14869330823421478,0.06784181296825409,0.04091694951057434,0.00484122708439827,0.02617727406322956,0.0,0.16192233562469482,0.02745189517736435,0.016390692442655563,0.0,0.15816299617290497,0.11884800344705582,0.010702984407544136,0.06790798157453537,0.3175521492958069,0.3794527053833008,0.3444646894931793,0.0661163330078125,0.0709710419178009,0.046725139021873474,0.04250650852918625,0.0,0.034481413662433624,0.5683425068855286,0.0,0.0004412514972500503,0.0,0.01773158833384514,0.41502395272254944,0.0,0.343743234872818,0.3018072247505188,0.31298893690109253,0.06979164481163025,0.06045413762331009,0.027597537264227867,0.0,0.03560146689414978,0.0811249390244484,0.03132741525769234,0.2503454387187958,0.10090357810258865,0.0,0.08119259029626846,0.043222825974226,0.06492634117603302,0.028231225907802582,0.0,0.07823850959539413,0.0,0.02166161499917507,0.0,0.2391599863767624,0.0,0.014115666970610619,0.031232813373208046,0.056937236338853836,0.0,0.19108431041240692,0.03691112622618675,0.004156370181590319,0.004226158373057842,0.16463477909564972,0.0,0.0,0.10131416469812393,0.0,0.0,0.0,0.01470328401774168,0.0,0.14106485247612,0.0,0.0944879949092865,0.0256611630320549,0.10309308767318726,0.0,0.041750259697437286,0.11108571290969849,0.07220233976840973,0.0,0.0,0.37621021270751953,0.02618911862373352,0.0,0.051864754408597946,0.04612522944808006,0.2239481657743454,0.22461068630218506,0.025309525430202484,0.0,0.053841277956962585,0.116849385201931,0.004338685888797045,0.09722121804952621,0.0,0.0,0.0,0.0,0.020971225574612617,0.03618583828210831,0.3105771541595459,0.08425424247980118,0.04027177765965462,0.08480583131313324,0.017865074798464775,0.056289684027433395,0.0013573847245424986,0.0,0.15599747002124786,0.0,0.0,0.1861094981431961,0.30587735772132874,0.0,0.09886854887008667,0.0,0.0,0.057756587862968445,0.1779099702835083,0.007284694351255894,0.22502455115318298,0.13794508576393127,0.06425800174474716,0.17904889583587646,0.1108141541481018,0.0799105316400528,0.079033263027668,0.0,0.06926246732473373,0.07762641459703445,0.0,0.0,0.0,0.007140768226236105,0.036744147539138794,0.17019625008106232,0.04900335893034935,0.3489031493663788,0.00891771912574768,0.19605019688606262,0.05112652853131294,0.05522565543651581,0.36934489011764526,0.0,0.052040643990039825,0.21677803993225098,0.008752405643463135,0.0748344138264656,0.0005077902460470796,0.0007362460601143539,0.02411177009344101,0.0,0.03060240112245083,0.05951180309057236,0.3536507189273834,0.04964257404208183,0.028809206560254097,0.007713879458606243,0.3315185010433197,0.07232052087783813,0.0215611569583416,0.10092532634735107,0.10192570090293884,0.0,0.029418019577860832,0.09004739671945572,0.09065502882003784,0.0026386675890535116,0.0,0.26015573740005493,0.011717962101101875,0.04651918262243271,0.08905250579118729,0.0,0.0,0.0,0.0,0.3143148124217987,0.0,0.0,0.04445341229438782,0.09756544977426529,0.0,0.07002165913581848,0.09256625175476074,0.008960896171629429,0.0900493860244751,0.0,0.0,0.13215526938438416,0.1987939327955246,0.17459125816822052,0.07664231210947037,0.018919315189123154,0.1413787305355072,0.0,0.0005642016767524183,0.050249405205249786,0.004513292107731104,0.0,0.37195467948913574,0.49701058864593506,0.21290268003940582,0.08423614501953125,0.0,0.0008097352110780776,0.0,0.011516581289470196,0.01512960996478796,0.0767209380865097,0.05649842694401741,0.42081019282341003,0.0,0.06900463998317719,0.2506704330444336,0.13701286911964417,0.024546945467591286,0.0,0.015414522960782051,0.0,0.25544416904449463,0.0013623973354697227,0.46463093161582947,0.11863178759813309,0.04149715229868889,0.031182078644633293,0.28860533237457275,0.09754236787557602,0.001084078336134553,0.0,0.0,0.0,0.5130738615989685,0.0504048615694046,0.0005509263137355447,0.06772924959659576,0.04077986255288124,0.019362205639481544,0.0,0.38176512718200684,0.01170678623020649,0.04362836852669716,0.031742487102746964,0.0,0.0027223338838666677,0.0,0.0,0.07892107963562012,0.01142068114131689,0.23693227767944336,0.06642186641693115,0.0,0.0,0.5654139518737793,0.010036622174084187,0.022849852219223976,0.0738762617111206,0.4155769944190979,0.0,0.16865037381649017,0.05984969064593315,0.05945739150047302,0.0,0.10096002370119095,0.06387408822774887,0.20619449019432068,0.24718508124351501,0.17947909235954285,0.11023209989070892,0.05279546603560448,0.2155459076166153,0.08010537177324295,0.45193788409233093,0.014832446351647377,0.004795407876372337,0.03760797902941704,0.09364637732505798,0.0,0.4643912613391876,0.0,0.010393853299319744,0.0015218319604173303,0.13300587236881256,0.9386883974075317,0.28634634613990784,0.1322982758283615,0.0,0.10667795687913895,0.3181002736091614,0.0,0.0,0.016030333936214447,0.0,0.09219099581241608,0.37430649995803833,0.31820839643478394,0.00247206655330956,0.0,0.14560723304748535,0.43170166015625,0.008887233212590218,0.06844840943813324,0.06547611206769943,0.0030773449689149857,0.0,0.10570857673883438,0.041222888976335526,0.00046403156011365354,0.013752722181379795,0.2003089189529419,0.03655233979225159,0.01673688367009163,0.020988626405596733,0.46468213200569153,0.35646572709083557,0.3412075340747833,0.02793121337890625,0.026710422709584236,0.04438280314207077,0.05024143308401108,0.032965123653411865,0.1111747995018959,0.6754009127616882,0.0,0.009984513744711876,0.03323264420032501,0.06892367452383041,0.4355674684047699,0.0,0.2185141146183014,0.31298431754112244,0.14470519125461578,0.03493679687380791,0.08623266220092773,0.05734961852431297,0.0,0.036576587706804276,0.04167425259947777,0.0024425145238637924,0.32160529494285583,0.18425387144088745,0.0,0.11601310223340988,0.03958051651716232,0.029692264273762703,0.024990584701299667,0.07432478666305542,0.1786893606185913,0.035736922174692154,0.0,0.0,0.0492972806096077,0.015963388606905937,0.0149787412956357,0.0006586328963749111,0.0,0.0019511737627908587,0.09582308679819107,0.038180917501449585,0.018659649416804314,0.023266928270459175,0.3143587112426758,0.002363555831834674,0.0,0.12347648292779922,0.05503502115607262,0.0,0.0,0.0,0.0,0.0624435655772686,0.0,0.13775238394737244,0.0,0.0,0.0,0.004056168254464865,0.047796040773391724,0.062024228274822235,0.0,0.0,0.30248507857322693,0.06268159300088882,0.0,0.005071095656603575,0.06489268690347672,0.09740889817476273,0.15702147781848907,0.014967937022447586,0.00213208538480103,0.143580362200737,0.181611105799675,0.0,0.027236580848693848,0.0,0.0,0.024980133399367332,0.033764954656362534,0.023326322436332703,0.0015715882182121277,0.51778644323349,0.09155580401420593,0.0,0.02426639385521412,0.03858686983585358,0.009602298960089684,0.012167472392320633,0.004845063202083111,0.12392599135637283,0.007747167255729437,0.0,0.28995823860168457,0.45165422558784485,0.0,0.012464822269976139,0.0,0.0,0.052951499819755554,0.25271832942962646,0.004746456164866686,0.29498958587646484,0.059467241168022156,0.02887362241744995,0.09130940586328506,0.012275808490812778,0.0,0.06186092644929886,0.0,0.03246740996837616,0.10321341454982758,0.0,0.002560428576543927,0.0,0.17090947926044464,0.013991078361868858,0.05974903330206871,0.22745198011398315,0.47998377680778503,0.0069566150195896626,0.06132687255740166,0.03871983662247658,0.013802465982735157,0.35393500328063965,0.0017550050979480147,0.003452837001532316,0.15429450571537018,0.0019442631164565682,0.15257300436496735,0.020342009142041206,0.0,0.058724578469991684,0.009727929718792439,0.1843876838684082,0.012679734267294407,0.46743878722190857,0.0,0.09393209964036942,0.09415467828512192,0.2540389895439148,0.03427911922335625,0.19569891691207886,0.07325662672519684,0.0,0.0,0.02233266644179821,0.038686588406562805,0.016265016049146652,0.0,0.004609142895787954,0.10379469394683838,0.0009675684850662947,0.059243083000183105,0.0,0.0,0.0,0.0010847371304407716,0.0,0.525390088558197,0.0,0.0,0.00899985246360302,0.051584407687187195,0.0,0.05355871841311455,0.05700744315981865,0.03477945551276207,0.06703774631023407,0.002176952548325062,0.0,0.05054542422294617,0.06460436433553696,0.3886788487434387,0.04644285514950752,0.0,0.0636812150478363,0.0,0.02490558661520481,0.12180253118276596,0.09461686760187149,0.0,0.26878821849823,0.4720841348171234,0.15566614270210266,0.002495629247277975,0.004702077247202396,0.0018972118850797415,0.005053244065493345,0.02157464064657688,0.0,0.05678155645728111,0.14777272939682007,0.40235745906829834,0.0015477213310077786,0.016165608540177345,0.1774309128522873,0.19238999485969543,0.05845288932323456,0.0,0.001169923460111022,0.07374607771635056,0.15302233397960663,0.003471770090982318,0.32349908351898193,0.30526337027549744,0.022749487310647964,0.006393195129930973,0.7333387732505798
227,0.47120118141174316,0.07365681231021881,0.08961840718984604,0.0,0.0,0.0,0.831439733505249,0.008989649824798107,0.0,0.3964564800262451,0.0,0.0,0.0,0.4491686224937439,0.0,0.035337917506694794,0.04135981202125549,0.0,0.0,0.030930783599615097,0.0,0.010850334540009499,0.00281246704980731,0.048748284578323364,0.3225034177303314,0.0,0.0,0.5782067775726318,0.030639294534921646,0.012696266174316406,0.04378615692257881,0.5698590874671936,0.0,0.04029327630996704,0.11112887412309647,0.019081149250268936,0.0,0.22143319249153137,0.15412075817584991,0.06412317603826523,0.8953627347946167,0.22429847717285156,0.07351426035165787,0.0558491088449955,0.12124142050743103,0.11431688070297241,0.9510701298713684,0.0073657771572470665,0.0,0.14447513222694397,0.20022685825824738,0.0,0.5380289554595947,0.0,0.05348934605717659,0.0,0.3303150236606598,1.5779811143875122,0.42006242275238037,0.3389747738838196,0.0,0.0354682132601738,0.687696099281311,0.0,0.0,0.012775138020515442,0.0,0.03599477559328079,0.6962698698043823,0.3429916501045227,0.1331912726163864,0.0,0.5181646347045898,0.7858050465583801,0.0997137650847435,0.015420721843838692,0.2720581591129303,0.005516425706446171,0.0,0.08015940338373184,0.029736122116446495,0.0070083229802548885,0.02618277631700039,0.2742452025413513,0.0,0.015338887460529804,0.0,0.855745255947113,0.46281611919403076,0.3507367670536041,0.23611758649349213,0.0,0.03639582544565201,0.05847577750682831,0.011816181242465973,0.45876699686050415,0.9551774859428406,0.0,0.017864685505628586,0.00942707248032093,0.05246752128005028,0.5647271871566772,0.0,0.0,0.29727745056152344,0.29384541511535645,0.0754421129822731,0.1383531391620636,0.2500268518924713,0.0,0.0,0.09312436729669571,0.12506461143493652,0.4154202938079834,0.8557095527648926,0.0,0.15065021812915802,0.09240666776895523,0.1043626070022583,0.06516764312982559,0.0049246856942772865,0.5821627974510193,0.1594606190919876,0.00954743567854166,0.0,0.0019887578673660755,0.0,0.14643283188343048,0.0,0.0,0.011659961193799973,0.05352454632520676,0.25589683651924133,0.07275116443634033,0.1661113053560257,0.9795106053352356,0.0,0.0,0.4439154267311096,0.019385740160942078,0.0,0.0,0.0,0.0,0.035615019500255585,0.0,0.6650882959365845,0.0,0.0,0.0,0.0,0.07029123604297638,0.03461203724145889,0.0,0.0,0.8074477910995483,0.05531316623091698,0.0,0.004171664826571941,0.11453033983707428,0.22237679362297058,0.21927522122859955,0.20362801849842072,0.0,0.17180611193180084,0.2816776633262634,0.0,0.07285532355308533,0.0,0.0,0.027748726308345795,0.04435982555150986,0.031317878514528275,0.0400439016520977,1.3046811819076538,0.06390640884637833,0.0032191453501582146,0.22113937139511108,0.0,0.0,0.0,0.0,0.000924614374525845,0.03437243402004242,0.0,0.6312083601951599,0.9205843806266785,0.03839324414730072,0.16492651402950287,0.0,0.0,0.020845243707299232,0.30038172006607056,0.0010525385150685906,0.4309075176715851,0.09667374193668365,0.04156895726919174,0.040495652705430984,0.003465913934633136,0.05730389058589935,0.11298055201768875,0.0,0.04232950881123543,0.4458417296409607,0.0,0.0004476701724343002,0.0,0.2847159504890442,0.012307008728384972,0.024130472913384438,0.30788326263427734,0.8429533839225769,0.034904416650533676,0.11292809993028641,0.0,0.04054613038897514,0.6424926519393921,0.0,0.09689566493034363,0.11684473603963852,0.0,0.5013769865036011,0.06535843014717102,0.09035176038742065,0.06923404335975647,0.0,0.7744443416595459,0.0,0.8765925765037537,0.0,0.2490541636943817,0.3002563416957855,0.36030951142311096,0.11810871213674545,0.12204162776470184,0.1400010734796524,0.01887228526175022,0.0,0.012851299718022346,0.034340161830186844,0.12124844640493393,0.0,0.00038849361590109766,0.00527151208370924,0.0,0.0,0.0,0.0,0.0,0.0,0.0,0.572746992111206,0.0,0.0,0.020577093586325645,0.3704500198364258,0.017336905002593994,0.07829698920249939,0.18085885047912598,0.1754123717546463,0.08140101283788681,0.0,0.017251519486308098,0.2519451081752777,0.21423423290252686,0.32654333114624023,0.03583073616027832,0.0,0.11825892329216003,0.0,0.0873618796467781,0.505525529384613,0.01123120915144682,0.0,0.2748259902000427,0.8034087419509888,0.35167384147644043,0.13681234419345856,0.0,0.0,0.0017627410124987364,0.09196058660745621,0.0,0.13757538795471191,0.31278204917907715,0.6665862798690796,0.0,0.1625789999961853,0.04116997495293617,0.20434951782226562,0.10882603377103806,0.0,0.028392797335982323,0.38127994537353516,0.0210882481187582,0.00020723071065731347,0.4534177780151367,0.4482746720314026,0.014791440218687057,0.013002105988562107,0.5416882634162903,0.20798130333423615,0.2662208676338196,0.0,0.0,0.0,1.0151817798614502,0.0,0.007687476463615894,0.3833911120891571,0.008574907667934895,0.0,0.0,0.5910347104072571,0.0,0.009286771528422832,0.031797461211681366,0.0,0.0,0.017868485301733017,0.0,0.005202101077884436,0.03490433096885681,0.010885943658649921,0.16594313085079193,0.002946047345176339,0.0,0.7573108673095703,0.08457302302122116,0.03479490056633949,0.010237184353172779,0.563236653804779,0.0,0.005945172626525164,0.33577749133110046,0.03682831674814224,0.0,0.4683355689048767,0.061781223863363266,0.00038220908027142286,0.9565603137016296,0.31341519951820374,0.09620025753974915,0.04785769432783127,0.05707733333110809,0.6697444319725037,0.833453893661499,0.02908436208963394,0.0,0.17174343764781952,0.23679237067699432,0.017799368128180504,0.3031168282032013,0.0007998193032108247,0.07699310779571533,0.0,0.9315018057823181,1.8331695795059204,0.7444125413894653,0.2398565411567688,0.0,0.0,0.6691035628318787,0.0,0.0,0.0873865857720375,0.0018210263224318624,0.005587445106357336,0.8255873322486877,0.49270543456077576,0.3790234625339508,0.0,0.5453169941902161,0.5081740617752075,0.34983789920806885,0.0,0.24415846168994904,0.0,0.0,0.10514845699071884,0.02901189774274826,0.0,0.004890539683401585,0.2079983800649643,0.0,0.0,0.01102143432945013,0.8264026045799255,0.3188704550266266,0.41562047600746155,0.3089893162250519,0.0,0.0580042265355587,0.19683772325515747,0.0,0.5113283395767212,1.1613668203353882,0.0,0.007770908996462822,0.0001522666570963338,0.0193614698946476,0.7026661038398743,0.0,0.007349773310124874,0.5153951644897461,0.6618069410324097,0.17988085746765137,0.12752482295036316,0.2662500739097595,0.0,0.0,0.11951643228530884,0.3446751832962036,0.5295689702033997,1.036062240600586,0.0,0.22721992433071136,0.041940122842788696,0.25230488181114197,0.07628434151411057,0.0,0.7153369784355164,0.20243361592292786,0.0,0.0,0.0,0.0,0.3786470592021942,0.0,0.0003568604588508606,0.008688987232744694,0.0011408530408516526,0.6153426766395569,0.045276954770088196,0.13129590451717377,0.8938624858856201,0.0,0.0,0.3861851096153259,0.03218039125204086,0.0,0.0,0.050511106848716736,0.0,0.10378120839595795,0.0,0.6995187401771545,0.01035310234874487,0.0,0.0,0.0,0.4099135100841522,0.02441452629864216,0.0,0.0,1.2095826864242554,0.1161559596657753,0.0,0.026889128610491753,0.09963463246822357,0.6544652581214905,0.4566594362258911,0.20660609006881714,0.0,0.11996915936470032,0.26325523853302,0.0,0.4549017548561096,0.0,0.0,0.04590373858809471,0.015577699989080429,0.015657175332307816,0.04394957795739174,1.6305617094039917,0.04518449306488037,0.025149988010525703,0.4748533368110657,0.0,0.00365474377758801,0.0,0.003957320936024189,0.044352974742650986,0.024500951170921326,0.0,0.6721904873847961,1.0088274478912354,0.026550965383648872,0.7821952700614929,0.0,0.0,0.0,0.2487892508506775,0.0009642536169849336,0.4390808045864105,0.3713257610797882,0.029764117673039436,0.11204379051923752,0.0021208778489381075,0.48033010959625244,0.21520179510116577,0.0,0.12212736904621124,0.5535287261009216,0.0,0.014373896643519402,0.0,0.03374667093157768,0.0,0.29884591698646545,0.1842261701822281,0.948043942451477,0.06769970804452896,0.5200276374816895,0.0,0.061467062681913376,0.8895312547683716,0.0,0.23681220412254333,0.09617231786251068,0.0,0.6121633648872375,0.04192200303077698,0.22590668499469757,0.02272012270987034,0.0,0.8412157297134399,0.0,1.1102091073989868,0.0,0.37414121627807617,0.13676407933235168,0.47722452878952026,0.13262318074703217,0.02336915209889412,0.30786386132240295,0.5392465591430664,0.0,0.035478126257658005,0.023846281692385674,0.35487666726112366,0.0,0.003096733009442687,0.11704809963703156,0.0,0.10597465932369232,0.0,0.0,0.0,0.0,0.0,0.4555143117904663,0.0,0.0,0.0479726567864418,0.8151054978370667,0.008903443813323975,0.09689036011695862,0.06539367139339447,0.20186816155910492,0.05559519678354263,0.0,0.00819437950849533,0.2592633366584778,0.7912307977676392,0.022719040513038635,0.2114092856645584,0.0,0.20160086452960968,0.0,0.09890246391296387,0.3424542546272278,0.0,0.0,0.7940532565116882,1.2241188287734985,0.32358118891716003,0.5189617872238159,0.0,0.0,0.009715095162391663,0.08383305370807648,0.00691309804096818,0.09689944982528687,0.42356589436531067,0.8112440705299377,0.0,0.21159428358078003,0.0,0.15482690930366516,0.1566222459077835,0.0,0.10799307376146317,0.07062318176031113,0.0,0.13155683875083923,0.5431278944015503,0.21124865114688873,0.05948982015252113,0.0601903572678566,0.7440555691719055,0.2358086109161377,0.12312860041856766,0.018808698281645775,0.01179838553071022,0.0,1.058253288269043,0.0,0.04459301009774208,0.4100450575351715,0.0030078785493969917,0.004051246214658022,0.046674951910972595,0.6382388472557068,0.01441502571105957,0.13229672610759735,0.14804767072200775,0.0,0.0,0.059751201421022415,0.0,0.05626716837286949,0.047913242131471634,0.0006848042830824852,0.12838968634605408,0.0,0.007693785708397627,0.7163246870040894,0.13481292128562927,0.020376209169626236,0.13632865250110626,0.6078380346298218,0.0,0.0027823662385344505,0.39963147044181824,0.024327442049980164,0.0,0.32387295365333557,0.13024161756038666,0.07434643805027008,0.9598614573478699,0.41393616795539856,0.12438975274562836,0.10630205273628235,0.08567380160093307,0.7387188673019409,0.8886904120445251,0.002260906621813774,0.0,0.061054885387420654,0.2586471736431122,0.012224750593304634,0.46600350737571716,0.019512632861733437,0.04166390746831894,0.0,1.0662845373153687,1.8508341312408447,0.8837912082672119,0.3870958685874939,0.0,0.05526610091328621,0.9348410367965698,0.0,0.048557475209236145,0.2195911407470703,0.004167890641838312,0.009414109401404858,0.9847244620323181,0.7014463543891907,0.2825869023799896,0.0,0.44282659888267517,0.4647936224937439,0.4048399329185486,0.02005438134074211,0.08240409940481186,0.0,0.021701831370592117,0.13753832876682281,0.023024698719382286,0.0,0.020383140072226524,0.11981009691953659,0.0002950818743556738,0.014605462551116943,0.0,1.1393089294433594,0.28768837451934814,0.5679387450218201,0.1986631602048874,0.0050004106014966965,0.017867760732769966,0.06972388178110123,0.011147841811180115,0.33443787693977356,1.512464165687561,0.014686964452266693,0.21870601177215576,0.0037076023872941732,0.034453392028808594,1.3439412117004395,0.0,0.02379562146961689,0.3804120719432831,0.7875545620918274,0.2263614386320114,0.07432346045970917,0.36429232358932495,0.0,0.0,0.10294079780578613,0.1666596531867981,0.6451374888420105,0.8451645374298096,0.0,0.3481099009513855,0.025847837328910828,0.11903537064790726,0.05862195044755936,0.01290247030556202,0.5764707326889038,0.1509983241558075,0.0047057210467755795,0.0,0.0,0.0015126920770853758,0.30004844069480896,0.0,0.004675676580518484,0.0034578368067741394,0.033515654504299164,0.6147594451904297,0.03315581753849983,0.27577486634254456,1.0370439291000366,0.0,0.0,0.412520170211792,0.04367843642830849,0.0,0.0,0.0168535765260458,0.0,0.044959843158721924,0.0,0.6301975250244141,0.0013464923249557614,0.0,0.0,0.0,0.3775424659252167,0.18614134192466736,0.0,0.0,0.9960235953330994,0.10933950543403625,0.0,0.010420413687825203,0.08530653268098831,0.5519405007362366,0.46091949939727783,0.10877969861030579,0.0974183902144432,0.18898329138755798,0.4499589800834656,0.0,0.4024030566215515,0.0,0.0,0.019387397915124893,0.018629370257258415,0.014380011707544327,0.0004940603394061327,1.8038095235824585,0.00644559133797884,0.052602749317884445,0.2907792925834656,0.0,0.01354144886136055,0.0005800568615086377,0.01958896405994892,0.03961918130517006,0.0994509607553482,0.0,0.7119088768959045,1.3078892230987549,0.040189873427152634,0.6119626760482788,0.0,0.036830201745033264,0.0,0.4163733720779419,0.027837445959448814,0.4880969822406769,0.2025046944618225,0.033181123435497284,0.10551648586988449,0.0,0.24968421459197998,0.07881780713796616,0.0,0.2958369851112366,0.40117791295051575,0.0027499250136315823,0.06644169241189957,0.0,0.019704574719071388,0.011541127227246761,0.4243365526199341,0.23636673390865326,1.1701018810272217,0.061186619102954865,0.43703800439834595,0.01636943407356739,0.08553729206323624,0.8095401525497437,0.026815352961421013,0.23685534298419952,0.03485134243965149,0.0013099238276481628,0.6638830304145813,0.009191864170134068,0.16616381704807281,0.034703344106674194,0.0005434777704067528,0.6171737313270569,0.0,1.205998182296753,0.0,0.3229895532131195,0.12446076422929764,0.28901374340057373,0.1478768140077591,0.0026987746823579073,0.19475319981575012,0.36503109335899353,0.0,0.01926320232450962,0.012078777886927128,0.3501514792442322,0.0027020988054573536,0.00429428368806839,0.10036219656467438,0.0,0.09696917235851288,0.00863521546125412,0.0,0.0,0.011660168878734112,0.0,0.7008848190307617,0.0,0.0,0.028068091720342636,0.4547222852706909,0.024116510525345802,0.14107540249824524,0.10867834091186523,0.20403485000133514,0.08123964816331863,0.0,0.011147206649184227,0.29951366782188416,0.7154761552810669,0.16403928399085999,0.29427093267440796,0.0,0.2890351116657257,0.0,0.09079262614250183,0.3115960955619812,0.0,0.007486240938305855,0.4356101155281067,1.262319803237915,0.26787787675857544,0.4449498653411865,0.0,0.0,0.003561244113370776,0.14962927997112274,0.030659951269626617,0.02574142999947071,0.5017281770706177,0.915145218372345,0.06444255262613297,0.13122911751270294,0.004707018844783306,0.10993707925081253,0.08103276044130325,0.0,0.22523893415927887,0.0932449996471405,0.0010334422113373876,0.19239667057991028,0.3372524380683899,0.24847412109375,0.0284170750528574,0.05375361442565918,-0.907677173614502
228,0.11134401708841324,0.03647176921367645,0.0,0.0,0.0,0.0,0.17191481590270996,0.07056143879890442,0.0,0.14149805903434753,0.20300723612308502,0.03349851071834564,0.0,0.19250436127185822,0.3503038287162781,0.021290471777319908,0.0009642578661441803,0.2556535005569458,0.1121664047241211,0.0,0.039822109043598175,0.06129957735538483,0.0,0.5820100903511047,0.20658603310585022,0.0,0.0,0.43088868260383606,0.013500324450433254,0.010893180966377258,0.0,0.2844684422016144,0.0001321898598689586,0.13115717470645905,0.0,0.0,0.0,0.04849565774202347,0.32425594329833984,0.2276691347360611,0.16044993698596954,0.029913097620010376,0.10288923233747482,0.0,0.1580210030078888,0.0,0.2971082031726837,0.006088886875659227,0.0,0.2528356909751892,0.0,0.015278611332178116,0.722912609577179,0.0,0.0,0.19318000972270966,0.001937571563757956,0.6003533601760864,0.10417098551988602,0.04395179823040962,0.0,0.1032523438334465,0.1474563628435135,0.1558137685060501,0.0,0.0,0.0,0.7173817753791809,0.18132056295871735,0.08879882842302322,0.0,0.005019551608711481,0.11362045258283615,0.6121194362640381,0.0,0.03684977814555168,0.354778915643692,0.007953540422022343,0.0,0.0,0.18664458394050598,0.005199391394853592,0.0843380019068718,0.1856423318386078,0.5455053448677063,0.027331914752721786,0.0,0.26064416766166687,0.5308283567428589,0.1357373744249344,0.03862462937831879,0.39824873208999634,0.017414061352610588,0.060927681624889374,0.013028864748775959,0.13163794577121735,0.19219300150871277,0.0,0.0,0.013101966120302677,0.398832231760025,0.1724168360233307,0.0,0.521311342716217,0.03561054542660713,0.0,0.0034319923724979162,0.48372989892959595,0.013260476291179657,0.0,0.2968652844429016,0.024102887138724327,0.0002660834288690239,0.2661992609500885,0.0963263213634491,0.011067231185734272,0.04465872421860695,0.40434667468070984,0.0,0.027406880632042885,0.1947300285100937,0.21155321598052979,0.006892366334795952,0.0,0.17051778733730316,0.06107572093605995,0.0,0.0,0.2527128756046295,0.0,0.004267246928066015,0.11830674111843109,0.0,0.030277298763394356,0.007201485335826874,0.19052177667617798,0.07515481114387512,0.0,0.08809475600719452,0.0,0.0,0.0,0.0,0.0,0.03181629255414009,0.05150219798088074,0.04751049727201462,0.0,0.0,0.0,0.0,0.006499860901385546,0.007400515954941511,0.0,0.002901093102991581,0.16651690006256104,0.05023684352636337,0.0,0.0,0.004277663305401802,0.012171633541584015,0.008930547162890434,0.07610659301280975,0.002223402261734009,0.006403806619346142,0.10458870232105255,0.003244836116209626,0.0,0.1269545555114746,0.003013682784512639,0.07920712977647781,0.06595709919929504,0.0,0.0,0.1787603199481964,0.32325008511543274,0.0,0.0,0.2471953183412552,0.0004856702289544046,0.09861825406551361,0.0032379503827542067,0.04427728429436684,0.016017181798815727,0.024699527770280838,0.04825865104794502,0.14504191279411316,0.0,0.0,0.0,0.0,0.42152026295661926,0.1882982850074768,0.0,0.0936059057712555,0.18610528111457825,0.0,0.11202772706747055,0.49552884697914124,0.0,0.16329015791416168,0.0,0.0,0.013474092818796635,0.0,0.0,0.012575368396937847,0.8687257766723633,0.28520017862319946,0.0,0.22977082431316376,0.21489045023918152,0.0,0.0,0.27667680382728577,0.048823654651641846,0.05786345526576042,0.0,0.0,0.05726166442036629,0.0,0.11410529166460037,0.37206602096557617,0.0,0.1445809155702591,0.0013328945497050881,0.35336393117904663,0.262187659740448,0.07629036903381348,0.35088497400283813,0.06086321547627449,0.21863099932670593,0.2760104238986969,0.0065058087930083275,0.1575356125831604,0.0,0.0,0.0,0.0,0.014347326941788197,0.0,0.0,0.015094412490725517,0.005324672441929579,0.2736263573169708,0.11848185211420059,0.029433760792016983,0.0,0.0,0.0,0.0,0.6440237164497375,0.0,0.0,0.004623372573405504,0.0,0.0,0.0,0.03236476704478264,0.0,0.0,0.11239078640937805,0.14353090524673462,0.0,0.0,0.8146477937698364,0.0026972044724971056,0.1360054910182953,0.03697935491800308,0.0,0.0,0.127252459526062,0.2309778481721878,0.0,0.1716720163822174,0.0,0.03360705450177193,0.0,0.22845908999443054,0.0,0.2540074586868286,0.0,0.0,0.42641502618789673,0.014872067607939243,0.13736648857593536,0.0,0.0,0.2812066674232483,0.0336177833378315,0.04287974163889885,0.0,0.0,0.5031542778015137,0.3068658709526062,0.0,0.036804843693971634,0.6712118983268738,0.18047769367694855,0.040350526571273804,0.0015333059709519148,0.07412204146385193,0.27905699610710144,0.0,0.0,0.0,0.40618911385536194,0.1166187971830368,0.0,0.009540501050651073,0.16900619864463806,0.02227598801255226,0.0,0.37211230397224426,0.0,0.06462941318750381,0.0,0.04747031256556511,0.0002452647313475609,0.0,0.0,0.22644618153572083,0.0,0.6705146431922913,0.0,0.0022778338752686977,0.0,0.6071139574050903,0.017823245376348495,0.04320729523897171,0.0,0.23555831611156464,0.0,0.3798120319843292,0.0005539730191230774,0.08262738585472107,0.1418425440788269,0.44616490602493286,0.013369115069508553,0.20502175390720367,0.0,0.13328084349632263,0.10828607529401779,0.13705110549926758,0.40116775035858154,0.12647560238838196,0.08952126652002335,0.07790116965770721,0.0,0.22696882486343384,0.04177285358309746,0.0,0.0807790756225586,0.0,0.02319304458796978,0.1043955385684967,0.03487100824713707,0.6021322011947632,0.03799330070614815,0.0,0.0,0.15843020379543304,0.0008932568598538637,0.002462303265929222,0.0,0.008534116670489311,0.0,0.14326158165931702,0.019782844930887222,0.013233610428869724,0.060423098504543304,0.0,0.26378124952316284,0.05893510580062866,0.0,0.1558152139186859,0.1574622541666031,0.30417901277542114,0.0,0.08721727877855301,0.06861366331577301,0.0,0.0,0.20905911922454834,0.36685389280319214,0.001748865470290184,0.011078707873821259,0.04381909966468811,0.5267518758773804,0.16665714979171753,0.07317805290222168,0.08111265301704407,0.0557793565094471,0.2821044921875,0.0,0.0,0.24248670041561127,0.0,0.0,0.02283083274960518,0.0,0.011908061802387238,0.0,0.6442995071411133,0.4448903203010559,0.04199814051389694,0.0436016321182251,0.0707433670759201,0.0,0.0,0.03994451463222504,0.08287230879068375,0.07961761951446533,0.22998490929603577,0.0,0.0,0.03241986036300659,0.12774665653705597,0.016521690413355827,0.0757225975394249,0.03246769309043884,0.03733668476343155,0.0,0.0,0.0,0.3566187024116516,0.0,0.12116623669862747,0.01868497021496296,0.0,0.0,0.011217642575502396,0.013342524878680706,0.020623857155442238,0.034270621836185455,0.0,0.0,0.0,0.048063889145851135,0.00284460186958313,0.0,0.008519517257809639,0.22035512328147888,0.0,0.27567392587661743,0.0,0.0,0.0628659799695015,0.11856038868427277,0.0,0.009988205507397652,0.22718022763729095,0.023492515087127686,0.0,0.0,0.27792802453041077,0.0516757071018219,0.0,0.0008875657804310322,0.0,0.43237027525901794,0.010048814117908478,0.03652571141719818,0.0,0.14188580214977264,0.02396261878311634,0.00519147701561451,0.0914551392197609,0.020558327436447144,0.0,0.00441662035882473,0.0,0.023737439885735512,0.0,0.008912373334169388,0.2549242675304413,0.0,0.08026019483804703,0.0737517699599266,0.046385399997234344,0.0,0.0,0.39481180906295776,0.005442418158054352,0.0,0.028358206152915955,0.08542392402887344,0.0,0.09803614020347595,0.0,0.0,0.02399413473904133,0.016141463071107864,0.0,0.0732026919722557,0.39235395193099976,0.03113919124007225,0.45844945311546326,0.252105712890625,0.0,0.21674683690071106,0.0,0.010203955695033073,0.0,0.0,0.0,0.0,0.0,0.040329255163669586,0.011387811973690987,0.003761499421671033,0.0715225487947464,0.0,0.26397860050201416,0.1354535073041916,0.08756223320960999,0.27803242206573486,0.0,0.0,0.3750374913215637,0.0,0.006509719416499138,0.0,0.0,0.0,0.0,0.01843170076608658,0.06916841119527817,0.07165192067623138,0.1282307505607605,0.002258485183119774,0.0,0.5465118288993835,0.26115649938583374,0.1106068417429924,0.07692078500986099,0.024335011839866638,0.0,0.08567105233669281,0.0,0.010992685332894325,0.016340743750333786,0.0,0.6626299023628235,0.0,0.07265819609165192,0.042848922312259674,0.0,0.0,0.0,0.0,0.22294950485229492,0.0,0.0,0.0,0.26644769310951233,0.0,0.012125258333981037,0.0014513718197122216,0.01971283182501793,0.10126063972711563,0.0,0.050886668264865875,0.21649916470050812,0.03807608783245087,0.28184014558792114,0.11592303961515427,0.11386504024267197,0.15608519315719604,0.0,0.0,0.0552029013633728,0.05366603285074234,0.0,0.7768397927284241,0.3051470220088959,0.32457998394966125,0.015361946076154709,0.0,0.004055348690599203,0.05521731078624725,0.006323968525975943,0.11932700127363205,0.11757781356573105,0.0,0.18928122520446777,0.0,0.0,0.5917254686355591,0.3218349814414978,0.014432823285460472,0.010512406937777996,0.0,0.0,0.46822887659072876,0.0,0.4946802258491516,0.08209977298974991,0.219846710562706,0.04188121482729912,0.1137186735868454,0.060843758285045624,0.007580629549920559,0.0,0.0,0.0,0.30027973651885986,0.09858221560716629,0.0,0.0684133842587471,0.11868560314178467,0.026448935270309448,0.0,0.3753926455974579,0.16314326226711273,0.024536676704883575,0.020824063569307327,0.10542802512645721,0.012372473254799843,0.0,0.003190480638295412,0.11339899897575378,0.0033111199736595154,0.46775954961776733,0.10280504822731018,0.00032575754448771477,0.0,0.5715394020080566,0.008487590588629246,0.01011647842824459,0.0,0.3769858777523041,0.0,0.2128412127494812,0.0060707759112119675,0.0713319480419159,0.0,0.1008199080824852,0.18513111770153046,0.27611738443374634,0.17461088299751282,0.1689358651638031,0.08682399243116379,0.03203711286187172,0.27892521023750305,0.022975854575634003,0.3390957713127136,0.0,0.0,0.12229879200458527,0.0,0.006958005018532276,0.6051638126373291,0.0,0.0,0.06978844106197357,0.04410476237535477,0.7945526242256165,0.1492190957069397,0.048544809222221375,0.0,0.12555675208568573,0.19088006019592285,0.06729035079479218,0.0,0.0,0.0,0.4475288391113281,0.22101449966430664,0.1835525929927826,0.0,0.0,0.13504306972026825,0.48660165071487427,0.0,0.10223092138767242,0.21523571014404297,0.012299856171011925,0.0,0.037126459181308746,0.0993865504860878,0.0,0.03772325441241264,0.20109640061855316,0.2824213206768036,0.008280124515295029,4.4994987547397614e-05,0.3120121359825134,0.4412982761859894,0.16666516661643982,0.028064392507076263,0.23031914234161377,0.016500068828463554,0.040326718240976334,0.031405460089445114,0.07754260301589966,0.43001070618629456,0.0,0.0038608689792454243,0.04137479141354561,0.24043592810630798,0.21032819151878357,0.0,0.29451751708984375,0.18994750082492828,0.05030892789363861,0.007990699261426926,0.2632334232330322,0.014351366087794304,0.0,0.1488976925611496,0.016052359715104103,0.000475745415315032,0.25211310386657715,0.06705870479345322,0.0,0.06801697611808777,0.21238566935062408,0.0,0.017659418284893036,0.15098194777965546,0.14683610200881958,0.0008344500092789531,0.0,0.08859726786613464,0.09614524245262146,0.0,0.0,0.12280749529600143,0.0,0.0,0.05437695235013962,0.0009309062734246254,0.012157119810581207,0.018191587179899216,0.14802666008472443,0.0183494221419096,0.0,0.10639268904924393,0.02079755626618862,0.0,0.0,0.008248547092080116,0.0,0.047404564917087555,0.007635871879756451,0.044268012046813965,0.0,0.0,0.0,0.0,0.04562412574887276,0.0,0.0,0.0,0.17112980782985687,0.09499438107013702,0.0,0.009811943396925926,0.008383272215723991,0.07757583260536194,0.03554660826921463,0.06490559875965118,0.0,0.08567848801612854,0.1329028308391571,0.002159914467483759,5.8856792747974396e-05,0.07321559637784958,0.0,0.017591699957847595,0.03865751624107361,0.0006278213113546371,0.0,0.2578127086162567,0.18476535379886627,0.0,0.0,0.16891032457351685,0.0048269350081682205,0.017663979902863503,4.830537363886833e-05,0.04602867737412453,0.01258288137614727,0.005813150200992823,0.12247903645038605,0.2692733407020569,0.0,0.014440923929214478,0.0,0.0,0.23139064013957977,0.17439304292201996,0.005189414601773024,0.15599703788757324,0.14065083861351013,0.011393459513783455,0.10471156239509583,0.295240581035614,0.0,0.08863862603902817,0.0,0.013943508267402649,0.008275276981294155,0.0,0.0,0.0,0.46176132559776306,0.15497609972953796,0.0007602737750858068,0.20288793742656708,0.26925891637802124,0.0,0.04361161217093468,0.19415417313575745,0.022842632606625557,0.18684828281402588,0.0,0.0,0.10647355765104294,0.0,0.08077346533536911,0.20619134604930878,0.0,0.05933574214577675,0.0,0.18782131373882294,0.13985255360603333,0.23368142545223236,0.17512069642543793,0.051942769438028336,0.11512678861618042,0.257758766412735,0.07385183870792389,0.2323906272649765,0.011906642466783524,0.0,0.0036781912203878164,0.009685315191745758,0.008135640993714333,0.0006120442412793636,0.0,0.011773861944675446,0.0820998102426529,0.14236004650592804,0.10104484856128693,0.0021743648685514927,0.0,0.0,0.0,0.0,0.5889657735824585,0.0,0.0,0.0033811074681580067,0.002562771551311016,0.0,0.0019406899809837341,0.014973551034927368,0.0,0.0013139634393155575,0.04653744772076607,0.07353871315717697,0.010633534751832485,0.010260114446282387,0.5841469168663025,0.005314905196428299,0.07908400148153305,0.025826912373304367,0.0,0.0,0.08384814113378525,0.19878819584846497,0.0,0.33423560857772827,0.18952175974845886,0.10387296974658966,0.0,0.09803518652915955,0.0,0.11065489053726196,0.013895969837903976,0.0,0.2621152997016907,0.05338151752948761,0.22498466074466705,0.0,0.0,0.3711361885070801,0.17103426158428192,0.024853799492120743,0.0,0.0,0.23184089362621307,0.24757781624794006,0.0,0.16282978653907776,0.45375990867614746,0.11832033097743988,0.024191170930862427,0.3516053259372711
229,0.014787054620683193,0.05027679353952408,0.0,0.0,0.0,0.0,0.0014132842188701034,0.1677975207567215,0.008885676972568035,0.0713910236954689,0.4609341621398926,0.1196858286857605,0.0,0.03700810298323631,0.7841307520866394,0.0,0.0,0.7744059562683105,0.5526137351989746,0.0,0.28707948327064514,0.137808695435524,0.0,0.9679061770439148,0.29392534494400024,0.0,0.0,0.4888606071472168,0.008155476301908493,0.0023255583364516497,0.0,0.12677541375160217,0.1208590492606163,0.15079040825366974,0.0,0.0,0.0,0.004634795244783163,0.5038045048713684,0.2185785323381424,0.11265522241592407,0.0,0.18829771876335144,0.0,0.24229875206947327,0.0,0.09688829630613327,0.01061295997351408,0.0,0.44543537497520447,0.0,0.023905595764517784,0.901021420955658,0.0,0.0,0.7014630436897278,0.0,0.28318172693252563,0.0006404802552424371,0.0,0.0,0.1809568852186203,0.07511215656995773,0.5564777255058289,0.0,0.0,0.0,1.3926869630813599,0.06863885372877121,0.007480463478714228,0.0,0.0,0.02647174708545208,0.8084182143211365,0.0,0.1334744244813919,0.570733368396759,0.12211326509714127,0.0,0.0,0.3629327714443207,0.0,0.029657868668437004,0.17430344223976135,1.2865523099899292,0.028276896104216576,0.0,0.040947865694761276,0.6766427159309387,0.03916173055768013,0.0,1.0636895895004272,0.033361226320266724,0.1680450737476349,0.021429872140288353,0.1692977100610733,0.03174629434943199,0.0,0.0,0.08814438432455063,0.7017534375190735,0.03521110489964485,0.0,1.0596938133239746,0.0,0.0,0.0,0.6335500478744507,0.0,0.0,0.7277067303657532,0.002203448209911585,0.004656982608139515,0.08565493673086166,0.03616661578416824,0.06632345169782639,0.022452032193541527,0.9085556268692017,0.0,0.0,0.5509346127510071,0.2204904854297638,0.0,0.0,0.5871886610984802,0.16562114655971527,0.0,0.0,0.7285634875297546,0.0,0.0,0.23448562622070312,0.0,0.0004234396037645638,0.0,0.07915712893009186,0.18136928975582123,0.0,0.03507634252309799,0.0,0.0,0.11095491796731949,0.0,0.0022997763007879257,0.010567249730229378,0.13669398427009583,0.020163552835583687,0.04905623942613602,0.08716901391744614,0.0,0.0,0.016659162938594818,0.0,0.0,0.0,0.01512387115508318,0.11449827998876572,0.044814325869083405,0.0,0.0,0.013601923361420631,0.0,0.025605762377381325,0.0,0.0,0.0752793475985527,0.029823774471879005,0.0,0.5892157554626465,0.0,0.1820969432592392,0.27163147926330566,0.0,0.0,0.11761742830276489,0.6598884463310242,0.0,0.0,0.3461064100265503,0.0,0.08237478882074356,0.18196113407611847,0.03189510852098465,0.0,0.17795662581920624,0.0,0.0,0.0,0.0,0.00689741550013423,0.0,0.9418544769287109,0.17617307603359222,0.0,0.0018421352142468095,0.44265827536582947,0.0,0.12808382511138916,0.9668642282485962,0.0,0.22362875938415527,0.0,0.0,0.06068989634513855,0.015309944748878479,0.0,0.23742079734802246,1.3257406949996948,0.6063694953918457,0.0,0.2894732356071472,0.12775976955890656,0.0,0.0,0.6434283256530762,0.011309350840747356,0.00022308678308036178,0.0,0.0,0.3452727496623993,0.0,0.07258887588977814,0.654579222202301,0.0,0.1898859590291977,0.16491064429283142,0.5272949934005737,0.7577964663505554,0.0,0.795553982257843,0.07056856900453568,0.3462618887424469,0.23949885368347168,0.005282830912619829,0.22142799198627472,0.003822695231065154,0.0,0.0,0.0,0.005126917734742165,0.0,0.0,0.005353860557079315,0.10302425920963287,0.6323486566543579,0.47388574481010437,0.0,0.0,0.0,0.0,0.0,0.7709600329399109,0.023650722578167915,0.0,0.016019625589251518,0.0,0.0,0.0,0.0015355892246589065,0.0,0.0,0.6325470209121704,0.46709752082824707,0.0,0.0,1.451484203338623,0.0,0.27409645915031433,5.8843197621172294e-05,0.0,0.0,0.06541647017002106,0.42251309752464294,0.0,0.2021440714597702,0.0,0.014916940592229366,0.0,0.6093316674232483,0.0,0.7267975211143494,0.0,0.0,0.9362725615501404,0.0,0.0,0.0,0.0,0.3874030113220215,0.0061736698262393475,0.04882936179637909,0.0,0.0,0.740717351436615,0.4981197416782379,0.0,0.0,0.8140105605125427,0.4411256015300751,0.07760218530893326,0.01812492311000824,0.0699828565120697,0.04494862258434296,0.0,0.0,0.0,0.37911638617515564,0.12559083104133606,0.0,0.06858652830123901,0.16302593052387238,0.04851265996694565,0.0,0.396981418132782,0.029483508318662643,0.030603334307670593,0.022075004875659943,0.04380319267511368,0.03581107780337334,0.0,0.0,0.1569690704345703,0.0,0.33514976501464844,0.08185194432735443,0.0,0.0,0.4053928852081299,0.0,0.0944208949804306,0.0029896069318056107,0.23464639484882355,0.0,0.2992634177207947,0.0005638436414301395,0.025012724101543427,0.08259055018424988,0.09544624388217926,0.046466633677482605,0.3457227945327759,0.04211174324154854,0.06576206535100937,0.23682093620300293,0.020191365852952003,0.23595945537090302,0.0,0.3331339657306671,0.0,0.0,0.018235299736261368,0.015292073599994183,0.0,0.4268661141395569,0.0015672564040869474,0.0,0.12055317312479019,0.008475379087030888,0.7029125690460205,0.07936649024486542,0.0,0.0,0.21136975288391113,0.15726417303085327,0.015009000897407532,0.0,0.008802931755781174,0.0,0.33490681648254395,0.08794627338647842,0.1112360805273056,0.0,0.0,0.19041776657104492,0.4217338263988495,0.0,0.11144471913576126,0.08639081567525864,0.0,0.0,0.22430557012557983,0.067357137799263,0.0,0.0,0.268599271774292,0.11781129240989685,0.03768250346183777,0.0,0.14458096027374268,0.5104795098304749,0.20615625381469727,0.04748935252428055,0.13486380875110626,0.043221451342105865,0.011013838462531567,0.01089237816631794,0.01029250118881464,0.3837936520576477,0.0,0.0,0.02156648598611355,0.09240395575761795,0.2208067774772644,0.0,0.3249596357345581,0.2686898708343506,0.03590674698352814,0.012241481803357601,0.11772347241640091,0.003005343722179532,0.0,0.18307410180568695,0.07123461365699768,0.020467951893806458,0.1888274848461151,0.0005422884132713079,0.0,0.05656379461288452,0.08063174784183502,0.0,0.016591746360063553,0.1308113932609558,0.03375484421849251,0.0,0.02633868157863617,0.011354041285812855,0.2883545458316803,0.0,0.0,0.05057908594608307,0.0,0.0,0.08969535678625107,0.0,0.04220272973179817,0.0,0.02322082221508026,0.004690622445195913,0.0,0.1828935146331787,0.012897872366011143,0.0,0.0,0.001946483738720417,0.0,0.045559365302324295,0.01757470890879631,0.020840782672166824,0.006831444799900055,0.2643108069896698,0.0,0.0,0.004709539469331503,0.017555339261889458,0.0,0.0,0.0615762397646904,0.019649198278784752,0.012042775750160217,0.003478231141343713,0.0,0.054245010018348694,0.007360178977251053,0.10976462811231613,0.0,0.09771130979061127,0.1376977264881134,0.0,0.0,0.028411149978637695,0.0,0.0,0.005770346615463495,0.029202809557318687,0.0,0.08498930931091309,0.08883629739284515,0.0,0.00337273720651865,0.15362922847270966,0.06642485409975052,0.012438579462468624,0.0,0.09753621369600296,0.011088736355304718,0.024669066071510315,0.05066557973623276,0.2362457513809204,0.0,0.0,0.0,0.0,0.114860899746418,0.2508484721183777,0.0,0.11656223237514496,0.05772455036640167,0.10344324260950089,0.12013060599565506,0.22376185655593872,0.0,0.0919114276766777,0.0,0.005973306484520435,0.04567375406622887,0.0,0.0,0.0,0.038108304142951965,0.04880527779459953,0.001755984965711832,0.11397983133792877,0.2982063889503479,0.0,0.017330612987279892,0.1684855818748474,0.13169892132282257,0.23979461193084717,0.0,0.0,0.2122766673564911,0.0,0.04209484905004501,0.046899884939193726,0.0,0.09125342220067978,0.0,0.02745308354496956,0.003021322190761566,0.13119561970233917,0.1718340367078781,0.009587209671735764,0.0,0.1604604870080948,0.05131453275680542,0.2651265859603882,0.039344049990177155,0.0,0.0,0.028736108914017677,0.013790452852845192,0.0,0.0018482482992112637,0.015382414683699608,0.14851076900959015,0.08234734833240509,0.010319366119801998,0.10288013517856598,0.0,0.0,0.0,0.0,0.4325646758079529,0.0,0.0,0.008370758034288883,0.013349225744605064,0.0,0.02640468254685402,0.006736833602190018,0.0,0.013966549187898636,0.00390856247395277,0.015307793393731117,0.04962928593158722,0.0,0.5486138463020325,0.01612773723900318,0.09439095109701157,0.15876679122447968,0.0,0.0,0.0652974396944046,0.16095945239067078,0.0,0.14919109642505646,0.2604498267173767,0.22955337166786194,0.0,0.0,0.0,0.044467050582170486,0.09886139631271362,0.008078367449343204,0.13858123123645782,0.0,0.2380041480064392,0.0,0.0,0.39649128913879395,0.28685957193374634,0.021214144304394722,0.0,0.0,0.2035272717475891,0.3154275715351105,0.0,0.4269299805164337,0.34157663583755493,0.06737048923969269,0.0,0.03371306136250496,0.03164440765976906,0.0,0.0,0.0,0.0,0.08905092626810074,0.21723522245883942,0.0019231342012062669,0.039122503250837326,0.38468876481056213,0.13529075682163239,0.0,0.18369156122207642,0.5799257159233093,0.0,0.0,0.49279192090034485,0.312642365694046,0.0,0.17035748064517975,0.16849569976329803,0.0,0.764587938785553,0.17916332185268402,0.00020482939726207405,0.0,0.5375980734825134,0.0,0.015253770165145397,0.0,0.22279708087444305,0.05670173093676567,0.22621166706085205,0.005336817353963852,0.021625837311148643,0.0,0.013703555800020695,0.3748762905597687,0.3058525025844574,0.1028950959444046,0.04144807532429695,0.19486869871616364,0.00011402543896110728,0.2889731824398041,0.0,0.07827834784984589,0.0,0.0,0.28454744815826416,0.0,0.014695484191179276,0.8155239224433899,0.0,0.0,0.5350317358970642,0.004266194999217987,0.4631769061088562,0.007226158399134874,0.004300926346331835,0.0,0.24141359329223633,0.09065670520067215,0.34709790349006653,0.0,0.0,0.0,1.0639276504516602,0.08036286383867264,0.062024299055337906,0.0,0.0,0.020075011998414993,0.6360763311386108,0.0,0.18914537131786346,0.40584978461265564,0.07648079097270966,0.0,0.006025005131959915,0.2038009762763977,0.0,0.009621822275221348,0.22426846623420715,0.8540977239608765,0.024408487603068352,0.0,0.14173918962478638,0.6210654973983765,0.06292956322431564,0.0,0.787238597869873,0.027212318032979965,0.05635526403784752,0.03201323747634888,0.12040836364030838,0.1765124648809433,0.0,0.00020900194067507982,0.11036355048418045,0.5054407715797424,0.1601610779762268,0.0,0.6833460330963135,0.0629488155245781,0.005155225750058889,0.0,0.362210214138031,0.0,0.0,0.6151471734046936,0.0062372335232794285,0.0,0.14263787865638733,0.02316867560148239,0.030754132196307182,0.04724382981657982,0.5786890387535095,0.0,0.00021074274263810366,0.5286096930503845,0.13015714287757874,0.0023946771398186684,0.0,0.4493744969367981,0.17087112367153168,0.0,0.002434852533042431,0.4944409728050232,0.0,0.0,0.16695702075958252,0.0,0.007263976149260998,0.000640932354144752,0.06026282161474228,0.11317393183708191,0.0,0.04699614271521568,0.0,0.0,0.03318682685494423,0.0,0.0,0.004434636328369379,0.08921574056148529,0.035765524953603745,0.03336881846189499,0.06662599742412567,0.0,0.0,0.018567468971014023,0.0,0.0,0.0,0.024175923317670822,0.1272648721933365,0.03500513359904289,0.0,0.0,0.01779082603752613,0.0,0.026887739077210426,0.0006954454001970589,0.008197808638215065,0.11022686958312988,0.01889229193329811,0.0,0.39154544472694397,0.0,0.07198186963796616,0.17370806634426117,0.0,0.0,0.11639829725027084,0.4344223737716675,0.0,0.0,0.2599147856235504,0.0,0.050693098455667496,0.09715826064348221,0.013228354975581169,0.01187247782945633,0.08978183567523956,0.018487712368369102,0.022094829007983208,0.0,0.0,0.0014299137983471155,0.0,0.6563560962677002,0.20992116630077362,0.0,0.03282589092850685,0.28463706374168396,0.01594097539782524,0.1019803062081337,0.6984996795654297,0.0,0.1202903613448143,0.0,0.0,0.05243461951613426,0.017430372536182404,0.0,0.09376170486211777,0.9409912824630737,0.4437398314476013,0.0,0.2747727334499359,0.15101750195026398,0.0,0.0,0.5307816863059998,0.0,0.022704582661390305,0.0,0.0,0.2900433838367462,0.0,0.07277853041887283,0.44067221879959106,0.0,0.1528007537126541,0.10529060661792755,0.31711798906326294,0.5016179084777832,0.04912298917770386,0.5978125929832458,0.05216963589191437,0.2206798940896988,0.16488586366176605,0.015553007833659649,0.32736408710479736,0.0,0.0,0.0,0.0,0.004938904196023941,0.0,0.0,0.007456592749804258,0.06221442297101021,0.4355606138706207,0.35345199704170227,0.0,0.0,0.0,0.0,0.0,0.7180293798446655,0.016022443771362305,0.0,0.012288400903344154,0.0,0.0,0.0,0.004273199941962957,0.0,0.0,0.4054146409034729,0.2641756534576416,0.0,0.0,1.165457844734192,0.0,0.1882311999797821,0.0015309830196201801,0.0,0.0,0.058531876653432846,0.4118507206439972,0.0,0.2524988651275635,0.012883107177913189,0.021970385685563087,0.0,0.40543779730796814,0.0,0.4523434340953827,0.006526662036776543,0.0,0.638910710811615,0.017750220373272896,0.04534139111638069,0.0,0.0,0.41966915130615234,0.09381924569606781,0.023307012394070625,0.0,0.0,0.5076875686645508,0.41573119163513184,0.0,0.06417614966630936,0.6312684416770935,0.255732923746109,0.021105192601680756,2.5268959999084473
230,0.0,0.05932925269007683,0.03235556557774544,0.0,0.0,0.0,0.4257378578186035,0.12299922853708267,0.0,0.008388910442590714,0.09966904670000076,0.011791544035077095,0.0,0.2796831727027893,0.0,0.07691676169633865,0.022831309586763382,0.006025059148669243,0.0,0.0,0.0,0.10844731330871582,0.0,0.41518592834472656,0.029925810173153877,0.0,0.0,0.4514228403568268,0.0,0.0478677898645401,0.020838003605604172,0.23196600377559662,0.0,0.2995498776435852,0.005732339806854725,0.06790250539779663,0.05939936637878418,0.16976574063301086,0.03864775970578194,0.2356370985507965,0.0,0.10571733862161636,0.09973226487636566,0.06740159541368484,0.2783487141132355,0.010238590650260448,0.20389001071453094,0.03689182549715042,0.0,0.09256070852279663,0.054090194404125214,0.0,0.16018980741500854,0.0,0.0074836136773228645,0.020116468891501427,0.04707938805222511,0.5082555413246155,0.056413840502500534,0.01972316950559616,0.0,0.20449398458003998,0.03317580744624138,0.0,0.0,0.0,0.0,0.054270029067993164,0.03645430505275726,0.06392461061477661,0.0,0.0,0.14137892425060272,0.12036502361297607,0.0,0.06896506249904633,0.04189208522439003,0.11077287793159485,0.0,0.13288551568984985,0.042401399463415146,0.052221380174160004,0.0,0.16440095007419586,0.09850500524044037,0.02979953959584236,0.00020233448594808578,0.1325562596321106,0.42232614755630493,0.2994224727153778,0.017817888408899307,0.0,0.05688152834773064,0.10078435391187668,0.009576226584613323,0.002518198685720563,0.3527146577835083,0.0,0.0,0.006228077225387096,0.0,0.15987277030944824,0.0,0.38986116647720337,0.2983805537223816,0.028356505557894707,0.01847221702337265,0.06707514822483063,0.0,0.0,0.0007798081496730447,0.05747596174478531,0.0345136821269989,0.15996187925338745,0.0,0.0,0.030046803876757622,0.009839728474617004,0.035423509776592255,0.016423393040895462,0.00616725068539381,0.008526597172021866,0.0,0.0,0.0,0.3741344213485718,0.0,0.0,0.0,0.0,0.0,0.0627286285161972,0.0,0.034715745598077774,0.007755976635962725,0.0,0.0,0.0,0.0739750936627388,0.014665970578789711,0.0,0.0,0.01847076416015625,0.0,0.10224633663892746,0.02101670578122139,0.0,0.01619229093194008,0.11056739091873169,0.0,0.02128177508711815,0.0774611085653305,0.06893043220043182,0.0,0.0,0.08354371786117554,0.020459916442632675,0.0,0.0030762283131480217,0.00014550425112247467,0.13770577311515808,0.011293429881334305,0.020504171028733253,0.0,0.11047389358282089,0.07048856467008591,0.0,0.03689929470419884,0.0,0.0,0.0,0.0,0.028703683987259865,0.0001472514122724533,0.005170893855392933,0.2030411809682846,0.0,0.014255431480705738,0.0656791478395462,0.04221207648515701,0.0,0.0,0.21820586919784546,0.0,0.013138450682163239,0.04387538507580757,0.18699276447296143,0.0,0.0,0.0,0.0,0.023476066067814827,0.13123877346515656,0.0,0.1273481249809265,0.14131689071655273,0.07225652039051056,0.2146875560283661,0.07822437584400177,0.0,0.07499593496322632,0.0,0.009786216542124748,0.011815031990408897,0.0,0.0,0.004138807766139507,0.0,0.0,5.1342882215976715e-05,0.035829346626996994,0.20922881364822388,0.0,0.17153719067573547,0.014624008908867836,0.06433236598968506,0.3086042106151581,0.00015429779887199402,0.0,0.26426059007644653,0.0,5.7223718613386154e-05,0.0,0.0,0.040289491415023804,0.0,0.07007525861263275,0.0,0.14057625830173492,0.11574726551771164,0.0021488741040229797,0.0,0.26627400517463684,0.08462244272232056,0.13839484751224518,0.05613437294960022,0.0,0.0024886506143957376,0.04421273618936539,0.006888640113174915,0.0,0.02624998614192009,0.0,0.35043856501579285,0.0,0.0012562774354591966,0.05830555409193039,0.0,0.0,0.0,0.0,0.25585922598838806,0.0,0.0,0.0,0.048715632408857346,0.0,0.028681281954050064,0.03992769494652748,0.00938272662460804,0.1051856279373169,0.0,0.0,0.09588617086410522,0.006325313355773687,0.3900904655456543,0.06642946600914001,0.014775997027754784,0.13216336071491241,0.0,0.0,0.06883955001831055,0.019894486293196678,0.0010143090039491653,0.3122558295726776,0.28798726201057434,0.2560153007507324,0.0,0.0,0.0,0.0,0.004075534176081419,0.02595742605626583,0.0512518584728241,0.020625311881303787,0.21556952595710754,0.0,0.007710026111453772,0.346756249666214,0.15731629729270935,0.02281152456998825,0.0,0.0,0.0,0.3107682466506958,0.0,0.41110339760780334,0.08234594762325287,0.03344424068927765,0.005130158271640539,0.5416882634162903,0.20798130333423615,0.2662208676338196,0.0,0.0,0.0,1.0151817798614502,0.0,0.007687476463615894,0.3833911120891571,0.008574907667934895,0.0,0.0,0.5910347104072571,0.0,0.009286771528422832,0.031797461211681366,0.0,0.0,0.017868485301733017,0.0,0.005202101077884436,0.03490433096885681,0.010885943658649921,0.16594313085079193,0.002946047345176339,0.0,0.7573108673095703,0.08457302302122116,0.03479490056633949,0.010237184353172779,0.563236653804779,0.0,0.005945172626525164,0.33577749133110046,0.03682831674814224,0.0,0.4683355689048767,0.061781223863363266,0.00038220908027142286,0.9565603137016296,0.31341519951820374,0.09620025753974915,0.04785769432783127,0.05707733333110809,0.6697444319725037,0.833453893661499,0.02908436208963394,0.0,0.17174343764781952,0.23679237067699432,0.017799368128180504,0.3031168282032013,0.0007998193032108247,0.07699310779571533,0.0,0.9315018057823181,1.8331695795059204,0.7444125413894653,0.2398565411567688,0.0,0.0,0.6691035628318787,0.0,0.0,0.0873865857720375,0.0018210263224318624,0.005587445106357336,0.8255873322486877,0.49270543456077576,0.3790234625339508,0.0,0.5453169941902161,0.5081740617752075,0.34983789920806885,0.0,0.24415846168994904,0.0,0.0,0.10514845699071884,0.02901189774274826,0.0,0.004890539683401585,0.2079983800649643,0.0,0.0,0.01102143432945013,0.8264026045799255,0.3188704550266266,0.41562047600746155,0.3089893162250519,0.0,0.0580042265355587,0.19683772325515747,0.0,0.5113283395767212,1.1613668203353882,0.0,0.007770908996462822,0.0001522666570963338,0.0193614698946476,0.7026661038398743,0.0,0.007349773310124874,0.5153951644897461,0.6618069410324097,0.17988085746765137,0.12752482295036316,0.2662500739097595,0.0,0.0,0.11951643228530884,0.3446751832962036,0.5295689702033997,1.036062240600586,0.0,0.22721992433071136,0.041940122842788696,0.25230488181114197,0.07628434151411057,0.0,0.7153369784355164,0.20243361592292786,0.0,0.0,0.0,0.0,0.3786470592021942,0.0,0.0003568604588508606,0.008688987232744694,0.0011408530408516526,0.6153426766395569,0.045276954770088196,0.13129590451717377,0.8938624858856201,0.0,0.0,0.3861851096153259,0.03218039125204086,0.0,0.0,0.050511106848716736,0.0,0.10378120839595795,0.0,0.6995187401771545,0.01035310234874487,0.0,0.0,0.0,0.4099135100841522,0.02441452629864216,0.0,0.0,1.2095826864242554,0.1161559596657753,0.0,0.026889128610491753,0.09963463246822357,0.6544652581214905,0.4566594362258911,0.20660609006881714,0.0,0.11996915936470032,0.26325523853302,0.0,0.4549017548561096,0.0,0.0,0.04590373858809471,0.015577699989080429,0.015657175332307816,0.04394957795739174,1.6305617094039917,0.04518449306488037,0.025149988010525703,0.4748533368110657,0.0,0.00365474377758801,0.0,0.003957320936024189,0.044352974742650986,0.024500951170921326,0.0,0.6721904873847961,1.0088274478912354,0.026550965383648872,0.7821952700614929,0.0,0.0,0.0,0.2487892508506775,0.0009642536169849336,0.4390808045864105,0.3713257610797882,0.029764117673039436,0.11204379051923752,0.0021208778489381075,0.48033010959625244,0.21520179510116577,0.0,0.12212736904621124,0.5535287261009216,0.0,0.014373896643519402,0.0,0.03374667093157768,0.0,0.29884591698646545,0.1842261701822281,0.948043942451477,0.06769970804452896,0.5200276374816895,0.0,0.061467062681913376,0.8895312547683716,0.0,0.23681220412254333,0.09617231786251068,0.0,0.6121633648872375,0.04192200303077698,0.22590668499469757,0.02272012270987034,0.0,0.8412157297134399,0.0,1.1102091073989868,0.0,0.37414121627807617,0.13676407933235168,0.47722452878952026,0.13262318074703217,0.02336915209889412,0.30786386132240295,0.5392465591430664,0.0,0.035478126257658005,0.023846281692385674,0.35487666726112366,0.0,0.003096733009442687,0.11704809963703156,0.0,0.10597465932369232,0.0,0.0,0.0,0.0,0.0,0.4555143117904663,0.0,0.0,0.0479726567864418,0.8151054978370667,0.008903443813323975,0.09689036011695862,0.06539367139339447,0.20186816155910492,0.05559519678354263,0.0,0.00819437950849533,0.2592633366584778,0.7912307977676392,0.022719040513038635,0.2114092856645584,0.0,0.20160086452960968,0.0,0.09890246391296387,0.3424542546272278,0.0,0.0,0.7940532565116882,1.2241188287734985,0.32358118891716003,0.5189617872238159,0.0,0.0,0.009715095162391663,0.08383305370807648,0.00691309804096818,0.09689944982528687,0.42356589436531067,0.8112440705299377,0.0,0.21159428358078003,0.0,0.15482690930366516,0.1566222459077835,0.0,0.10799307376146317,0.07062318176031113,0.0,0.13155683875083923,0.5431278944015503,0.21124865114688873,0.05948982015252113,0.0601903572678566,0.536397397518158,0.18014346063137054,0.08313476294279099,0.01864073984324932,0.001030771411024034,0.0,0.946584165096283,0.0056649306789040565,0.017472784966230392,0.29572853446006775,0.0425586998462677,0.0,0.013955089263617992,0.5997447371482849,0.0,0.02604442834854126,0.0942067950963974,0.0,0.008787681348621845,0.05559584125876427,0.0,0.030399883165955544,0.03752852603793144,0.023287950083613396,0.1092047318816185,0.0009046052000485361,0.0006306769209913909,0.6987287998199463,0.06786950677633286,0.045025911182165146,0.044791266322135925,0.5332880616188049,0.0,0.006885800044983625,0.38727474212646484,0.042157020419836044,0.0,0.2883269488811493,0.045418936759233475,0.04728348180651665,0.7302806377410889,0.32869741320610046,0.15456025302410126,0.1386718600988388,0.11466687172651291,0.570728600025177,0.7576472163200378,0.0034732462372630835,0.0,0.06865552067756653,0.1070866584777832,0.014266803860664368,0.38194456696510315,0.015958396717905998,0.015310145914554596,0.0,0.863952100276947,1.5912415981292725,0.7711036205291748,0.22744321823120117,0.0,0.03729637339711189,0.7610809206962585,0.0,0.003807607339695096,0.15519212186336517,0.0009990476537495852,0.052146632224321365,0.8045019507408142,0.6366392970085144,0.22003670036792755,0.0,0.4007125496864319,0.39534470438957214,0.3698998987674713,0.019653666764497757,0.08162162452936172,0.0028946285601705313,0.01790098287165165,0.1699133962392807,0.04545896500349045,0.0,0.016345802694559097,0.11017482727766037,0.0628134086728096,0.017303353175520897,0.007438489235937595,0.8833193182945251,0.23524723947048187,0.49824967980384827,0.15637065470218658,0.053988266736269,0.08646208047866821,0.06789299845695496,0.010774023830890656,0.3486003875732422,1.2151955366134644,0.0,0.07859331369400024,0.02871827594935894,0.024465233087539673,0.9354448318481445,0.0,0.09222321957349777,0.41207271814346313,0.680285632610321,0.15621809661388397,0.0930231511592865,0.22772689163684845,0.0,0.0,0.09422622621059418,0.15682204067707062,0.459372341632843,0.6833011507987976,0.0,0.24454723298549652,0.057882118970155716,0.09519008547067642,0.03841767832636833,0.004826511722058058,0.4762590527534485,0.08544927090406418,0.0,0.0,0.0,0.01715448871254921,0.2046375721693039,0.005130513105541468,0.00999471265822649,0.0007959969225339592,0.02461732178926468,0.44910547137260437,0.035573188215494156,0.11053784191608429,0.763826310634613,0.0,0.0,0.4043183922767639,0.05689280852675438,0.0,0.0,0.019836528226733208,0.00041175002115778625,0.03253166750073433,0.0,0.49968716502189636,0.012934336438775063,0.005216806661337614,0.0,0.0,0.3023918569087982,0.09762280434370041,0.0,0.0,0.8381783366203308,0.11213799566030502,0.0,0.023200219497084618,0.11921554803848267,0.4089781939983368,0.419426292181015,0.11264436691999435,0.015091657638549805,0.20431438088417053,0.28586146235466003,0.0,0.3475503623485565,0.0,0.0,0.021517397835850716,0.0,0.047009579837322235,0.029396522790193558,1.421533226966858,0.03983580693602562,0.05031585693359375,0.22495126724243164,0.004084888380020857,0.015251119621098042,0.0,0.0047424859367311,0.052846699953079224,0.0532010979950428,0.0,0.5840856432914734,1.0038270950317383,0.008997384458780289,0.5472975969314575,0.0,0.0,0.009101714007556438,0.3153626024723053,0.01166107039898634,0.4803982377052307,0.2088875025510788,0.11202128231525421,0.08073091506958008,0.021068498492240906,0.39303186535835266,0.050999950617551804,0.0,0.1915067583322525,0.3990519940853119,0.0,0.03830179199576378,0.0,0.0,0.057495396584272385,0.37338998913764954,0.2335878163576126,0.9331170916557312,0.01538754440844059,0.4334402084350586,0.030805200338363647,0.05127320438623428,0.7510750889778137,0.02994425594806671,0.11870520561933517,0.06676443666219711,0.0003266833664383739,0.50236576795578,0.0002790447324514389,0.1775195598602295,0.04566923901438713,0.0,0.4798838794231415,0.027991414070129395,1.0217570066452026,0.0,0.29070135951042175,0.06981033086776733,0.2831035256385803,0.12069672346115112,0.03753330931067467,0.21419405937194824,0.444282591342926,0.0012351872865110636,0.012186541222035885,0.015853682532906532,0.3020041882991791,0.004320488311350346,0.009825721383094788,0.07897093892097473,0.02903163991868496,0.14364127814769745,0.025290613994002342,0.0,0.0,0.0022826583590358496,0.0,0.5932856202125549,0.0,0.0,0.05009220167994499,0.4173715114593506,0.0325896255671978,0.0998171865940094,0.13463561236858368,0.08082365244626999,0.029587015509605408,0.0,0.0063263471238315105,0.2013760656118393,0.6252513527870178,0.08350002020597458,0.19866056740283966,0.0,0.2690361440181732,0.0,0.06275733560323715,0.26845020055770874,0.0,0.0013620898826047778,0.47672659158706665,1.126540184020996,0.2714887857437134,0.463858425617218,0.0,0.0,0.003899284405633807,0.10782656818628311,0.025410359725356102,0.05637257918715477,0.410499632358551,0.7695907950401306,0.005775689613074064,0.1379024088382721,0.03474614396691322,0.13993225991725922,0.09952720999717712,0.0,0.16920416057109833,0.057177770882844925,0.03218656778335571,0.16718006134033203,0.42325639724731445,0.198038250207901,0.03307868540287018,0.029156196862459183,0.31330034136772156
231,0.0,0.14580698311328888,0.49901142716407776,0.0025319962296634912,0.0,0.0,0.6165251135826111,0.023064477369189262,0.0,0.0,0.06971359252929688,0.0,0.0,0.2560161054134369,0.0,0.19062575697898865,0.02071727253496647,0.0,0.0,0.0,0.0,0.13131533563137054,0.024541132152080536,0.6915145516395569,0.0,0.0,0.0,0.8383224606513977,0.07546878606081009,0.050354618579149246,0.2950911819934845,0.31335610151290894,0.0,0.40168699622154236,0.18109342455863953,0.38994666934013367,0.16907644271850586,0.7970860004425049,0.0,0.0014210757799446583,0.0,0.4300292432308197,0.0496140718460083,0.23809538781642914,0.5526755452156067,0.9194612503051758,0.09471753984689713,0.0,0.0,0.19541268050670624,0.3753562569618225,0.0,0.0,0.008799625560641289,0.21441571414470673,0.0,0.705437183380127,0.6566708087921143,0.1545850783586502,0.05330171808600426,0.0,0.031216956675052643,0.005395323503762484,0.0,0.0,0.11193660646677017,0.007867962121963501,0.0,0.1341460943222046,0.009054800495505333,0.6139037609100342,0.0,0.3648563325405121,0.0,0.11197283864021301,0.11362392455339432,0.0,0.5950393080711365,0.0,0.1136055514216423,0.018796073272824287,0.28434595465660095,0.002320026746019721,0.15566471219062805,0.0,0.0,0.15287916362285614,0.1682804375886917,0.4216732680797577,0.5398867726325989,0.10819404572248459,0.0,0.0,0.49480000138282776,0.0,0.0,0.4295858144760132,0.1101142019033432,0.0,0.007106830831617117,0.0,0.041176941245794296,0.0,0.523565411567688,0.7770289778709412,0.45221033692359924,0.25072622299194336,0.00425294041633606,0.0,0.0,0.0,0.23023076355457306,0.23016251623630524,0.2444600760936737,0.17344403266906738,0.0,0.0,0.0,0.23436005413532257,0.17837098240852356,0.0,0.055087246000766754,0.1792672872543335,0.01806602254509926,0.0,0.44949594140052795,0.0021692970767617226,0.251851886510849,0.0,0.0,0.0,0.008321575820446014,0.1466808319091797,0.0,0.08851303160190582,0.033986084163188934,0.0,0.0,0.037221238017082214,0.033826835453510284,0.0,0.01818820834159851,0.5972957611083984,0.0,0.5825796127319336,0.0,0.0,0.039336323738098145,0.0,0.0,0.0770333781838417,0.7553068995475769,0.2995852530002594,0.0,0.0,0.5816555023193359,0.004490009043365717,0.0,2.5456563889747486e-05,0.0,1.1863898038864136,0.3187517821788788,0.0,0.0,0.17561393976211548,0.04143685847520828,0.0,0.6736462712287903,0.0,0.0,0.0,0.0,0.053877200931310654,0.1280384510755539,0.0714355856180191,0.2393416315317154,0.022735506296157837,0.7789468765258789,0.0,0.0232236348092556,0.0,0.0,0.9064512252807617,0.006670026574283838,0.0,0.2480948567390442,0.21862371265888214,0.14484235644340515,0.6863566040992737,0.0,0.0,0.0,0.0,0.11936444789171219,0.1768777072429657,0.6465228199958801,0.019819585606455803,0.8549498319625854,0.0,0.07303962856531143,0.20340029895305634,0.0,0.014215032570064068,0.0,0.0,0.0,0.0,0.0,0.0,0.0027101635932922363,0.00014260431635193527,0.18936091661453247,0.08597730100154877,0.7086277008056641,0.0,0.25761011242866516,0.5193008780479431,0.0,0.07981596887111664,0.5699911713600159,0.011427074670791626,0.0072761401534080505,0.0,0.0,0.0,0.05793948844075203,0.023192021995782852,0.0,0.3738971948623657,0.008960005827248096,0.0,0.0,0.8568225502967834,0.4411666691303253,0.032102812081575394,0.20033086836338043,0.12933868169784546,0.00021978218865115196,0.2841806411743164,0.07842656970024109,0.002091595670208335,0.0,0.0,1.1752516031265259,0.0,0.039286598563194275,0.019569972530007362,0.0,0.0,0.0,0.0,0.008554468862712383,0.0,0.02693403698503971,0.0,0.8790748119354248,0.06585793942213058,0.07828748226165771,0.007446978706866503,0.08901925384998322,0.530750572681427,0.0,0.0,0.645555317401886,0.34800291061401367,0.0,0.5859456658363342,0.0,0.38418906927108765,0.045114580541849136,0.0,0.10873053222894669,0.0,0.028012918308377266,1.4983670711517334,0.8328608274459839,0.479095995426178,0.12274959683418274,0.0,0.0022740827407687902,0.0,0.0031924801878631115,0.4800146520137787,0.0,0.0031826640479266644,0.46405166387557983,0.0,0.0,0.6381208300590515,0.273648738861084,0.021513326093554497,0.010216942988336086,0.0,0.0,0.38818955421447754,0.12531189620494843,0.6468139886856079,0.0,0.007982944138348103,0.25170832872390747,0.19583147764205933,0.1679881066083908,0.06608352810144424,0.0,0.0,0.0,0.5136561393737793,0.10942292213439941,0.0,0.021956445649266243,0.1356654167175293,0.0,0.0,0.34977492690086365,0.0,0.05381631851196289,0.04458675533533096,0.0,0.0,0.0,0.0,0.08485563099384308,0.0,0.24984969198703766,0.025035832077264786,0.0,0.0,0.4585268795490265,4.8040667024906725e-05,0.11346324533224106,0.08725404739379883,0.3037387728691101,0.0,0.29535943269729614,0.1347828358411789,0.024163836613297462,0.04931982234120369,0.1752166599035263,0.02895415760576725,0.11272820085287094,0.10191122442483902,0.11145810037851334,0.1474645435810089,0.05318759009242058,0.15440025925636292,0.159063458442688,0.19212675094604492,0.014545287005603313,0.0,0.06359324604272842,0.1374610811471939,0.0,0.24977156519889832,0.024121755734086037,0.024002758786082268,0.0006960695027373731,0.316399484872818,0.7342823147773743,0.28684836626052856,0.04996828734874725,0.0,0.062490902841091156,0.17960131168365479,0.0,0.0,0.009247420355677605,6.391243368852884e-05,0.0831761583685875,0.2202446311712265,0.215547114610672,0.054830677807331085,0.0,0.15049989521503448,0.14869330823421478,0.06784181296825409,0.04091694951057434,0.00484122708439827,0.02617727406322956,0.0,0.16192233562469482,0.02745189517736435,0.016390692442655563,0.0,0.15816299617290497,0.11884800344705582,0.010702984407544136,0.06790798157453537,0.3175521492958069,0.3794527053833008,0.3444646894931793,0.0661163330078125,0.0709710419178009,0.046725139021873474,0.04250650852918625,0.0,0.034481413662433624,0.5683425068855286,0.0,0.0004412514972500503,0.0,0.01773158833384514,0.41502395272254944,0.0,0.343743234872818,0.3018072247505188,0.31298893690109253,0.06979164481163025,0.06045413762331009,0.027597537264227867,0.0,0.03560146689414978,0.0811249390244484,0.03132741525769234,0.2503454387187958,0.10090357810258865,0.0,0.08119259029626846,0.043222825974226,0.06492634117603302,0.028231225907802582,0.0,0.07823850959539413,0.0,0.02166161499917507,0.0,0.2391599863767624,0.0,0.014115666970610619,0.031232813373208046,0.056937236338853836,0.0,0.19108431041240692,0.03691112622618675,0.004156370181590319,0.004226158373057842,0.16463477909564972,0.0,0.0,0.10131416469812393,0.0,0.0,0.0,0.01470328401774168,0.0,0.14106485247612,0.0,0.0944879949092865,0.0256611630320549,0.10309308767318726,0.0,0.041750259697437286,0.11108571290969849,0.07220233976840973,0.0,0.0,0.37621021270751953,0.02618911862373352,0.0,0.051864754408597946,0.04612522944808006,0.2239481657743454,0.22461068630218506,0.025309525430202484,0.0,0.053841277956962585,0.116849385201931,0.004338685888797045,0.09722121804952621,0.0,0.0,0.0,0.0,0.020971225574612617,0.03618583828210831,0.3105771541595459,0.08425424247980118,0.04027177765965462,0.08480583131313324,0.017865074798464775,0.056289684027433395,0.0013573847245424986,0.0,0.15599747002124786,0.0,0.0,0.1861094981431961,0.30587735772132874,0.0,0.09886854887008667,0.0,0.0,0.057756587862968445,0.1779099702835083,0.007284694351255894,0.22502455115318298,0.13794508576393127,0.06425800174474716,0.17904889583587646,0.1108141541481018,0.0799105316400528,0.079033263027668,0.0,0.06926246732473373,0.07762641459703445,0.0,0.0,0.0,0.007140768226236105,0.036744147539138794,0.17019625008106232,0.04900335893034935,0.3489031493663788,0.00891771912574768,0.19605019688606262,0.05112652853131294,0.05522565543651581,0.36934489011764526,0.0,0.052040643990039825,0.21677803993225098,0.008752405643463135,0.0748344138264656,0.0005077902460470796,0.0007362460601143539,0.02411177009344101,0.0,0.03060240112245083,0.05951180309057236,0.3536507189273834,0.04964257404208183,0.028809206560254097,0.007713879458606243,0.3315185010433197,0.07232052087783813,0.0215611569583416,0.10092532634735107,0.10192570090293884,0.0,0.029418019577860832,0.09004739671945572,0.09065502882003784,0.0026386675890535116,0.0,0.26015573740005493,0.011717962101101875,0.04651918262243271,0.08905250579118729,0.0,0.0,0.0,0.0,0.3143148124217987,0.0,0.0,0.04445341229438782,0.09756544977426529,0.0,0.07002165913581848,0.09256625175476074,0.008960896171629429,0.0900493860244751,0.0,0.0,0.13215526938438416,0.1987939327955246,0.17459125816822052,0.07664231210947037,0.018919315189123154,0.1413787305355072,0.0,0.0005642016767524183,0.050249405205249786,0.004513292107731104,0.0,0.37195467948913574,0.49701058864593506,0.21290268003940582,0.08423614501953125,0.0,0.0008097352110780776,0.0,0.011516581289470196,0.01512960996478796,0.0767209380865097,0.05649842694401741,0.42081019282341003,0.0,0.06900463998317719,0.2506704330444336,0.13701286911964417,0.024546945467591286,0.0,0.015414522960782051,0.0,0.25544416904449463,0.0013623973354697227,0.46463093161582947,0.11863178759813309,0.04149715229868889,0.031182078644633293,0.08719248324632645,0.13984309136867523,0.2222437560558319,0.001576597336679697,0.0,0.0,0.5466007590293884,0.04379545524716377,0.0,0.01859484612941742,0.026893941685557365,0.0,0.0004341540625318885,0.3593418300151825,0.0,0.09161160886287689,0.08376247435808182,0.0,0.0,0.0,0.0,0.08010608702898026,0.06176617369055748,0.4334372878074646,0.0,0.0,0.0,0.7253111600875854,0.04923267289996147,0.032340701669454575,0.15810732543468475,0.37454885244369507,0.0,0.3621072769165039,0.11022017896175385,0.26724228262901306,0.030779195949435234,0.4724941849708557,0.002993182046338916,0.04338560998439789,0.00722282100468874,0.3730669915676117,0.06163634732365608,0.22223974764347076,0.40224722027778625,0.6614395380020142,0.14522816240787506,0.01100657694041729,0.0,0.09947175532579422,0.29538434743881226,0.0,0.0878562182188034,0.020230164751410484,0.10514798760414124,0.0,0.5747203826904297,0.8024211525917053,0.27702611684799194,0.05882057547569275,0.0,0.08283921331167221,0.06951969861984253,0.0,0.0,0.1225745677947998,0.0,0.0,0.2594749629497528,0.10280545055866241,0.34851711988449097,0.0,0.24981380999088287,0.022176403552293777,0.11347588896751404,0.10664598643779755,0.0,0.2502492666244507,0.0,0.1102716401219368,0.009648902341723442,0.13835935294628143,0.008519046939909458,0.1724633127450943,0.05341488495469093,0.004820491187274456,0.10468350350856781,0.31457820534706116,0.31353098154067993,0.4168795049190521,0.0694601759314537,0.0,0.04555296152830124,0.2655447721481323,0.02594558149576187,0.04761802777647972,0.5611804127693176,0.002311199437826872,0.01073154341429472,0.015368593856692314,0.0,0.19205687940120697,0.0,0.3057909905910492,0.5609824657440186,0.44084563851356506,0.17488375306129456,0.011426715180277824,0.004144999198615551,0.0,0.0,0.10186823457479477,0.07519104331731796,0.2634764611721039,0.17557546496391296,0.0,0.021324167028069496,0.0,0.1357516050338745,0.11710304766893387,0.011490322649478912,0.09864340722560883,0.0906616672873497,0.010563915595412254,0.0,0.22838875651359558,2.16144289879594e-05,0.192383274435997,0.0,0.007267506327480078,0.0,0.043173305690288544,0.12066488713026047,0.0,0.08855067193508148,0.09587416052818298,0.0,0.0058141169138252735,0.07924435287714005,0.06603297591209412,0.0,0.0,0.37289369106292725,0.0,0.33952978253364563,0.0,0.0,0.0001730189542286098,0.00021316189668141305,0.0,0.04850858077406883,0.48855680227279663,0.22506096959114075,0.002133270027115941,0.0,0.5122962594032288,0.004665350541472435,0.0,0.009712917730212212,0.035746980458498,0.7347779870033264,0.35720139741897583,0.0039770519360899925,0.0,0.13901039958000183,0.07530555129051208,0.008767831139266491,0.40269094705581665,0.0,0.0,0.004479271359741688,0.0013893252471461892,0.014886562712490559,0.1438640058040619,0.25266507267951965,0.10886991769075394,0.015170801430940628,0.417155385017395,0.0,0.007422515656799078,0.0,0.00016117507766466588,0.5184747576713562,0.0013152408646419644,0.0,0.33987516164779663,0.29101115465164185,0.03604709729552269,0.4808233082294464,0.0,0.0,0.0,0.028062568977475166,0.09117204695940018,0.24695076048374176,0.3434252440929413,0.01767387054860592,0.4932183623313904,0.0,0.06721663475036621,0.10961326956748962,0.0,0.11494922637939453,0.0,0.0,0.0035401300992816687,0.0,0.0,0.0,0.09303466975688934,0.029965607449412346,0.3122973144054413,0.05498190224170685,0.4850956201553345,0.00743588712066412,0.11299566179513931,0.48733043670654297,0.0019796600099653006,0.07944875210523605,0.30089864134788513,0.013572621159255505,0.05324314907193184,0.0,0.0017825356917455792,0.0,0.0060769347473979,0.05250943824648857,0.009031718596816063,0.4754370152950287,0.0,0.0,0.0,0.5753772258758545,0.3045693039894104,0.10041458159685135,0.22406676411628723,0.13672778010368347,0.0,0.10449570417404175,0.06928720325231552,0.030489206314086914,0.0,0.001547487685456872,0.6633812189102173,0.0,0.10278240591287613,0.004890207201242447,0.0,0.0,0.0,0.0,0.17164954543113708,0.0,0.0,0.0,0.49379605054855347,0.01148473471403122,0.05306733772158623,0.039816562086343765,0.055975887924432755,0.24449363350868225,0.0,0.0,0.3598664104938507,0.38114434480667114,0.028634818270802498,0.2883027195930481,0.0016557966591790318,0.24663598835468292,0.0324280709028244,0.024400848895311356,0.04444308951497078,0.007163556758314371,0.007095322012901306,1.0820672512054443,0.6862030029296875,0.2716490626335144,0.10361127555370331,0.0,0.012304130010306835,0.0,0.026719694957137108,0.15835963189601898,0.0,0.08845306932926178,0.4898800551891327,0.0027963989414274693,0.020558038726449013,0.41159406304359436,0.21026510000228882,0.08222858607769012,0.0,0.04750964418053627,0.0,0.20772573351860046,0.08477212488651276,0.438744455575943,0.0077388775534927845,0.028931008651852608,0.10099388659000397,-0.9972395896911621
232,0.014847127720713615,0.05549310892820358,0.04484972357749939,0.0,0.0,0.0,0.29979604482650757,0.15675362944602966,0.0,0.027844134718179703,0.1864253431558609,0.011458323337137699,0.0,0.28872010111808777,0.11386097222566605,0.04713281989097595,0.011698311194777489,0.1347702145576477,0.08777546882629395,0.0,0.0,0.1279701292514801,0.0,0.5604342222213745,0.047743137925863266,0.0,0.0,0.401605486869812,0.003180675208568573,0.11415580660104752,0.01733187772333622,0.21697548031806946,0.0,0.29460692405700684,0.027202334254980087,0.03034842014312744,0.07063046842813492,0.20655617117881775,0.12734243273735046,0.32949090003967285,0.005795372650027275,0.016762766987085342,0.18472182750701904,0.0377250574529171,0.2996150255203247,0.0,0.17776715755462646,0.04058545455336571,0.0,0.09721146523952484,0.0,0.0,0.30733293294906616,0.0010963998502120376,0.0,0.1928301751613617,0.04144620895385742,0.4790341258049011,0.03129182755947113,0.012386132963001728,0.0,0.18035051226615906,0.02449902892112732,0.0,0.0,0.0,0.0,0.3051126003265381,0.03770091384649277,0.059443581849336624,0.0,0.0,0.10706070810556412,0.1993013620376587,0.0,0.05002829432487488,0.10787375271320343,0.0786156877875328,0.0,0.07800614833831787,0.06961459666490555,0.043557967990636826,0.0,0.19359439611434937,0.35321614146232605,0.01978311315178871,0.001097528263926506,0.09364944696426392,0.5535780787467957,0.2878287136554718,0.03069443628191948,0.2177271544933319,0.03920089080929756,0.12630562484264374,0.004714308772236109,0.0030801412649452686,0.2428455352783203,0.0,0.0,0.015097513794898987,0.0697178840637207,0.17675864696502686,0.0,0.5372355580329895,0.19698292016983032,0.038985878229141235,0.008396434597671032,0.17671236395835876,0.0,0.0,0.11640559881925583,0.049882158637046814,0.028917985036969185,0.13745713233947754,0.0031287800520658493,0.0,0.028257951140403748,0.13464292883872986,0.012610726058483124,0.0,0.12242289632558823,0.012358486652374268,0.008635107427835464,0.003975376486778259,0.08222167193889618,0.4046458899974823,0.0,0.0,0.1363540142774582,0.0,0.0,0.11620558053255081,0.0,0.0,0.0,0.0009637321345508099,0.0,0.0,0.06425007432699203,0.0,0.0,0.025239840149879456,0.0,0.0,0.12327076494693756,0.05948583409190178,0.0,0.045010555535554886,0.1847454309463501,0.006569211371243,0.0,0.14800426363945007,0.028600649908185005,0.0,0.0,0.11197352409362793,0.01922685094177723,0.014821972697973251,0.0011029401794075966,0.0,0.22310175001621246,0.004534360021352768,0.03733030706644058,0.0,0.017161810770630836,0.07350648939609528,0.0009543001651763916,0.006583415903151035,0.02591811865568161,0.0,0.0,0.0,0.025690920650959015,0.0,0.023772891610860825,0.3049702048301697,0.0,0.004510003142058849,0.18780486285686493,0.03854566439986229,0.017509644851088524,0.0,0.17840202152729034,0.0,0.01562155969440937,0.014517026953399181,0.09511887282133102,0.0,0.0,0.0,0.0,0.1885886937379837,0.09733659774065018,0.0,0.08713335543870926,0.2543538212776184,0.06350947171449661,0.2707640528678894,0.2977134883403778,0.0,0.14907142519950867,0.0,0.0053191473707556725,0.011475820094347,0.0,0.0,0.008283615112304688,0.08155960589647293,0.12981021404266357,0.005323493387550116,0.03002859838306904,0.17080263793468475,0.0,0.05869360640645027,0.1731719672679901,0.07469864189624786,0.18358749151229858,0.0,0.0,0.28170737624168396,0.0,0.0,0.02375858649611473,0.0,0.0670635923743248,0.0,0.12784649431705475,0.12223110347986221,0.09166157245635986,0.32749953866004944,0.004227631259709597,0.0,0.32373756170272827,0.05742151290178299,0.15967079997062683,0.026286598294973373,0.0,0.0,0.014190485700964928,0.031125172972679138,0.0,0.012449480593204498,0.005756955593824387,0.323525995016098,0.0830875113606453,0.0709274560213089,0.08567024022340775,0.0,0.0,0.0,0.0,0.35637223720550537,0.0,0.0,3.8098543882369995e-05,0.012392891570925713,0.0,0.020606040954589844,0.03145328909158707,0.0,0.03960312157869339,0.032240670174360275,0.0024644332006573677,0.07274112850427628,0.013227860443294048,0.5982808470726013,0.035539887845516205,0.05246398597955704,0.11210731416940689,0.0,0.0,0.05919291079044342,0.0596957802772522,0.0,0.2487698644399643,0.0906534418463707,0.1895616352558136,0.0,0.03584323823451996,0.0,0.1338142305612564,0.0,0.002734212204813957,0.16871844232082367,0.010483735240995884,0.20648902654647827,0.0,0.005460018292069435,0.4373261332511902,0.13452719151973724,0.01343661267310381,0.0,0.0,0.08738178759813309,0.3739527463912964,0.0,0.35599350929260254,0.23308739066123962,0.12413041293621063,0.005940059199929237,0.2500429153442383,0.0638703852891922,0.013276522979140282,0.0,0.0,0.0,0.335460901260376,0.049788158386945724,0.016848094761371613,0.01959373988211155,0.1192018985748291,0.11472751200199127,0.0,0.22303742170333862,0.275554895401001,0.0,0.011928926222026348,0.1315649449825287,0.08957014977931976,0.0,0.02314114011824131,0.05358079448342323,0.0,0.2887517809867859,0.26961269974708557,0.0,0.0,0.3938469886779785,0.0,0.024858009070158005,0.0,0.31233859062194824,0.0003373372310306877,0.15237268805503845,0.10395126044750214,0.0,0.02825348637998104,0.04021443799138069,0.08813821524381638,0.1840033382177353,0.3005979061126709,0.012325461022555828,0.21747583150863647,0.006009830627590418,0.13705050945281982,0.0,0.30970993638038635,0.0,0.0,0.1713206022977829,0.008313809521496296,0.0,0.7282446026802063,0.0,0.0,0.20541594922542572,0.013050656765699387,0.7356860637664795,0.1978560835123062,0.016076266765594482,0.0,0.05456430837512016,0.27335992455482483,0.11752321571111679,0.0,0.0,0.0,0.6495761871337891,0.28292107582092285,0.23540566861629486,0.0,0.0,0.0951356366276741,0.87591552734375,0.0,0.011612892150878906,0.2339518815279007,0.0,0.0,0.16672880947589874,0.11369683593511581,0.0,0.00036079506389796734,0.1806754320859909,0.3276730477809906,0.05284794420003891,0.0,0.4302669167518616,0.6218665242195129,0.29355674982070923,0.07273878157138824,0.37453848123550415,0.10167412459850311,0.0,0.00668615847826004,0.18335746228694916,0.4867174029350281,0.0,0.0,0.035921595990657806,0.35149332880973816,0.536053478717804,0.0,0.31586953997612,0.1929216831922531,0.0,0.015755467116832733,0.29121696949005127,0.001494853408075869,0.0,0.37530675530433655,0.10510722547769547,0.0,0.20799696445465088,0.1065419390797615,0.007077335380017757,0.1708323061466217,0.3270508050918579,0.0,0.008606871590018272,0.21753911674022675,0.2720661759376526,0.0,0.0,0.1955406665802002,0.08650822192430496,0.0,0.0010077859042212367,0.2563461661338806,0.0,0.0,0.1235080361366272,0.005301470868289471,0.06921247392892838,0.0014578565023839474,0.25411954522132874,0.06033007800579071,0.0,0.19352535903453827,0.00040933964191935956,0.0,0.0,0.0,0.0,0.006377942394465208,0.04870814085006714,0.10578322410583496,0.02078287862241268,0.21005618572235107,0.0,0.0,0.02132727950811386,0.005392902530729771,0.0,0.0,0.13515642285346985,0.03502452000975609,0.0085755018517375,0.0,0.0,0.012197330594062805,0.01801108941435814,0.11926230043172836,0.0,0.010834737680852413,0.190739706158638,0.0,0.0,0.20849807560443878,0.0,0.06149435043334961,0.194657564163208,0.006038543302565813,0.0,0.5568512082099915,0.2211374044418335,0.0,0.011748124845325947,0.15001870691776276,0.032415203750133514,0.02200070209801197,0.0011994927190244198,0.08872040361166,0.004859786480665207,0.04872555658221245,0.10332979261875153,0.25541579723358154,0.0,0.0,0.0,0.0,0.5019413232803345,0.4043756425380707,0.0,0.2039462924003601,0.039559438824653625,0.13154399394989014,0.052669938653707504,0.44153380393981934,0.0,0.0824648067355156,0.0,0.005600187927484512,0.2277863770723343,0.012270423583686352,0.0,0.0857437252998352,0.5047435760498047,0.20843666791915894,0.04430871084332466,0.25779929757118225,0.5319267511367798,0.0,0.0,0.17708635330200195,0.034176524728536606,0.13577845692634583,0.0,0.0,0.1851639300584793,0.0,0.1314733922481537,0.2327018678188324,0.007826641201972961,0.18963861465454102,0.004223279654979706,0.4379979968070984,0.1710011512041092,0.31821128726005554,0.2796030640602112,0.09001155942678452,0.21803900599479675,0.10892681032419205,0.002505057957023382,0.06594624370336533,0.035082537680864334,0.0,0.0,0.0,0.02697053551673889,0.003304495243355632,0.0025778908748179674,0.013915243558585644,0.03129402920603752,0.21776752173900604,0.1900121569633484,0.05986658111214638,0.0031792446970939636,0.0,0.007395695894956589,0.0,0.7434573173522949,0.0,0.0,0.07460236549377441,0.0,0.0,0.016842026263475418,0.0071949041448533535,0.0,0.004167447332292795,0.19811606407165527,0.12371603399515152,0.01365527044981718,0.0,0.9271535277366638,0.0,0.06858193874359131,0.06732801347970963,0.0,0.0,0.17549438774585724,0.22491100430488586,0.0,0.061167020350694656,0.21867959201335907,0.0853915736079216,0.0,0.15760159492492676,0.0,0.256428986787796,0.02494940161705017,0.0,0.41839471459388733,0.012825747020542622,0.2629847228527069,0.0,0.0,0.18316690623760223,0.06727590411901474,0.02873341739177704,0.0,0.0,0.4921342730522156,0.21688398718833923,0.0,0.12653911113739014,0.6669278740882874,0.035688616335392,0.0030347537249326706,0.1575227975845337,0.051275331526994705,0.003292048117145896,0.0,0.0018573643174022436,0.0,0.34494948387145996,0.12350008636713028,0.011940938420593739,0.04346229135990143,0.1420735865831375,0.10767585039138794,0.0,0.31246238946914673,0.2284778505563736,0.005160454194992781,0.025629708543419838,0.10136804729700089,0.04079179838299751,0.0,0.002802984556183219,0.0864311084151268,0.0,0.3475532531738281,0.09738635271787643,0.0,0.0,0.4753744304180145,0.0,0.030607707798480988,0.0016061862697824836,0.34316593408584595,0.0,0.18798957765102386,0.09127169847488403,0.013960599899291992,0.013465400785207748,0.05861738696694374,0.13528864085674286,0.27564412355422974,0.2049446702003479,0.06297586113214493,0.1690741777420044,0.021841909736394882,0.24593029916286469,0.0,0.32967162132263184,0.0,0.0,0.11391729861497879,0.001146205817349255,0.0,0.6715653538703918,0.0004873966099694371,0.0,0.20249322056770325,0.04631434381008148,0.7708513736724854,0.1369643658399582,0.05457012355327606,0.0,0.1603015959262848,0.24713686108589172,0.08385208249092102,0.0,0.0,0.0,0.5407137274742126,0.25232622027397156,0.23624415695667267,0.0,0.0,0.09382382780313492,0.6331219673156738,0.0,0.0933760553598404,0.18096502125263214,0.01617235131561756,0.0,0.1090831533074379,0.055753935128450394,0.0,0.003500531194731593,0.19763630628585815,0.2709561884403229,0.023128245025873184,0.0,0.38487672805786133,0.5438146591186523,0.2843436300754547,0.03632916882634163,0.2686157524585724,0.045749127864837646,0.01948881708085537,0.014106831513345242,0.10420048236846924,0.502991795539856,0.0,0.004105463624000549,0.08189511299133301,0.2062670886516571,0.4911762475967407,0.0,0.23826752603054047,0.19464175403118134,0.01687520556151867,0.012771638110280037,0.17583657801151276,0.00844928901642561,0.0,0.29490065574645996,0.04456980153918266,0.0,0.20071466267108917,0.06906871497631073,0.0021876718383282423,0.11648175865411758,0.20507673919200897,0.0,0.0,0.2477024346590042,0.13882139325141907,0.0,0.0,0.18918940424919128,0.15138784050941467,0.0,0.0,0.1783532351255417,0.0,0.0,0.15943773090839386,0.007517962250858545,0.02749050408601761,0.005184512585401535,0.17089559137821198,0.028611179441213608,0.0,0.12359236180782318,0.012382988817989826,0.0,0.0,0.0,0.0,0.004632384516298771,0.019828036427497864,0.05631432309746742,0.0050199334509670734,0.09830490499734879,0.0,0.0,0.03531811386346817,0.0007009924156591296,0.0,0.0,0.08951990306377411,0.06394828855991364,0.0002067089080810547,0.00028059715987183154,0.0,0.04662014916539192,0.01824626699090004,0.04601593315601349,0.003235326614230871,0.04966486990451813,0.19344192743301392,0.0,0.0007530972361564636,0.10457126051187515,0.0,0.017951127141714096,0.1294805109500885,0.0029004134703427553,0.0,0.41027122735977173,0.19367241859436035,0.0,0.005069865845143795,0.1541740745306015,0.01031743548810482,0.027155395597219467,0.006956996396183968,0.0374145433306694,0.0029161928687244654,0.010651681572198868,0.12132395803928375,0.27366337180137634,0.0,0.0,0.0,0.0,0.36809220910072327,0.30106645822525024,0.0,0.2139468491077423,0.051826197654008865,0.059960559010505676,0.06875143200159073,0.3129367530345917,0.0,0.0607205294072628,0.0,0.00656424555927515,0.13661867380142212,0.001425961614586413,0.0,0.02952243946492672,0.3593275845050812,0.15137381851673126,0.041562628000974655,0.2652817964553833,0.4629392623901367,0.0,0.0,0.22043295204639435,0.01919996738433838,0.1628713607788086,0.0,0.0,0.19248273968696594,0.0,0.09070882946252823,0.10829997062683105,0.0028740267734974623,0.09399139136075974,0.0020100667607039213,0.26262837648391724,0.1391972452402115,0.30420365929603577,0.26465678215026855,0.03475312516093254,0.116163469851017,0.13504530489444733,0.008651996962726116,0.20654940605163574,0.01374713983386755,0.0,0.0,0.0,0.024991419166326523,0.019497953355312347,0.0,0.013535489328205585,0.05462499335408211,0.14565308392047882,0.15993167459964752,0.017907259985804558,0.002180347451940179,0.0,0.0,0.0,0.6863272786140442,0.0,0.0,0.045525480061769485,0.0,0.0,0.005643289070576429,0.011872144415974617,0.0,0.0,0.1093614399433136,0.046084146946668625,0.018805349245667458,0.0,0.8543270826339722,0.0,0.013413677923381329,0.04541189596056938,0.0,0.0,0.11713752895593643,0.22528846561908722,0.0,0.09929568320512772,0.2119075059890747,0.07611843943595886,0.0,0.09528316557407379,0.0,0.1696987748146057,0.011603408493101597,0.0,0.2667221426963806,0.04096437990665436,0.24190166592597961,0.0,0.0,0.26944366097450256,0.14720462262630463,0.016755247488617897,0.0,0.0,0.33268028497695923,0.2609882652759552,0.0,0.1844872236251831,0.5333518981933594,0.0295743215829134,0.00600246200338006,1.3489055633544922
233,0.13936327397823334,0.1309492290019989,0.032940126955509186,0.0,0.0,0.0,0.5419316291809082,0.044997427612543106,0.0,0.014592571184039116,0.032134875655174255,0.004197488538920879,0.0,0.32512497901916504,0.0,0.11213452368974686,0.053034573793411255,0.0,0.0,0.0,0.0,0.05965689942240715,0.0004904571687802672,0.2439228892326355,0.02040197141468525,0.0,0.0,0.5132509469985962,0.005691395606845617,0.08456170558929443,0.11467558145523071,0.3044714629650116,0.0,0.27589040994644165,0.08881299197673798,0.054374177008867264,0.0076985848136246204,0.2167614847421646,0.000980227836407721,0.0712294951081276,0.053150564432144165,0.16897551715373993,0.06976804882287979,0.0922950878739357,0.17511239647865295,0.19375599920749664,0.30268171429634094,0.035089362412691116,0.0,0.050484199076890945,0.17154592275619507,0.0,0.14898502826690674,0.011591779068112373,0.04159216210246086,0.0,0.2930511236190796,0.7720446586608887,0.230872243642807,0.07228634506464005,0.0,0.07470846176147461,0.1432105153799057,0.0,0.0,0.006553442683070898,0.0,0.0,0.22973498702049255,0.15209649503231049,0.047578904777765274,0.0,0.18698573112487793,0.16158148646354675,0.07895325124263763,0.04326494410634041,0.005984650459140539,0.06569289416074753,0.0,0.1667466014623642,0.008754666894674301,0.0586390420794487,0.0,0.14728467166423798,0.004209202714264393,0.0,0.052361879497766495,0.29221445322036743,0.32684215903282166,0.4045376479625702,0.045828063040971756,0.0,0.024281492456793785,0.08179768174886703,0.0009505481575615704,0.022092092782258987,0.5990543365478516,0.0,0.006803023628890514,0.0,0.0,0.3705189526081085,0.0,0.25928235054016113,0.42242541909217834,0.2633841633796692,0.04842107370495796,0.009328993037343025,0.010234924964606762,0.0,0.0,0.0757550448179245,0.056202612817287445,0.2691839337348938,0.07780871540307999,0.0,0.03574236109852791,0.0,0.08335167169570923,0.021126212552189827,0.0,0.06268658488988876,0.0,0.007107339333742857,0.0,0.29787173867225647,0.0,0.027969038113951683,0.0,0.031887397170066833,0.0,0.15716135501861572,0.032787639647722244,0.0028404805343598127,0.04282999038696289,0.1535758227109909,0.0,0.0,0.03209878131747246,0.0052841342985630035,0.0,0.0,0.01356243621557951,0.0,0.17132370173931122,0.0,0.04769638180732727,0.0,0.0,0.0,0.05085763335227966,0.15812772512435913,0.10888223350048065,0.0,0.0,0.3315962553024292,0.029835056513547897,0.0,0.03244197368621826,0.037380628287792206,0.314084529876709,0.23315203189849854,0.01127532683312893,0.0,0.13442353904247284,0.12560470402240753,0.0,0.18775396049022675,0.0,0.0,0.0029395318124443293,0.006274789106100798,0.015685349702835083,0.030371537432074547,0.25749948620796204,0.1409214735031128,0.02762984298169613,0.15047869086265564,0.0,0.021012669429183006,0.00032067569554783404,0.0,0.22331182658672333,0.0009397715330123901,0.0,0.20021231472492218,0.33857202529907227,0.0,0.0858248695731163,0.0,0.0,0.0,0.136429563164711,0.0028156705666333437,0.2817785441875458,0.11333531141281128,0.026592008769512177,0.21257689595222473,0.0,0.04629065841436386,0.13894441723823547,0.0,0.03996657952666283,0.09383060783147812,0.0,0.0,0.0,0.0,0.0,0.08951332420110703,0.0598008818924427,0.3814164996147156,0.051579877734184265,0.269925594329834,0.0,0.06194847449660301,0.4124361574649811,0.0,0.031630609184503555,0.2662738561630249,0.0,0.0719030499458313,0.0,0.0002740018826443702,0.019981587305665016,0.0,0.057966023683547974,0.0,0.3916202187538147,0.0,0.01986951008439064,0.0,0.34570854902267456,0.08772935718297958,0.07740967720746994,0.1548805832862854,0.04965906962752342,0.0,0.03874381631612778,0.09073533117771149,0.04935232177376747,0.0,0.0,0.3514971137046814,0.0,0.019741440191864967,0.05801594257354736,0.0,0.0,0.0,0.0,0.2989087700843811,0.0,0.0,0.010606723837554455,0.16359204053878784,0.0,0.07818112522363663,0.06165275350213051,0.00839863158762455,0.15542232990264893,0.0,0.0,0.19000829756259918,0.21569298207759857,0.10871965438127518,0.11954641342163086,0.0,0.19036974012851715,0.0018626308301463723,0.014529015868902206,0.08962477743625641,0.0,0.0,0.3292722702026367,0.6195824146270752,0.22882860898971558,0.07417351007461548,0.0,0.0,0.0,0.004225010517984629,0.012830684892833233,0.010045546106994152,0.05343419313430786,0.4802052974700928,2.3543834686279297e-05,0.06928496807813644,0.23774221539497375,0.16877882182598114,0.029411837458610535,0.0,0.006448511499911547,0.0,0.22850167751312256,0.0,0.557099461555481,0.046184953302145004,0.00124164333101362,0.025760721415281296,0.0,0.07715131342411041,0.05232983082532883,0.0,0.0,0.0,0.310663104057312,0.15392254292964935,0.0,0.01219667587429285,0.18673762679100037,0.032605379819869995,0.0,0.337782621383667,0.0,0.01334286667406559,0.008154273964464664,0.0032038409262895584,0.021348144859075546,0.0,0.0,0.15904100239276886,0.0,0.46441662311553955,0.02930719032883644,0.003027751110494137,0.0,0.4817729890346527,0.0,0.013680960983037949,0.0,0.21863679587841034,0.0,0.3533931374549866,0.0022717833053320646,0.06205572187900543,0.11029936373233795,0.11406728625297546,0.0,0.24545162916183472,0.0,0.18827638030052185,0.12693683803081512,0.11970527470111847,0.3095019459724426,0.0,0.21057769656181335,0.0024565402418375015,0.0,0.06287043541669846,0.03188205137848854,0.0,0.247951477766037,0.0,0.0,0.12278907001018524,0.006440106313675642,0.5465894937515259,0.020954106003046036,0.0,0.0,0.3211436867713928,0.020438045263290405,0.0,0.0,0.0,0.0,0.21987640857696533,0.011007602326571941,0.013535289093852043,0.0,0.0,0.14861829578876495,0.2389986515045166,0.0,0.18078170716762543,0.059144966304302216,0.09459415078163147,0.0,0.22166655957698822,0.07209870964288712,0.0010217460803687572,0.0,0.26106858253479004,0.10125657916069031,0.033884476870298386,0.0,0.05174585431814194,0.4755078852176666,0.16851824522018433,0.01760760322213173,0.05401819571852684,0.047684796154499054,0.084811732172966,0.02635398879647255,0.0,0.2716040015220642,0.0,0.0,0.04767611622810364,0.0,0.02444402500987053,0.0,0.3277808427810669,0.2992042601108551,0.002136480063199997,0.0344037190079689,0.043878939002752304,0.0,0.0,0.06868065893650055,0.05602439492940903,0.03498957306146622,0.0974908322095871,0.0,0.0,0.011711889877915382,0.03701594099402428,0.011926300823688507,0.0,0.07171474397182465,0.019456567242741585,0.0,0.0027722585946321487,0.015057944692671299,0.3793424963951111,0.0,0.0,0.0,0.0,0.0,0.03432650864124298,0.0,0.029309134930372238,1.6522593796253204e-05,0.0,0.0,0.0,0.16029669344425201,0.016595372930169106,0.0,0.005128323100507259,0.0029658153653144836,0.0,0.046634696424007416,0.0,0.0,0.039433613419532776,0.24594806134700775,0.0,0.01906036213040352,0.005710459314286709,0.03054220788180828,0.0,0.0,0.014565307646989822,0.091872438788414,0.0,0.0069878678768873215,0.0,0.020789818838238716,0.0,0.0456404946744442,0.0,0.1563643366098404,0.07951807975769043,0.012288779951632023,0.018985800445079803,0.01504499837756157,0.0,0.0,0.0,0.027386462315917015,0.0,0.0,0.15413713455200195,0.0,0.0,0.11530216038227081,0.03289139270782471,0.0,0.0,0.15222322940826416,0.0,0.005469050258398056,0.015165169723331928,0.13095541298389435,0.0,0.0,0.0,0.0,0.06668292731046677,0.16969649493694305,0.0,0.0885346531867981,0.06863614916801453,0.07514263689517975,0.14102643728256226,0.19817766547203064,0.0,0.051476139575242996,0.0,0.017494631931185722,0.004756416194140911,0.0,0.0,0.002987462095916271,0.0,0.0,0.0,0.08167773485183716,0.19234919548034668,0.0,0.09764408320188522,0.1373240202665329,0.09468267858028412,0.27345219254493713,0.0,0.0,0.28750672936439514,0.0,0.0029862523078918457,0.0,0.0,0.038355886936187744,0.0,0.020915476605296135,0.0,0.04871159791946411,0.14840592443943024,0.0,0.0,0.20769047737121582,0.11387951672077179,0.3251568675041199,0.08889150619506836,0.0,0.0005190700758248568,0.03109733574092388,0.0,0.0,0.016940981149673462,0.0,0.28948327898979187,0.018049929291009903,0.0046009765937924385,0.046175915747880936,0.0,0.0,0.0,0.0,0.2889400124549866,0.0,0.0,0.0,0.03175976127386093,0.0,0.018369141966104507,0.00909520499408245,0.0,0.07756859809160233,0.0,0.0009705177508294582,0.045897819101810455,0.0,0.4560942053794861,0.043459415435791016,0.026999972760677338,0.13595324754714966,0.0,0.0,0.08842077106237411,0.13452334702014923,0.0,0.35038304328918457,0.2066914588212967,0.26008033752441406,0.0,0.0,0.013458575122058392,0.002414525020867586,0.0322391502559185,0.020351234823465347,0.08766894787549973,0.003427803749218583,0.17532342672348022,0.0,0.0,0.44411665201187134,0.3336230516433716,0.02015344426035881,0.0,0.0,0.012637097388505936,0.34250372648239136,0.0,0.3864288628101349,0.1599828600883484,0.06144672632217407,0.0,0.07400114089250565,0.09131340682506561,0.024869458749890327,0.0,0.0,0.0,0.4545959532260895,0.11243987083435059,0.0,0.01911521889269352,0.055187080055475235,0.04295651987195015,0.0,0.3507050573825836,0.0,0.05873919278383255,0.061355724930763245,0.0,0.0,0.0,0.0,0.1031581461429596,0.0016611258033663034,0.34137383103370667,0.02451399154961109,0.0003420735301915556,0.0,0.5697199702262878,0.005007816944271326,0.03194080665707588,0.08298705518245697,0.3417901396751404,0.0,0.3035620152950287,0.03400958329439163,0.107895627617836,0.0009949571685865521,0.13672764599323273,0.009277265518903732,0.18745295703411102,0.03323648124933243,0.24909663200378418,0.08699379116296768,0.14104638993740082,0.2821669578552246,0.08965253084897995,0.30500736832618713,0.026148369535803795,0.0,0.04844942316412926,0.12269607931375504,0.0,0.2819230854511261,0.0017269336385652423,0.0247848741710186,0.023074399679899216,0.12564237415790558,0.751383364200592,0.1419566422700882,0.087897390127182,0.0,0.21421130001544952,0.12781444191932678,0.0,0.0,0.005456327460706234,0.0,0.07158425450325012,0.17961625754833221,0.1361033022403717,0.02664807066321373,0.0,0.10515058785676956,0.20303961634635925,0.011863968335092068,0.17958898842334747,0.017698848620057106,0.06746955215930939,0.0,0.14561831951141357,0.01455631572753191,0.01788298413157463,0.0,0.2233618050813675,0.010265220887959003,0.0052956705912947655,0.044002845883369446,0.26710444688796997,0.3402150571346283,0.2750033438205719,0.021229546517133713,0.0,0.03162991255521774,0.0929773822426796,0.03807269409298897,0.04054450988769531,0.5239046812057495,0.0,0.00798417255282402,0.0709495097398758,0.0,0.2088741809129715,0.0,0.22334571182727814,0.3761129677295685,0.09209270775318146,0.04337400197982788,0.019447965547442436,0.01383950561285019,0.0,0.013680004514753819,0.05522916838526726,0.029199620708823204,0.2117530256509781,0.05739188194274902,0.0,0.02388259768486023,0.0012023565359413624,0.05831478163599968,0.01188711915165186,0.04093043878674507,0.0737103596329689,0.026841124519705772,0.010123823769390583,0.0029916325584053993,0.2727172076702118,0.0015367910964414477,0.015871906653046608,0.0,0.0,0.0,0.09369872510433197,0.006878555752336979,0.00016288536426145583,0.030583342537283897,0.10587015748023987,0.0,0.0,0.06983452290296555,0.0537133552134037,0.0,0.0,0.0031645968556404114,0.0,0.10257203131914139,0.0,0.04100161790847778,0.0010962879750877619,0.013005612418055534,0.0,0.05631593242287636,0.06815536320209503,0.06864827126264572,0.0,0.0,0.18926189839839935,0.0751085877418518,0.0,0.013979358598589897,0.0321875624358654,0.15416719019412994,0.12778080999851227,0.009927292354404926,0.0,0.1810590922832489,0.12435366213321686,0.0012727318098768592,0.10633227229118347,0.0,0.0,0.009985540993511677,0.0050266641192138195,0.014111978933215141,0.018936356529593468,0.13271737098693848,0.12015720456838608,0.0003407547774259001,0.09227897226810455,0.03509240970015526,0.015898337587714195,0.0,0.0,0.18294838070869446,0.0055389320477843285,0.0,0.20280970633029938,0.2802421748638153,0.0,0.04046199098229408,0.0,0.0,0.006385215558111668,0.13176846504211426,0.004285587929189205,0.20785313844680786,0.07159456610679626,0.02692507766187191,0.1396963894367218,0.0035516778007149696,0.009173831902444363,0.07516156882047653,0.0,0.043797627091407776,0.03108266368508339,0.0,0.0010246520396322012,0.0,0.0,0.0,0.009334367699921131,0.12855802476406097,0.3038184940814972,0.022601628676056862,0.14814195036888123,0.05844532325863838,0.035673294216394424,0.3512335419654846,0.0,0.031027251854538918,0.2476741522550583,0.0,0.05425866320729256,0.0,0.0011592739028856158,0.014875737950205803,0.010749024339020252,0.07597090303897858,0.0,0.31392326951026917,0.004359127953648567,0.014398012310266495,0.027695871889591217,0.267821341753006,0.09827963262796402,0.2983393967151642,0.1402692198753357,5.074673390481621e-05,0.0009791278280317783,0.04956069961190224,0.04467767849564552,0.015168632380664349,0.0,0.0012804389698430896,0.26211830973625183,0.0,0.011226548813283443,0.008931984193623066,0.0,0.0,0.0,0.0,0.35382723808288574,0.0,0.0,0.0,0.11410439014434814,0.0,0.04310205206274986,0.05438043922185898,0.023772062733769417,0.1318063735961914,0.0,0.0,0.1036032885313034,0.11909857392311096,0.265249639749527,0.06618676334619522,0.0,0.12582306563854218,0.0,0.00874766893684864,0.07848214358091354,0.0952674001455307,0.0,0.4019741117954254,0.44462326169013977,0.2149091511964798,0.023904263973236084,0.0,0.004657824989408255,0.0,0.03163885325193405,0.01676466129720211,0.00989822018891573,0.087076336145401,0.36788272857666016,0.0,0.04090205207467079,0.3154297471046448,0.2997811734676361,0.0366450771689415,0.0,0.0,0.002471212763339281,0.2577712833881378,0.0,0.44063135981559753,0.11978774517774582,0.005284446757286787,0.017494387924671173,-0.5708356499671936
234,0.014847127720713615,0.05549310892820358,0.04484972357749939,0.0,0.0,0.0,0.29979604482650757,0.15675362944602966,0.0,0.027844134718179703,0.1864253431558609,0.011458323337137699,0.0,0.28872010111808777,0.11386097222566605,0.04713281989097595,0.011698311194777489,0.1347702145576477,0.08777546882629395,0.0,0.0,0.1279701292514801,0.0,0.5604342222213745,0.047743137925863266,0.0,0.0,0.401605486869812,0.003180675208568573,0.11415580660104752,0.01733187772333622,0.21697548031806946,0.0,0.29460692405700684,0.027202334254980087,0.03034842014312744,0.07063046842813492,0.20655617117881775,0.12734243273735046,0.32949090003967285,0.005795372650027275,0.016762766987085342,0.18472182750701904,0.0377250574529171,0.2996150255203247,0.0,0.17776715755462646,0.04058545455336571,0.0,0.09721146523952484,0.0,0.0,0.30733293294906616,0.0010963998502120376,0.0,0.1928301751613617,0.04144620895385742,0.4790341258049011,0.03129182755947113,0.012386132963001728,0.0,0.18035051226615906,0.02449902892112732,0.0,0.0,0.0,0.0,0.3051126003265381,0.03770091384649277,0.059443581849336624,0.0,0.0,0.10706070810556412,0.1993013620376587,0.0,0.05002829432487488,0.10787375271320343,0.0786156877875328,0.0,0.07800614833831787,0.06961459666490555,0.043557967990636826,0.0,0.19359439611434937,0.35321614146232605,0.01978311315178871,0.001097528263926506,0.09364944696426392,0.5535780787467957,0.2878287136554718,0.03069443628191948,0.2177271544933319,0.03920089080929756,0.12630562484264374,0.004714308772236109,0.0030801412649452686,0.2428455352783203,0.0,0.0,0.015097513794898987,0.0697178840637207,0.17675864696502686,0.0,0.5372355580329895,0.19698292016983032,0.038985878229141235,0.008396434597671032,0.17671236395835876,0.0,0.0,0.11640559881925583,0.049882158637046814,0.028917985036969185,0.13745713233947754,0.0031287800520658493,0.0,0.028257951140403748,0.13464292883872986,0.012610726058483124,0.0,0.12242289632558823,0.012358486652374268,0.008635107427835464,0.003975376486778259,0.08222167193889618,0.4046458899974823,0.0,0.0,0.1363540142774582,0.0,0.0,0.11620558053255081,0.0,0.0,0.0,0.0009637321345508099,0.0,0.0,0.06425007432699203,0.0,0.0,0.025239840149879456,0.0,0.0,0.12327076494693756,0.05948583409190178,0.0,0.045010555535554886,0.1847454309463501,0.006569211371243,0.0,0.14800426363945007,0.028600649908185005,0.0,0.0,0.11197352409362793,0.01922685094177723,0.014821972697973251,0.0011029401794075966,0.0,0.22310175001621246,0.004534360021352768,0.03733030706644058,0.0,0.017161810770630836,0.07350648939609528,0.0009543001651763916,0.006583415903151035,0.02591811865568161,0.0,0.0,0.0,0.025690920650959015,0.0,0.023772891610860825,0.3049702048301697,0.0,0.004510003142058849,0.18780486285686493,0.03854566439986229,0.017509644851088524,0.0,0.17840202152729034,0.0,0.01562155969440937,0.014517026953399181,0.09511887282133102,0.0,0.0,0.0,0.0,0.1885886937379837,0.09733659774065018,0.0,0.08713335543870926,0.2543538212776184,0.06350947171449661,0.2707640528678894,0.2977134883403778,0.0,0.14907142519950867,0.0,0.0053191473707556725,0.011475820094347,0.0,0.0,0.008283615112304688,0.08155960589647293,0.12981021404266357,0.005323493387550116,0.03002859838306904,0.17080263793468475,0.0,0.05869360640645027,0.1731719672679901,0.07469864189624786,0.18358749151229858,0.0,0.0,0.28170737624168396,0.0,0.0,0.02375858649611473,0.0,0.0670635923743248,0.0,0.12784649431705475,0.12223110347986221,0.09166157245635986,0.32749953866004944,0.004227631259709597,0.0,0.32373756170272827,0.05742151290178299,0.15967079997062683,0.026286598294973373,0.0,0.0,0.014190485700964928,0.031125172972679138,0.0,0.012449480593204498,0.005756955593824387,0.323525995016098,0.0830875113606453,0.0709274560213089,0.08567024022340775,0.0,0.0,0.0,0.0,0.35637223720550537,0.0,0.0,3.8098543882369995e-05,0.012392891570925713,0.0,0.020606040954589844,0.03145328909158707,0.0,0.03960312157869339,0.032240670174360275,0.0024644332006573677,0.07274112850427628,0.013227860443294048,0.5982808470726013,0.035539887845516205,0.05246398597955704,0.11210731416940689,0.0,0.0,0.05919291079044342,0.0596957802772522,0.0,0.2487698644399643,0.0906534418463707,0.1895616352558136,0.0,0.03584323823451996,0.0,0.1338142305612564,0.0,0.002734212204813957,0.16871844232082367,0.010483735240995884,0.20648902654647827,0.0,0.005460018292069435,0.4373261332511902,0.13452719151973724,0.01343661267310381,0.0,0.0,0.08738178759813309,0.3739527463912964,0.0,0.35599350929260254,0.23308739066123962,0.12413041293621063,0.005940059199929237,0.04734303802251816,0.14053699374198914,0.06686712056398392,0.0,0.0,0.0,0.3773150146007538,0.08703867346048355,0.0,0.006837430410087109,0.12610624730587006,0.031102430075407028,0.0,0.2633059620857239,0.0,0.06909137964248657,0.005536296404898167,0.0,0.0,0.0,0.0,0.10371536761522293,0.0,0.46107080578804016,0.031925708055496216,0.0011268176604062319,0.0,0.5499475002288818,0.013974805362522602,0.027569115161895752,0.10523058474063873,0.2735280990600586,0.0,0.33667123317718506,0.03935416787862778,0.059441253542900085,0.005434919614344835,0.1749073714017868,0.016674524173140526,0.10154732316732407,0.03450597822666168,0.19220513105392456,0.07092946767807007,0.07805970311164856,0.23226645588874817,0.07256198674440384,0.14784397184848785,0.034064773470163345,0.0,0.10134097188711166,0.17467312514781952,0.0,0.2193375527858734,0.0,0.04567866027355194,0.027055129408836365,0.13351887464523315,0.614870011806488,0.12463681399822235,0.02601551078259945,0.0,0.1567479968070984,0.02616233564913273,0.0,0.0,0.0,0.0,0.05491650104522705,0.07411175966262817,0.025056222453713417,0.04942810535430908,0.0,0.12076102942228317,0.17873133718967438,0.0,0.1485358029603958,0.03659505397081375,0.08324280381202698,0.0,0.09064493328332901,0.04290638864040375,0.005890166386961937,0.0,0.21242789924144745,0.08482726663351059,0.004585076589137316,0.05599775165319443,0.166094109416008,0.4238869547843933,0.25266438722610474,0.039460159838199615,0.0018749128794297576,0.024998925626277924,0.12893016636371613,0.01513449102640152,0.058928996324539185,0.3741070330142975,0.0,0.0,0.047090135514736176,0.012967020273208618,0.10995950549840927,0.0,0.4359759986400604,0.3692011833190918,0.09271249175071716,0.05941716954112053,0.030388638377189636,0.007422605995088816,0.0,0.014757000841200352,0.06506732106208801,0.052835218608379364,0.22867143154144287,0.08892602473497391,0.0,0.007772636134177446,0.04092711582779884,0.07832656055688858,0.01300513930618763,0.027106698602437973,0.11654351651668549,0.043657414615154266,0.00985889881849289,0.003384679090231657,0.30834975838661194,0.0,0.006481914781033993,0.0009326515137217939,0.0,0.0,0.08152469247579575,0.010069857351481915,0.0030089018400758505,0.027274219319224358,0.07850787788629532,0.0,0.0,0.03409323841333389,0.0243197251111269,0.0,0.009267086163163185,0.01032024435698986,0.0,0.17370107769966125,0.0,0.018053757026791573,0.010276982560753822,0.05135377123951912,0.0,0.0664733424782753,0.08494577556848526,0.06763575971126556,0.0,0.0,0.27821001410484314,0.08850797265768051,0.0,0.00982236210256815,0.0378476083278656,0.21284827589988708,0.1276027262210846,0.014001627452671528,0.0,0.10902626067399979,0.06424994021654129,0.005476607941091061,0.11409936845302582,0.0,0.0,0.010881194844841957,0.001247977721504867,0.009159876964986324,0.04399195313453674,0.09230341017246246,0.18930228054523468,0.0,0.08494298905134201,0.022023219615221024,0.012055936269462109,0.0,0.006054259371012449,0.2933667302131653,0.0,0.0,0.14909997582435608,0.1322445422410965,0.0,0.05354779213666916,0.0,0.0,0.021363316103816032,0.06539938598871231,0.0011537624523043633,0.11682767421007156,0.1502152681350708,0.023070061579346657,0.24135780334472656,0.040453072637319565,0.0019733039662241936,0.1382036656141281,0.0,0.03128939867019653,0.029915055260062218,0.0,0.0,0.0,0.06910321116447449,0.0022983234375715256,0.018085794523358345,0.04054157808423042,0.2273787260055542,0.016954731196165085,0.14691027998924255,0.04890106990933418,0.0574750155210495,0.334446519613266,0.0,0.05369727313518524,0.32711300253868103,0.0,0.03989841789007187,0.006080301944166422,0.006294466555118561,0.012736164964735508,0.009901043027639389,0.13115203380584717,0.0022059022448956966,0.2139045149087906,0.008740459568798542,0.0012805002043023705,0.02142937481403351,0.3798803985118866,0.11443927139043808,0.19401824474334717,0.1474367082118988,0.0,0.0,0.042946577072143555,0.061169907450675964,0.019950248301029205,0.0,0.0,0.3815520703792572,0.0,0.03233662247657776,0.02590358629822731,0.0,0.0,0.0,0.0,0.21210387349128723,0.0,0.0,0.0002487360907252878,0.1518525779247284,0.0,0.07238707691431046,0.02334645204246044,0.04039961099624634,0.19570136070251465,0.0,0.0,0.11363842338323593,0.13719385862350464,0.2347230315208435,0.07245313376188278,0.0017183389281854033,0.08726336061954498,0.005661658011376858,0.02445615455508232,0.06490497291088104,0.06064123660326004,0.0,0.5199272632598877,0.30023446679115295,0.2032063752412796,0.009930961765348911,0.0,0.006418130826205015,0.0,0.017301933839917183,0.026750802993774414,0.07729224115610123,0.023375609889626503,0.3493107855319977,0.0,0.04896840453147888,0.3014233410358429,0.22445352375507355,0.034241922199726105,0.0,0.0,0.0,0.327629953622818,0.0,0.443866103887558,0.08081825822591782,0.0539696030318737,0.018516847863793373,0.06628787517547607,0.08272325247526169,0.01970341056585312,0.0,0.0,0.0,0.42694488167762756,0.12101099640130997,0.0,0.031416554003953934,0.07870613038539886,0.05316900089383125,0.0,0.35565653443336487,0.0013552100863307714,0.036874089390039444,0.047889694571495056,0.0007825535140000284,0.0019167688442394137,0.0,0.0,0.10133972764015198,0.0035917528439313173,0.35288965702056885,0.0338655449450016,0.0002932565112132579,0.0,0.5628407597541809,0.0016866236692294478,0.026207467541098595,0.08333130180835724,0.345243364572525,0.0,0.2981185019016266,0.02986232377588749,0.08184146881103516,0.0017504444113001227,0.13695964217185974,0.03540876880288124,0.22391605377197266,0.0585179328918457,0.20583809912204742,0.08915278315544128,0.10065130144357681,0.2875220477581024,0.04570503905415535,0.3062969446182251,0.021390872076153755,0.0,0.03427251800894737,0.08468462526798248,0.0,0.34797006845474243,0.0,0.00640348345041275,0.03971949592232704,0.10704861581325531,0.7709670066833496,0.13135260343551636,0.08688989281654358,0.0,0.2043042778968811,0.1535729318857193,0.00029997402452863753,0.0,0.0004397550073917955,0.0,0.11846406012773514,0.18784292042255402,0.15903718769550323,0.01484452374279499,0.0,0.11125121265649796,0.25624993443489075,0.0014380976790562272,0.1480177342891693,0.0196071807295084,0.04567908123135567,0.0,0.10879217833280563,0.023056741803884506,0.00548409903421998,0.0,0.23466701805591583,0.04125301539897919,0.008817617781460285,0.030216509476304054,0.2931104898452759,0.4019779860973358,0.2786460518836975,0.027665933594107628,0.0023609441705048084,0.032780710607767105,0.08374588936567307,0.031728293746709824,0.05550260841846466,0.5054171085357666,0.0,0.0017958804965019226,0.08441534638404846,0.016454869881272316,0.24444866180419922,0.0,0.23802416026592255,0.3358301818370819,0.0749502182006836,0.03531421720981598,0.02867937833070755,0.01838359609246254,0.0,0.047320060431957245,0.03677896410226822,0.02275695838034153,0.22015990316867828,0.06151248514652252,0.0,0.04883713275194168,0.01706516742706299,0.05482647195458412,0.00020796433091163635,0.07952235639095306,0.06816253066062927,0.024534884840250015,0.004141020122915506,0.02631174586713314,0.260367751121521,0.0,0.002471510786563158,0.0039726668037474155,0.0,0.0,0.11372820287942886,0.0019364106701686978,0.0,0.010883495211601257,0.09467314183712006,0.0,0.0,0.048578571528196335,0.0377693772315979,0.0,0.00388380722142756,0.0,0.0,0.08388791233301163,0.0,0.019080108031630516,0.002146815648302436,0.022235533222556114,0.0008102498250082135,0.031161010265350342,0.07135234773159027,0.05844493210315704,0.0,0.0,0.1764894425868988,0.06760581582784653,0.0,0.0078087798319756985,0.03050334006547928,0.15267892181873322,0.08938638865947723,0.0148733826354146,0.0,0.15022437274456024,0.14687387645244598,0.0013563864631578326,0.052204981446266174,0.0,0.0,0.0006883806781843305,0.004494488704949617,0.011977911926805973,0.02109682559967041,0.16963040828704834,0.11973913758993149,0.0007926513208076358,0.03942316398024559,0.05731772631406784,0.013009403832256794,0.0,0.0,0.1589263528585434,0.0,0.0,0.19681058824062347,0.27065637707710266,0.0,0.02525321952998638,0.0,0.0,0.041618186980485916,0.12725718319416046,0.0017860238440334797,0.20188434422016144,0.07081335037946701,0.02721308544278145,0.12467262893915176,0.02079307660460472,0.0,0.0725204348564148,0.0,0.02968781627714634,0.04009034112095833,0.0,0.0,0.0,0.04160217568278313,0.0014805665705353022,0.014459118247032166,0.1487882137298584,0.33186569809913635,0.008700387552380562,0.10225578397512436,0.08024105429649353,0.026264246553182602,0.32503411173820496,0.0,0.022523194551467896,0.24880272150039673,0.0,0.04236084595322609,0.0,0.0,0.021420346572995186,0.004051357973366976,0.09250044822692871,0.0,0.32030755281448364,0.02324553206562996,0.007022990379482508,0.02309979684650898,0.26456382870674133,0.08638366311788559,0.2849228084087372,0.0941355973482132,0.0,0.0,0.03520474582910538,0.03832337632775307,0.009382333606481552,0.0,0.0,0.22143840789794922,0.0,0.033555809408426285,0.011686758138239384,0.0,0.0,0.0,0.0,0.37978047132492065,0.0,0.0,0.0,0.07854267209768295,0.0,0.04003998264670372,0.03782268241047859,0.027576709166169167,0.10282090306282043,0.0,0.0,0.06815167516469955,0.07301817834377289,0.3919391334056854,0.026568042114377022,0.0,0.06698066741228104,0.0,0.005892992485314608,0.05472436547279358,0.10169651359319687,0.0,0.34832626581192017,0.3585592210292816,0.17606845498085022,0.007877868600189686,0.0,0.003064305055886507,0.0031371430959552526,0.019326241686940193,0.006244642194360495,0.04023132100701332,0.07549918442964554,0.3529524803161621,0.0,0.0341680534183979,0.31105101108551025,0.26960960030555725,0.024886470288038254,0.0,0.0,0.019278524443507195,0.25264671444892883,0.0,0.40519970655441284,0.17105181515216827,0.015114602632820606,0.0018771222094073892,0.4284997880458832
235,0.0,0.03161059692502022,0.00622536102309823,0.0,0.0,0.0,0.35370221734046936,0.15201398730278015,0.0,0.04674272984266281,0.13705843687057495,0.05526185780763626,0.0,0.28101012110710144,0.11450622230768204,0.046580005437135696,0.031126148998737335,0.07864316552877426,0.02029356174170971,0.0,0.0,0.16359646618366241,0.0,0.47103723883628845,0.04791581630706787,0.0,0.0,0.43054038286209106,0.0,0.10521570593118668,0.0,0.2353605479001999,0.0,0.3083347678184509,0.009710920043289661,0.024553634226322174,0.05855833366513252,0.1599736511707306,0.1311933994293213,0.3689975142478943,0.0,0.027227312326431274,0.14509263634681702,0.05705585703253746,0.2758854925632477,0.0,0.22041413187980652,0.02051747776567936,0.0,0.046926721930503845,0.0,0.0,0.3113836348056793,0.0,0.0,0.15561655163764954,0.018771685659885406,0.6060494780540466,0.03776859492063522,0.0328306183218956,0.0,0.22764237225055695,0.06877189129590988,0.02965904027223587,0.0,0.0,0.0,0.2925293743610382,0.1021830216050148,0.07393296808004379,0.0,0.0,0.12525838613510132,0.3077864646911621,0.0,0.05004667490720749,0.04186837747693062,0.10920896381139755,0.0,0.14550884068012238,0.04674912989139557,0.0283183753490448,0.0,0.18740803003311157,0.27592733502388,0.017506083473563194,0.0,0.15246470272541046,0.5604473948478699,0.3819352984428406,0.028102494776248932,0.07852300256490707,0.03742114081978798,0.08397766947746277,0.00425479793921113,0.00887646246701479,0.3804180324077606,0.0,0.0,0.07738213986158371,0.006151220761239529,0.3194887936115265,0.0,0.39682257175445557,0.31385305523872375,0.015248752199113369,0.018224839121103287,0.10716562718153,0.0,0.0,0.13176913559436798,0.04529505595564842,0.02702391892671585,0.17666073143482208,0.002117709955200553,0.0,0.037974726408720016,0.05608776584267616,0.014166106469929218,0.0,0.14431487023830414,0.00791903492063284,0.0,0.0017754469299688935,0.11185307055711746,0.47884199023246765,0.0,0.0,0.0759754478931427,0.0,0.0,0.1730702817440033,0.0,0.0034784965682774782,0.0,0.0010813426924869418,0.0,0.0,0.05321827158331871,0.0,0.0,0.018352609127759933,0.0071005248464643955,0.0,0.10716076195240021,0.04520498961210251,0.0,0.011481154710054398,0.1774127185344696,0.0,0.0,0.12000587582588196,0.04139327257871628,0.0,0.0,0.07133152335882187,0.01250413991510868,0.0,0.0,0.0,0.28750327229499817,0.0,0.021259751170873642,0.0,0.09077479690313339,0.10870549082756042,0.0,0.017358237877488136,0.014477846212685108,0.0,0.0,0.0,0.024079976603388786,0.0,0.025210708379745483,0.3548561930656433,0.0,0.01372133195400238,0.1511603742837906,0.04073219746351242,0.009104824624955654,0.0,0.16035890579223633,0.0,0.017102153971791267,0.02199629880487919,0.2282022386789322,0.0,0.0,0.0,0.0003752158081624657,0.2343170940876007,0.1549796164035797,0.0,0.21491190791130066,0.2015073448419571,0.0433051735162735,0.22208860516548157,0.23069660365581512,0.0,0.10483404994010925,0.0,0.0,0.031140485778450966,0.0,0.0,0.001711166580207646,0.039862144738435745,0.05425170436501503,0.0011690817773342133,0.08858606964349747,0.2396193891763687,0.0,0.050390034914016724,0.14669643342494965,0.0833149328827858,0.23896969854831696,0.0,0.0,0.35907527804374695,0.0,0.0027861371636390686,0.0,0.0,0.052036382257938385,0.0,0.09230406582355499,0.04710059612989426,0.1340467631816864,0.3164439797401428,0.004678328055888414,0.0,0.3369561433792114,0.037305720150470734,0.2084953486919403,0.042411379516124725,0.0,0.0,0.015036193653941154,0.03847891837358475,0.00014680458116345108,0.013869578950107098,0.0021417737007141113,0.3123501241207123,0.04028411582112312,0.04794623702764511,0.06598750501871109,0.0,0.0,0.0,0.0,0.37562474608421326,0.0,0.0,0.0,0.014637519605457783,0.0,0.03301529213786125,0.029317932203412056,0.0,0.04525386542081833,0.006901920773088932,0.0,0.059391047805547714,0.0,0.6391079425811768,0.04560234025120735,0.0341622456908226,0.11533604562282562,0.0,0.0,0.06244610622525215,0.07921250909566879,0.0,0.0917990431189537,0.21868722140789032,0.21441993117332458,0.0,0.011599224992096424,0.0,0.07770887762308121,0.0,0.0,0.10066727548837662,0.0,0.2914300858974457,0.0,0.0,0.46560001373291016,0.2092493325471878,0.008825263939797878,0.0,0.0,0.07932811975479126,0.3108879625797272,0.0,0.4341419041156769,0.23120613396167755,0.071748286485672,0.0,0.0,0.03808306157588959,0.028109757229685783,0.0,0.0,0.0,0.18709449470043182,0.19852685928344727,0.0,0.03458299860358238,0.31601086258888245,0.14217905700206757,0.0,0.2839653193950653,0.3661317527294159,0.05273488909006119,0.0,0.30492955446243286,0.05248473212122917,0.0,0.0,0.29066941142082214,0.0,0.7075783610343933,0.04714532941579819,0.0,0.0,0.47788968682289124,0.0089546674862504,0.048175133764743805,0.0013332441449165344,0.1488374024629593,0.0029499472584575415,0.30678167939186096,0.0,0.0020774591248482466,0.026931194588541985,0.11522897332906723,0.24516136944293976,0.3978058397769928,0.011115162633359432,0.004122751299291849,0.2386426031589508,0.0018956505227833986,0.3188716173171997,0.0,0.14019986987113953,0.03098183311522007,0.0,0.12120186537504196,0.004794736858457327,0.0,0.4768010675907135,0.0,0.0,0.412319153547287,0.0,0.5401057004928589,0.055036336183547974,0.0,0.0,0.24887175858020782,0.024745432659983635,0.2413603812456131,0.0,0.0,0.0,0.7328022122383118,0.023274371400475502,0.007992248050868511,0.0,0.0,0.0918307825922966,0.4934772551059723,0.0,0.1326923817396164,0.2058718204498291,0.16761234402656555,0.0,0.11536935716867447,0.07140150666236877,0.0,0.0,0.23506303131580353,0.7126396894454956,0.024243189021945,0.0,0.09860844165086746,0.6504210829734802,0.2348146289587021,0.045204270631074905,0.4765815734863281,0.02778920903801918,0.03283197805285454,0.0006661549559794366,0.017395976930856705,0.22883081436157227,0.0,0.0,0.18587596714496613,0.2077629566192627,0.28263217210769653,0.0,0.6962273716926575,0.25209274888038635,0.0005387944984249771,0.01229921169579029,0.16018836200237274,0.0,0.0,0.4402637481689453,0.023964568972587585,0.014835494570434093,0.2288602590560913,0.00021576658764388412,0.0,0.036857616156339645,0.36723047494888306,0.0,0.021908005699515343,0.4239423871040344,0.026091773062944412,0.0,0.016779186204075813,0.2553010582923889,0.4062531590461731,0.0,0.0,0.4157927930355072,0.0,0.0,0.197463721036911,0.0,0.01350319106131792,0.0,0.0,0.015595239587128162,0.0,0.044274721294641495,0.0,0.0,0.00962813850492239,0.0,0.0,0.138052836060524,0.04460078850388527,0.0,0.008022555150091648,0.11492651700973511,0.0,0.0,0.0775269940495491,0.02631484344601631,0.0,0.0,0.07465993613004684,0.015253523364663124,0.0,0.0,0.0,0.29373684525489807,0.0,0.036212075501680374,0.0,0.0032541656401008368,0.09605933725833893,0.0,0.0,0.21947155892848969,0.0,0.00018790514150168747,0.016469351947307587,0.011169638484716415,0.0,0.00933572556823492,0.503085732460022,0.0,0.005641463678330183,0.1646849364042282,0.026057545095682144,0.004324119072407484,0.007903127931058407,0.13361093401908875,0.004212221596390009,0.026786107569932938,0.005700035952031612,0.05461648106575012,0.0,0.0,0.0,0.0,0.5211782455444336,0.16167621314525604,0.0,0.14324438571929932,0.3109000027179718,0.024531327188014984,0.31857967376708984,0.5024561285972595,0.0,0.11003141850233078,0.0,0.0,0.009622626006603241,0.0,0.0,0.0,0.4406033456325531,0.2682037353515625,0.0,0.14556638896465302,0.13709472119808197,0.0,0.00746565917506814,0.40608343482017517,0.06045098230242729,0.07970347255468369,0.0,0.0,0.5058687925338745,0.0,0.01854676753282547,0.10396770387887955,0.0,0.04450566694140434,0.005125170107930899,0.08650711923837662,0.38639554381370544,0.021686043590307236,0.4958049952983856,0.007456738501787186,0.011334389448165894,0.36218294501304626,0.01229157205671072,0.2761365473270416,0.04671480879187584,0.0,0.0,0.0156775563955307,0.02119634486734867,0.0,0.005494222044944763,0.0026017487980425358,0.3150496780872345,0.2023431807756424,0.18662479519844055,0.04873111471533775,0.0,0.0,0.0,0.0,0.4547695219516754,0.0,0.0,0.002473641885444522,0.020164167508482933,0.0,0.03186710551381111,0.0,0.0035463664680719376,0.02423185668885708,0.17439596354961395,0.04868466407060623,0.03742406889796257,0.0,0.968599259853363,0.0128690330311656,0.1982201337814331,0.08625166118144989,0.0,0.0,0.06260501593351364,0.28119736909866333,0.0,0.1029016375541687,0.06600619852542877,0.1295957863330841,0.0,0.23936787247657776,0.0,0.25978273153305054,0.015528731048107147,0.00873527955263853,0.44633179903030396,0.001961872912943363,0.20786559581756592,0.0,0.0,0.5748993754386902,0.22975924611091614,0.022627711296081543,0.0,0.0,0.2753615975379944,0.47140389680862427,0.0,0.32213497161865234,0.36742502450942993,0.2468881607055664,0.0014882341492921114,0.007116609252989292,0.016467804089188576,0.012282424606382847,0.0,0.0,0.0,0.25156790018081665,0.2141895294189453,0.0,0.018098212778568268,0.24824830889701843,0.15067152678966522,0.0,0.3101731836795807,0.3383561968803406,0.029886266216635704,0.009280597791075706,0.20916803181171417,0.028099574148654938,0.0,0.0,0.23519761860370636,0.0,0.6006354689598083,0.04205794632434845,0.0,0.0,0.5129242539405823,0.0,0.036482200026512146,0.0044530532322824,0.2523263990879059,0.0,0.29459425806999207,0.0014307987876236439,0.0065089003182947636,0.01138391625136137,0.0886140987277031,0.2664974629878998,0.43002206087112427,0.03893047571182251,0.01739952154457569,0.18485823273658752,0.007287624757736921,0.33911529183387756,0.0,0.1427978277206421,0.00734451599419117,0.0,0.12267698347568512,0.009784823283553123,0.0,0.5128300786018372,0.0,0.0,0.36594951152801514,0.0,0.616607666015625,0.0436362624168396,0.033777859061956406,0.0,0.2876003384590149,0.08307696878910065,0.19210736453533173,0.0,0.0,0.0,0.6376065015792847,0.10705701261758804,0.08608298003673553,0.0,0.0,0.08935961872339249,0.4191910922527313,0.0,0.13780227303504944,0.17114682495594025,0.10969161987304688,0.0,0.10333124548196793,0.043815650045871735,0.0,0.0,0.22073589265346527,0.5454787611961365,0.02083408832550049,0.0,0.2178594022989273,0.6291882395744324,0.2668091356754303,0.029097624123096466,0.346781462430954,0.019643541425466537,0.03373214602470398,0.0017070748144760728,0.029496563598513603,0.34238365292549133,0.0,0.0,0.1884571760892868,0.14394091069698334,0.39880505204200745,0.0,0.4502011835575104,0.23414362967014313,0.0,0.0032759602181613445,0.10160457342863083,0.0038750204257667065,0.0,0.39484044909477234,0.023603016510605812,0.009416230022907257,0.2221100926399231,0.015115248039364815,0.0,0.04951625317335129,0.23721297085285187,0.0,0.005491963122040033,0.3919218182563782,0.02833431400358677,0.002950844820588827,0.0,0.29272711277008057,0.3757117986679077,0.0,0.0,0.27503183484077454,0.0,0.0,0.22054177522659302,0.0,0.0061270566657185555,0.0,0.018724113702774048,0.0027221457567065954,0.0,0.0541207455098629,0.0,0.0,0.002493223175406456,0.0,0.0,0.0738586038351059,0.012110838666558266,0.0,0.0,0.06006183102726936,0.0,0.0,0.060357168316841125,0.010763002559542656,0.0,0.0,0.05609794333577156,0.023186715319752693,0.0,0.0,0.0,0.2114524096250534,0.0,0.02667734958231449,0.0,0.04500603303313255,0.12294382601976395,0.0016264744335785508,0.0014872878091409802,0.14101886749267578,0.0,0.0,0.017458373680710793,0.00714711332693696,0.0,0.0647691935300827,0.4329053461551666,0.0,0.00028636472416110337,0.15593230724334717,0.015024542808532715,0.0025416158605366945,0.0054147071205079556,0.05722814053297043,0.0007276783580891788,0.0051250276155769825,0.03520146757364273,0.14365360140800476,0.0,0.0,0.0,0.0,0.43740570545196533,0.17602689564228058,0.0,0.1851157397031784,0.2333182543516159,0.027350209653377533,0.1800040751695633,0.4052044153213501,0.0,0.048120371997356415,0.0,0.0,0.01405361294746399,0.0,0.0,0.0,0.3970544636249542,0.21856874227523804,0.0,0.2000115066766739,0.1836174875497818,0.0,0.006157962139695883,0.3605649769306183,0.043623585253953934,0.12291661649942398,0.0,0.0,0.41093528270721436,0.0,0.026714444160461426,0.060818150639534,0.0,0.048668477684259415,0.0016078895423561335,0.08812526613473892,0.2575366199016571,0.11652873456478119,0.4483717978000641,0.01973809115588665,0.016331741586327553,0.30644962191581726,0.017611073330044746,0.34383851289749146,0.016173411160707474,0.0,0.0,0.008130435831844807,0.029782410711050034,0.0007138418150134385,0.0027513199020177126,1.8521315723774023e-05,0.22483958303928375,0.12212230265140533,0.1747979372739792,0.016950173303484917,0.0,0.0,0.0,0.0,0.5098479390144348,0.0,0.0,0.0,0.017627814784646034,0.0,0.014456699602305889,0.010954317636787891,0.0,0.015332869254052639,0.1035102978348732,0.0006233964813873172,0.03786705806851387,0.0,0.9324329495429993,0.00715724378824234,0.09472769498825073,0.05579768493771553,0.0,0.0,0.04563742130994797,0.26473888754844666,0.0,0.09842852503061295,0.08246906101703644,0.10788216441869736,0.0,0.17493809759616852,0.0,0.1954699605703354,0.0,0.0,0.28818026185035706,0.004020840860903263,0.21020296216011047,0.0,0.0,0.4992586672306061,0.22201022505760193,0.015777017921209335,0.0,0.0,0.2169588953256607,0.39010587334632874,0.0,0.2641974687576294,0.34918126463890076,0.15084345638751984,0.0,-1.1020792722702026
236,0.007284971419721842,0.06616643071174622,0.03459453210234642,0.0,0.0,0.0,0.5203761458396912,0.09009060263633728,0.0,0.00962531752884388,0.048428475856781006,0.010219402611255646,0.0,0.32079964876174927,0.0,0.08275346457958221,0.058243848383426666,0.0,0.0,0.0,0.0,0.06778167933225632,0.0,0.28714609146118164,0.014897527173161507,0.0,0.0,0.44128838181495667,0.005019736010581255,0.083610899746418,0.023818284273147583,0.25879716873168945,0.0,0.29221081733703613,0.026216911152005196,0.07249392569065094,0.0664793848991394,0.17290079593658447,0.00554239097982645,0.22107575833797455,0.013379820622503757,0.17158663272857666,0.09500882029533386,0.10542374104261398,0.26541563868522644,0.05869602784514427,0.32588818669319153,0.031822461634874344,0.0,0.0822635218501091,0.06855230033397675,0.0,0.1332336664199829,0.008244683966040611,0.008440001867711544,0.0,0.07424040138721466,0.641164243221283,0.08390617370605469,0.027647819370031357,0.0,0.19669176638126373,0.08933715522289276,0.0,0.0,0.003834631759673357,0.0,0.00799303874373436,0.08389165997505188,0.11386295408010483,0.0,0.0,0.20571747422218323,0.14843763411045074,0.030802275985479355,0.07130388915538788,0.01464092917740345,0.09287969768047333,0.0,0.21542257070541382,0.025577258318662643,0.053932301700115204,0.0,0.15785986185073853,0.008376071229577065,0.017709944397211075,0.0033766813576221466,0.17433424293994904,0.37746334075927734,0.35212063789367676,0.018912166357040405,0.0,0.06629261374473572,0.08731266856193542,0.0029928809963166714,0.0,0.4515286684036255,0.0,0.0011786477407440543,0.005147651769220829,0.0,0.20492903888225555,0.0,0.25638800859451294,0.38211774826049805,0.057763002812862396,0.03533407673239708,0.013974012807011604,0.0,0.0,0.00046463380567729473,0.07547210156917572,0.056808583438396454,0.16648465394973755,0.011207113973796368,0.0,0.02972336672246456,0.0,0.054474275559186935,0.01101335696876049,0.00030305952532216907,0.00711699016392231,0.0,0.0,0.0,0.39433783292770386,0.0,0.0,0.0,0.0,0.0,0.07760503888130188,0.0,0.03515741974115372,0.02894071862101555,0.0,0.0,0.0,0.16053864359855652,0.019664211198687553,0.0,0.0,0.03586391732096672,0.0,0.0697162076830864,0.011028176173567772,0.009246679954230785,0.012801982462406158,0.14294704794883728,0.0,0.02291359379887581,0.0908048152923584,0.06737667322158813,0.0,0.0,0.07793346047401428,0.005622444674372673,0.0,0.010190203785896301,0.013496574014425278,0.14891384541988373,0.019459739327430725,0.0301881842315197,0.0,0.18945473432540894,0.07989513874053955,0.0,0.08169112354516983,0.0,0.0,0.0,0.0,0.03065486252307892,0.0015255063772201538,0.04877045378088951,0.10915344953536987,0.0,0.06886748224496841,0.023544510826468468,0.054165925830602646,0.0,0.0,0.2174467146396637,0.0,0.004358756355941296,0.06161706894636154,0.2785037159919739,0.0,0.01767593063414097,0.0,0.0011180667206645012,0.00646715983748436,0.18730944395065308,0.0014951449120417237,0.17314031720161438,0.057550858706235886,0.05834529176354408,0.1820397675037384,0.014287828467786312,0.0010294457897543907,0.07067129015922546,0.0,0.020501945167779922,0.0327298641204834,0.0,0.0,0.0,0.0,0.0,0.011024587787687778,0.05684298649430275,0.3096078336238861,0.0,0.23069821298122406,0.0,0.1247008740901947,0.3950786888599396,0.0,0.0,0.2467125505208969,0.0,0.008677740581333637,0.0,0.0,0.016933338716626167,0.0,0.03626465052366257,0.0,0.19893142580986023,0.05073460191488266,0.0,0.0,0.25346389412879944,0.09901508688926697,0.17371121048927307,0.10274258255958557,0.0023458264768123627,0.0007917613256722689,0.0491296760737896,0.01869419775903225,0.0,0.02832416072487831,0.0,0.3619734048843384,0.0,0.0,0.04802706092596054,0.0,0.0,0.0,0.0,0.2646911144256592,0.0,0.0,0.0,0.07404012978076935,0.0,0.061763934791088104,0.03255520015954971,0.007676140870898962,0.12021790444850922,0.0,0.0,0.13953819870948792,0.02781841717660427,0.3219604194164276,0.11817116290330887,0.0,0.19368258118629456,0.0,0.0,0.10886400192975998,0.02703026495873928,0.002155284397304058,0.24040842056274414,0.4739735424518585,0.2936680018901825,0.0,0.0,0.0,0.0,0.0031553630251437426,0.04384185001254082,0.008863493800163269,0.021269766613841057,0.2788349986076355,0.0,0.01814892143011093,0.33995312452316284,0.2384578287601471,0.020679831504821777,0.0,0.0,0.0,0.23930871486663818,0.0,0.49033209681510925,0.059579551219940186,0.010286331176757812,0.002892271615564823,0.00384318083524704,0.04812800884246826,0.046753425151109695,0.0,0.0,0.0,0.31098473072052,0.15296612679958344,0.0,0.03529120236635208,0.19272693991661072,0.08758015185594559,0.0,0.3521738648414612,0.1861354410648346,0.05481383576989174,0.0,0.11081989854574203,0.016227809712290764,0.0,0.0,0.20118975639343262,0.0,0.49532032012939453,0.05056823045015335,0.0,0.0,0.4605505168437958,0.005698170978575945,0.06429833173751831,0.0,0.18953068554401398,0.0,0.2792215347290039,0.0,0.0130653390660882,0.03083810582756996,0.11177933216094971,0.13979925215244293,0.35317957401275635,0.034613631665706635,0.026707762852311134,0.228734090924263,0.0,0.27425676584243774,0.0,0.23367124795913696,0.012697771191596985,0.0,0.048928312957286835,0.004685387481004,0.0,0.427449494600296,0.0,0.0,0.22499524056911469,0.0,0.6574132442474365,0.09084834158420563,0.0,0.0,0.19224728643894196,0.11242963373661041,0.08400397002696991,0.0,0.0002697962918318808,0.0,0.4973609745502472,0.06919871270656586,0.04946339875459671,0.0,0.0,0.13785162568092346,0.43607112765312195,0.0,0.11445007473230362,0.15112553536891937,0.060467805713415146,0.0,0.11880654841661453,0.053167250007390976,0.0,0.0,0.2586575746536255,0.4105537533760071,0.016415944322943687,0.0,0.13288910686969757,0.5315629839897156,0.2426261603832245,0.051502030342817307,0.26953497529029846,0.02453785389661789,0.023339077830314636,0.00032406506943516433,0.019798947498202324,0.32539182901382446,0.0,0.0,0.08622521162033081,0.12101578712463379,0.23616446554660797,0.0,0.4964441657066345,0.28985321521759033,0.014860523864626884,0.015706438571214676,0.12371490895748138,0.002067963359877467,0.0,0.2826373875141144,0.02687174640595913,0.029557283967733383,0.23019950091838837,0.007865970022976398,0.0,0.04308425262570381,0.20134462416172028,0.0067697749473154545,0.019992390647530556,0.26191446185112,0.03358256444334984,0.0,0.02021399326622486,0.09945061057806015,0.3297150433063507,0.0,0.0,0.2408750355243683,0.0,0.0,0.13244982063770294,0.0,0.01727515645325184,0.0,0.013491383753716946,0.006871384102851152,0.0,0.07286418974399567,0.0,0.0,0.0,0.0,0.0,0.10114296525716782,0.02385273016989231,0.010604744777083397,0.00930802058428526,0.13050371408462524,0.0,0.0,0.04372568055987358,0.016561660915613174,0.0,0.0,0.12465201318264008,0.024668119847774506,0.0,0.0,0.0,0.2165791541337967,0.0,0.07274860888719559,0.0,0.028135456144809723,0.11704622209072113,0.0,0.0034311655908823013,0.08749214559793472,0.0,0.0,0.005260783713310957,0.018963605165481567,0.0,0.06719856709241867,0.2933763265609741,0.0,0.006900557316839695,0.11154872924089432,0.04634389653801918,0.003242484526708722,0.0023651462979614735,0.13373124599456787,0.011931980960071087,0.023870224133133888,0.04158582165837288,0.12024116516113281,0.0,0.0,0.0,0.0,0.32018208503723145,0.19813789427280426,0.0,0.1329539269208908,0.20191822946071625,0.042076226323843,0.2501085102558136,0.33722496032714844,0.0,0.11268603801727295,0.0,0.0,0.028175929561257362,0.0,0.0,0.0,0.24201838672161102,0.15604883432388306,0.0,0.13445629179477692,0.211211696267128,0.0,0.011524362489581108,0.2737817168235779,0.0942106693983078,0.2015293389558792,0.0,0.0,0.37553390860557556,0.0,0.027678919956088066,0.05354330688714981,0.0,0.03389265760779381,0.0,0.09070829302072525,0.16503912210464478,0.07695154845714569,0.2979885935783386,0.01568838581442833,0.0,0.27376511693000793,0.03940042108297348,0.23720380663871765,0.04378236085176468,0.0,0.0,0.026846040040254593,0.012398796156048775,0.0,0.009848483838140965,0.006595442537218332,0.27329888939857483,0.09957442432641983,0.07953342795372009,0.05795516073703766,0.0,0.0,0.0,0.0,0.4036804437637329,0.0,0.0,0.004687933251261711,0.025525882840156555,0.0,0.03621684014797211,0.0,0.0035980790853500366,0.028103819116950035,0.057292938232421875,0.010331105440855026,0.04456315189599991,0.0,0.7350042462348938,0.019825885072350502,0.13431446254253387,0.11724049597978592,0.0,0.0,0.08224125951528549,0.20535250008106232,0.0,0.13747483491897583,0.1552075445652008,0.16154001653194427,0.0,0.0675995945930481,0.0,0.14388279616832733,0.030910704284906387,0.009462413378059864,0.27471277117729187,0.0,0.22318479418754578,0.0,0.0012624774826690555,0.4520098865032196,0.26350483298301697,0.016005096957087517,0.0,0.0,0.21518774330615997,0.3911203145980835,0.0,0.38558876514434814,0.3252021372318268,0.14031407237052917,0.0,0.039713047444820404,0.03943328559398651,0.01184516679495573,0.0,0.0,0.0,0.41588443517684937,0.13238279521465302,0.0,0.022473584860563278,0.0776287317276001,0.08536099642515182,0.0,0.4166482985019684,0.0480797216296196,0.026157867163419724,0.04250415787100792,0.0020925472490489483,0.02349434234201908,0.0,0.0,0.11153830587863922,0.0,0.3090575933456421,0.037922922521829605,0.0,0.0,0.5167821645736694,0.004054450895637274,0.05548287183046341,0.01411407720297575,0.3075721859931946,0.0,0.26920175552368164,0.026227131485939026,0.03121837228536606,0.015021760016679764,0.07810802757740021,0.07786102592945099,0.32257017493247986,0.0783088430762291,0.13463471829891205,0.15446893870830536,0.026404112577438354,0.28077268600463867,0.009196259081363678,0.37736424803733826,0.010993307456374168,0.0,0.036072611808776855,0.02126803994178772,0.0,0.4315311312675476,0.0,0.0015587382949888706,0.07909680902957916,0.033946361392736435,0.8058049082756042,0.15109491348266602,0.06202918663620949,0.0,0.21452681720256805,0.23841215670108795,0.015872864052653313,0.0,0.0,0.0,0.2776125371456146,0.19412721693515778,0.2358407974243164,0.0,0.0,0.12729473412036896,0.3721899390220642,4.421605262905359e-05,0.11294659972190857,0.06395306438207626,0.025081636384129524,0.0,0.1694188416004181,0.04343681409955025,0.005202088505029678,0.0,0.232477605342865,0.09458113461732864,0.017675835639238358,0.0,0.3097841143608093,0.42426878213882446,0.2811667323112488,0.029283365234732628,0.024496806785464287,0.032297804951667786,0.04268697276711464,0.013106433674693108,0.015192961320281029,0.5374990701675415,0.0,0.0,0.07530221343040466,0.024589860811829567,0.36270207166671753,0.0,0.19758059084415436,0.3225431740283966,0.04234873875975609,0.013917967677116394,0.05194222182035446,0.003609183244407177,0.0,0.15737324953079224,0.04804195091128349,0.01796334609389305,0.2231454998254776,0.01096644252538681,0.0,0.08228796720504761,0.03344745934009552,0.009867261163890362,0.010333669371902943,0.13768266141414642,0.026431195437908173,0.00736707728356123,0.007316975854337215,0.04889547452330589,0.25133657455444336,0.0,0.0,0.029034394770860672,0.0,0.0,0.12322128564119339,0.0,0.02233600802719593,0.005687721539288759,0.07217530906200409,0.0,0.0,0.13406451046466827,0.030111417174339294,0.0,0.0,0.003806447610259056,0.0,0.028728704899549484,0.011423066258430481,0.013099361211061478,0.0,0.09936738014221191,0.0011496935039758682,0.0,0.019378576427698135,0.03337639570236206,0.0,0.0,0.08560936897993088,0.04327697306871414,0.0,0.002401860663667321,0.008169932290911674,0.08980370312929153,0.01698630303144455,0.039761368185281754,0.0,0.13515636324882507,0.14921784400939941,0.0,0.01013903133571148,0.0,0.0,0.0,0.005532370414584875,0.020042501389980316,0.0,0.23317864537239075,0.11471843719482422,0.0,0.004780260380357504,0.07019466161727905,0.019726790487766266,0.006223093252629042,0.0015858651604503393,0.09042150527238846,0.0053851427510380745,0.007343172561377287,0.15132556855678558,0.3117740750312805,0.0,0.0,0.0,0.0,0.12432459741830826,0.23428377509117126,0.0,0.23348025977611542,0.054434604942798615,0.05932300165295601,0.11988680809736252,0.10033425688743591,0.0,0.047466669231653214,0.0,0.010329533368349075,0.05586424097418785,0.0,0.0,0.0,0.04768693447113037,0.02625866048038006,0.009176503866910934,0.19419744610786438,0.32602524757385254,0.0,0.0488460510969162,0.09919529408216476,0.07058559358119965,0.305635541677475,0.0,0.0,0.24235767126083374,0.0,0.04428895562887192,0.0,0.0,0.04717952758073807,0.0,0.03968514874577522,0.007191902492195368,0.29663997888565063,0.08823606371879578,0.022657211869955063,0.00175867963116616,0.1978876143693924,0.042332109063863754,0.29849034547805786,0.05422224849462509,0.0,0.0,0.01812661997973919,0.024276714771986008,0.002131737768650055,0.002772317035123706,1.876696478575468e-05,0.15261436998844147,0.01091565378010273,0.0381137877702713,0.02062656171619892,0.0,0.0,0.0,0.0,0.4553915560245514,0.0,0.0,0.0,0.010440820828080177,0.0,0.030663717538118362,0.008782663382589817,0.0036873312201350927,0.033708468079566956,0.0010963092790916562,0.0,0.04749511182308197,0.004986980464309454,0.5643793940544128,0.04000290110707283,0.026135103777050972,0.07974568754434586,0.0,0.0,0.06649915874004364,0.1676914244890213,0.0,0.1537848263978958,0.3456764817237854,0.16827286779880524,0.0,0.0007458887994289398,0.0,0.015096699818968773,0.01770010218024254,0.014755979180335999,0.05997373163700104,0.047248873859643936,0.2945031523704529,0.0,0.0024614734575152397,0.33751189708709717,0.2857011556625366,0.022306978702545166,0.0,0.0,0.08550217002630234,0.24287214875221252,0.0,0.345333456993103,0.25746381282806396,0.02609233558177948,0.0,-0.949821412563324
237,0.13936327397823334,0.1309492290019989,0.032940126955509186,0.0,0.0,0.0,0.5419316291809082,0.044997427612543106,0.0,0.014592571184039116,0.032134875655174255,0.004197488538920879,0.0,0.32512497901916504,0.0,0.11213452368974686,0.053034573793411255,0.0,0.0,0.0,0.0,0.05965689942240715,0.0004904571687802672,0.2439228892326355,0.02040197141468525,0.0,0.0,0.5132509469985962,0.005691395606845617,0.08456170558929443,0.11467558145523071,0.3044714629650116,0.0,0.27589040994644165,0.08881299197673798,0.054374177008867264,0.0076985848136246204,0.2167614847421646,0.000980227836407721,0.0712294951081276,0.053150564432144165,0.16897551715373993,0.06976804882287979,0.0922950878739357,0.17511239647865295,0.19375599920749664,0.30268171429634094,0.035089362412691116,0.0,0.050484199076890945,0.17154592275619507,0.0,0.14898502826690674,0.011591779068112373,0.04159216210246086,0.0,0.2930511236190796,0.7720446586608887,0.230872243642807,0.07228634506464005,0.0,0.07470846176147461,0.1432105153799057,0.0,0.0,0.006553442683070898,0.0,0.0,0.22973498702049255,0.15209649503231049,0.047578904777765274,0.0,0.18698573112487793,0.16158148646354675,0.07895325124263763,0.04326494410634041,0.005984650459140539,0.06569289416074753,0.0,0.1667466014623642,0.008754666894674301,0.0586390420794487,0.0,0.14728467166423798,0.004209202714264393,0.0,0.052361879497766495,0.29221445322036743,0.32684215903282166,0.4045376479625702,0.045828063040971756,0.0,0.024281492456793785,0.08179768174886703,0.0009505481575615704,0.022092092782258987,0.5990543365478516,0.0,0.006803023628890514,0.0,0.0,0.3705189526081085,0.0,0.25928235054016113,0.42242541909217834,0.2633841633796692,0.04842107370495796,0.009328993037343025,0.010234924964606762,0.0,0.0,0.0757550448179245,0.056202612817287445,0.2691839337348938,0.07780871540307999,0.0,0.03574236109852791,0.0,0.08335167169570923,0.021126212552189827,0.0,0.06268658488988876,0.0,0.007107339333742857,0.0,0.29787173867225647,0.0,0.027969038113951683,0.0,0.031887397170066833,0.0,0.15716135501861572,0.032787639647722244,0.0028404805343598127,0.04282999038696289,0.1535758227109909,0.0,0.0,0.03209878131747246,0.0052841342985630035,0.0,0.0,0.01356243621557951,0.0,0.17132370173931122,0.0,0.04769638180732727,0.0,0.0,0.0,0.05085763335227966,0.15812772512435913,0.10888223350048065,0.0,0.0,0.3315962553024292,0.029835056513547897,0.0,0.03244197368621826,0.037380628287792206,0.314084529876709,0.23315203189849854,0.01127532683312893,0.0,0.13442353904247284,0.12560470402240753,0.0,0.18775396049022675,0.0,0.0,0.0029395318124443293,0.006274789106100798,0.015685349702835083,0.030371537432074547,0.25749948620796204,0.1409214735031128,0.02762984298169613,0.15047869086265564,0.0,0.021012669429183006,0.00032067569554783404,0.0,0.22331182658672333,0.0009397715330123901,0.0,0.20021231472492218,0.33857202529907227,0.0,0.0858248695731163,0.0,0.0,0.0,0.136429563164711,0.0028156705666333437,0.2817785441875458,0.11333531141281128,0.026592008769512177,0.21257689595222473,0.0,0.04629065841436386,0.13894441723823547,0.0,0.03996657952666283,0.09383060783147812,0.0,0.0,0.0,0.0,0.0,0.08951332420110703,0.0598008818924427,0.3814164996147156,0.051579877734184265,0.269925594329834,0.0,0.06194847449660301,0.4124361574649811,0.0,0.031630609184503555,0.2662738561630249,0.0,0.0719030499458313,0.0,0.0002740018826443702,0.019981587305665016,0.0,0.057966023683547974,0.0,0.3916202187538147,0.0,0.01986951008439064,0.0,0.34570854902267456,0.08772935718297958,0.07740967720746994,0.1548805832862854,0.04965906962752342,0.0,0.03874381631612778,0.09073533117771149,0.04935232177376747,0.0,0.0,0.3514971137046814,0.0,0.019741440191864967,0.05801594257354736,0.0,0.0,0.0,0.0,0.2989087700843811,0.0,0.0,0.010606723837554455,0.16359204053878784,0.0,0.07818112522363663,0.06165275350213051,0.00839863158762455,0.15542232990264893,0.0,0.0,0.19000829756259918,0.21569298207759857,0.10871965438127518,0.11954641342163086,0.0,0.19036974012851715,0.0018626308301463723,0.014529015868902206,0.08962477743625641,0.0,0.0,0.3292722702026367,0.6195824146270752,0.22882860898971558,0.07417351007461548,0.0,0.0,0.0,0.004225010517984629,0.012830684892833233,0.010045546106994152,0.05343419313430786,0.4802052974700928,2.3543834686279297e-05,0.06928496807813644,0.23774221539497375,0.16877882182598114,0.029411837458610535,0.0,0.006448511499911547,0.0,0.22850167751312256,0.0,0.557099461555481,0.046184953302145004,0.00124164333101362,0.025760721415281296,0.19583147764205933,0.1679881066083908,0.06608352810144424,0.0,0.0,0.0,0.5136561393737793,0.10942292213439941,0.0,0.021956445649266243,0.1356654167175293,0.0,0.0,0.34977492690086365,0.0,0.05381631851196289,0.04458675533533096,0.0,0.0,0.0,0.0,0.08485563099384308,0.0,0.24984969198703766,0.025035832077264786,0.0,0.0,0.4585268795490265,4.8040667024906725e-05,0.11346324533224106,0.08725404739379883,0.3037387728691101,0.0,0.29535943269729614,0.1347828358411789,0.024163836613297462,0.04931982234120369,0.1752166599035263,0.02895415760576725,0.11272820085287094,0.10191122442483902,0.11145810037851334,0.1474645435810089,0.05318759009242058,0.15440025925636292,0.159063458442688,0.19212675094604492,0.014545287005603313,0.0,0.06359324604272842,0.1374610811471939,0.0,0.24977156519889832,0.024121755734086037,0.024002758786082268,0.0006960695027373731,0.316399484872818,0.7342823147773743,0.28684836626052856,0.04996828734874725,0.0,0.062490902841091156,0.17960131168365479,0.0,0.0,0.009247420355677605,6.391243368852884e-05,0.0831761583685875,0.2202446311712265,0.215547114610672,0.054830677807331085,0.0,0.15049989521503448,0.14869330823421478,0.06784181296825409,0.04091694951057434,0.00484122708439827,0.02617727406322956,0.0,0.16192233562469482,0.02745189517736435,0.016390692442655563,0.0,0.15816299617290497,0.11884800344705582,0.010702984407544136,0.06790798157453537,0.3175521492958069,0.3794527053833008,0.3444646894931793,0.0661163330078125,0.0709710419178009,0.046725139021873474,0.04250650852918625,0.0,0.034481413662433624,0.5683425068855286,0.0,0.0004412514972500503,0.0,0.01773158833384514,0.41502395272254944,0.0,0.343743234872818,0.3018072247505188,0.31298893690109253,0.06979164481163025,0.06045413762331009,0.027597537264227867,0.0,0.03560146689414978,0.0811249390244484,0.03132741525769234,0.2503454387187958,0.10090357810258865,0.0,0.08119259029626846,0.043222825974226,0.06492634117603302,0.028231225907802582,0.0,0.07823850959539413,0.0,0.02166161499917507,0.0,0.2391599863767624,0.0,0.014115666970610619,0.031232813373208046,0.056937236338853836,0.0,0.19108431041240692,0.03691112622618675,0.004156370181590319,0.004226158373057842,0.16463477909564972,0.0,0.0,0.10131416469812393,0.0,0.0,0.0,0.01470328401774168,0.0,0.14106485247612,0.0,0.0944879949092865,0.0256611630320549,0.10309308767318726,0.0,0.041750259697437286,0.11108571290969849,0.07220233976840973,0.0,0.0,0.37621021270751953,0.02618911862373352,0.0,0.051864754408597946,0.04612522944808006,0.2239481657743454,0.22461068630218506,0.025309525430202484,0.0,0.053841277956962585,0.116849385201931,0.004338685888797045,0.09722121804952621,0.0,0.0,0.0,0.0,0.020971225574612617,0.03618583828210831,0.3105771541595459,0.08425424247980118,0.04027177765965462,0.08480583131313324,0.017865074798464775,0.056289684027433395,0.0013573847245424986,0.0,0.15599747002124786,0.0,0.0,0.1861094981431961,0.30587735772132874,0.0,0.09886854887008667,0.0,0.0,0.057756587862968445,0.1779099702835083,0.007284694351255894,0.22502455115318298,0.13794508576393127,0.06425800174474716,0.17904889583587646,0.1108141541481018,0.0799105316400528,0.079033263027668,0.0,0.06926246732473373,0.07762641459703445,0.0,0.0,0.0,0.007140768226236105,0.036744147539138794,0.17019625008106232,0.04900335893034935,0.3489031493663788,0.00891771912574768,0.19605019688606262,0.05112652853131294,0.05522565543651581,0.36934489011764526,0.0,0.052040643990039825,0.21677803993225098,0.008752405643463135,0.0748344138264656,0.0005077902460470796,0.0007362460601143539,0.02411177009344101,0.0,0.03060240112245083,0.05951180309057236,0.3536507189273834,0.04964257404208183,0.028809206560254097,0.007713879458606243,0.3315185010433197,0.07232052087783813,0.0215611569583416,0.10092532634735107,0.10192570090293884,0.0,0.029418019577860832,0.09004739671945572,0.09065502882003784,0.0026386675890535116,0.0,0.26015573740005493,0.011717962101101875,0.04651918262243271,0.08905250579118729,0.0,0.0,0.0,0.0,0.3143148124217987,0.0,0.0,0.04445341229438782,0.09756544977426529,0.0,0.07002165913581848,0.09256625175476074,0.008960896171629429,0.0900493860244751,0.0,0.0,0.13215526938438416,0.1987939327955246,0.17459125816822052,0.07664231210947037,0.018919315189123154,0.1413787305355072,0.0,0.0005642016767524183,0.050249405205249786,0.004513292107731104,0.0,0.37195467948913574,0.49701058864593506,0.21290268003940582,0.08423614501953125,0.0,0.0008097352110780776,0.0,0.011516581289470196,0.01512960996478796,0.0767209380865097,0.05649842694401741,0.42081019282341003,0.0,0.06900463998317719,0.2506704330444336,0.13701286911964417,0.024546945467591286,0.0,0.015414522960782051,0.0,0.25544416904449463,0.0013623973354697227,0.46463093161582947,0.11863178759813309,0.04149715229868889,0.031182078644633293,0.18512307107448578,0.12063360214233398,0.042457159608602524,0.0,0.0,0.0,0.5824183821678162,0.056723471730947495,0.0,0.03856249153614044,0.022428369149565697,0.005395656917244196,0.000868510571308434,0.3564712107181549,0.0,0.062136150896549225,0.09785380214452744,0.0,0.0,0.0,0.0,0.07283876091241837,0.016878245398402214,0.20037537813186646,0.019647641107439995,0.0,0.0,0.5631292462348938,0.006459448952227831,0.03869502246379852,0.10296215862035751,0.38565927743911743,0.0,0.27541661262512207,0.1091550886631012,0.09488242119550705,0.00037061600596643984,0.15528546273708344,0.01850985176861286,0.08690587431192398,0.10283619910478592,0.2523522973060608,0.06442517787218094,0.13212299346923828,0.19332508742809296,0.24424637854099274,0.2881130874156952,0.03376222774386406,0.0,0.048682861030101776,0.17398987710475922,0.0,0.21406017243862152,0.014245672151446342,0.037706442177295685,0.0,0.35037901997566223,0.8592342138290405,0.30099210143089294,0.1298810839653015,0.0,0.10214556008577347,0.22838670015335083,0.0,0.003924711141735315,0.06556324660778046,0.0,0.0,0.3009437322616577,0.22594523429870605,0.055098239332437515,0.0,0.1183447390794754,0.1322004199028015,0.08179362863302231,0.08750664442777634,0.013857711106538773,0.039581283926963806,0.0009475694969296455,0.11294323205947876,0.013665466569364071,0.021097350865602493,0.0,0.18498952686786652,0.01655741222202778,0.0026130087208002806,0.0629696398973465,0.4324573278427124,0.2882443070411682,0.35113102197647095,0.024854926392436028,0.0,0.025635866448283195,0.07909434288740158,0.03647344931960106,0.05943845584988594,0.6936531662940979,0.0,0.022706609219312668,0.024569395929574966,0.00016802230675239116,0.4214821457862854,0.0,0.21951869130134583,0.4026007354259491,0.29249992966651917,0.07153318077325821,0.012517815455794334,0.021690484136343002,0.0,0.0,0.05300094559788704,0.032000429928302765,0.2981022596359253,0.12912407517433167,0.0,0.05825429409742355,0.005544771905988455,0.0735190212726593,0.021684914827346802,0.014557618647813797,0.0922815129160881,0.020273862406611443,0.008505256846547127,0.0,0.16211366653442383,0.0,0.028571533039212227,0.0,0.03475321829319,0.0,0.15548118948936462,0.04567790776491165,0.0,0.035965193063020706,0.2052413672208786,0.0,0.0,0.06825603544712067,0.03226815536618233,0.0008067472954280674,0.0005028645391575992,0.010543584823608398,0.0,0.13742028176784515,0.0,0.0824635699391365,0.0,0.0001643363939365372,0.0,0.04904826730489731,0.10863342136144638,0.07848943024873734,0.0031429221853613853,0.0,0.3318527638912201,0.04332156106829643,0.0,0.03725626319646835,0.048365794122219086,0.2573656737804413,0.3069774806499481,0.008867430500686169,0.0005132384831085801,0.1545223593711853,0.15528005361557007,0.0,0.15251968801021576,0.0,0.0,0.007864775136113167,0.008472834713757038,0.011317437514662743,0.046332232654094696,0.3555015027523041,0.09850163012742996,0.005407903343439102,0.13602890074253082,0.00047059552161954343,0.011604356579482555,0.0,0.0014623843599110842,0.20206338167190552,0.0030876214150339365,0.0,0.31631001830101013,0.41337209939956665,0.0,0.12311749160289764,0.0,3.0544542823918164e-05,0.0005222480976954103,0.15236902236938477,0.010408226400613785,0.2929101586341858,0.09855517745018005,0.020093616098165512,0.12875553965568542,0.0,0.05772808566689491,0.08515181392431259,0.0,0.11207502335309982,0.07084264606237411,0.0016817232826724648,0.008004601113498211,0.0,0.002843062859028578,0.0,0.11093644797801971,0.10206577926874161,0.43480387330055237,0.02014683187007904,0.2198421210050583,0.015046089887619019,0.023249175399541855,0.4181970953941345,0.010417182929813862,0.04664911702275276,0.22046439349651337,0.0,0.0891922116279602,0.0,0.0023693351540714502,0.012015683576464653,0.006202993914484978,0.07554853707551956,0.0,0.4840802848339081,0.001922427210956812,0.026554519310593605,0.018996497616171837,0.3207233250141144,0.10075872391462326,0.11850294470787048,0.16839580237865448,0.08297711610794067,0.0,0.04592268168926239,0.08768229931592941,0.07827790081501007,0.0,0.0,0.2951571047306061,0.0,0.047761861234903336,0.010239831171929836,0.0,0.0,0.0,0.0,0.33483633399009705,0.0,0.0,0.008404059335589409,0.1411774754524231,0.0,0.07336647063493729,0.10654975473880768,0.02680223621428013,0.12422483414411545,0.0,0.0,0.12689097225666046,0.27760452032089233,0.12526898086071014,0.08254688233137131,0.0,0.17553943395614624,0.0004367007059045136,0.01291292067617178,0.05576571449637413,0.005030426196753979,0.0,0.42526042461395264,0.6090101003646851,0.20663903653621674,0.09075426310300827,0.0,0.01261522714048624,0.0,0.03890049830079079,0.01833278313279152,0.012461571954190731,0.1403658092021942,0.4769950211048126,0.0073822056874632835,0.06099069118499756,0.1855895221233368,0.19798508286476135,0.0376141220331192,0.0,0.06350301951169968,0.0,0.19106869399547577,0.02615790255367756,0.44404685497283936,0.06479820609092712,0.015621737577021122,0.012876033782958984,-0.25913679599761963
238,0.014787054620683193,0.05027679353952408,0.0,0.0,0.0,0.0,0.0014132842188701034,0.1677975207567215,0.008885676972568035,0.0713910236954689,0.4609341621398926,0.1196858286857605,0.0,0.03700810298323631,0.7841307520866394,0.0,0.0,0.7744059562683105,0.5526137351989746,0.0,0.28707948327064514,0.137808695435524,0.0,0.9679061770439148,0.29392534494400024,0.0,0.0,0.4888606071472168,0.008155476301908493,0.0023255583364516497,0.0,0.12677541375160217,0.1208590492606163,0.15079040825366974,0.0,0.0,0.0,0.004634795244783163,0.5038045048713684,0.2185785323381424,0.11265522241592407,0.0,0.18829771876335144,0.0,0.24229875206947327,0.0,0.09688829630613327,0.01061295997351408,0.0,0.44543537497520447,0.0,0.023905595764517784,0.901021420955658,0.0,0.0,0.7014630436897278,0.0,0.28318172693252563,0.0006404802552424371,0.0,0.0,0.1809568852186203,0.07511215656995773,0.5564777255058289,0.0,0.0,0.0,1.3926869630813599,0.06863885372877121,0.007480463478714228,0.0,0.0,0.02647174708545208,0.8084182143211365,0.0,0.1334744244813919,0.570733368396759,0.12211326509714127,0.0,0.0,0.3629327714443207,0.0,0.029657868668437004,0.17430344223976135,1.2865523099899292,0.028276896104216576,0.0,0.040947865694761276,0.6766427159309387,0.03916173055768013,0.0,1.0636895895004272,0.033361226320266724,0.1680450737476349,0.021429872140288353,0.1692977100610733,0.03174629434943199,0.0,0.0,0.08814438432455063,0.7017534375190735,0.03521110489964485,0.0,1.0596938133239746,0.0,0.0,0.0,0.6335500478744507,0.0,0.0,0.7277067303657532,0.002203448209911585,0.004656982608139515,0.08565493673086166,0.03616661578416824,0.06632345169782639,0.022452032193541527,0.9085556268692017,0.0,0.0,0.5509346127510071,0.2204904854297638,0.0,0.0,0.5871886610984802,0.16562114655971527,0.0,0.0,0.7285634875297546,0.0,0.0,0.23448562622070312,0.0,0.0004234396037645638,0.0,0.07915712893009186,0.18136928975582123,0.0,0.03507634252309799,0.0,0.0,0.11095491796731949,0.0,0.0022997763007879257,0.010567249730229378,0.13669398427009583,0.020163552835583687,0.04905623942613602,0.08716901391744614,0.0,0.0,0.016659162938594818,0.0,0.0,0.0,0.01512387115508318,0.11449827998876572,0.044814325869083405,0.0,0.0,0.013601923361420631,0.0,0.025605762377381325,0.0,0.0,0.0752793475985527,0.029823774471879005,0.0,0.5892157554626465,0.0,0.1820969432592392,0.27163147926330566,0.0,0.0,0.11761742830276489,0.6598884463310242,0.0,0.0,0.3461064100265503,0.0,0.08237478882074356,0.18196113407611847,0.03189510852098465,0.0,0.17795662581920624,0.0,0.0,0.0,0.0,0.00689741550013423,0.0,0.9418544769287109,0.17617307603359222,0.0,0.0018421352142468095,0.44265827536582947,0.0,0.12808382511138916,0.9668642282485962,0.0,0.22362875938415527,0.0,0.0,0.06068989634513855,0.015309944748878479,0.0,0.23742079734802246,1.3257406949996948,0.6063694953918457,0.0,0.2894732356071472,0.12775976955890656,0.0,0.0,0.6434283256530762,0.011309350840747356,0.00022308678308036178,0.0,0.0,0.3452727496623993,0.0,0.07258887588977814,0.654579222202301,0.0,0.1898859590291977,0.16491064429283142,0.5272949934005737,0.7577964663505554,0.0,0.795553982257843,0.07056856900453568,0.3462618887424469,0.23949885368347168,0.005282830912619829,0.22142799198627472,0.003822695231065154,0.0,0.0,0.0,0.005126917734742165,0.0,0.0,0.005353860557079315,0.10302425920963287,0.6323486566543579,0.47388574481010437,0.0,0.0,0.0,0.0,0.0,0.7709600329399109,0.023650722578167915,0.0,0.016019625589251518,0.0,0.0,0.0,0.0015355892246589065,0.0,0.0,0.6325470209121704,0.46709752082824707,0.0,0.0,1.451484203338623,0.0,0.27409645915031433,5.8843197621172294e-05,0.0,0.0,0.06541647017002106,0.42251309752464294,0.0,0.2021440714597702,0.0,0.014916940592229366,0.0,0.6093316674232483,0.0,0.7267975211143494,0.0,0.0,0.9362725615501404,0.0,0.0,0.0,0.0,0.3874030113220215,0.0061736698262393475,0.04882936179637909,0.0,0.0,0.740717351436615,0.4981197416782379,0.0,0.0,0.8140105605125427,0.4411256015300751,0.07760218530893326,0.0015333059709519148,0.07412204146385193,0.27905699610710144,0.0,0.0,0.0,0.40618911385536194,0.1166187971830368,0.0,0.009540501050651073,0.16900619864463806,0.02227598801255226,0.0,0.37211230397224426,0.0,0.06462941318750381,0.0,0.04747031256556511,0.0002452647313475609,0.0,0.0,0.22644618153572083,0.0,0.6705146431922913,0.0,0.0022778338752686977,0.0,0.6071139574050903,0.017823245376348495,0.04320729523897171,0.0,0.23555831611156464,0.0,0.3798120319843292,0.0005539730191230774,0.08262738585472107,0.1418425440788269,0.44616490602493286,0.013369115069508553,0.20502175390720367,0.0,0.13328084349632263,0.10828607529401779,0.13705110549926758,0.40116775035858154,0.12647560238838196,0.08952126652002335,0.07790116965770721,0.0,0.22696882486343384,0.04177285358309746,0.0,0.0807790756225586,0.0,0.02319304458796978,0.1043955385684967,0.03487100824713707,0.6021322011947632,0.03799330070614815,0.0,0.0,0.15843020379543304,0.0008932568598538637,0.002462303265929222,0.0,0.008534116670489311,0.0,0.14326158165931702,0.019782844930887222,0.013233610428869724,0.060423098504543304,0.0,0.26378124952316284,0.05893510580062866,0.0,0.1558152139186859,0.1574622541666031,0.30417901277542114,0.0,0.08721727877855301,0.06861366331577301,0.0,0.0,0.20905911922454834,0.36685389280319214,0.001748865470290184,0.011078707873821259,0.04381909966468811,0.5267518758773804,0.16665714979171753,0.07317805290222168,0.08111265301704407,0.0557793565094471,0.2821044921875,0.0,0.0,0.24248670041561127,0.0,0.0,0.02283083274960518,0.0,0.011908061802387238,0.0,0.6442995071411133,0.4448903203010559,0.04199814051389694,0.0436016321182251,0.0707433670759201,0.0,0.0,0.03994451463222504,0.08287230879068375,0.07961761951446533,0.22998490929603577,0.0,0.0,0.03241986036300659,0.12774665653705597,0.016521690413355827,0.0757225975394249,0.03246769309043884,0.03733668476343155,0.0,0.0,0.0,0.3566187024116516,0.0,0.12116623669862747,0.01868497021496296,0.0,0.0,0.011217642575502396,0.013342524878680706,0.020623857155442238,0.034270621836185455,0.0,0.0,0.0,0.048063889145851135,0.00284460186958313,0.0,0.008519517257809639,0.22035512328147888,0.0,0.27567392587661743,0.0,0.0,0.0628659799695015,0.11856038868427277,0.0,0.009988205507397652,0.22718022763729095,0.023492515087127686,0.0,0.0,0.27792802453041077,0.0516757071018219,0.0,0.0008875657804310322,0.0,0.43237027525901794,0.010048814117908478,0.03652571141719818,0.0,0.14188580214977264,0.02396261878311634,0.00519147701561451,0.0914551392197609,0.020558327436447144,0.0,0.00441662035882473,0.0,0.023737439885735512,0.0,0.008912373334169388,0.2549242675304413,0.0,0.08026019483804703,0.0737517699599266,0.046385399997234344,0.0,0.0,0.39481180906295776,0.005442418158054352,0.0,0.028358206152915955,0.08542392402887344,0.0,0.09803614020347595,0.0,0.0,0.02399413473904133,0.016141463071107864,0.0,0.0732026919722557,0.39235395193099976,0.03113919124007225,0.45844945311546326,0.252105712890625,0.0,0.21674683690071106,0.0,0.010203955695033073,0.0,0.0,0.0,0.0,0.0,0.040329255163669586,0.011387811973690987,0.003761499421671033,0.0715225487947464,0.0,0.26397860050201416,0.1354535073041916,0.08756223320960999,0.27803242206573486,0.0,0.0,0.3750374913215637,0.0,0.006509719416499138,0.0,0.0,0.0,0.0,0.01843170076608658,0.06916841119527817,0.07165192067623138,0.1282307505607605,0.002258485183119774,0.0,0.5465118288993835,0.26115649938583374,0.1106068417429924,0.07692078500986099,0.024335011839866638,0.0,0.08567105233669281,0.0,0.010992685332894325,0.016340743750333786,0.0,0.6626299023628235,0.0,0.07265819609165192,0.042848922312259674,0.0,0.0,0.0,0.0,0.22294950485229492,0.0,0.0,0.0,0.26644769310951233,0.0,0.012125258333981037,0.0014513718197122216,0.01971283182501793,0.10126063972711563,0.0,0.050886668264865875,0.21649916470050812,0.03807608783245087,0.28184014558792114,0.11592303961515427,0.11386504024267197,0.15608519315719604,0.0,0.0,0.0552029013633728,0.05366603285074234,0.0,0.7768397927284241,0.3051470220088959,0.32457998394966125,0.015361946076154709,0.0,0.004055348690599203,0.05521731078624725,0.006323968525975943,0.11932700127363205,0.11757781356573105,0.0,0.18928122520446777,0.0,0.0,0.5917254686355591,0.3218349814414978,0.014432823285460472,0.010512406937777996,0.0,0.0,0.46822887659072876,0.0,0.4946802258491516,0.08209977298974991,0.219846710562706,0.04188121482729912,0.15845485031604767,0.06120622158050537,0.012657963670790195,0.0,0.0,0.0,0.16811682283878326,0.11531597375869751,0.015318621881306171,0.03178061917424202,0.26764142513275146,0.11382988095283508,0.0,0.22382281720638275,0.4029143452644348,0.0,0.0,0.3231932818889618,0.1342635154724121,0.0,0.03540223836898804,0.17124253511428833,0.0,0.6264389157295227,0.08530475944280624,0.0,0.0008856513886712492,0.5750645995140076,0.004878793377429247,0.0011916875373572111,0.004631394986063242,0.290910542011261,0.007311930879950523,0.18846896290779114,0.02943471260368824,0.027260983362793922,0.0,0.06567810475826263,0.27797186374664307,0.2971040606498718,0.19071730971336365,0.05603771284222603,0.1935097724199295,0.01115428563207388,0.3106536567211151,0.0,0.16990642249584198,0.0,0.0,0.21195876598358154,0.0,0.0043365005403757095,0.7182872891426086,0.0,0.0,0.3622434735298157,0.0,0.6307622790336609,0.09020061790943146,0.019170230254530907,0.0,0.16628332436084747,0.1588490605354309,0.19106967747211456,0.0,0.0,0.0,0.8313876986503601,0.14254800975322723,0.10555779188871384,0.0,0.0,0.05822046846151352,0.6494669318199158,0.0,0.12366864085197449,0.31471580266952515,0.07389022409915924,0.0,0.07409759610891342,0.10537464171648026,0.0,0.0187431238591671,0.1957627534866333,0.6349112391471863,0.013569915667176247,0.004011869430541992,0.24676942825317383,0.5724100470542908,0.13689856231212616,0.025306468829512596,0.5563444495201111,0.048480406403541565,0.06200205534696579,0.037949372082948685,0.08223645389080048,0.29571589827537537,0.0,0.0,0.10360012203454971,0.3993312120437622,0.2976524531841278,0.0,0.4696466028690338,0.08056318759918213,0.0027743116952478886,0.0,0.3171461224555969,0.0,0.0,0.4466060698032379,0.07078489661216736,0.0,0.1919582635164261,0.039541516453027725,0.0023947900626808405,0.1218266636133194,0.4292149543762207,0.0,0.01154312677681446,0.3691861629486084,0.1610105186700821,0.0008479836978949606,0.0,0.3345835506916046,0.10633976012468338,0.0,0.0,0.33427339792251587,0.0,0.0,0.1090976670384407,0.0,0.012430676259100437,0.003991937730461359,0.1109909638762474,0.05856974422931671,0.0,0.07050755620002747,0.0038952066097408533,0.0,0.0057420870289206505,0.0,0.0,0.03682217374444008,0.04346305504441261,0.015218713320791721,0.005117672961205244,0.04232567921280861,0.0,0.0,0.0319937989115715,0.0,0.0,0.0,0.11101722717285156,0.08562696725130081,0.008392292074859142,0.0,0.010967131704092026,0.03572820499539375,0.0,0.017186205834150314,0.0019626242574304342,0.005978059023618698,0.14479494094848633,0.01900453120470047,0.0,0.28704676032066345,0.0,0.0523233637213707,0.10173588246107101,0.0069775027222931385,0.0,0.3070986866950989,0.33709779381752014,0.0,0.0,0.2146054208278656,0.0,8.229297964135185e-05,0.03126378357410431,0.07723984867334366,0.0186627060174942,0.02773600071668625,0.030948305502533913,0.11377307772636414,0.0,0.0,0.0,0.0,0.5087333917617798,0.206303671002388,0.00041951151797547936,0.08918265998363495,0.23402322828769684,0.041380271315574646,0.11547286063432693,0.5067161917686462,0.0,0.07443955540657043,0.0,0.0,0.10808151215314865,0.0,0.0,0.02164767123758793,0.677602231502533,0.2765211760997772,0.003443429246544838,0.27074703574180603,0.25337883830070496,0.0,0.0,0.3705519437789917,0.018838101997971535,0.043388161808252335,0.0,0.0,0.2694762051105499,0.004859795793890953,0.06323841214179993,0.2935258150100708,0.0,0.09700597822666168,0.04216960817575455,0.3198718726634979,0.32483768463134766,0.16992206871509552,0.3954814374446869,0.09215496480464935,0.18807369470596313,0.21916510164737701,0.023982087150216103,0.23966416716575623,0.003760983468964696,0.0,0.0,0.0,0.005231458693742752,0.0,0.0,0.007725534960627556,0.0901242345571518,0.2936224937438965,0.29419052600860596,0.0,0.002081826329231262,0.0,0.0,0.0,0.6942012310028076,0.0,0.0,0.04113633930683136,0.007506619673222303,0.0,0.0,0.0010594360064715147,0.0035683035384863615,0.0,0.21423277258872986,0.11592192947864532,0.005059222690761089,0.0,1.0158931016921997,0.0,0.0918819010257721,0.004248535726219416,0.0,0.0,0.046910639852285385,0.314656138420105,0.0,0.2689964473247528,0.050010696053504944,0.10020126402378082,0.0,0.2208583801984787,0.0,0.3381403088569641,0.0007145626004785299,0.0,0.454702228307724,0.012474819086492062,0.11941499263048172,0.0,0.0,0.37218788266181946,0.09188809245824814,0.043460581451654434,0.0,0.0,0.38947823643684387,0.35013115406036377,0.0,0.08968350291252136,0.5739178657531738,0.14567798376083374,0.047882188111543655,0.9968225359916687
239,0.01221315748989582,0.1357550472021103,0.4715467691421509,0.005204144399613142,0.0,0.0,0.722052812576294,0.0067428830079734325,0.0,0.0161073449999094,0.056956011801958084,0.0,0.0,0.3807604908943176,0.0,0.1894884705543518,0.04966949298977852,0.0,0.0,0.0,0.0,0.11422989517450333,0.03003121167421341,0.48738908767700195,0.0,0.0,0.0,0.8230083584785461,0.06983369588851929,0.10276880860328674,0.3242323696613312,0.3856748938560486,0.0,0.38439810276031494,0.16786430776119232,0.4132038354873657,0.1506097912788391,0.8158422708511353,0.0,0.0009849839843809605,0.03264971077442169,0.4294339120388031,0.04902207851409912,0.2602595388889313,0.5159292817115784,0.9981239438056946,0.20507733523845673,0.004222125746309757,0.0,0.14707863330841064,0.4005437195301056,0.0,0.0,0.0043333000503480434,0.2089623659849167,0.0,0.774730920791626,0.8424369096755981,0.18123899400234222,0.05523766949772835,0.0,0.019543344154953957,0.0783018171787262,0.0,0.0,0.2042563110589981,0.0017844566609710455,0.0,0.21359765529632568,0.061094529926776886,0.6952362656593323,0.0,0.46324265003204346,0.00989921111613512,0.25416329503059387,0.08959785848855972,0.0,0.4968239367008209,0.0,0.15756742656230927,0.022524872794747353,0.2925581932067871,0.008863424882292747,0.16826240718364716,0.0,0.0,0.16980963945388794,0.22223533689975739,0.3909914195537567,0.5954481959342957,0.10511063784360886,0.0,0.003527022199705243,0.46525272727012634,0.0,0.0,0.5398973226547241,0.09673474729061127,0.0002396219497313723,0.0,0.0,0.0722259134054184,0.0,0.3745378851890564,0.8602568507194519,0.5479124188423157,0.2860160171985626,0.0,0.0,0.0,0.0,0.2474638670682907,0.2772728502750397,0.3362671434879303,0.2932511866092682,0.0,0.006107306573539972,0.0,0.3284573256969452,0.14738713204860687,0.0,0.076502725481987,0.12013451009988785,0.01864747889339924,0.0,0.393428236246109,0.006996760610491037,0.3180926740169525,0.0,0.0,0.0,0.007591946516185999,0.23353202641010284,0.0,0.07918473333120346,0.13366617262363434,0.0,0.0,0.06442660838365555,0.07741077244281769,0.0,0.018660515546798706,0.6051014065742493,0.0,0.5672540068626404,0.0,0.004114641807973385,0.02183169685304165,0.0,0.0,0.07361841201782227,0.8100295066833496,0.30893877148628235,0.0,0.0,0.5377698540687561,0.0,0.0,0.015966041013598442,0.0,1.228641152381897,0.3473699390888214,0.0,0.0,0.28189221024513245,0.07169049233198166,0.0,0.8160441517829895,0.0,0.0,0.0,0.0,0.06303995847702026,0.119326151907444,0.19272370636463165,0.13703042268753052,0.03324732556939125,0.8155295848846436,0.0,0.027808116748929024,0.0,0.0,0.8908894658088684,0.017500463873147964,0.0,0.30922383069992065,0.31483516097068787,0.14155623316764832,0.8229881525039673,0.0,0.0,0.0,0.013306081295013428,0.10862506181001663,0.22965426743030548,0.5482779741287231,0.017505429685115814,0.79611736536026,0.0,0.1466521918773651,0.1994740068912506,0.0,0.03273126110434532,0.01987723633646965,0.0,0.0,0.0,0.0,0.0,0.027385907247662544,0.009553524665534496,0.35327473282814026,0.08938919752836227,0.7948195338249207,0.0,0.3132138252258301,0.6803126931190491,0.0,0.0812753215432167,0.5043391585350037,0.013812432996928692,0.04919939488172531,0.0,0.0,0.0,0.024089131504297256,0.023676466196775436,0.0,0.5157833695411682,0.0,0.009308216162025928,0.0,0.8523786664009094,0.4343287944793701,0.016368651762604713,0.28117814660072327,0.29605525732040405,0.0,0.3390420973300934,0.06833813339471817,0.021381715312600136,0.0,0.0,1.1337155103683472,0.0,0.02398727275431156,0.03372001647949219,0.0,0.0,0.0,0.0,0.010390535928308964,0.0,0.028463000431656837,0.0,0.951324462890625,0.10782131552696228,0.0785762295126915,0.010141301900148392,0.07611077278852463,0.548673689365387,0.0,0.0,0.699242889881134,0.37297001481056213,0.0,0.642530620098114,0.0,0.5057271122932434,0.04419147968292236,0.0,0.13836310803890228,0.0,0.01568051241338253,1.4454090595245361,1.089552402496338,0.5523019433021545,0.24647998809814453,0.0,0.0019732515793293715,0.0,0.0,0.45699113607406616,0.0,0.013240457512438297,0.5464478731155396,0.0,0.0,0.5855866074562073,0.33886227011680603,0.02584461309015751,0.00631519453600049,0.006151996087282896,0.0,0.29623398184776306,0.2285275161266327,0.726289689540863,0.0,0.0025059946347028017,0.19716142117977142,0.0,0.15798823535442352,0.5601649880409241,0.0,0.0,0.0,0.44443634152412415,0.071738101541996,0.0,0.0,0.19791114330291748,0.004780867602676153,0.005373915191739798,0.19369655847549438,0.0,0.10133176296949387,0.0,0.0,0.0,0.0,0.0,0.21889431774616241,0.08665861934423447,1.0037529468536377,0.0,0.0,0.0,0.8775172829627991,0.08808505535125732,0.033179059624671936,0.23348252475261688,0.2660458981990814,0.0,0.4841587245464325,0.09064127504825592,0.37376466393470764,0.36171144247055054,0.8002050518989563,0.0,0.00011120778071926907,0.0,0.4371699392795563,0.0415678434073925,0.2870276868343353,0.734644889831543,0.8025611042976379,0.011659681797027588,0.0,0.0,0.24627338349819183,0.3121108114719391,0.0,0.001709587057121098,0.005285365041345358,0.17951259016990662,0.010520152747631073,0.5436130166053772,0.4403592348098755,0.08089417964220047,0.0,0.0,0.09579356759786606,0.0,0.0,0.0,0.057793617248535156,0.0,0.0,0.039858072996139526,0.0010976168559864163,0.5871623754501343,0.0,0.2691119611263275,0.0,0.052575238049030304,0.27512994408607483,0.0,0.7442752718925476,0.0010737694101408124,0.08556698262691498,0.07485749572515488,0.2558077275753021,0.0008931741467677057,0.2282744199037552,0.22044320404529572,0.0,0.18033474683761597,0.021380385383963585,0.5279111862182617,0.43102094531059265,0.11688588559627533,0.0,0.0007903981604613364,0.565895140171051,0.001979650231078267,0.0,0.2020007222890854,0.12075895816087723,0.0,0.031473517417907715,0.0,0.0,0.0,0.7551568150520325,0.7360173463821411,0.1745629608631134,0.2089177519083023,0.011775485239923,0.0,0.0,0.0,0.2136659473180771,0.2002289891242981,0.16070504486560822,0.058981649577617645,0.0,0.0,0.0011603079037740827,0.20221161842346191,0.17340798676013947,0.0,0.05195354297757149,0.2498607635498047,0.018612997606396675,0.0,0.5502147674560547,0.0,0.2766103148460388,0.005514482501894236,0.0,0.0,0.006195764522999525,0.10075095295906067,0.0,0.05133194848895073,0.0,0.0,0.0,0.0,0.015823205932974815,0.0,0.08605700731277466,0.6626020669937134,0.0,0.6247814893722534,0.0,0.0,0.13287903368473053,0.04965979605913162,0.0,0.04936990886926651,0.795603334903717,0.19644179940223694,0.0,0.0,0.5115007758140564,0.03614059463143349,0.0,0.0,0.0,1.1151150465011597,0.16824783384799957,0.0,0.0,0.17917652428150177,0.007946056313812733,0.05175385624170303,0.5464858412742615,0.0,0.0,0.016031570732593536,0.0,0.029355475679039955,0.10630376636981964,0.0,0.33463194966316223,0.00014525196456816047,0.6424973011016846,0.001482496620155871,0.007303236518055201,0.0,0.0,0.9842861294746399,0.0,0.0,0.11881294846534729,0.034007467329502106,0.13513168692588806,0.6313749551773071,0.0,0.0,0.0,0.0001224440784426406,0.09469595551490784,0.06654366850852966,0.7098208069801331,0.0015895465621724725,0.9691662192344666,0.0035142898559570312,0.026256190612912178,0.21147044003009796,0.0,0.010310692712664604,0.0,0.0,0.0,0.0,0.0,0.012370101176202297,0.0,0.0,0.05693491920828819,0.06538969278335571,0.6699142456054688,0.04861350357532501,0.23495347797870636,0.4376850724220276,0.0,0.0935404971241951,0.6648993492126465,0.0,0.0,0.0,0.0,0.0,0.06644019484519958,0.006657052785158157,0.10924728214740753,0.14056678116321564,0.02715810388326645,0.0,0.0,0.8924106955528259,0.4951096773147583,0.05526234582066536,0.18273143470287323,0.045840732753276825,0.0,0.26493290066719055,0.03855220228433609,0.0,0.0,0.0,1.1857706308364868,0.0,0.060454607009887695,0.017494844272732735,0.0,0.0,0.0,0.0,0.02182810939848423,0.0,0.05795319378376007,0.0,0.8203878402709961,0.03498203307390213,0.036841608583927155,0.0036348828580230474,0.06927856057882309,0.48136112093925476,0.0,0.0,0.5532345771789551,0.24402554333209991,0.005826431792229414,0.4645098149776459,0.08375051617622375,0.24381133913993835,0.0514240525662899,0.0,0.07434640824794769,0.0,0.024106455966830254,1.687408685684204,0.5347533822059631,0.46931490302085876,0.02360270358622074,0.0,0.0009344708523713052,0.011653868481516838,0.0021249905694276094,0.543274998664856,0.0,0.0,0.30835050344467163,0.001334693282842636,0.0,0.7725444436073303,0.3331720530986786,0.016632547602057457,0.004139282740652561,0.0,0.0,0.5580418705940247,0.06895602494478226,0.605607271194458,0.0,0.09890732914209366,0.3308049738407135,0.005885808262974024,0.10197857022285461,0.4241825044155121,0.0001729542709654197,0.0,0.0,0.5421440601348877,0.05266682058572769,0.0,0.007980473339557648,0.050476789474487305,0.0005670198588632047,0.002087387489154935,0.3992392122745514,0.0,0.08238092064857483,0.05555207282304764,0.0,0.0,0.0,0.0,0.13195788860321045,0.09335217624902725,0.6744499802589417,0.0,0.0,0.0,0.8138042092323303,0.03387657180428505,0.03700661286711693,0.19561295211315155,0.4022188186645508,0.0,0.47569745779037476,0.13304093480110168,0.4698214828968048,0.207476407289505,0.7313998341560364,0.0,0.020501557737588882,0.013913285918533802,0.42537814378738403,0.03900995850563049,0.2885485589504242,0.609157145023346,0.8842310309410095,0.0876869410276413,0.0,0.0,0.11204969137907028,0.3076060116291046,0.0,0.03860197588801384,0.034722670912742615,0.16088968515396118,0.0,0.7276061773300171,0.7567249536514282,0.1545930653810501,0.030661296099424362,0.0,0.0351407416164875,0.05483813211321831,0.0,0.0,0.22201946377754211,0.000251842342549935,0.0,0.15863333642482758,0.07716076821088791,0.5252952575683594,0.0,0.31353893876075745,0.010333733633160591,0.10926664620637894,0.15711206197738647,0.0,0.48235803842544556,0.0,0.09284180402755737,0.03273753449320793,0.28368404507637024,0.00929355714470148,0.23268598318099976,0.03745827078819275,0.0,0.10959681123495102,0.16849683225154877,0.43406736850738525,0.43275511264801025,0.061649806797504425,0.0,0.0024256950709968805,0.45950859785079956,0.0025211323518306017,0.0,0.4484253227710724,0.053276728838682175,0.008312420919537544,0.0040768953040242195,0.0,0.0759945884346962,0.0,0.3578733205795288,0.7218209505081177,0.42939579486846924,0.2634658217430115,0.00016803514154162258,0.0,0.0,0.0,0.1676892340183258,0.17452706396579742,0.20900285243988037,0.18158350884914398,0.0,0.012504507787525654,0.0,0.2186858206987381,0.10463816672563553,0.0,0.06670200079679489,0.11760378628969193,0.012064313516020775,0.0,0.3591351807117462,0.0,0.29318565130233765,0.0,0.0027589891105890274,0.0,0.027344297617673874,0.14567223191261292,0.0,0.058825086802244186,0.01228699553757906,0.0,0.012159750796854496,0.033277664333581924,0.0566982738673687,0.0,0.034859269857406616,0.7098240256309509,0.0,0.5042188167572021,0.0,0.0015975122805684805,0.028134791180491447,2.0990477423765697e-05,0.0,0.02928316593170166,0.8140566945075989,0.25597313046455383,0.0,0.0,0.5299259424209595,0.0010357205756008625,0.0,0.017335297539830208,0.0,1.0920131206512451,0.2933262288570404,0.0,0.0,0.1985926777124405,0.05520074442028999,0.01105629000812769,0.5501083135604858,0.0,0.0,0.010687568224966526,0.0,0.01198112778365612,0.18154887855052948,0.09038513898849487,0.14904239773750305,0.013318536803126335,0.5829249024391174,0.0,0.007548956200480461,0.0,0.0,0.7402295470237732,0.006608165334910154,0.0,0.2715895473957062,0.22992072999477386,0.0795104131102562,0.7492544651031494,0.0,0.0,0.0,0.01068814191967249,0.15220637619495392,0.16986671090126038,0.5666217803955078,0.010860095731914043,0.773977518081665,0.0,0.05506549030542374,0.1442665010690689,0.0,0.10821560025215149,0.003967896569520235,0.0,0.0009743794798851013,0.0,0.0,0.0,0.076436847448349,0.01354285515844822,0.2387225180864334,0.044985976070165634,0.7225736379623413,0.0007620497490279377,0.20889708399772644,0.4858534336090088,0.0,0.06688093394041061,0.3945791721343994,0.02594725787639618,0.044279906898736954,0.0,0.0,0.0,0.028214070945978165,0.010680201463401318,0.009163985028862953,0.43971818685531616,0.005743792280554771,0.00019825644267257303,0.0,0.7941983342170715,0.4511861205101013,0.0579790361225605,0.1897972971200943,0.18235111236572266,0.0029082780238240957,0.20966370403766632,0.044517260044813156,0.018721366301178932,0.0,0.0,0.9701111912727356,0.0,0.11152274161577225,0.01766139082610607,0.0,0.0,0.0,0.0,0.11038391292095184,0.0,0.022525446489453316,0.0,0.7447680830955505,0.028627516701817513,0.02966323308646679,0.029018234461545944,0.05209726467728615,0.31647250056266785,0.0,0.0,0.5328546166419983,0.3623937666416168,0.0,0.47496160864830017,0.01586647517979145,0.309180349111557,0.02400161512196064,0.0,0.06170683726668358,0.0,0.011395939625799656,1.5608991384506226,0.7655458450317383,0.41685250401496887,0.10405585169792175,0.0,0.008067493326961994,0.007987253367900848,0.015966597944498062,0.36554333567619324,0.0,0.048357922583818436,0.43894723057746887,0.0,0.0,0.6558181643486023,0.28969064354896545,0.018190618604421616,0.0,0.039901308715343475,0.0,0.30027827620506287,0.1587824821472168,0.4710378050804138,0.0,0.04647452011704445,0.17116011679172516,-1.3463661670684814
240,0.4131839871406555,0.059250492602586746,0.028756121173501015,0.004445741418749094,0.0,0.0,0.5656653642654419,0.018349740654230118,0.03760075569152832,0.14509405195713043,0.1356019228696823,0.014812207780778408,0.0,0.3548623025417328,0.031922534108161926,0.0,0.008691570721566677,0.058697666972875595,0.13726122677326202,0.005344265606254339,0.0022851868998259306,0.005730575416237116,0.0,0.16414545476436615,0.42752805352211,0.0027536842972040176,0.0053381482139229774,0.4650440216064453,0.03364168480038643,0.08668088167905807,0.027550382539629936,0.41861486434936523,0.0,0.011976998299360275,0.2241167575120926,0.0,0.0,0.08772578090429306,0.19295762479305267,0.12891623377799988,0.6091896891593933,0.0450713150203228,0.3034476935863495,0.0,0.09821467846632004,0.026867805048823357,0.5582608580589294,0.0016409866511821747,0.0,0.09931690245866776,0.0,0.0,0.7537484169006348,0.0,0.0,0.0,0.24861808121204376,1.065958857536316,0.40364494919776917,0.11656896024942398,0.0,0.0031114311423152685,0.45088115334510803,0.0,0.0,0.0,0.0,0.379576712846756,0.5284143090248108,0.4035486876964569,0.0,0.0,0.22604413330554962,0.7926527261734009,0.03784502297639847,0.0,0.2647179067134857,0.0,0.0002971559879370034,0.1577298641204834,0.13237540423870087,0.0,0.06842095404863358,0.13355907797813416,0.1941370964050293,0.03557085618376732,0.0,0.5674266219139099,0.6343843340873718,0.2929762005805969,0.13954316079616547,0.30292731523513794,0.1914157122373581,0.0537002794444561,0.008551635779440403,0.4343968331813812,0.7670871615409851,0.0,0.03624368831515312,0.004754796624183655,0.34881624579429626,0.7691382765769958,0.0,0.2651955485343933,0.12953989207744598,0.21316733956336975,0.05648849532008171,0.32704976201057434,0.08943314850330353,0.0,0.16608327627182007,0.1567421853542328,0.03832867369055748,0.348503977060318,0.4229736328125,0.0,0.24419580399990082,0.23424454033374786,0.000668188207782805,0.024304455146193504,0.08182394504547119,0.4689546227455139,0.037317775189876556,0.0,0.03941787779331207,0.0014265448553487659,0.010857309214770794,0.03562178090214729,0.09493060410022736,0.0,0.03000667132437229,0.010115349665284157,0.1448407769203186,0.06821335852146149,0.0032564231660217047,0.5180273056030273,0.04087541624903679,0.0,0.24684014916419983,0.0,0.0,0.006564407143741846,0.0,0.005633406341075897,0.043732743710279465,0.042011745274066925,0.34063073992729187,0.0010999493533745408,0.13377970457077026,0.0,0.0,0.06590627133846283,0.051273882389068604,0.0,0.0,0.4721083641052246,0.025831550359725952,0.0,0.002324212109670043,0.0910501778125763,0.11102942377328873,0.1317925900220871,0.15750841796398163,0.0,0.021820465102791786,0.18422530591487885,0.0,0.008175368420779705,0.021212680265307426,0.0,0.04389044642448425,0.06650056689977646,0.08580281585454941,0.006684142630547285,1.01799738407135,0.13585138320922852,0.0,0.013127279467880726,0.05972303822636604,0.0,0.01574423536658287,0.009603251703083515,0.07317528873682022,0.06676268577575684,0.02309226058423519,0.22850601375102997,0.6041838526725769,0.011618955992162228,0.053450971841812134,0.0,0.0042247711680829525,0.10601464658975601,0.38242873549461365,0.01502479612827301,0.23525677621364594,0.1830906718969345,0.22970452904701233,0.06493767350912094,0.1749606430530548,0.03666279464960098,0.08670389652252197,0.0,0.04698404669761658,0.33608004450798035,0.007289208471775055,0.0,0.03869006782770157,0.3881424069404602,0.18037644028663635,0.2004544734954834,0.21211016178131104,0.6759573817253113,0.0033075609244406223,0.011371951550245285,0.12365813553333282,0.07598339021205902,0.2856427729129791,0.0,0.017336184158921242,0.0728309378027916,0.0,0.3717106878757477,0.24866275489330292,0.09666901081800461,0.22385458648204803,0.005470606964081526,0.6827483177185059,0.1206415668129921,0.5475194454193115,0.09483611583709717,0.41342827677726746,0.2687534689903259,0.22325502336025238,0.01940208673477173,0.021834364160895348,0.05544435605406761,0.007005775813013315,0.0,0.0,0.008993668481707573,0.10692109912633896,0.0,0.013084768317639828,0.047072332352399826,0.18166996538639069,0.20962630212306976,0.057139258831739426,0.0,0.0,0.006825323682278395,0.0,0.733639657497406,0.0,0.0,0.08737572282552719,0.09283994138240814,0.00390911428257823,0.0020814111921936274,0.043242085725069046,0.04980260878801346,0.0,0.003389717312529683,0.05944429710507393,0.07044120877981186,0.12077300995588303,0.6233004927635193,0.003968448378145695,0.09583421051502228,0.054092343896627426,0.0,0.006798204965889454,0.17803619801998138,0.046510711312294006,0.0,0.10467618703842163,0.3731209933757782,0.24961340427398682,0.008758485317230225,0.1367526352405548,0.0,0.16856126487255096,0.0851195752620697,0.0,0.25689801573753357,0.1888369619846344,0.44030991196632385,0.0,0.05787813663482666,0.07076170295476913,0.02863115444779396,0.1261596530675888,0.0,0.0,0.47889596223831177,0.08520065993070602,0.0,0.21355323493480682,0.6312716603279114,0.08144309371709824,0.0,0.6265518665313721,0.10198905318975449,0.05953284353017807,0.0,0.0,0.0,0.7515262365341187,0.0,0.005997200962156057,0.33713990449905396,0.0,0.007094020955264568,0.0,0.5277624726295471,0.0,0.013185760006308556,0.010307291522622108,0.0,0.0,0.016213472932577133,0.0,0.017194047570228577,0.0,0.021701736375689507,0.32104745507240295,0.0031791774090379477,0.0,0.5892305374145508,0.028870930895209312,0.014123651199042797,0.009405359625816345,0.5815383195877075,0.0,0.01249829214066267,0.1261976659297943,0.0,0.0,0.18475332856178284,0.13074997067451477,0.11709906905889511,0.9778827428817749,0.17585408687591553,0.0920524001121521,0.015393058769404888,0.04326937347650528,0.11912864446640015,0.9937963485717773,0.0,0.0,0.09972959011793137,0.0993637889623642,0.00035436637699604034,0.6457789540290833,0.0,0.01580161228775978,0.0,0.2507564127445221,1.673448085784912,0.519743800163269,0.2866400480270386,0.0,0.011296342127025127,0.7964369654655457,0.0,0.0,0.003461772110313177,0.0,0.09446407854557037,0.7570356130599976,0.5365166068077087,0.04918650910258293,0.0,0.5062230825424194,0.9321569204330444,0.058233119547367096,0.0001923159434227273,0.2946719527244568,0.0,0.0,0.13688543438911438,0.04289599508047104,0.0,0.01910005323588848,0.25709962844848633,0.0,0.013673586770892143,0.0001445779053028673,0.8624047040939331,0.43083393573760986,0.346205472946167,0.1830655038356781,0.0012920971494168043,0.043040644377470016,0.041064634919166565,0.0,0.42805346846580505,1.085631251335144,0.0,0.022852744907140732,0.020375927910208702,0.09038594365119934,0.6717265844345093,0.0,0.0,0.32217952609062195,0.2909783124923706,0.07088485360145569,0.1768294870853424,0.24347369372844696,0.0,0.0061462088488042355,0.0725427120923996,0.09245749562978745,0.49896717071533203,0.797393798828125,0.0,0.23473575711250305,0.08355241268873215,0.05042588710784912,0.06101848930120468,0.01242744829505682,0.593374490737915,0.12819118797779083,0.0,0.0,0.0,0.0,0.10762962698936462,0.0,0.0,0.010879806242883205,0.016989052295684814,0.2731631398200989,0.09098386019468307,0.11738048493862152,1.018180012702942,0.001106754643842578,0.0,0.4594056308269501,0.03158276528120041,0.0,0.0,0.0,0.0,0.03252526372671127,0.0,0.6585482358932495,0.0,0.0,0.0,0.0,0.04458177089691162,0.0075468625873327255,0.0,0.0,0.747495174407959,0.06370317190885544,0.0,0.006325714290142059,0.11503159999847412,0.1168094277381897,0.21639925241470337,0.22776249051094055,0.0,0.16542233526706696,0.277255117893219,0.0,0.0437040738761425,0.0,0.0,0.03003772161900997,0.025253204628825188,0.024996569380164146,0.0,1.4825466871261597,0.026580845937132835,0.0,0.08745327591896057,0.003419003216549754,0.0,0.0,0.0,0.002589050680398941,0.021765276789665222,0.0,0.5804710388183594,0.9799450635910034,0.010735206305980682,0.1171012744307518,0.0,0.0,0.022988006472587585,0.4079577624797821,6.914449386385968e-06,0.4785967767238617,0.0535961352288723,0.047114353626966476,0.025469055399298668,0.012049971148371696,0.012593726627528667,0.11432421207427979,0.0,0.04888246953487396,0.42761704325675964,0.0,0.0027317889034748077,0.0,0.3314647078514099,0.006402596831321716,0.09285430610179901,0.4125763177871704,0.9093844294548035,0.03486814349889755,0.03824598714709282,0.0,0.023304428905248642,0.6029248237609863,0.0,0.04393009468913078,0.03362266719341278,0.0,0.5325636863708496,0.079740509390831,0.056746214628219604,0.11148496717214584,0.0,0.720099925994873,0.0,0.9244384765625,0.0,0.32762211561203003,0.2955177426338196,0.28017961978912354,0.04279254004359245,0.09277550876140594,0.10445880889892578,0.009657928720116615,0.0,0.009632796980440617,0.036489374935626984,0.16346269845962524,0.0,0.008961288258433342,0.0,0.0,0.0030241161584854126,0.0,0.0,0.0,0.0,0.0,0.6880106329917908,0.0,0.0,0.02821456454694271,0.273453950881958,0.0,0.05461541935801506,0.12136010825634003,0.12061037868261337,0.03258294612169266,0.0,0.01113986223936081,0.13561563193798065,0.13754749298095703,0.388441264629364,0.00929124467074871,0.0,0.0625646561384201,0.0,0.098090261220932,0.4232443571090698,0.07870655506849289,0.0,0.19479870796203613,0.8332344889640808,0.22934220731258392,0.08278602361679077,0.0,0.0,0.003294867929071188,0.10251322388648987,0.0,0.148237943649292,0.3040401339530945,0.6533412933349609,0.0,0.09418903291225433,0.02251279354095459,0.18070650100708008,0.08483501523733139,0.0,0.017580902203917503,0.4703996181488037,0.004119207616895437,4.840238761971705e-05,0.3504849374294281,0.5619075894355774,0.029748916625976562,0.00442101527005434,0.5356019735336304,0.1033511832356453,0.028654688969254494,0.0,0.0,0.0,0.7600182890892029,0.010740832425653934,0.048728570342063904,0.29631322622299194,0.004639948718249798,0.014146546833217144,0.00883504468947649,0.5144751667976379,0.0313962884247303,0.0050349426455795765,0.06214388459920883,0.0,0.0,0.01256577204912901,0.0,0.06885506957769394,0.015295897610485554,0.03781306371092796,0.21232843399047852,0.0,0.0037663779221475124,0.68341463804245,0.09621216356754303,0.014167120680212975,0.023665087297558784,0.5628401637077332,0.0,0.03895735368132591,0.17589274048805237,0.012331468984484673,0.0,0.12483828514814377,0.19371746480464935,0.14459727704524994,0.8091527223587036,0.24178709089756012,0.13206979632377625,0.07847445458173752,0.10223397612571716,0.20011606812477112,0.8165901899337769,0.0,0.0,0.0745646208524704,0.06290263682603836,0.00033024486037902534,0.6907663941383362,0.010978876613080502,0.00863600056618452,0.0,0.3858223855495453,1.5502971410751343,0.5868709683418274,0.2962454557418823,0.0,0.06579716503620148,0.7782743573188782,0.014149407856166363,0.005537299904972315,0.05841299518942833,0.0,0.09750120341777802,0.7561454176902771,0.5520768165588379,0.02214592881500721,0.0,0.3507706820964813,0.7625954151153564,0.10634783655405045,0.012194477953016758,0.24018868803977966,0.0,0.0,0.08483969420194626,0.04204508289694786,0.0,0.009597748517990112,0.1950041949748993,9.999743633670732e-05,0.007984780706465244,0.0,0.9464104175567627,0.4244024157524109,0.37749001383781433,0.11840980499982834,0.01525305025279522,0.0392315573990345,0.03383642062544823,0.007399076595902443,0.316574364900589,1.1731767654418945,0.0011882761027663946,0.07082410156726837,0.03624514862895012,0.0984303280711174,0.9629020690917969,0.0,0.0037533186841756105,0.2702878713607788,0.3360895812511444,0.1043790653347969,0.15124663710594177,0.21006332337856293,0.0,0.016764812171459198,0.05554293468594551,0.06929740309715271,0.5261363387107849,0.575204610824585,0.0,0.2679906487464905,0.07190026342868805,0.017018232494592667,0.03714151680469513,0.09061263501644135,0.4538804888725281,0.08861802518367767,0.0,0.0,0.0,0.0037432610988616943,0.12695711851119995,0.0025794280227273703,0.0,0.008812684565782547,0.07072179019451141,0.29033219814300537,0.047616999596357346,0.10688135772943497,0.8093370795249939,0.011657634750008583,0.0012666044058278203,0.3151390850543976,0.03668627515435219,0.0011643959442153573,0.0,0.007222667336463928,0.0011741548078134656,0.025088345631957054,0.0,0.4757101833820343,0.0,0.0,0.0,0.0,0.10067449510097504,0.06420715153217316,0.0,0.0,0.6175341606140137,0.08552050590515137,0.0,0.0009031501831486821,0.059063803404569626,0.22169417142868042,0.185566708445549,0.12055134028196335,0.04981156438589096,0.16007159650325775,0.33294665813446045,0.0,0.044461268931627274,0.0018420134438201785,0.0,0.020605018362402916,0.07145721465349197,0.01859498955309391,0.0,1.4062238931655884,0.04627858102321625,0.0008655519923195243,0.03749888390302658,0.007049444131553173,0.0,0.0,0.024555688723921776,0.0008234637207351625,0.024808606132864952,0.0,0.5354323983192444,0.9543547034263611,0.013098948635160923,0.16621187329292297,0.0,0.005056228023022413,0.033833302557468414,0.4148404896259308,0.0,0.40332648158073425,0.08456986397504807,0.03245123103260994,0.029283467680215836,0.04125248268246651,0.03569464012980461,0.07869435846805573,0.0,0.12562571465969086,0.3088652789592743,0.006822200957685709,0.009354800917208195,0.0,0.2898743450641632,0.013660408556461334,0.1782517433166504,0.39276328682899475,0.9200426936149597,0.020934414118528366,0.05330543965101242,0.016117243096232414,0.014738108962774277,0.5430370569229126,0.017174147069454193,0.05335669964551926,0.06560033559799194,0.0,0.48000526428222656,0.06704153120517731,0.08943581581115723,0.09615958482027054,0.002363728592172265,0.5597919225692749,0.001631306018680334,0.9020333290100098,0.0,0.2560040056705475,0.23342542350292206,0.2013014853000641,0.027704628184437752,0.04751599580049515,0.11518646776676178,0.016701046377420425,0.0,0.002843267982825637,0.030598323792219162,0.15029408037662506,0.0,0.005987614393234253,0.037139855325222015,0.0003724240232259035,0.09915215522050858,0.0,0.0004324686015024781,0.0,0.0,0.0,0.7855222821235657,0.0,0.0,0.03638366609811783,0.18155916035175323,0.0,0.032175809144973755,0.0961962342262268,0.09824544191360474,0.005534627940505743,0.0,0.032430313527584076,0.08303205668926239,0.2337685376405716,0.5806649923324585,0.07619354128837585,0.0,0.11902810633182526,0.0,0.05208110809326172,0.2464190423488617,0.024917835369706154,0.009049369022250175,0.19239915907382965,0.773293673992157,0.20446047186851501,0.07170037180185318,0.013732971623539925,0.0,0.020556559786200523,0.11361348628997803,0.0,0.13295170664787292,0.36548516154289246,0.6381492018699646,0.011545275337994099,0.056489117443561554,0.02305610664188862,0.13343484699726105,0.06580431759357452,0.0,0.0364064984023571,0.3808521330356598,0.03775285184383392,0.027629537507891655,0.2670508325099945,0.494823157787323,0.04096445068717003,0.0025271913036704063,0.5385216474533081
241,0.22094476222991943,0.14054520428180695,0.09013261646032333,0.0,0.0,0.0,0.6588271260261536,0.03160395100712776,0.0,0.020282255485653877,0.030668985098600388,4.8391182644991204e-05,0.0,0.378491073846817,0.0,0.1291886866092682,0.06406199187040329,0.0,0.0,0.0,0.0,0.04763749614357948,0.0003955448919441551,0.17513398826122284,0.01570470817387104,0.0,0.0,0.5239138603210449,0.009133611805737019,0.11950044333934784,0.1729031205177307,0.3255641460418701,0.0,0.2711847126483917,0.09746825695037842,0.07384435087442398,0.0,0.27858608961105347,0.0014014645712450147,0.04736912250518799,0.10500334948301315,0.19752764701843262,0.0965365543961525,0.14179392158985138,0.16406172513961792,0.3161715269088745,0.368338018655777,0.055773310363292694,0.0,0.057086799293756485,0.2257363200187683,0.0,0.10150031745433807,0.025044431909918785,0.04974522069096565,0.0,0.37102070450782776,0.9085069298744202,0.3089969754219055,0.10204744338989258,0.0,0.03075166791677475,0.1935710459947586,0.0,0.0,0.026142865419387817,0.0,0.0,0.2858754098415375,0.19732236862182617,0.13593867421150208,0.0,0.23975789546966553,0.08821187168359756,0.11395858973264694,0.03317858278751373,0.004298361949622631,0.07485201954841614,0.0,0.17212708294391632,0.0,0.1020430475473404,0.0,0.13918602466583252,0.003818890079855919,0.0,0.0660281553864479,0.35816606879234314,0.27159711718559265,0.47343194484710693,0.06052437797188759,0.0,0.023132864385843277,0.09661015123128891,0.0,0.017151296138763428,0.683111846446991,0.0,0.006811114493757486,0.0,0.0,0.381049245595932,0.0,0.2429874837398529,0.5291200876235962,0.4083310067653656,0.07440757006406784,0.0018404468428343534,0.04264454543590546,0.0,0.0,0.10005410760641098,0.09563950449228287,0.3020831346511841,0.158161923289299,0.0,0.041728902608156204,0.0,0.11698582023382187,0.03499315679073334,0.0,0.09543427079916,0.0,0.015206818468868732,0.0,0.24782127141952515,0.0,0.0501696951687336,0.0,0.04587603360414505,0.0,0.13304241001605988,0.08093365281820297,0.0,0.05981432646512985,0.2590380311012268,0.0,0.0,0.05880764499306679,0.017418095842003822,0.0,0.0,0.04267056658864021,0.0,0.2592597007751465,0.0,0.10746940970420837,0.0004739375435747206,0.0,0.0,0.06556162983179092,0.2338898479938507,0.13459709286689758,0.0,0.0,0.4282986521720886,0.008946042507886887,0.0,0.03916550800204277,0.06340761482715607,0.47576290369033813,0.34863853454589844,0.017108643427491188,0.0,0.17082755267620087,0.16946418583393097,0.0,0.30623140931129456,0.0,0.0,0.000395260751247406,0.004878504201769829,0.036664947867393494,0.04120807722210884,0.37681856751441956,0.11775359511375427,0.030656814575195312,0.2588388919830322,0.0,0.013618293218314648,0.0,0.0,0.2694055438041687,0.00976558867841959,0.0,0.31513792276382446,0.39880311489105225,0.0,0.20581138134002686,0.0,0.0,0.0,0.15206921100616455,0.00962871965020895,0.33797529339790344,0.11150622367858887,0.027154812589287758,0.23265770077705383,0.0,0.062419675290584564,0.16966550052165985,0.0,0.04936261847615242,0.08863583952188492,0.0,0.0,0.0,0.0,0.0,0.10591818392276764,0.05489668250083923,0.44872844219207764,0.07953664660453796,0.3567698001861572,0.0,0.0658046081662178,0.5147473812103271,0.0,0.06095756217837334,0.30114734172821045,0.0,0.09896978735923767,0.0,0.0,0.013136133551597595,0.0,0.05813196673989296,0.0,0.45586490631103516,0.0,0.045702382922172546,0.0,0.39402005076408386,0.10609857738018036,0.037652403116226196,0.19468587636947632,0.08198626339435577,0.0,0.0875866636633873,0.16983669996261597,0.07651930302381516,0.0,0.0,0.43078458309173584,0.0,0.01758643239736557,0.041931867599487305,0.0,0.0,0.0,0.0,0.23852965235710144,0.0,0.0,0.01029555220156908,0.2641388475894928,0.0,0.10598953813314438,0.06739082932472229,0.008337886072695255,0.1966341733932495,0.0,0.0,0.2588692903518677,0.2941206693649292,0.031080832704901695,0.2026253193616867,0.0,0.2693580687046051,0.003598752897232771,0.024133136495947838,0.08557991683483124,0.0,0.0,0.39627817273139954,0.785223662853241,0.2727339267730713,0.13424012064933777,0.0,0.0,0.0,0.011498001404106617,0.030290033668279648,0.006917781196534634,0.06586119532585144,0.5442156195640564,0.0,0.09026734530925751,0.23580262064933777,0.1912364363670349,0.045507654547691345,0.0011794420424848795,0.011645256541669369,0.0,0.20276668667793274,0.018214184790849686,0.6153550148010254,0.03174259141087532,2.8369440769893117e-05,0.048023808747529984,0.00384318083524704,0.04812800884246826,0.046753425151109695,0.0,0.0,0.0,0.31098473072052,0.15296612679958344,0.0,0.03529120236635208,0.19272693991661072,0.08758015185594559,0.0,0.3521738648414612,0.1861354410648346,0.05481383576989174,0.0,0.11081989854574203,0.016227809712290764,0.0,0.0,0.20118975639343262,0.0,0.49532032012939453,0.05056823045015335,0.0,0.0,0.4605505168437958,0.005698170978575945,0.06429833173751831,0.0,0.18953068554401398,0.0,0.2792215347290039,0.0,0.0130653390660882,0.03083810582756996,0.11177933216094971,0.13979925215244293,0.35317957401275635,0.034613631665706635,0.026707762852311134,0.228734090924263,0.0,0.27425676584243774,0.0,0.23367124795913696,0.012697771191596985,0.0,0.048928312957286835,0.004685387481004,0.0,0.427449494600296,0.0,0.0,0.22499524056911469,0.0,0.6574132442474365,0.09084834158420563,0.0,0.0,0.19224728643894196,0.11242963373661041,0.08400397002696991,0.0,0.0002697962918318808,0.0,0.4973609745502472,0.06919871270656586,0.04946339875459671,0.0,0.0,0.13785162568092346,0.43607112765312195,0.0,0.11445007473230362,0.15112553536891937,0.060467805713415146,0.0,0.11880654841661453,0.053167250007390976,0.0,0.0,0.2586575746536255,0.4105537533760071,0.016415944322943687,0.0,0.13288910686969757,0.5315629839897156,0.2426261603832245,0.051502030342817307,0.26953497529029846,0.02453785389661789,0.023339077830314636,0.00032406506943516433,0.019798947498202324,0.32539182901382446,0.0,0.0,0.08622521162033081,0.12101578712463379,0.23616446554660797,0.0,0.4964441657066345,0.28985321521759033,0.014860523864626884,0.015706438571214676,0.12371490895748138,0.002067963359877467,0.0,0.2826373875141144,0.02687174640595913,0.029557283967733383,0.23019950091838837,0.007865970022976398,0.0,0.04308425262570381,0.20134462416172028,0.0067697749473154545,0.019992390647530556,0.26191446185112,0.03358256444334984,0.0,0.02021399326622486,0.09945061057806015,0.3297150433063507,0.0,0.0,0.2408750355243683,0.0,0.0,0.13244982063770294,0.0,0.01727515645325184,0.0,0.013491383753716946,0.006871384102851152,0.0,0.07286418974399567,0.0,0.0,0.0,0.0,0.0,0.10114296525716782,0.02385273016989231,0.010604744777083397,0.00930802058428526,0.13050371408462524,0.0,0.0,0.04372568055987358,0.016561660915613174,0.0,0.0,0.12465201318264008,0.024668119847774506,0.0,0.0,0.0,0.2165791541337967,0.0,0.07274860888719559,0.0,0.028135456144809723,0.11704622209072113,0.0,0.0034311655908823013,0.08749214559793472,0.0,0.0,0.005260783713310957,0.018963605165481567,0.0,0.06719856709241867,0.2933763265609741,0.0,0.006900557316839695,0.11154872924089432,0.04634389653801918,0.003242484526708722,0.0023651462979614735,0.13373124599456787,0.011931980960071087,0.023870224133133888,0.04158582165837288,0.12024116516113281,0.0,0.0,0.0,0.0,0.32018208503723145,0.19813789427280426,0.0,0.1329539269208908,0.20191822946071625,0.042076226323843,0.2501085102558136,0.33722496032714844,0.0,0.11268603801727295,0.0,0.0,0.028175929561257362,0.0,0.0,0.0,0.24201838672161102,0.15604883432388306,0.0,0.13445629179477692,0.211211696267128,0.0,0.011524362489581108,0.2737817168235779,0.0942106693983078,0.2015293389558792,0.0,0.0,0.37553390860557556,0.0,0.027678919956088066,0.05354330688714981,0.0,0.03389265760779381,0.0,0.09070829302072525,0.16503912210464478,0.07695154845714569,0.2979885935783386,0.01568838581442833,0.0,0.27376511693000793,0.03940042108297348,0.23720380663871765,0.04378236085176468,0.0,0.0,0.026846040040254593,0.012398796156048775,0.0,0.009848483838140965,0.006595442537218332,0.27329888939857483,0.09957442432641983,0.07953342795372009,0.05795516073703766,0.0,0.0,0.0,0.0,0.4036804437637329,0.0,0.0,0.004687933251261711,0.025525882840156555,0.0,0.03621684014797211,0.0,0.0035980790853500366,0.028103819116950035,0.057292938232421875,0.010331105440855026,0.04456315189599991,0.0,0.7350042462348938,0.019825885072350502,0.13431446254253387,0.11724049597978592,0.0,0.0,0.08224125951528549,0.20535250008106232,0.0,0.13747483491897583,0.1552075445652008,0.16154001653194427,0.0,0.0675995945930481,0.0,0.14388279616832733,0.030910704284906387,0.009462413378059864,0.27471277117729187,0.0,0.22318479418754578,0.0,0.0012624774826690555,0.4520098865032196,0.26350483298301697,0.016005096957087517,0.0,0.0,0.21518774330615997,0.3911203145980835,0.0,0.38558876514434814,0.3252021372318268,0.14031407237052917,0.0,0.19960498809814453,0.10723569244146347,0.027350865304470062,0.0,0.0005134050152264535,0.0,0.5364291667938232,0.10431382805109024,0.0,0.025467097759246826,0.0403568334877491,0.049865249544382095,0.0,0.4093676209449768,0.01838693767786026,0.10153117775917053,0.06547047942876816,0.0,0.0,0.0,0.0,0.10619541257619858,0.00039130268851295114,0.22493472695350647,0.027961112558841705,0.0,0.0,0.5747199058532715,0.015293437987565994,0.0468798466026783,0.08906126767396927,0.3481654226779938,0.0,0.24107317626476288,0.057653676718473434,0.06673608720302582,0.0,0.1616394966840744,0.04726625233888626,0.19302751123905182,0.13864906132221222,0.20370690524578094,0.1318829506635666,0.08685953170061111,0.24412748217582703,0.189457967877388,0.3895139694213867,0.042917873710393906,0.0,0.030826633796095848,0.13003243505954742,0.0,0.3084568679332733,0.0,0.03405880182981491,0.04537564516067505,0.19531352818012238,0.9235777854919434,0.2884283661842346,0.12007918208837509,0.0,0.16281618177890778,0.26148882508277893,0.0022416100837290287,0.0,0.002279156120494008,0.0,0.1266414225101471,0.3015347421169281,0.23268145322799683,0.06801297515630722,0.0,0.1626579910516739,0.2946433424949646,0.02113593928515911,0.11435451358556747,0.031163513660430908,0.04507697746157646,0.0,0.16086304187774658,0.011260558851063251,0.025969140231609344,0.0,0.21872073411941528,0.02048310823738575,0.00819289218634367,0.044867999851703644,0.41241833567619324,0.32729294896125793,0.3677455484867096,0.04632643237709999,0.010970668867230415,0.04269828274846077,0.07231273502111435,0.023976152762770653,0.04590122401714325,0.6644956469535828,0.0,0.004195437300950289,0.0888674184679985,0.006342874374240637,0.4373309016227722,0.0,0.1939360648393631,0.4397614300251007,0.1963023692369461,0.06550218164920807,0.014127446338534355,0.06072821840643883,0.0,0.08021549135446548,0.07363088428974152,0.039849769324064255,0.3143249452114105,0.1283186674118042,0.0,0.07378719002008438,0.0007682685973122716,0.06521841138601303,0.0255539920181036,0.10406920313835144,0.11111310869455338,0.01789366453886032,0.01932618021965027,0.029884284362196922,0.187087744474411,0.006593721453100443,0.03441138193011284,0.011274391785264015,0.0,0.0,0.12900733947753906,0.048286210745573044,0.003059897106140852,0.019885675981640816,0.24853064119815826,0.0,0.0,0.06647659093141556,0.028030432760715485,0.0,0.0,0.010625678114593029,0.0,0.1329495757818222,0.0,0.0961327999830246,0.0,0.0,0.0,0.037534914910793304,0.10565792769193649,0.09274302423000336,0.0,0.0,0.29800400137901306,0.025582754984498024,0.0,0.0021190184634178877,0.05165211483836174,0.31865355372428894,0.20446766912937164,0.018264908343553543,0.0,0.16318802535533905,0.1830272674560547,0.0,0.16824358701705933,0.0,0.0,0.009849178604781628,0.01007718313485384,0.027256106957793236,0.001733618788421154,0.39772459864616394,0.10653400421142578,0.003704923205077648,0.12135889381170273,0.030488381162285805,0.01810637302696705,0.0005358834168873727,0.0011090284679085016,0.18681101500988007,0.0108577786013484,0.0,0.3028240203857422,0.37501826882362366,0.0,0.08285047858953476,0.0,0.0,0.08364648371934891,0.20686711370944977,0.004917144775390625,0.3150673806667328,0.07625431567430496,0.026706071570515633,0.13919851183891296,0.018402166664600372,0.011416989378631115,0.10850825905799866,0.0,0.030072614550590515,0.08871481567621231,0.0,0.00019608595175668597,0.0,0.01529730949550867,0.0,0.032151028513908386,0.17915485799312592,0.4191969037055969,0.05097237601876259,0.14917300641536713,0.08233626931905746,0.04089928790926933,0.4178828001022339,0.00248837866820395,0.03517220914363861,0.30267107486724854,0.0,0.10621365904808044,0.0,0.010873283259570599,0.015228867530822754,0.0006533524137921631,0.07594742625951767,0.005404687486588955,0.4155155122280121,0.029696162790060043,0.07553411275148392,0.02606216073036194,0.30334556102752686,0.042139552533626556,0.2542349696159363,0.1325920671224594,0.0091322660446167,0.0,0.06802525371313095,0.09582215547561646,0.026518533006310463,0.0,0.0,0.2884865701198578,0.0031547683756798506,0.02378091774880886,0.009467002935707569,0.0,0.0,0.006825224496424198,0.0,0.3863520920276642,0.0,0.0,0.0012986685615032911,0.1662542223930359,0.0,0.06996666640043259,0.023459522053599358,0.021144282072782516,0.13353565335273743,0.0011705360375344753,0.0,0.11630672216415405,0.14206385612487793,0.3501781225204468,0.12016545236110687,0.0,0.17375792562961578,0.0020536917727440596,0.02946733497083187,0.0694739893078804,0.11570486426353455,0.0,0.2852480113506317,0.5819291472434998,0.1810470074415207,0.042408183217048645,0.0,0.0042015681974589825,0.0007053891895338893,0.008893042802810669,0.009860285557806492,0.009958265349268913,0.09922284632921219,0.4498978555202484,0.0,0.058909568935632706,0.249736487865448,0.27517151832580566,0.05012638121843338,0.0,0.002608342794701457,0.019378919154405594,0.21437108516693115,0.006584587972611189,0.4679422974586487,0.14179465174674988,0.007292305119335651,0.0034168162383139133,-1.3402680158615112
242,0.47120118141174316,0.07365681231021881,0.08961840718984604,0.0,0.0,0.0,0.831439733505249,0.008989649824798107,0.0,0.3964564800262451,0.0,0.0,0.0,0.4491686224937439,0.0,0.035337917506694794,0.04135981202125549,0.0,0.0,0.030930783599615097,0.0,0.010850334540009499,0.00281246704980731,0.048748284578323364,0.3225034177303314,0.0,0.0,0.5782067775726318,0.030639294534921646,0.012696266174316406,0.04378615692257881,0.5698590874671936,0.0,0.04029327630996704,0.11112887412309647,0.019081149250268936,0.0,0.22143319249153137,0.15412075817584991,0.06412317603826523,0.8953627347946167,0.22429847717285156,0.07351426035165787,0.0558491088449955,0.12124142050743103,0.11431688070297241,0.9510701298713684,0.0073657771572470665,0.0,0.14447513222694397,0.20022685825824738,0.0,0.5380289554595947,0.0,0.05348934605717659,0.0,0.3303150236606598,1.5779811143875122,0.42006242275238037,0.3389747738838196,0.0,0.0354682132601738,0.687696099281311,0.0,0.0,0.012775138020515442,0.0,0.03599477559328079,0.6962698698043823,0.3429916501045227,0.1331912726163864,0.0,0.5181646347045898,0.7858050465583801,0.0997137650847435,0.015420721843838692,0.2720581591129303,0.005516425706446171,0.0,0.08015940338373184,0.029736122116446495,0.0070083229802548885,0.02618277631700039,0.2742452025413513,0.0,0.015338887460529804,0.0,0.855745255947113,0.46281611919403076,0.3507367670536041,0.23611758649349213,0.0,0.03639582544565201,0.05847577750682831,0.011816181242465973,0.45876699686050415,0.9551774859428406,0.0,0.017864685505628586,0.00942707248032093,0.05246752128005028,0.5647271871566772,0.0,0.0,0.29727745056152344,0.29384541511535645,0.0754421129822731,0.1383531391620636,0.2500268518924713,0.0,0.0,0.09312436729669571,0.12506461143493652,0.4154202938079834,0.8557095527648926,0.0,0.15065021812915802,0.09240666776895523,0.1043626070022583,0.06516764312982559,0.0049246856942772865,0.5821627974510193,0.1594606190919876,0.00954743567854166,0.0,0.0019887578673660755,0.0,0.14643283188343048,0.0,0.0,0.011659961193799973,0.05352454632520676,0.25589683651924133,0.07275116443634033,0.1661113053560257,0.9795106053352356,0.0,0.0,0.4439154267311096,0.019385740160942078,0.0,0.0,0.0,0.0,0.035615019500255585,0.0,0.6650882959365845,0.0,0.0,0.0,0.0,0.07029123604297638,0.03461203724145889,0.0,0.0,0.8074477910995483,0.05531316623091698,0.0,0.004171664826571941,0.11453033983707428,0.22237679362297058,0.21927522122859955,0.20362801849842072,0.0,0.17180611193180084,0.2816776633262634,0.0,0.07285532355308533,0.0,0.0,0.027748726308345795,0.04435982555150986,0.031317878514528275,0.0400439016520977,1.3046811819076538,0.06390640884637833,0.0032191453501582146,0.22113937139511108,0.0,0.0,0.0,0.0,0.000924614374525845,0.03437243402004242,0.0,0.6312083601951599,0.9205843806266785,0.03839324414730072,0.16492651402950287,0.0,0.0,0.020845243707299232,0.30038172006607056,0.0010525385150685906,0.4309075176715851,0.09667374193668365,0.04156895726919174,0.040495652705430984,0.003465913934633136,0.05730389058589935,0.11298055201768875,0.0,0.04232950881123543,0.4458417296409607,0.0,0.0004476701724343002,0.0,0.2847159504890442,0.012307008728384972,0.024130472913384438,0.30788326263427734,0.8429533839225769,0.034904416650533676,0.11292809993028641,0.0,0.04054613038897514,0.6424926519393921,0.0,0.09689566493034363,0.11684473603963852,0.0,0.5013769865036011,0.06535843014717102,0.09035176038742065,0.06923404335975647,0.0,0.7744443416595459,0.0,0.8765925765037537,0.0,0.2490541636943817,0.3002563416957855,0.36030951142311096,0.11810871213674545,0.12204162776470184,0.1400010734796524,0.01887228526175022,0.0,0.012851299718022346,0.034340161830186844,0.12124844640493393,0.0,0.00038849361590109766,0.00527151208370924,0.0,0.0,0.0,0.0,0.0,0.0,0.0,0.572746992111206,0.0,0.0,0.020577093586325645,0.3704500198364258,0.017336905002593994,0.07829698920249939,0.18085885047912598,0.1754123717546463,0.08140101283788681,0.0,0.017251519486308098,0.2519451081752777,0.21423423290252686,0.32654333114624023,0.03583073616027832,0.0,0.11825892329216003,0.0,0.0873618796467781,0.505525529384613,0.01123120915144682,0.0,0.2748259902000427,0.8034087419509888,0.35167384147644043,0.13681234419345856,0.0,0.0,0.0017627410124987364,0.09196058660745621,0.0,0.13757538795471191,0.31278204917907715,0.6665862798690796,0.0,0.1625789999961853,0.04116997495293617,0.20434951782226562,0.10882603377103806,0.0,0.028392797335982323,0.38127994537353516,0.0210882481187582,0.00020723071065731347,0.4534177780151367,0.4482746720314026,0.014791440218687057,0.013002105988562107,0.21135397255420685,0.16368333995342255,0.3006960451602936,0.002022149972617626,0.0,0.0,0.6620597839355469,0.007338314782828093,0.01444399543106556,0.2242066115140915,0.11454814672470093,0.0,0.006280526518821716,0.4398556649684906,0.0,0.009850467555224895,0.01355209480971098,0.0,0.029359210282564163,0.002865022514015436,0.0,0.008065898902714252,0.04125101491808891,0.22342093288898468,0.15631404519081116,0.0,0.0,0.5896819829940796,0.051792412996292114,0.03436441347002983,0.020618952810764313,0.3704442083835602,0.0,0.03597940132021904,0.2675250470638275,0.03427460417151451,0.024952037259936333,0.41178885102272034,0.06738121807575226,0.0063053942285478115,0.45375940203666687,0.1704915314912796,0.24578538537025452,0.06500820815563202,0.14888985455036163,0.37461671233177185,0.365071564912796,0.00728614954277873,0.0,0.08387341350317001,0.049301937222480774,0.024698102846741676,0.33403024077415466,0.0024955717381089926,0.04790530726313591,0.0,0.6341126561164856,1.0662723779678345,0.47533494234085083,0.07243207842111588,0.0,0.0,0.29114994406700134,0.0,0.0,0.030841363593935966,0.003048443468287587,0.11773202568292618,0.39951276779174805,0.3035438358783722,0.2064230740070343,0.0,0.2849150598049164,0.35565266013145447,0.1292908489704132,0.0032504878472536802,0.16454321146011353,0.027914052829146385,0.05700276419520378,0.07382573932409286,0.09183510392904282,0.0,0.004968573804944754,0.16115079820156097,0.15292750298976898,0.036931272596120834,0.006592522840946913,0.4098944365978241,0.4637494683265686,0.23136471211910248,0.1696758270263672,0.17911551892757416,0.13305436074733734,0.19771039485931396,0.0,0.3549935817718506,0.6166591644287109,0.0,0.0038551469333469868,0.0,0.12752480804920197,0.4324106276035309,0.0,0.23713107407093048,0.27916571497917175,0.35417088866233826,0.13047058880329132,0.20352843403816223,0.13989180326461792,0.0,0.011352458968758583,0.10612738132476807,0.127827450633049,0.32633140683174133,0.511719822883606,0.0,0.1708398014307022,0.1291632205247879,0.08304929733276367,0.05834691599011421,0.0,0.5261316299438477,0.21322683990001678,0.0,0.0,0.011463630944490433,0.0,0.28547045588493347,0.019630268216133118,0.0,0.0,0.0010322887683287263,0.3106068968772888,0.07316531985998154,0.054214298725128174,0.3361462354660034,0.0,0.0,0.2943195402622223,0.03190044313669205,0.0,0.0,0.10404369980096817,0.0,0.1476890742778778,0.005969866644591093,0.2932624816894531,0.01536628883332014,0.09134518355131149,0.0,0.0,0.40263253450393677,0.020653344690799713,0.0,0.0,0.8684978485107422,0.075149767100811,0.018069501966238022,0.010028261691331863,0.042474403977394104,0.4163159430027008,0.22669334709644318,0.17270304262638092,0.0,0.07547541707754135,0.1286180317401886,0.0013771954691037536,0.20559315383434296,0.005333349108695984,0.0,0.06609470397233963,0.004401098471134901,0.02549971640110016,0.02965303137898445,0.781672477722168,0.07660334557294846,0.02138376608490944,0.16806825995445251,0.01080312766134739,0.018513699993491173,0.0,0.042925164103507996,0.12901437282562256,0.04174438863992691,0.01700666919350624,0.2911026179790497,0.46161794662475586,0.0,0.521885335445404,0.0,0.0,0.016904396936297417,0.10552322864532471,0.0,0.1781127154827118,0.4355640411376953,0.22152642905712128,0.1534048169851303,0.09620432555675507,0.2731040120124817,0.11747045814990997,0.0,0.09102772921323776,0.3304016590118408,0.0,0.0018539518350735307,0.03087480179965496,0.0,0.0910230204463005,0.21245895326137543,0.09627927094697952,0.4468301832675934,0.000563003879506141,0.39303451776504517,0.05527415871620178,0.0703425481915474,0.5113773345947266,0.018741104751825333,0.09145786613225937,0.12788067758083344,0.005904513876885176,0.3377918004989624,0.1075432226061821,0.1490030288696289,0.05730927735567093,0.0050107515417039394,0.5648149251937866,0.07215465605258942,0.5766286849975586,0.007657333742827177,0.2248346358537674,0.06827103346586227,0.44339719414711,0.17542152106761932,0.024963874369859695,0.1377827674150467,0.23502187430858612,0.0,0.01472224947065115,0.007736827712506056,0.1735798716545105,0.01623666286468506,0.005489659495651722,0.12048237770795822,0.07032069563865662,0.1927460879087448,0.07577567547559738,0.0,0.0,0.0,0.0,0.394935667514801,0.0,0.0,0.07308560609817505,0.49655094742774963,0.0072781117632985115,0.04997655376791954,0.054081499576568604,0.09324093908071518,0.023699847981333733,0.0,0.07982303202152252,0.19840936362743378,0.4267433285713196,0.1031820997595787,0.12373550236225128,0.05542928725481033,0.13857121765613556,0.0,0.0081739891320467,0.17589424550533295,0.0,0.0,0.8221926093101501,0.5827541947364807,0.23567628860473633,0.2619774043560028,0.003103991039097309,0.0,0.04674599692225456,0.08386930078268051,0.060932695865631104,0.17490558326244354,0.23034024238586426,0.47793886065483093,0.006964626256376505,0.06950539350509644,0.08496613800525665,0.092059426009655,0.1277420073747635,0.0,0.005977871362119913,0.05714227631688118,0.0987311527132988,0.03154429420828819,0.3692677915096283,0.1976015567779541,0.12157999724149704,0.06478565186262131,0.4522436261177063,0.1720293015241623,0.1650107055902481,0.020300641655921936,0.003353327279910445,0.0,0.8405067324638367,0.015854671597480774,0.018468378111720085,0.34237420558929443,0.009294967167079449,0.0019180728122591972,0.02111286297440529,0.5403034687042236,0.0,0.05919695645570755,0.0936393067240715,0.0,0.0,0.05383751913905144,0.0,0.0377042256295681,0.06567826122045517,0.033176716417074203,0.13327883183956146,0.0,0.006291847676038742,0.6706840991973877,0.09483834356069565,0.017980113625526428,0.08892229199409485,0.5182893872261047,0.0,0.04421151801943779,0.27910315990448,0.02680489793419838,0.0,0.28167033195495605,0.09916098415851593,0.11343168467283249,0.7036056518554688,0.3368849456310272,0.12305823713541031,0.10880762338638306,0.15779553353786469,0.4488714337348938,0.7493488192558289,0.0032096996437758207,0.0,0.09145118296146393,0.1578175574541092,0.006409072782844305,0.46453115344047546,0.021890517324209213,0.03494645655155182,0.0,0.7023510336875916,1.5191404819488525,0.6378554701805115,0.27023813128471375,0.0,0.0561186745762825,0.6824160814285278,0.0,0.005426567979156971,0.11200783401727676,0.0009552016854286194,0.023412782698869705,0.7188079953193665,0.5059731602668762,0.18456314504146576,0.0,0.38628828525543213,0.5191463232040405,0.24529679119586945,0.03304418548941612,0.12033087015151978,0.009831259027123451,0.0029504254925996065,0.12102148681879044,0.03623483330011368,0.0,0.031999364495277405,0.20235943794250488,0.02181023173034191,0.018554672598838806,0.0,0.8321394324302673,0.34462448954582214,0.41369858384132385,0.21878018975257874,0.009083565324544907,0.016925543546676636,0.07576044648885727,0.015428775921463966,0.33515307307243347,1.0778933763504028,0.0,0.09048216789960861,0.036075569689273834,0.05277548357844353,0.7917502522468567,0.0,0.05474868416786194,0.3414436876773834,0.4648878276348114,0.16287589073181152,0.10154625028371811,0.21571703255176544,0.0,0.005767104681581259,0.08232685178518295,0.1199909970164299,0.4491024613380432,0.650826632976532,0.0,0.20902781188488007,0.07256358116865158,0.10187391191720963,0.06166334077715874,0.025753382593393326,0.4763849377632141,0.17962805926799774,0.0055544376373291016,0.0,0.0,0.0,0.21789801120758057,0.0,0.0022578865755349398,0.004613530356436968,0.04577549174427986,0.36111125349998474,0.03970661014318466,0.17079241573810577,0.76286381483078,0.0,0.0,0.4254632890224457,0.07089351862668991,0.0,0.0,0.01691599003970623,0.0,0.04547428339719772,0.0,0.47658902406692505,0.0,0.0,0.0,0.0,0.23400186002254486,0.07211115956306458,0.0,0.0,0.8011239171028137,0.12053511291742325,0.0,0.010610806755721569,0.07312219589948654,0.3901297152042389,0.2904823422431946,0.10951533168554306,0.02523200586438179,0.2100381851196289,0.2921867072582245,0.0,0.21723704040050507,0.0,0.0,0.02317526750266552,0.009316110983490944,0.01191062480211258,0.013683992438018322,1.301298975944519,0.04741215333342552,0.030497176572680473,0.22455070912837982,0.0,0.003718466032296419,0.0,0.0066079809330403805,0.06697624176740646,0.05161568149924278,0.0,0.5834966897964478,0.9125431180000305,0.05038893222808838,0.42111635208129883,0.0,0.0,0.0,0.2851361036300659,0.03187089040875435,0.4159250259399414,0.21029578149318695,0.03288504108786583,0.1500059962272644,0.006887109484523535,0.1641397476196289,0.0879337415099144,0.0,0.13731352984905243,0.3532089293003082,0.0,0.034980859607458115,0.0,0.055094536393880844,0.05051032826304436,0.2479507029056549,0.22592340409755707,0.8580824136734009,0.023879503831267357,0.30771178007125854,0.004551123362034559,0.08749215304851532,0.6525797247886658,0.02584247849881649,0.17257444560527802,0.08139290660619736,0.0,0.459550142288208,0.019524022936820984,0.12522737681865692,0.03229669854044914,0.0,0.5142756104469299,0.0010515361791476607,0.9127323031425476,0.0,0.23822198808193207,0.13006816804409027,0.29380327463150024,0.13064518570899963,0.06145535036921501,0.15757060050964355,0.16597740352153778,0.0,0.016319161280989647,0.01315484382212162,0.20358982682228088,0.0,0.007139969151467085,0.10805781185626984,0.0,0.11579253524541855,0.008163987658917904,0.0,0.0,0.009428677149116993,0.0,0.6127001643180847,0.0,0.0,0.03209712356328964,0.35744550824165344,0.014092954806983471,0.11829713732004166,0.10964632034301758,0.12657859921455383,0.07542135566473007,0.0,0.02379659377038479,0.2427206039428711,0.42952924966812134,0.20681419968605042,0.16799615323543549,0.0,0.21629667282104492,0.0,0.05713437870144844,0.2971913814544678,0.004909095354378223,0.008549626916646957,0.48448166251182556,0.9222774505615234,0.2793845236301422,0.2591017186641693,0.0,0.0,0.01497187651693821,0.09901364892721176,0.034257177263498306,0.06919340044260025,0.3611058294773102,0.6774241328239441,0.011659706011414528,0.10185473412275314,0.053981807082891464,0.1925378292798996,0.07316384464502335,0.0,0.09334659576416016,0.11628301441669464,0.03200749680399895,0.07843589037656784,0.35654017329216003,0.26673057675361633,0.05908607318997383,0.049893852323293686,-1.1098898649215698
243,0.13153815269470215,0.12858760356903076,0.03004780039191246,0.0,0.0,0.0,0.5562533140182495,0.05380178242921829,0.0,0.010689820162951946,0.03480154275894165,0.00260109337978065,0.0,0.3128419816493988,0.0,0.10133884102106094,0.05611870810389519,0.0,0.0,0.0,0.0,0.05313727259635925,0.0,0.23703445494174957,0.02067524753510952,0.0,0.0,0.4913625419139862,0.011280184611678123,0.09143953025341034,0.11721061915159225,0.31382495164871216,0.0,0.282706618309021,0.09305407851934433,0.054687339812517166,0.008726174011826515,0.21744012832641602,0.001476589939557016,0.07102115452289581,0.06225984916090965,0.16409090161323547,0.08353523164987564,0.11004164069890976,0.1733936071395874,0.16816218197345734,0.2776561677455902,0.026863113045692444,0.0,0.046216439455747604,0.16113682091236115,0.0,0.15428856015205383,0.019062049686908722,0.04703988507390022,0.0,0.30243420600891113,0.7333893775939941,0.2095789760351181,0.06671468168497086,0.0,0.08180157095193863,0.14018121361732483,0.0,0.0,0.009148037992417812,0.0,0.0,0.2182289958000183,0.15299701690673828,0.0365862138569355,0.0,0.17397506535053253,0.1411513388156891,0.0771331712603569,0.04741378873586655,0.009152904152870178,0.0588875412940979,0.0,0.1588183045387268,0.00938901025801897,0.06765460968017578,0.0,0.13808095455169678,0.0011169823119416833,0.0,0.058433063328266144,0.28909072279930115,0.33238694071769714,0.41317516565322876,0.03734861686825752,0.0,0.02431419864296913,0.07341345399618149,0.0,0.016532711684703827,0.5905753374099731,0.0,0.005387780722230673,0.0,0.0,0.3674263060092926,0.0,0.26546066999435425,0.41535863280296326,0.2449435591697693,0.05567939952015877,0.008707800880074501,0.005539460573345423,0.0,0.0,0.06696517765522003,0.04628325626254082,0.2565564215183258,0.0803874060511589,0.0,0.03540181741118431,0.0,0.09012733399868011,0.021488627418875694,0.0,0.056905072182416916,0.0,0.008996901102364063,0.0,0.32387545704841614,0.0,0.027254806831479073,0.0,0.033114347606897354,0.0,0.16968075931072235,0.03239649161696434,0.0028584820684045553,0.0330452062189579,0.13951373100280762,0.0,0.0,0.05075351893901825,0.010137014091014862,0.0,0.0,0.013710932806134224,0.0,0.14939726889133453,0.0,0.04916941747069359,0.0,0.007824589498341084,0.0,0.05180671811103821,0.15970702469348907,0.09217426925897598,0.0,0.0,0.31081023812294006,0.01859320141375065,0.0,0.03400709107518196,0.03834942728281021,0.30184850096702576,0.2095961570739746,0.013509219512343407,0.0,0.13388940691947937,0.11398546397686005,0.0,0.1704460084438324,0.0,0.0,0.0,0.002265953691676259,0.022037873044610023,0.02868298813700676,0.2555587887763977,0.11340128630399704,0.026940813288092613,0.1474878191947937,0.0,0.02282305806875229,0.0,0.0,0.22601720690727234,0.0,0.0,0.2037024348974228,0.33564332127571106,0.0,0.08683321624994278,0.0,0.0,0.0,0.14073991775512695,0.008201501332223415,0.28719282150268555,0.09654376655817032,0.02784579247236252,0.21012119948863983,0.0,0.04135638475418091,0.12204794585704803,0.0,0.03324095532298088,0.09259480237960815,0.0,0.0,0.0,0.0,0.0,0.09389567375183105,0.05115225166082382,0.37553492188453674,0.04071866348385811,0.2569482922554016,0.0,0.07176444679498672,0.40695667266845703,0.0007231479394249618,0.028414223343133926,0.2533780038356781,0.0,0.07320413738489151,0.0,0.0003991533594671637,0.013262348249554634,0.0,0.058382511138916016,0.0,0.36639687418937683,0.0,0.010631314478814602,0.0,0.33714237809181213,0.07933700084686279,0.07300762087106705,0.13905219733715057,0.05063137784600258,0.0,0.03970684856176376,0.08612551540136337,0.0627865344285965,0.0,0.0,0.34194737672805786,0.0,0.019089147448539734,0.05012441426515579,0.0,0.0,0.0,0.0,0.2785615026950836,0.0,0.0,0.01285085640847683,0.15001901984214783,0.0,0.07677320390939713,0.05956804007291794,0.005413317121565342,0.15919899940490723,0.0,0.0,0.16626282036304474,0.21273648738861084,0.10866978019475937,0.11625723540782928,0.0,0.18332929909229279,0.0,0.006549063138663769,0.08812972158193588,0.0012092192191630602,0.0,0.3314476013183594,0.5888422727584839,0.21927380561828613,0.06503534317016602,0.0,0.0,0.0,0.002769127953797579,0.013730060309171677,0.007652553729712963,0.046891529113054276,0.4589390456676483,0.0,0.06468583643436432,0.23182375729084015,0.16791141033172607,0.021466994658112526,0.0,0.003176826983690262,0.0,0.23012106120586395,0.0,0.5445550084114075,0.04758678004145622,0.002124018734320998,0.024829111993312836,0.0,0.15798823535442352,0.5601649880409241,0.0,0.0,0.0,0.44443634152412415,0.071738101541996,0.0,0.0,0.19791114330291748,0.004780867602676153,0.005373915191739798,0.19369655847549438,0.0,0.10133176296949387,0.0,0.0,0.0,0.0,0.0,0.21889431774616241,0.08665861934423447,1.0037529468536377,0.0,0.0,0.0,0.8775172829627991,0.08808505535125732,0.033179059624671936,0.23348252475261688,0.2660458981990814,0.0,0.4841587245464325,0.09064127504825592,0.37376466393470764,0.36171144247055054,0.8002050518989563,0.0,0.00011120778071926907,0.0,0.4371699392795563,0.0415678434073925,0.2870276868343353,0.734644889831543,0.8025611042976379,0.011659681797027588,0.0,0.0,0.24627338349819183,0.3121108114719391,0.0,0.001709587057121098,0.005285365041345358,0.17951259016990662,0.010520152747631073,0.5436130166053772,0.4403592348098755,0.08089417964220047,0.0,0.0,0.09579356759786606,0.0,0.0,0.0,0.057793617248535156,0.0,0.0,0.039858072996139526,0.0010976168559864163,0.5871623754501343,0.0,0.2691119611263275,0.0,0.052575238049030304,0.27512994408607483,0.0,0.7442752718925476,0.0010737694101408124,0.08556698262691498,0.07485749572515488,0.2558077275753021,0.0008931741467677057,0.2282744199037552,0.22044320404529572,0.0,0.18033474683761597,0.021380385383963585,0.5279111862182617,0.43102094531059265,0.11688588559627533,0.0,0.0007903981604613364,0.565895140171051,0.001979650231078267,0.0,0.2020007222890854,0.12075895816087723,0.0,0.031473517417907715,0.0,0.0,0.0,0.7551568150520325,0.7360173463821411,0.1745629608631134,0.2089177519083023,0.011775485239923,0.0,0.0,0.0,0.2136659473180771,0.2002289891242981,0.16070504486560822,0.058981649577617645,0.0,0.0,0.0011603079037740827,0.20221161842346191,0.17340798676013947,0.0,0.05195354297757149,0.2498607635498047,0.018612997606396675,0.0,0.5502147674560547,0.0,0.2766103148460388,0.005514482501894236,0.0,0.0,0.006195764522999525,0.10075095295906067,0.0,0.05133194848895073,0.0,0.0,0.0,0.0,0.015823205932974815,0.0,0.08605700731277466,0.6626020669937134,0.0,0.6247814893722534,0.0,0.0,0.13287903368473053,0.04965979605913162,0.0,0.04936990886926651,0.795603334903717,0.19644179940223694,0.0,0.0,0.5115007758140564,0.03614059463143349,0.0,0.0,0.0,1.1151150465011597,0.16824783384799957,0.0,0.0,0.17917652428150177,0.007946056313812733,0.05175385624170303,0.5464858412742615,0.0,0.0,0.016031570732593536,0.0,0.029355475679039955,0.10630376636981964,0.0,0.33463194966316223,0.00014525196456816047,0.6424973011016846,0.001482496620155871,0.007303236518055201,0.0,0.0,0.9842861294746399,0.0,0.0,0.11881294846534729,0.034007467329502106,0.13513168692588806,0.6313749551773071,0.0,0.0,0.0,0.0001224440784426406,0.09469595551490784,0.06654366850852966,0.7098208069801331,0.0015895465621724725,0.9691662192344666,0.0035142898559570312,0.026256190612912178,0.21147044003009796,0.0,0.010310692712664604,0.0,0.0,0.0,0.0,0.0,0.012370101176202297,0.0,0.0,0.05693491920828819,0.06538969278335571,0.6699142456054688,0.04861350357532501,0.23495347797870636,0.4376850724220276,0.0,0.0935404971241951,0.6648993492126465,0.0,0.0,0.0,0.0,0.0,0.06644019484519958,0.006657052785158157,0.10924728214740753,0.14056678116321564,0.02715810388326645,0.0,0.0,0.8924106955528259,0.4951096773147583,0.05526234582066536,0.18273143470287323,0.045840732753276825,0.0,0.26493290066719055,0.03855220228433609,0.0,0.0,0.0,1.1857706308364868,0.0,0.060454607009887695,0.017494844272732735,0.0,0.0,0.0,0.0,0.02182810939848423,0.0,0.05795319378376007,0.0,0.8203878402709961,0.03498203307390213,0.036841608583927155,0.0036348828580230474,0.06927856057882309,0.48136112093925476,0.0,0.0,0.5532345771789551,0.24402554333209991,0.005826431792229414,0.4645098149776459,0.08375051617622375,0.24381133913993835,0.0514240525662899,0.0,0.07434640824794769,0.0,0.024106455966830254,1.687408685684204,0.5347533822059631,0.46931490302085876,0.02360270358622074,0.0,0.0009344708523713052,0.011653868481516838,0.0021249905694276094,0.543274998664856,0.0,0.0,0.30835050344467163,0.001334693282842636,0.0,0.7725444436073303,0.3331720530986786,0.016632547602057457,0.004139282740652561,0.0,0.0,0.5580418705940247,0.06895602494478226,0.605607271194458,0.0,0.09890732914209366,0.3308049738407135,0.06692247092723846,0.12981188297271729,0.15124009549617767,0.0,0.0,0.0,0.45582324266433716,0.08934953808784485,0.0,0.0098977480083704,0.06162822246551514,0.018265994265675545,0.0010180724784731865,0.2950490713119507,0.0,0.08332377672195435,0.052036236971616745,0.0,0.0,0.0,0.0,0.09849880635738373,0.04262840002775192,0.5337772369384766,0.0,0.0,0.0,0.7058641314506531,0.05541669577360153,0.03434557467699051,0.16679781675338745,0.36292847990989685,0.0,0.3909483850002289,0.10419017821550369,0.24362307786941528,0.0407816618680954,0.42076319456100464,0.0007622018456459045,0.055214837193489075,0.0025618786457926035,0.3450833261013031,0.056355271488428116,0.24436287581920624,0.4451100826263428,0.520480215549469,0.10500358045101166,0.0,0.0,0.10761873424053192,0.21706523001194,0.0,0.16156010329723358,0.024655571207404137,0.07838977128267288,0.0066639697179198265,0.4844476878643036,0.677710771560669,0.18720433115959167,0.04022306576371193,0.0,0.08568281680345535,0.022275369614362717,0.0,0.0,0.09869728982448578,0.0,0.031417809426784515,0.20322591066360474,0.07077533006668091,0.24008065462112427,0.0,0.18737518787384033,0.046426642686128616,0.07226954400539398,0.1453438252210617,0.0,0.25447654724121094,0.0009258813224732876,0.1271113157272339,0.014651654288172722,0.1394934207201004,0.009048392996191978,0.1901940256357193,0.08461450785398483,0.0033159053418785334,0.10605742037296295,0.2123202085494995,0.3862335979938507,0.39291155338287354,0.06153962388634682,0.0,0.04394427314400673,0.2190936952829361,0.019227072596549988,0.028894640505313873,0.44582292437553406,0.000747591839171946,0.008693655021488667,0.03135595843195915,0.0,0.16374419629573822,0.0,0.3178945481777191,0.484944611787796,0.2867290675640106,0.1516290158033371,0.03041880950331688,0.0024232196155935526,0.0,0.00807707104831934,0.0892721489071846,0.0592191219329834,0.20365481078624725,0.07934410870075226,0.0,0.005860566161572933,0.0,0.10092586278915405,0.07597988843917847,0.0022401739843189716,0.07330169528722763,0.09904345124959946,0.009178291074931622,0.001899165567010641,0.3131869435310364,0.0006860608118586242,0.1606273353099823,0.0,0.008175653405487537,0.0,0.05165089666843414,0.06820935010910034,0.0,0.0662761777639389,0.06313852220773697,0.0,0.004244054667651653,0.056660186499357224,0.038521818816661835,0.0,0.003288652515038848,0.3343505263328552,0.0,0.30307599902153015,0.0,0.0,0.002453759079799056,0.01924925670027733,0.0,0.03749311342835426,0.4609867334365845,0.19144900143146515,0.005819247104227543,0.0,0.4061751961708069,0.0328327938914299,0.0,0.014059813693165779,0.02295980602502823,0.6417341828346252,0.2644360661506653,0.0,0.0,0.1383955031633377,0.047581885010004044,0.014453564770519733,0.3175544738769531,0.0,0.0,0.008429795503616333,0.0,0.024504343047738075,0.12702986598014832,0.13682949542999268,0.1327250748872757,0.013244199566543102,0.32466602325439453,0.028949828818440437,0.010989458300173283,0.0,0.0015788631280884147,0.4761224091053009,0.0006688049179501832,0.0038863890804350376,0.2358417510986328,0.2041347324848175,0.026813846081495285,0.3716297745704651,0.003364908043295145,0.0,0.0,0.011920062825083733,0.09365088492631912,0.19936257600784302,0.3027474284172058,0.017238279804587364,0.43005189299583435,0.0060228463262319565,0.036300621926784515,0.07698963582515717,0.0,0.1090584322810173,0.0007423037313856184,0.0,0.0,0.0,0.0,0.0,0.0596097894012928,0.00041809031972661614,0.26121625304222107,0.05178981274366379,0.4359686076641083,0.021616870537400246,0.09413599222898483,0.400601327419281,0.0019496397580951452,0.06439021229743958,0.31280001997947693,0.027719667181372643,0.03639712929725647,0.0,0.0,0.0,0.014841904863715172,0.04138565808534622,0.013461894355714321,0.3463810682296753,0.017850810661911964,0.0,0.0,0.5127870440483093,0.30489054322242737,0.1504180133342743,0.18469609320163727,0.06650258600711823,0.002706236205995083,0.09401733428239822,0.07503048330545425,0.017667848616838455,0.0,0.0,0.6043518781661987,0.0,0.09016052633523941,0.002166364574804902,0.0,0.0,0.0,0.0,0.2341379076242447,0.0,0.0,0.0,0.37224239110946655,0.0030713395681232214,0.03263343498110771,0.02400064468383789,0.04077781364321709,0.2507861852645874,0.0,0.0,0.2880024313926697,0.2828150987625122,0.0864119902253151,0.2612920105457306,0.004733663517981768,0.16940604150295258,0.02027883753180504,0.004981166683137417,0.047174230217933655,0.021484943106770515,0.014371576718986034,1.0401506423950195,0.5334552526473999,0.24372375011444092,0.04959487169981003,0.0,0.010105492547154427,0.0008239322924055159,0.021067874506115913,0.15054449439048767,0.0012347142910584807,0.04565301164984703,0.4144500494003296,0.0,0.009451804682612419,0.4438926875591278,0.22358490526676178,0.0736912339925766,0.0,0.01380860060453415,0.0,0.2568662166595459,0.05345011502504349,0.4138151705265045,0.037967436015605927,0.019886638969182968,0.09648910164833069,-0.8706455230712891
244,0.010871869511902332,0.07731997221708298,0.003566709579899907,0.0,0.0,0.0,0.04559313878417015,0.11703434586524963,0.0,0.11888720095157623,0.3507412374019623,0.05653119087219238,0.0,0.17350120842456818,0.505478024482727,0.00857020728290081,0.0,0.46795812249183655,0.2322935312986374,0.0,0.07316320389509201,0.12406948208808899,0.0,0.7825745344161987,0.1916106790304184,0.0,0.0,0.43740853667259216,0.007325485348701477,0.024916749447584152,0.0,0.22016794979572296,0.029709842056035995,0.15841196477413177,0.0029914577025920153,0.0,0.0,0.03199658915400505,0.378593772649765,0.2828337252140045,0.0804596021771431,0.006402889732271433,0.15086038410663605,0.0,0.2261563390493393,0.0,0.17662449181079865,0.006084487773478031,0.0,0.25810757279396057,0.0,0.011152436025440693,0.7868145704269409,0.0005660715396516025,0.0,0.373820036649704,0.0,0.4491714835166931,0.020521901547908783,0.003996139857918024,0.0,0.16990849375724792,0.05170299485325813,0.3407718241214752,0.0,0.0,0.0,0.9618178606033325,0.09241757541894913,0.024016285315155983,0.0,0.0,0.07885036617517471,0.6561362743377686,0.0,0.1077125146985054,0.4123365879058838,0.048879384994506836,0.0,0.0,0.2283109873533249,0.0,0.0810321718454361,0.1760140210390091,0.8165987133979797,0.02723129466176033,0.0,0.10090456157922745,0.6226677298545837,0.051211703568696976,0.036699194461107254,0.6775757074356079,0.009577463380992413,0.09479627758264542,0.002111513167619705,0.07794614881277084,0.08407287299633026,0.0,0.0,0.057358790189027786,0.47546476125717163,0.08803736418485641,0.0,0.7763113379478455,0.013242719694972038,0.0,0.00516851432621479,0.5325803756713867,0.0007167694275267422,0.0,0.43509915471076965,0.015372054651379585,0.0,0.20939652621746063,0.044629354029893875,0.01122763566672802,0.01651938445866108,0.5213087201118469,0.0,0.026259923353791237,0.33882585167884827,0.18468904495239258,0.0034294009674340487,0.0,0.2915039658546448,0.17220360040664673,0.0,0.0,0.4217320680618286,0.0,0.0,0.14112578332424164,0.0,0.01899428851902485,0.006146268919110298,0.10085500031709671,0.07333336770534515,0.0,0.06503919512033463,0.0,0.0,0.005832727067172527,0.0,0.0,0.03514448553323746,0.06012934446334839,0.026763135567307472,0.0003349623875692487,0.012731467373669147,0.0,0.0,0.013106280006468296,0.00867252703756094,0.0,0.003177858889102936,0.07045069336891174,0.07448088377714157,0.0,0.0,0.0,0.024432053789496422,0.0,0.04679444059729576,0.004463404417037964,0.0,0.08203338086605072,0.0,0.0,0.23979292809963226,0.015345552004873753,0.09395954757928848,0.08317802101373672,0.0,0.0,0.07283718883991241,0.4676276743412018,0.0,0.0,0.305989533662796,0.0,0.11758439987897873,0.010457456111907959,0.042501989752054214,0.0030821163672953844,0.02681034430861473,0.0,0.0036640597973018885,0.0,0.0,0.0,0.0,0.5571654438972473,0.15573330223560333,0.0,0.04269517585635185,0.24129420518875122,0.0,0.14727114140987396,0.7018538117408752,0.0,0.15674175322055817,0.0,0.0,0.0,0.0,0.0,0.038185667246580124,0.969298243522644,0.4245877265930176,0.0,0.21162959933280945,0.0971364825963974,0.0,0.0,0.47147804498672485,0.033204350620508194,0.026572788134217262,0.0,0.0,0.1445673257112503,0.0,0.07977751642465591,0.46467071771621704,0.0,0.16922208666801453,0.0016907869139686227,0.3108319342136383,0.48557350039482117,0.012285270728170872,0.5551717877388,0.07063960283994675,0.19996227324008942,0.29451823234558105,0.008445100858807564,0.24594470858573914,0.003985076677054167,0.0,0.0,0.0,0.006948967929929495,0.0,0.0,0.011709816753864288,0.05111215263605118,0.42276373505592346,0.21626794338226318,0.04822269454598427,0.0,0.0,0.0,0.0,0.670013964176178,0.0,0.0,0.0018558526644483209,0.0,0.0,0.0,0.0037636396009474993,0.0,0.0,0.2675582468509674,0.21541042625904083,0.0,0.0,1.0181695222854614,0.0,0.22362855076789856,0.021951530128717422,0.0,0.0,0.09064236283302307,0.3240807056427002,0.0,0.1750108301639557,0.0,0.04259307682514191,0.0,0.37795671820640564,0.0,0.43422287702560425,0.0,0.0,0.6266641616821289,0.0,0.0488186739385128,0.0,0.0,0.43252328038215637,0.034887030720710754,0.04148560389876366,0.0,0.0,0.5253356099128723,0.4231692850589752,0.0,0.01734388805925846,0.7080551385879517,0.2885471284389496,0.047415561974048615,0.0,0.2069978564977646,0.5300076603889465,0.0,0.0,0.0,0.39432016015052795,0.08717596530914307,0.0,0.0,0.2506360411643982,0.0,0.0,0.2232654094696045,0.0,0.08607592433691025,0.0,0.08982028067111969,0.0,0.0,0.0,0.16417944431304932,0.05952627211809158,1.0088589191436768,0.0,0.0,0.0,0.8170607686042786,0.05321750417351723,0.06072741001844406,0.13265475630760193,0.26673221588134766,0.0,0.5235058069229126,0.08166712522506714,0.4007180333137512,0.402141809463501,0.8557375073432922,8.333888399647549e-05,0.0,0.0,0.2861839830875397,0.08474878966808319,0.2527971863746643,0.7048323154449463,0.7883607149124146,0.0,0.0,0.0,0.2250700294971466,0.2614714801311493,0.0,0.037699319422245026,0.05088794603943825,0.21401509642601013,0.014467294327914715,0.5268274545669556,0.30438232421875,0.12173257768154144,0.0,0.0,0.015281866304576397,0.0,0.0,0.0,0.08416648209095001,0.0,2.951092210423667e-05,0.05513301491737366,0.0,0.5744131207466125,0.0,0.313334584236145,0.0,0.018328377977013588,0.14690184593200684,0.010711051523685455,0.6092600226402283,0.0,0.13831591606140137,0.06555641442537308,0.2944820821285248,0.01845569722354412,0.1904214471578598,0.43543991446495056,0.01781989447772503,0.11794829368591309,0.030628833919763565,0.5553306937217712,0.37448540329933167,0.08839325606822968,0.08702004700899124,0.0875869169831276,0.6645897030830383,0.0,0.0,0.06902662664651871,0.07773855328559875,0.0,0.010806177742779255,0.0,0.0010323213646188378,0.0,0.8458907008171082,0.5580551624298096,0.27032870054244995,0.205088272690773,0.05445624887943268,0.0,0.0,0.0,0.19003866612911224,0.11015794426202774,0.16021902859210968,0.055095188319683075,0.0,0.0,0.02538255974650383,0.1428956538438797,0.3797460198402405,0.0,0.024714836850762367,0.13296504318714142,0.019218526780605316,0.0,0.47215455770492554,0.0,0.40906867384910583,0.008888470008969307,0.003965620417147875,0.0,0.013694784604012966,0.05206665024161339,0.0,0.05063491314649582,0.0,0.0,0.0,0.02668435499072075,0.0015878946287557483,0.0,0.006925624329596758,0.7927706837654114,0.0,0.5120174884796143,0.0,0.0,0.10119549185037613,0.18012185394763947,0.0,0.033270787447690964,0.8486841917037964,0.3358129858970642,0.0,0.0,0.5317823886871338,0.004495253786444664,0.0,0.0,0.0,1.1275783777236938,0.14061331748962402,0.0014417999191209674,0.0,0.06699488312005997,0.0,0.07689375430345535,0.464372843503952,0.017153743654489517,0.0,0.015729451552033424,0.0,0.05491885915398598,0.1681598573923111,0.01042499765753746,0.2835582196712494,0.026590967550873756,0.41929376125335693,0.08145400136709213,0.027755778282880783,0.0,0.009153793565928936,0.8074544072151184,0.0,0.03146316483616829,0.07076235860586166,0.0011723579373210669,0.0591440387070179,0.5950790047645569,0.0,0.0,0.006336425896733999,0.0,0.10116756707429886,0.014536653645336628,0.8335522413253784,0.045522816479206085,1.0586782693862915,0.17596611380577087,0.00518112862482667,0.23783951997756958,0.0,0.058451175689697266,0.0,0.0,0.0,0.00348502560518682,0.0,0.04177962988615036,0.10662505030632019,0.0,0.012753894552588463,0.029506875202059746,0.6561112403869629,0.1335124969482422,0.15720932185649872,0.3078177869319916,0.0,0.047593243420124054,0.42461097240448,0.05493749678134918,0.0,0.0,0.0,0.0,0.024360191076993942,0.0,0.25163331627845764,0.12752126157283783,0.2048981934785843,0.0,0.0,0.871105968952179,0.559471845626831,0.0,0.1239655390381813,0.05299613997340202,0.005015506409108639,0.24499161541461945,0.02883153222501278,0.004729578737169504,0.00040971674025058746,0.0,1.1535470485687256,0.0,0.1821587234735489,0.05263376235961914,0.0,0.0,0.0,0.0,0.06083907186985016,0.0,0.011125100776553154,0.0,0.7180889248847961,0.005644320510327816,0.013314093463122845,0.0,0.061215996742248535,0.40623772144317627,0.0,0.030608603730797768,0.519995927810669,0.24140548706054688,0.0,0.43767228722572327,0.14635290205478668,0.18450692296028137,0.02106834203004837,0.0,0.026396168395876884,0.0,0.03462519869208336,1.763034462928772,0.3536370098590851,0.375512033700943,0.05574079230427742,0.0,0.01594928652048111,0.027040675282478333,0.0,0.43582287430763245,0.016970019787549973,0.0,0.24281059205532074,0.013036425225436687,0.0,0.8461844325065613,0.19132502377033234,0.08512744307518005,0.04276009649038315,0.0,0.0,0.47529470920562744,0.047780055552721024,0.399303138256073,0.0,0.19645090401172638,0.27474260330200195,0.030509335920214653,0.12086000293493271,0.20572318136692047,0.0,0.0,0.0,0.19918599724769592,0.10862582176923752,0.0,0.03044695407152176,0.2646464407444,0.010550656355917454,0.0,0.233434796333313,0.06509426236152649,0.03313496708869934,0.022754691541194916,0.22215773165225983,0.0,0.0,0.0,0.15578940510749817,0.036619119346141815,0.895014226436615,0.02910698391497135,0.0,0.0,0.7412842512130737,0.03687402233481407,0.028526166453957558,0.05953403189778328,0.3203828036785126,0.0,0.32899677753448486,0.04347144067287445,0.19257451593875885,0.07741446048021317,0.39452531933784485,0.1414766162633896,0.0895613431930542,0.03428113833069801,0.2355508804321289,0.09081609547138214,0.05840787664055824,0.5700136423110962,0.30566683411598206,0.05428550764918327,0.0,0.0073890951462090015,0.21476607024669647,0.047485847026109695,0.009315119124948978,0.43096593022346497,0.01005680114030838,0.035829558968544006,0.09290028363466263,0.27871641516685486,0.4718209505081177,0.11169885843992233,0.012200609780848026,0.0,0.07884825021028519,0.0282966960221529,0.044912517070770264,0.0,0.0,0.0,0.3849233090877533,0.14912281930446625,0.032107170671224594,0.11540186405181885,0.0,0.156252920627594,0.2728472054004669,0.0,0.1714181900024414,0.14517174661159515,0.3261284828186035,0.0,0.021193644031882286,0.10207351297140121,0.07997914403676987,0.07607924193143845,0.20220234990119934,0.48515644669532776,0.007264966610819101,0.01962367631494999,0.10821816325187683,0.567700207233429,0.21447433531284332,0.050621673464775085,0.3248683214187622,0.032665953040122986,0.3408389687538147,0.0016314146341755986,0.059116631746292114,0.19241665303707123,0.017254848033189774,0.005611003376543522,0.016037918627262115,0.19351030886173248,0.05174589529633522,0.0,0.5942350029945374,0.2479735016822815,0.13809175789356232,0.1005789265036583,0.2691958248615265,0.0,0.0,0.0950140506029129,0.06123223155736923,0.029373308643698692,0.20241321623325348,0.03684959560632706,0.006783238146454096,0.013659403659403324,0.24547423422336578,0.0013342859456315637,0.1538221836090088,0.0582580640912056,0.08809835463762283,0.10846906900405884,0.0,0.07230324298143387,0.23707927763462067,0.0,0.13482318818569183,0.18526102602481842,0.0,0.0,0.04461478441953659,0.010933129116892815,0.0,0.007831298746168613,0.061509259045124054,0.0,0.0058737583458423615,0.06541121751070023,0.027605246752500534,0.0,0.0,0.3216979503631592,0.0,0.30088749527931213,0.0,0.0,0.015836581587791443,0.003296080743893981,0.0,0.0005590626387856901,0.44256478548049927,0.12770220637321472,0.0,0.0,0.3367663025856018,0.03901749476790428,0.0,0.0008739101467654109,0.0,0.6102834343910217,0.09785667806863785,0.020784348249435425,0.0,0.05282147601246834,0.02044372633099556,0.07447261363267899,0.10125633329153061,0.13711141049861908,4.241878559696488e-05,0.06832878291606903,0.039417047053575516,0.004777360707521439,0.08700008690357208,0.08085145801305771,0.30123957991600037,0.0,0.10146871954202652,0.16911420226097107,0.0,0.0033367732539772987,0.013435970060527325,0.45753276348114014,0.009100868366658688,0.017485013231635094,0.0926126092672348,0.06136550009250641,0.010101857595145702,0.20373310148715973,0.007023860700428486,0.0,0.16089719533920288,0.031117768958210945,0.06512027978897095,0.07387765496969223,0.5457352995872498,0.0,0.5959274172782898,0.33627814054489136,0.0,0.12913626432418823,0.0,0.022875705733895302,0.0,0.0,0.0,0.0008474588394165039,0.3092231750488281,0.19003449380397797,0.03669630363583565,0.01755557954311371,0.07133026421070099,0.01230848953127861,0.1944465935230255,0.2588786780834198,0.06499741971492767,0.12543560564517975,0.0,0.01895223930478096,0.23213420808315277,0.021373644471168518,0.02887861616909504,0.18802285194396973,0.0,0.010239626280963421,0.04871179908514023,0.14999140799045563,0.3474169075489044,0.16269725561141968,0.30456334352493286,0.004166281316429377,0.03887631371617317,0.5767669677734375,0.2754000127315521,0.10569994151592255,0.03528054058551788,0.001543094520457089,0.0,0.01782914437353611,0.010193746536970139,0.0,0.0,0.0,0.5387741923332214,0.13787569105625153,0.22200924158096313,0.003002237994223833,0.0,0.0,0.0,0.0,0.37752026319503784,0.0,0.0,0.0,0.1943884789943695,0.001852110493928194,0.0003053730179090053,0.015728168189525604,0.003671906655654311,0.07038100063800812,0.0053116814233362675,0.11162620782852173,0.1757252812385559,0.0910964086651802,0.3818517029285431,0.16242606937885284,0.16011255979537964,0.025684265419840813,0.0029331580735743046,0.0,0.03334799036383629,0.07501024752855301,0.0,1.0930229425430298,0.14342746138572693,0.143229141831398,0.0,0.04056963697075844,0.003663813229650259,0.1815803498029709,0.0,0.10460235923528671,0.27502062916755676,0.011192427016794682,0.2016967535018921,0.0,0.0,0.6293807625770569,0.133602112531662,0.073652483522892,0.001393540995195508,0.0,0.11123991012573242,0.3704695403575897,0.01011914387345314,0.11658524721860886,0.18317663669586182,0.21981525421142578,0.18614813685417175,-0.6230326890945435
245,0.13153815269470215,0.12858760356903076,0.03004780039191246,0.0,0.0,0.0,0.5562533140182495,0.05380178242921829,0.0,0.010689820162951946,0.03480154275894165,0.00260109337978065,0.0,0.3128419816493988,0.0,0.10133884102106094,0.05611870810389519,0.0,0.0,0.0,0.0,0.05313727259635925,0.0,0.23703445494174957,0.02067524753510952,0.0,0.0,0.4913625419139862,0.011280184611678123,0.09143953025341034,0.11721061915159225,0.31382495164871216,0.0,0.282706618309021,0.09305407851934433,0.054687339812517166,0.008726174011826515,0.21744012832641602,0.001476589939557016,0.07102115452289581,0.06225984916090965,0.16409090161323547,0.08353523164987564,0.11004164069890976,0.1733936071395874,0.16816218197345734,0.2776561677455902,0.026863113045692444,0.0,0.046216439455747604,0.16113682091236115,0.0,0.15428856015205383,0.019062049686908722,0.04703988507390022,0.0,0.30243420600891113,0.7333893775939941,0.2095789760351181,0.06671468168497086,0.0,0.08180157095193863,0.14018121361732483,0.0,0.0,0.009148037992417812,0.0,0.0,0.2182289958000183,0.15299701690673828,0.0365862138569355,0.0,0.17397506535053253,0.1411513388156891,0.0771331712603569,0.04741378873586655,0.009152904152870178,0.0588875412940979,0.0,0.1588183045387268,0.00938901025801897,0.06765460968017578,0.0,0.13808095455169678,0.0011169823119416833,0.0,0.058433063328266144,0.28909072279930115,0.33238694071769714,0.41317516565322876,0.03734861686825752,0.0,0.02431419864296913,0.07341345399618149,0.0,0.016532711684703827,0.5905753374099731,0.0,0.005387780722230673,0.0,0.0,0.3674263060092926,0.0,0.26546066999435425,0.41535863280296326,0.2449435591697693,0.05567939952015877,0.008707800880074501,0.005539460573345423,0.0,0.0,0.06696517765522003,0.04628325626254082,0.2565564215183258,0.0803874060511589,0.0,0.03540181741118431,0.0,0.09012733399868011,0.021488627418875694,0.0,0.056905072182416916,0.0,0.008996901102364063,0.0,0.32387545704841614,0.0,0.027254806831479073,0.0,0.033114347606897354,0.0,0.16968075931072235,0.03239649161696434,0.0028584820684045553,0.0330452062189579,0.13951373100280762,0.0,0.0,0.05075351893901825,0.010137014091014862,0.0,0.0,0.013710932806134224,0.0,0.14939726889133453,0.0,0.04916941747069359,0.0,0.007824589498341084,0.0,0.05180671811103821,0.15970702469348907,0.09217426925897598,0.0,0.0,0.31081023812294006,0.01859320141375065,0.0,0.03400709107518196,0.03834942728281021,0.30184850096702576,0.2095961570739746,0.013509219512343407,0.0,0.13388940691947937,0.11398546397686005,0.0,0.1704460084438324,0.0,0.0,0.0,0.002265953691676259,0.022037873044610023,0.02868298813700676,0.2555587887763977,0.11340128630399704,0.026940813288092613,0.1474878191947937,0.0,0.02282305806875229,0.0,0.0,0.22601720690727234,0.0,0.0,0.2037024348974228,0.33564332127571106,0.0,0.08683321624994278,0.0,0.0,0.0,0.14073991775512695,0.008201501332223415,0.28719282150268555,0.09654376655817032,0.02784579247236252,0.21012119948863983,0.0,0.04135638475418091,0.12204794585704803,0.0,0.03324095532298088,0.09259480237960815,0.0,0.0,0.0,0.0,0.0,0.09389567375183105,0.05115225166082382,0.37553492188453674,0.04071866348385811,0.2569482922554016,0.0,0.07176444679498672,0.40695667266845703,0.0007231479394249618,0.028414223343133926,0.2533780038356781,0.0,0.07320413738489151,0.0,0.0003991533594671637,0.013262348249554634,0.0,0.058382511138916016,0.0,0.36639687418937683,0.0,0.010631314478814602,0.0,0.33714237809181213,0.07933700084686279,0.07300762087106705,0.13905219733715057,0.05063137784600258,0.0,0.03970684856176376,0.08612551540136337,0.0627865344285965,0.0,0.0,0.34194737672805786,0.0,0.019089147448539734,0.05012441426515579,0.0,0.0,0.0,0.0,0.2785615026950836,0.0,0.0,0.01285085640847683,0.15001901984214783,0.0,0.07677320390939713,0.05956804007291794,0.005413317121565342,0.15919899940490723,0.0,0.0,0.16626282036304474,0.21273648738861084,0.10866978019475937,0.11625723540782928,0.0,0.18332929909229279,0.0,0.006549063138663769,0.08812972158193588,0.0012092192191630602,0.0,0.3314476013183594,0.5888422727584839,0.21927380561828613,0.06503534317016602,0.0,0.0,0.0,0.002769127953797579,0.013730060309171677,0.007652553729712963,0.046891529113054276,0.4589390456676483,0.0,0.06468583643436432,0.23182375729084015,0.16791141033172607,0.021466994658112526,0.0,0.003176826983690262,0.0,0.23012106120586395,0.0,0.5445550084114075,0.04758678004145622,0.002124018734320998,0.024829111993312836,0.2500429153442383,0.0638703852891922,0.013276522979140282,0.0,0.0,0.0,0.335460901260376,0.049788158386945724,0.016848094761371613,0.01959373988211155,0.1192018985748291,0.11472751200199127,0.0,0.22303742170333862,0.275554895401001,0.0,0.011928926222026348,0.1315649449825287,0.08957014977931976,0.0,0.02314114011824131,0.05358079448342323,0.0,0.2887517809867859,0.26961269974708557,0.0,0.0,0.3938469886779785,0.0,0.024858009070158005,0.0,0.31233859062194824,0.0003373372310306877,0.15237268805503845,0.10395126044750214,0.0,0.02825348637998104,0.04021443799138069,0.08813821524381638,0.1840033382177353,0.3005979061126709,0.012325461022555828,0.21747583150863647,0.006009830627590418,0.13705050945281982,0.0,0.30970993638038635,0.0,0.0,0.1713206022977829,0.008313809521496296,0.0,0.7282446026802063,0.0,0.0,0.20541594922542572,0.013050656765699387,0.7356860637664795,0.1978560835123062,0.016076266765594482,0.0,0.05456430837512016,0.27335992455482483,0.11752321571111679,0.0,0.0,0.0,0.6495761871337891,0.28292107582092285,0.23540566861629486,0.0,0.0,0.0951356366276741,0.87591552734375,0.0,0.011612892150878906,0.2339518815279007,0.0,0.0,0.16672880947589874,0.11369683593511581,0.0,0.00036079506389796734,0.1806754320859909,0.3276730477809906,0.05284794420003891,0.0,0.4302669167518616,0.6218665242195129,0.29355674982070923,0.07273878157138824,0.37453848123550415,0.10167412459850311,0.0,0.00668615847826004,0.18335746228694916,0.4867174029350281,0.0,0.0,0.035921595990657806,0.35149332880973816,0.536053478717804,0.0,0.31586953997612,0.1929216831922531,0.0,0.015755467116832733,0.29121696949005127,0.001494853408075869,0.0,0.37530675530433655,0.10510722547769547,0.0,0.20799696445465088,0.1065419390797615,0.007077335380017757,0.1708323061466217,0.3270508050918579,0.0,0.008606871590018272,0.21753911674022675,0.2720661759376526,0.0,0.0,0.1955406665802002,0.08650822192430496,0.0,0.0010077859042212367,0.2563461661338806,0.0,0.0,0.1235080361366272,0.005301470868289471,0.06921247392892838,0.0014578565023839474,0.25411954522132874,0.06033007800579071,0.0,0.19352535903453827,0.00040933964191935956,0.0,0.0,0.0,0.0,0.006377942394465208,0.04870814085006714,0.10578322410583496,0.02078287862241268,0.21005618572235107,0.0,0.0,0.02132727950811386,0.005392902530729771,0.0,0.0,0.13515642285346985,0.03502452000975609,0.0085755018517375,0.0,0.0,0.012197330594062805,0.01801108941435814,0.11926230043172836,0.0,0.010834737680852413,0.190739706158638,0.0,0.0,0.20849807560443878,0.0,0.06149435043334961,0.194657564163208,0.006038543302565813,0.0,0.5568512082099915,0.2211374044418335,0.0,0.011748124845325947,0.15001870691776276,0.032415203750133514,0.02200070209801197,0.0011994927190244198,0.08872040361166,0.004859786480665207,0.04872555658221245,0.10332979261875153,0.25541579723358154,0.0,0.0,0.0,0.0,0.5019413232803345,0.4043756425380707,0.0,0.2039462924003601,0.039559438824653625,0.13154399394989014,0.052669938653707504,0.44153380393981934,0.0,0.0824648067355156,0.0,0.005600187927484512,0.2277863770723343,0.012270423583686352,0.0,0.0857437252998352,0.5047435760498047,0.20843666791915894,0.04430871084332466,0.25779929757118225,0.5319267511367798,0.0,0.0,0.17708635330200195,0.034176524728536606,0.13577845692634583,0.0,0.0,0.1851639300584793,0.0,0.1314733922481537,0.2327018678188324,0.007826641201972961,0.18963861465454102,0.004223279654979706,0.4379979968070984,0.1710011512041092,0.31821128726005554,0.2796030640602112,0.09001155942678452,0.21803900599479675,0.10892681032419205,0.002505057957023382,0.06594624370336533,0.035082537680864334,0.0,0.0,0.0,0.02697053551673889,0.003304495243355632,0.0025778908748179674,0.013915243558585644,0.03129402920603752,0.21776752173900604,0.1900121569633484,0.05986658111214638,0.0031792446970939636,0.0,0.007395695894956589,0.0,0.7434573173522949,0.0,0.0,0.07460236549377441,0.0,0.0,0.016842026263475418,0.0071949041448533535,0.0,0.004167447332292795,0.19811606407165527,0.12371603399515152,0.01365527044981718,0.0,0.9271535277366638,0.0,0.06858193874359131,0.06732801347970963,0.0,0.0,0.17549438774585724,0.22491100430488586,0.0,0.061167020350694656,0.21867959201335907,0.0853915736079216,0.0,0.15760159492492676,0.0,0.256428986787796,0.02494940161705017,0.0,0.41839471459388733,0.012825747020542622,0.2629847228527069,0.0,0.0,0.18316690623760223,0.06727590411901474,0.02873341739177704,0.0,0.0,0.4921342730522156,0.21688398718833923,0.0,0.12653911113739014,0.6669278740882874,0.035688616335392,0.0030347537249326706,0.2056061029434204,0.08083518594503403,0.0016773312818259,0.0,0.005213480442762375,0.0,0.4343004822731018,0.0964014008641243,0.012545122765004635,0.03208426013588905,0.0794774517416954,0.09076010435819626,0.0,0.2925136387348175,0.1242079958319664,0.030861642211675644,0.0357830710709095,0.03112773969769478,0.006803211756050587,0.0,0.0,0.09651625901460648,0.0,0.3117928206920624,0.06173945590853691,0.0,0.0,0.5241195559501648,0.0190421212464571,0.023935852572321892,0.05833280086517334,0.3548239469528198,0.0,0.2106524407863617,0.0835995003581047,0.027714934200048447,0.0,0.08255834877490997,0.08612886816263199,0.1959422528743744,0.19012661278247833,0.14336161315441132,0.13906018435955048,0.045862313359975815,0.21236814558506012,0.002471128012984991,0.2932108938694,0.011413391679525375,0.0024062281008809805,0.09210314601659775,0.07776579260826111,0.0033101423177868128,0.5172826051712036,0.000664375489577651,0.0008842683746479452,0.07219529896974564,0.09244384616613388,0.7834596037864685,0.20537738502025604,0.08045423775911331,0.0,0.15688715875148773,0.2523064911365509,0.07748167961835861,0.003692290047183633,0.0012649333802983165,0.0,0.3011438846588135,0.3043329417705536,0.227316752076149,0.0011741934577003121,0.0,0.06768379360437393,0.46543917059898376,0.004499280825257301,0.10746599733829498,0.13437919318675995,0.03545206040143967,0.0,0.11363091319799423,0.0412307009100914,0.004657633602619171,0.0,0.1960815042257309,0.13576523959636688,0.01028105616569519,0.018757939338684082,0.43809205293655396,0.47917306423187256,0.3031903803348541,0.03032652847468853,0.09802421182394028,0.03499549627304077,0.058129969984292984,0.026681741699576378,0.11193536967039108,0.6008833050727844,0.0,0.01009101327508688,0.06351581960916519,0.08979730308055878,0.5178684592247009,0.0,0.26171645522117615,0.2912551462650299,0.03527276590466499,0.017972417175769806,0.09494101256132126,0.015318304300308228,0.0,0.16238711774349213,0.05299987643957138,0.0040899040177464485,0.2818557620048523,0.10772260278463364,0.0,0.08281510323286057,0.11157386004924774,0.017673440277576447,0.019899724051356316,0.16971467435359955,0.15672585368156433,0.01589541882276535,0.0,0.09231510758399963,0.12586349248886108,0.004606897942721844,0.04232489690184593,0.0710221454501152,0.0,0.008275903761386871,0.1727953404188156,0.01742076501250267,0.03004189394414425,0.03297215700149536,0.23431754112243652,0.014375661499798298,0.0,0.0837777778506279,0.03922802954912186,0.0,0.0,0.0,0.0,0.05196256935596466,0.0,0.09085513651371002,0.00010494497837498784,0.018449610099196434,0.0004859368200413883,0.009080689400434494,0.0647004023194313,0.04072517529129982,0.002735318848863244,0.0,0.20526590943336487,0.06902842223644257,0.0,0.002559677232056856,0.03689447417855263,0.10779325664043427,0.0936560332775116,0.01855228655040264,0.009842400439083576,0.12192829698324203,0.1780220866203308,0.0,0.022926274687051773,0.010655539110302925,0.0,0.04402141273021698,0.17111653089523315,0.009874564595520496,0.0017372487345710397,0.440133273601532,0.18894028663635254,0.0,0.04287208616733551,0.051963284611701965,0.012890251353383064,0.015693293884396553,0.04478709027171135,0.1526620090007782,0.005602122284471989,0.004690979141741991,0.20408929884433746,0.32178640365600586,0.0,0.0,0.0,0.005920800380408764,0.18677134811878204,0.27017566561698914,0.003376241307705641,0.2044258415699005,0.06419309228658676,0.034283172339200974,0.1259886771440506,0.12129168212413788,0.0,0.08187219500541687,0.0,0.025717593729496002,0.12422613799571991,0.0115517508238554,0.0013924974482506514,0.008229241706430912,0.26958146691322327,0.027578873559832573,0.047787655144929886,0.1999749094247818,0.4976983070373535,0.0024232924915850163,0.010593628510832787,0.09062761813402176,0.013091932982206345,0.24299654364585876,0.016004856675863266,0.006039854604750872,0.22122257947921753,0.0014995450619608164,0.11922328919172287,0.02166585996747017,0.0009383715223520994,0.06572703272104263,0.019029688090085983,0.23007947206497192,0.08458162844181061,0.3916040360927582,0.08636606484651566,0.03412482514977455,0.13488997519016266,0.22030691802501678,0.03449612483382225,0.1495538055896759,0.07531813532114029,0.0,0.0,0.01729804277420044,0.044740401208400726,0.02786574326455593,0.0,0.010595906525850296,0.17704160511493683,0.03125220537185669,0.10762419551610947,0.0037925776559859514,0.0,0.0,0.010825242847204208,0.0,0.5738748908042908,0.0,0.0,0.03329871594905853,0.04360170289874077,0.0,0.03901687636971474,0.06388077139854431,0.017394909635186195,0.07105037569999695,0.0703439861536026,0.005609536077827215,0.04084065929055214,0.029281815513968468,0.6192819476127625,0.022143231704831123,0.0,0.06099005043506622,0.0,0.0,0.10579163581132889,0.14507892727851868,0.0,0.26980945467948914,0.3570597469806671,0.1085028201341629,0.00010492475121282041,0.04988447204232216,0.0,0.05542973801493645,0.023473968729376793,0.0,0.19848835468292236,0.094197578728199,0.3360128700733185,0.0031256491784006357,0.004251979291439056,0.19048504531383514,0.15934331715106964,0.04547062888741493,0.0,0.0,0.14609920978546143,0.25796228647232056,0.0,0.2505030333995819,0.34284254908561707,0.024970730766654015,0.010233678855001926,-0.33032459020614624
246,0.13936327397823334,0.1309492290019989,0.032940126955509186,0.0,0.0,0.0,0.5419316291809082,0.044997427612543106,0.0,0.014592571184039116,0.032134875655174255,0.004197488538920879,0.0,0.32512497901916504,0.0,0.11213452368974686,0.053034573793411255,0.0,0.0,0.0,0.0,0.05965689942240715,0.0004904571687802672,0.2439228892326355,0.02040197141468525,0.0,0.0,0.5132509469985962,0.005691395606845617,0.08456170558929443,0.11467558145523071,0.3044714629650116,0.0,0.27589040994644165,0.08881299197673798,0.054374177008867264,0.0076985848136246204,0.2167614847421646,0.000980227836407721,0.0712294951081276,0.053150564432144165,0.16897551715373993,0.06976804882287979,0.0922950878739357,0.17511239647865295,0.19375599920749664,0.30268171429634094,0.035089362412691116,0.0,0.050484199076890945,0.17154592275619507,0.0,0.14898502826690674,0.011591779068112373,0.04159216210246086,0.0,0.2930511236190796,0.7720446586608887,0.230872243642807,0.07228634506464005,0.0,0.07470846176147461,0.1432105153799057,0.0,0.0,0.006553442683070898,0.0,0.0,0.22973498702049255,0.15209649503231049,0.047578904777765274,0.0,0.18698573112487793,0.16158148646354675,0.07895325124263763,0.04326494410634041,0.005984650459140539,0.06569289416074753,0.0,0.1667466014623642,0.008754666894674301,0.0586390420794487,0.0,0.14728467166423798,0.004209202714264393,0.0,0.052361879497766495,0.29221445322036743,0.32684215903282166,0.4045376479625702,0.045828063040971756,0.0,0.024281492456793785,0.08179768174886703,0.0009505481575615704,0.022092092782258987,0.5990543365478516,0.0,0.006803023628890514,0.0,0.0,0.3705189526081085,0.0,0.25928235054016113,0.42242541909217834,0.2633841633796692,0.04842107370495796,0.009328993037343025,0.010234924964606762,0.0,0.0,0.0757550448179245,0.056202612817287445,0.2691839337348938,0.07780871540307999,0.0,0.03574236109852791,0.0,0.08335167169570923,0.021126212552189827,0.0,0.06268658488988876,0.0,0.007107339333742857,0.0,0.29787173867225647,0.0,0.027969038113951683,0.0,0.031887397170066833,0.0,0.15716135501861572,0.032787639647722244,0.0028404805343598127,0.04282999038696289,0.1535758227109909,0.0,0.0,0.03209878131747246,0.0052841342985630035,0.0,0.0,0.01356243621557951,0.0,0.17132370173931122,0.0,0.04769638180732727,0.0,0.0,0.0,0.05085763335227966,0.15812772512435913,0.10888223350048065,0.0,0.0,0.3315962553024292,0.029835056513547897,0.0,0.03244197368621826,0.037380628287792206,0.314084529876709,0.23315203189849854,0.01127532683312893,0.0,0.13442353904247284,0.12560470402240753,0.0,0.18775396049022675,0.0,0.0,0.0029395318124443293,0.006274789106100798,0.015685349702835083,0.030371537432074547,0.25749948620796204,0.1409214735031128,0.02762984298169613,0.15047869086265564,0.0,0.021012669429183006,0.00032067569554783404,0.0,0.22331182658672333,0.0009397715330123901,0.0,0.20021231472492218,0.33857202529907227,0.0,0.0858248695731163,0.0,0.0,0.0,0.136429563164711,0.0028156705666333437,0.2817785441875458,0.11333531141281128,0.026592008769512177,0.21257689595222473,0.0,0.04629065841436386,0.13894441723823547,0.0,0.03996657952666283,0.09383060783147812,0.0,0.0,0.0,0.0,0.0,0.08951332420110703,0.0598008818924427,0.3814164996147156,0.051579877734184265,0.269925594329834,0.0,0.06194847449660301,0.4124361574649811,0.0,0.031630609184503555,0.2662738561630249,0.0,0.0719030499458313,0.0,0.0002740018826443702,0.019981587305665016,0.0,0.057966023683547974,0.0,0.3916202187538147,0.0,0.01986951008439064,0.0,0.34570854902267456,0.08772935718297958,0.07740967720746994,0.1548805832862854,0.04965906962752342,0.0,0.03874381631612778,0.09073533117771149,0.04935232177376747,0.0,0.0,0.3514971137046814,0.0,0.019741440191864967,0.05801594257354736,0.0,0.0,0.0,0.0,0.2989087700843811,0.0,0.0,0.010606723837554455,0.16359204053878784,0.0,0.07818112522363663,0.06165275350213051,0.00839863158762455,0.15542232990264893,0.0,0.0,0.19000829756259918,0.21569298207759857,0.10871965438127518,0.11954641342163086,0.0,0.19036974012851715,0.0018626308301463723,0.014529015868902206,0.08962477743625641,0.0,0.0,0.3292722702026367,0.6195824146270752,0.22882860898971558,0.07417351007461548,0.0,0.0,0.0,0.004225010517984629,0.012830684892833233,0.010045546106994152,0.05343419313430786,0.4802052974700928,2.3543834686279297e-05,0.06928496807813644,0.23774221539497375,0.16877882182598114,0.029411837458610535,0.0,0.006448511499911547,0.0,0.22850167751312256,0.0,0.557099461555481,0.046184953302145004,0.00124164333101362,0.025760721415281296,0.6265518665313721,0.10198905318975449,0.05953284353017807,0.0,0.0,0.0,0.7515262365341187,0.0,0.005997200962156057,0.33713990449905396,0.0,0.007094020955264568,0.0,0.5277624726295471,0.0,0.013185760006308556,0.010307291522622108,0.0,0.0,0.016213472932577133,0.0,0.017194047570228577,0.0,0.021701736375689507,0.32104745507240295,0.0031791774090379477,0.0,0.5892305374145508,0.028870930895209312,0.014123651199042797,0.009405359625816345,0.5815383195877075,0.0,0.01249829214066267,0.1261976659297943,0.0,0.0,0.18475332856178284,0.13074997067451477,0.11709906905889511,0.9778827428817749,0.17585408687591553,0.0920524001121521,0.015393058769404888,0.04326937347650528,0.11912864446640015,0.9937963485717773,0.0,0.0,0.09972959011793137,0.0993637889623642,0.00035436637699604034,0.6457789540290833,0.0,0.01580161228775978,0.0,0.2507564127445221,1.673448085784912,0.519743800163269,0.2866400480270386,0.0,0.011296342127025127,0.7964369654655457,0.0,0.0,0.003461772110313177,0.0,0.09446407854557037,0.7570356130599976,0.5365166068077087,0.04918650910258293,0.0,0.5062230825424194,0.9321569204330444,0.058233119547367096,0.0001923159434227273,0.2946719527244568,0.0,0.0,0.13688543438911438,0.04289599508047104,0.0,0.01910005323588848,0.25709962844848633,0.0,0.013673586770892143,0.0001445779053028673,0.8624047040939331,0.43083393573760986,0.346205472946167,0.1830655038356781,0.0012920971494168043,0.043040644377470016,0.041064634919166565,0.0,0.42805346846580505,1.085631251335144,0.0,0.022852744907140732,0.020375927910208702,0.09038594365119934,0.6717265844345093,0.0,0.0,0.32217952609062195,0.2909783124923706,0.07088485360145569,0.1768294870853424,0.24347369372844696,0.0,0.0061462088488042355,0.0725427120923996,0.09245749562978745,0.49896717071533203,0.797393798828125,0.0,0.23473575711250305,0.08355241268873215,0.05042588710784912,0.06101848930120468,0.01242744829505682,0.593374490737915,0.12819118797779083,0.0,0.0,0.0,0.0,0.10762962698936462,0.0,0.0,0.010879806242883205,0.016989052295684814,0.2731631398200989,0.09098386019468307,0.11738048493862152,1.018180012702942,0.001106754643842578,0.0,0.4594056308269501,0.03158276528120041,0.0,0.0,0.0,0.0,0.03252526372671127,0.0,0.6585482358932495,0.0,0.0,0.0,0.0,0.04458177089691162,0.0075468625873327255,0.0,0.0,0.747495174407959,0.06370317190885544,0.0,0.006325714290142059,0.11503159999847412,0.1168094277381897,0.21639925241470337,0.22776249051094055,0.0,0.16542233526706696,0.277255117893219,0.0,0.0437040738761425,0.0,0.0,0.03003772161900997,0.025253204628825188,0.024996569380164146,0.0,1.4825466871261597,0.026580845937132835,0.0,0.08745327591896057,0.003419003216549754,0.0,0.0,0.0,0.002589050680398941,0.021765276789665222,0.0,0.5804710388183594,0.9799450635910034,0.010735206305980682,0.1171012744307518,0.0,0.0,0.022988006472587585,0.4079577624797821,6.914449386385968e-06,0.4785967767238617,0.0535961352288723,0.047114353626966476,0.025469055399298668,0.012049971148371696,0.012593726627528667,0.11432421207427979,0.0,0.04888246953487396,0.42761704325675964,0.0,0.0027317889034748077,0.0,0.3314647078514099,0.006402596831321716,0.09285430610179901,0.4125763177871704,0.9093844294548035,0.03486814349889755,0.03824598714709282,0.0,0.023304428905248642,0.6029248237609863,0.0,0.04393009468913078,0.03362266719341278,0.0,0.5325636863708496,0.079740509390831,0.056746214628219604,0.11148496717214584,0.0,0.720099925994873,0.0,0.9244384765625,0.0,0.32762211561203003,0.2955177426338196,0.28017961978912354,0.04279254004359245,0.09277550876140594,0.10445880889892578,0.009657928720116615,0.0,0.009632796980440617,0.036489374935626984,0.16346269845962524,0.0,0.008961288258433342,0.0,0.0,0.0030241161584854126,0.0,0.0,0.0,0.0,0.0,0.6880106329917908,0.0,0.0,0.02821456454694271,0.273453950881958,0.0,0.05461541935801506,0.12136010825634003,0.12061037868261337,0.03258294612169266,0.0,0.01113986223936081,0.13561563193798065,0.13754749298095703,0.388441264629364,0.00929124467074871,0.0,0.0625646561384201,0.0,0.098090261220932,0.4232443571090698,0.07870655506849289,0.0,0.19479870796203613,0.8332344889640808,0.22934220731258392,0.08278602361679077,0.0,0.0,0.003294867929071188,0.10251322388648987,0.0,0.148237943649292,0.3040401339530945,0.6533412933349609,0.0,0.09418903291225433,0.02251279354095459,0.18070650100708008,0.08483501523733139,0.0,0.017580902203917503,0.4703996181488037,0.004119207616895437,4.840238761971705e-05,0.3504849374294281,0.5619075894355774,0.029748916625976562,0.00442101527005434,0.5481377840042114,0.13901174068450928,0.0300277266651392,0.005458927247673273,0.0,0.0,0.7680763006210327,0.014578428119421005,0.0450071357190609,0.20324933528900146,0.025226842612028122,0.00514499144628644,0.026300547644495964,0.48699796199798584,0.011372249573469162,0.07267192751169205,0.0825096070766449,0.0,0.00853382982313633,0.029551183804869652,0.0,0.06925266236066818,0.031216243281960487,0.04083845391869545,0.10230102390050888,0.0,0.0,0.6082749366760254,0.10408128798007965,0.03089171275496483,0.14025378227233887,0.5277835130691528,0.0,0.06389475613832474,0.2052345722913742,0.011227540671825409,0.0,0.1949891448020935,0.10336427390575409,0.13271060585975647,0.6132581830024719,0.26062628626823425,0.14362235367298126,0.09464031457901001,0.12241121381521225,0.35900580883026123,0.640642523765564,0.0,0.006724493112415075,0.041449230164289474,0.1509033441543579,0.0030316561460494995,0.48755204677581787,0.005300238262861967,0.025436371564865112,0.0,0.5251865386962891,1.3554338216781616,0.5702278017997742,0.2508559226989746,0.0,0.05545132979750633,0.6374711394309998,0.0,0.013766719028353691,0.11395245790481567,0.0,0.030923446640372276,0.6829599142074585,0.5279673933982849,0.0564538948237896,0.0,0.26044005155563354,0.4525022506713867,0.14452607929706573,0.02202548272907734,0.0930052176117897,0.0026741221081465483,0.011622371152043343,0.1493297815322876,0.04507101699709892,0.0011408310383558273,0.023062871769070625,0.14949771761894226,0.021145328879356384,0.01254370529204607,0.00892478134483099,0.8306502103805542,0.3827897608280182,0.45950180292129517,0.10409034788608551,0.039804887026548386,0.060236211866140366,0.03989473357796669,0.017342472448945045,0.20254342257976532,1.1164027452468872,0.0043757613748312,0.12367517501115799,0.00728715630248189,0.0528104305267334,1.0017616748809814,0.0,0.11187669634819031,0.308472216129303,0.442932665348053,0.12687119841575623,0.09636491537094116,0.18631760776042938,0.0,0.008036738261580467,0.06560972332954407,0.0367833748459816,0.5023518800735474,0.43179306387901306,0.0,0.26061415672302246,0.04727054759860039,0.046986859291791916,0.034188032150268555,0.040027718991041183,0.3634401559829712,0.07749754190444946,0.0,0.0,0.0,0.03376924991607666,0.1661939024925232,0.010509294457733631,0.0007379326270893216,0.010676752775907516,0.06680400669574738,0.2836493253707886,0.03903614357113838,0.14288447797298431,0.6978387236595154,0.0,0.0031985018867999315,0.2330249696969986,0.05322175845503807,0.0,0.0,0.007261907681822777,0.00027674369630403817,0.061486490070819855,0.0,0.3170521855354309,0.0,0.0,0.0,0.0,0.14631810784339905,0.13652046024799347,0.0,0.0,0.5818147659301758,0.068449467420578,0.0,0.005805164109915495,0.08731038123369217,0.2759664058685303,0.27182045578956604,0.06953611969947815,0.033934660255908966,0.1684558391571045,0.2840454876422882,0.0,0.15765933692455292,0.0,0.0,0.027316957712173462,0.02769673988223076,0.05859188362956047,0.0023614000529050827,1.1547882556915283,0.06431843340396881,0.013793211430311203,0.10350257158279419,0.011460214853286743,0.004904245026409626,0.0,0.025330251082777977,0.09600390493869781,0.04331222549080849,0.0,0.48844754695892334,0.9081847667694092,0.007529532536864281,0.23817937076091766,0.0,0.01495103444904089,0.006329777650535107,0.3379548490047455,0.026998691260814667,0.3722873628139496,0.08512160927057266,0.05775313079357147,0.09030281752347946,0.0010397719452157617,0.06621953845024109,0.055644113570451736,0.0,0.14701494574546814,0.23355695605278015,0.007999378256499767,0.03091908060014248,0.0,0.0870506539940834,0.040797021239995956,0.23990866541862488,0.2286296784877777,0.8453883528709412,0.02504461072385311,0.1772109866142273,0.006177634000778198,0.055744946002960205,0.5217906832695007,0.030495723709464073,0.10987895727157593,0.08922797441482544,0.0,0.42153212428092957,0.011289172805845737,0.05645636096596718,0.0670606940984726,0.001424048445187509,0.3298743665218353,0.017361806705594063,0.8439826965332031,0.0,0.19541090726852417,0.13843807578086853,0.2699556350708008,0.0706295371055603,0.021107977256178856,0.11332167685031891,0.06703450530767441,0.0,0.007055985275655985,0.029801813885569572,0.183955118060112,0.0,0.0033152266405522823,0.12499745935201645,0.010005583986639977,0.12536147236824036,0.014803075231611729,0.0,0.0,0.025930950418114662,0.0,0.6784937381744385,0.0,0.0,0.019949859008193016,0.15494969487190247,0.012516647577285767,0.14090213179588318,0.12914051115512848,0.10680576413869858,0.08952974528074265,0.0,0.0,0.18389856815338135,0.35229843854904175,0.30779436230659485,0.13609376549720764,0.0,0.1799212396144867,0.0,0.049603551626205444,0.19602665305137634,0.011568307876586914,0.013941298238933086,0.300339937210083,0.8352269530296326,0.24023397266864777,0.14328375458717346,0.0,0.0,0.005109470337629318,0.07674957066774368,0.00723322993144393,0.046557340770959854,0.344953715801239,0.6591575741767883,0.030369512736797333,0.03599420562386513,0.0495821051299572,0.1274154782295227,0.1022319495677948,0.0,0.0874117985367775,0.11666709929704666,0.0788348913192749,0.06046191230416298,0.2846425771713257,0.27147072553634644,0.020869920030236244,0.016141846776008606,0.28479960560798645
247,0.014787054620683193,0.05027679353952408,0.0,0.0,0.0,0.0,0.0014132842188701034,0.1677975207567215,0.008885676972568035,0.0713910236954689,0.4609341621398926,0.1196858286857605,0.0,0.03700810298323631,0.7841307520866394,0.0,0.0,0.7744059562683105,0.5526137351989746,0.0,0.28707948327064514,0.137808695435524,0.0,0.9679061770439148,0.29392534494400024,0.0,0.0,0.4888606071472168,0.008155476301908493,0.0023255583364516497,0.0,0.12677541375160217,0.1208590492606163,0.15079040825366974,0.0,0.0,0.0,0.004634795244783163,0.5038045048713684,0.2185785323381424,0.11265522241592407,0.0,0.18829771876335144,0.0,0.24229875206947327,0.0,0.09688829630613327,0.01061295997351408,0.0,0.44543537497520447,0.0,0.023905595764517784,0.901021420955658,0.0,0.0,0.7014630436897278,0.0,0.28318172693252563,0.0006404802552424371,0.0,0.0,0.1809568852186203,0.07511215656995773,0.5564777255058289,0.0,0.0,0.0,1.3926869630813599,0.06863885372877121,0.007480463478714228,0.0,0.0,0.02647174708545208,0.8084182143211365,0.0,0.1334744244813919,0.570733368396759,0.12211326509714127,0.0,0.0,0.3629327714443207,0.0,0.029657868668437004,0.17430344223976135,1.2865523099899292,0.028276896104216576,0.0,0.040947865694761276,0.6766427159309387,0.03916173055768013,0.0,1.0636895895004272,0.033361226320266724,0.1680450737476349,0.021429872140288353,0.1692977100610733,0.03174629434943199,0.0,0.0,0.08814438432455063,0.7017534375190735,0.03521110489964485,0.0,1.0596938133239746,0.0,0.0,0.0,0.6335500478744507,0.0,0.0,0.7277067303657532,0.002203448209911585,0.004656982608139515,0.08565493673086166,0.03616661578416824,0.06632345169782639,0.022452032193541527,0.9085556268692017,0.0,0.0,0.5509346127510071,0.2204904854297638,0.0,0.0,0.5871886610984802,0.16562114655971527,0.0,0.0,0.7285634875297546,0.0,0.0,0.23448562622070312,0.0,0.0004234396037645638,0.0,0.07915712893009186,0.18136928975582123,0.0,0.03507634252309799,0.0,0.0,0.11095491796731949,0.0,0.0022997763007879257,0.010567249730229378,0.13669398427009583,0.020163552835583687,0.04905623942613602,0.08716901391744614,0.0,0.0,0.016659162938594818,0.0,0.0,0.0,0.01512387115508318,0.11449827998876572,0.044814325869083405,0.0,0.0,0.013601923361420631,0.0,0.025605762377381325,0.0,0.0,0.0752793475985527,0.029823774471879005,0.0,0.5892157554626465,0.0,0.1820969432592392,0.27163147926330566,0.0,0.0,0.11761742830276489,0.6598884463310242,0.0,0.0,0.3461064100265503,0.0,0.08237478882074356,0.18196113407611847,0.03189510852098465,0.0,0.17795662581920624,0.0,0.0,0.0,0.0,0.00689741550013423,0.0,0.9418544769287109,0.17617307603359222,0.0,0.0018421352142468095,0.44265827536582947,0.0,0.12808382511138916,0.9668642282485962,0.0,0.22362875938415527,0.0,0.0,0.06068989634513855,0.015309944748878479,0.0,0.23742079734802246,1.3257406949996948,0.6063694953918457,0.0,0.2894732356071472,0.12775976955890656,0.0,0.0,0.6434283256530762,0.011309350840747356,0.00022308678308036178,0.0,0.0,0.3452727496623993,0.0,0.07258887588977814,0.654579222202301,0.0,0.1898859590291977,0.16491064429283142,0.5272949934005737,0.7577964663505554,0.0,0.795553982257843,0.07056856900453568,0.3462618887424469,0.23949885368347168,0.005282830912619829,0.22142799198627472,0.003822695231065154,0.0,0.0,0.0,0.005126917734742165,0.0,0.0,0.005353860557079315,0.10302425920963287,0.6323486566543579,0.47388574481010437,0.0,0.0,0.0,0.0,0.0,0.7709600329399109,0.023650722578167915,0.0,0.016019625589251518,0.0,0.0,0.0,0.0015355892246589065,0.0,0.0,0.6325470209121704,0.46709752082824707,0.0,0.0,1.451484203338623,0.0,0.27409645915031433,5.8843197621172294e-05,0.0,0.0,0.06541647017002106,0.42251309752464294,0.0,0.2021440714597702,0.0,0.014916940592229366,0.0,0.6093316674232483,0.0,0.7267975211143494,0.0,0.0,0.9362725615501404,0.0,0.0,0.0,0.0,0.3874030113220215,0.0061736698262393475,0.04882936179637909,0.0,0.0,0.740717351436615,0.4981197416782379,0.0,0.0,0.8140105605125427,0.4411256015300751,0.07760218530893326,0.0061040217988193035,0.06880408525466919,0.03536578640341759,0.0,0.0,0.0,0.38780492544174194,0.1197165697813034,0.0,0.037508003413677216,0.0989476814866066,0.038345493376255035,0.0,0.3549444079399109,0.0,0.010442896746098995,0.03110593929886818,0.0,0.017921235412359238,0.0,0.0,0.12734220921993256,0.0,0.26567530632019043,0.060257814824581146,0.004238154739141464,0.0,0.43624138832092285,0.0,0.05555219575762749,0.0,0.25408488512039185,0.0,0.3310168981552124,0.014484088867902756,0.04183720052242279,0.11549732089042664,0.08893012255430222,0.0008634947007521987,0.2331138700246811,0.012251738458871841,0.1367436945438385,0.10559754818677902,0.05391998589038849,0.21893440186977386,0.0023542249109596014,0.28774502873420715,0.0,0.0,0.0390886627137661,0.0347495898604393,0.0,0.2516728341579437,0.0,0.0,0.03227931261062622,0.027715671807527542,0.6574223637580872,0.09216894954442978,0.022818010300397873,0.0,0.30619174242019653,0.1149662509560585,0.0,0.0,0.0006019067368470132,0.0,0.13910387456417084,0.0604010745882988,0.13013148307800293,0.0,0.0,0.19044454395771027,0.2438884675502777,0.011499328538775444,0.09304179251194,0.015279917046427727,0.02995450235903263,0.0,0.2654597759246826,0.061622001230716705,0.0,0.0,0.24329522252082825,0.03231249377131462,0.067192941904068,0.0047441525384783745,0.1709526926279068,0.43928128480911255,0.21904276311397552,0.036556318402290344,0.01682674139738083,0.06547475606203079,0.02170504629611969,0.00616228673607111,0.0,0.3912597596645355,0.0,0.0,0.0,0.0,0.155173659324646,0.0,0.19655488431453705,0.29826802015304565,0.03490891680121422,0.020281072705984116,0.06284711509943008,0.0,0.0,0.02441662922501564,0.10121722519397736,0.025487303733825684,0.1208670511841774,0.0,0.0,0.054783064872026443,0.016851600259542465,0.005510414019227028,0.0,0.0019397186115384102,0.02654799446463585,0.0,0.014069408178329468,0.0,0.3297421932220459,0.0,0.0,0.0,0.0,0.0,0.07833869755268097,0.0,0.04074191302061081,0.0015957769937813282,0.005140172317624092,0.0,0.0,0.21260638535022736,0.025064630433917046,0.0,0.0005513011710718274,0.0,0.0,0.011334110051393509,0.0,0.002112343907356262,0.02691890113055706,0.26221030950546265,0.0,0.01916671358048916,0.000654387753456831,0.011511769145727158,0.0,0.0,0.017419010400772095,0.025748280808329582,0.010655480436980724,0.015295667573809624,0.0,0.0,0.021305276080965996,0.07994918525218964,0.0,0.1852964460849762,0.11069299280643463,0.0,0.011153636500239372,0.009267576038837433,0.0,0.0,0.0,0.018165409564971924,0.0,0.05316299945116043,0.0407886765897274,0.0,0.0024412870407104492,0.07059203088283539,0.07790489494800568,0.0,0.0,0.08876419067382812,0.0,0.017266735434532166,0.05404057726264,0.2415611296892166,0.0,0.0016466537490487099,0.0,0.0,0.041088443249464035,0.25360390543937683,0.0,0.12383871525526047,0.011304434388875961,0.1350174844264984,0.07054778933525085,0.1372537910938263,0.0,0.024835286661982536,0.0,0.03753321245312691,0.025175828486680984,0.0,0.0,0.017825089395046234,0.0,0.0,0.014215787872672081,0.08739546686410904,0.2943885326385498,0.0,0.11430039256811142,0.021238163113594055,0.10470309108495712,0.339995801448822,0.0,0.0,0.1982286423444748,0.0,0.01071952749043703,0.0,0.0,0.09740602970123291,0.0,0.011751427315175533,0.0,0.15634271502494812,0.08540341258049011,0.0,0.0,0.14748695492744446,0.09395583719015121,0.25663721561431885,0.07406147569417953,0.0,0.0,0.020387625321745872,0.01538551039993763,0.0,0.00719385826960206,0.0,0.16996608674526215,0.026659458875656128,0.0,0.07360130548477173,0.0,0.0,0.0,0.0,0.32359611988067627,0.0,0.0,0.0,0.010584025643765926,0.0,0.011825509369373322,0.03790057450532913,0.0,0.04889298975467682,0.0,0.013431636616587639,0.039945073425769806,0.0,0.34531912207603455,0.018624737858772278,0.020474392920732498,0.14828287065029144,0.0,0.0,0.0892474427819252,0.09451217949390411,0.0,0.21196463704109192,0.35531309247016907,0.2530839443206787,0.0,0.0,0.0,0.0,0.068316251039505,0.01290583610534668,0.05122509226202965,0.03257610648870468,0.22381067276000977,0.0013890471309423447,0.0,0.3367077112197876,0.2896602153778076,0.0205904059112072,0.0,0.0,0.0071034301072359085,0.2525218725204468,0.0,0.4131990075111389,0.16086408495903015,0.014720653183758259,0.0,0.11946573108434677,0.042602911591529846,0.0,0.0,0.0,0.0,0.17371119558811188,0.13117143511772156,0.017195913940668106,0.052028048783540726,0.2691037654876709,0.13865076005458832,0.0,0.2319502830505371,0.3793540298938751,0.0,0.001649424433708191,0.2903269827365875,0.19677630066871643,0.0,0.10052662342786789,0.1548113226890564,0.0,0.519356369972229,0.14086008071899414,0.0,0.0021178931929171085,0.5262368321418762,0.004273625556379557,0.0026068957522511482,0.0020757114980369806,0.27099430561065674,0.0047172075137495995,0.20652280747890472,0.04865537956357002,0.009418516419827938,0.0024716502521187067,0.015491954050958157,0.2385863959789276,0.31209495663642883,0.1566348522901535,0.041958361864089966,0.20548811554908752,0.007592329289764166,0.26178786158561707,0.0,0.2156689614057541,0.0,0.0,0.1626104861497879,0.0,0.007707425858825445,0.7487274408340454,0.0,0.0,0.3873322010040283,0.0,0.6313930749893188,0.08547846972942352,0.029306670650839806,0.0,0.19906479120254517,0.19469429552555084,0.19941449165344238,0.0,0.0,0.0,0.8483573794364929,0.15263618528842926,0.15282118320465088,0.0,0.0,0.024537431076169014,0.6686267852783203,0.0,0.12647482752799988,0.26975059509277344,0.03120250627398491,0.0,0.0986500233411789,0.12685003876686096,0.0,0.03947566822171211,0.2122413069009781,0.5489907264709473,0.044755395501852036,0.0,0.27560099959373474,0.576183021068573,0.13393357396125793,0.01789969764649868,0.5282706618309021,0.06268095225095749,0.01149248518049717,0.02273939922451973,0.0896146148443222,0.32824990153312683,0.0,0.0034274642821401358,0.10037507116794586,0.3855254352092743,0.35392382740974426,0.0,0.38628560304641724,0.07629534602165222,0.0,0.0,0.29628899693489075,0.0,0.0,0.4682329297065735,0.05788688361644745,0.0,0.15372781455516815,0.009265103377401829,0.0062159146182239056,0.13163454830646515,0.35869598388671875,0.0,0.0,0.3836064040660858,0.12636786699295044,0.0,0.0,0.32326874136924744,0.11589575558900833,0.0006928540533408523,0.0,0.30150824785232544,0.0,0.0,0.12174024432897568,0.0,0.04073122516274452,0.00507094943895936,0.11818083375692368,0.06170804426074028,0.0,0.10898073762655258,0.010684158653020859,0.0,0.00472381291911006,0.0,0.0,0.009085776284337044,0.05740915611386299,0.01750379614531994,1.0498244591872208e-05,0.14854544401168823,0.0,0.0,0.008477799594402313,0.001299787312746048,0.0,0.0005474350182339549,0.020059220492839813,0.10555340349674225,0.006658409722149372,0.0,0.004695333074778318,0.01474022213369608,0.0,0.029209084808826447,0.003796800971031189,0.01974351890385151,0.15344583988189697,0.0028179383371025324,0.0,0.2645683288574219,0.0,0.05136064440011978,0.11839617043733597,0.01764342375099659,0.0,0.2710985541343689,0.2734215259552002,0.0,0.0,0.22719629108905792,0.0,0.027859138324856758,0.02156250923871994,0.05634201318025589,0.01996593549847603,0.0693453699350357,0.03391687199473381,0.11783215403556824,0.0,0.0,0.0,0.0,0.4932730495929718,0.27210304141044617,0.0,0.11779918521642685,0.1000608280301094,0.08512595295906067,0.04651854559779167,0.4816283583641052,0.0,0.03867471218109131,0.0,0.0,0.11511415988206863,0.017583001405000687,0.0,0.07773525267839432,0.6240267753601074,0.2561967670917511,0.010632186196744442,0.3183586299419403,0.2800360918045044,0.0,0.0,0.35150837898254395,0.019970769062638283,0.061589669436216354,0.0,0.0,0.22864872217178345,0.006972717121243477,0.061719123274087906,0.2713904082775116,0.0,0.15302544832229614,0.02233722247183323,0.2453453689813614,0.2783072590827942,0.1836034059524536,0.37902721762657166,0.07070950418710709,0.15576991438865662,0.11873827129602432,0.0012483092723414302,0.2887595295906067,0.015014255419373512,0.0,0.0,0.0,0.006042924709618092,0.0,0.0,0.009852747432887554,0.03464823588728905,0.3244624137878418,0.251041054725647,0.0,0.0035876198671758175,0.0,0.0,0.0,0.7157760262489319,0.0,0.0,0.04281555116176605,0.0,0.0,0.0,0.0016870733816176653,0.0,0.0,0.23593148589134216,0.10071787983179092,0.0,0.0,1.0448129177093506,0.0,0.0666264072060585,0.011305004358291626,0.0,0.0,0.06758727133274078,0.3458801805973053,0.0,0.1655205637216568,0.08116795122623444,0.10594909638166428,0.0,0.24305804073810577,0.0,0.308506578207016,0.005179299041628838,0.0,0.43858927488327026,0.029415424913167953,0.10477790981531143,0.0,0.0,0.3144074082374573,0.11618415266275406,0.04186723381280899,0.0,0.0,0.4509899914264679,0.31323865056037903,0.0,0.07964290678501129,0.6116513609886169,0.1060933917760849,0.008936028927564621,2.2914650440216064
248,0.0,0.051973167806863785,0.04251860827207565,0.0,0.0,0.0,0.374125599861145,0.14216656982898712,0.0,0.0040811956860125065,0.09431400895118713,0.017819851636886597,0.0,0.29399585723876953,0.0,0.039432745426893234,0.03681717813014984,0.0,0.0,0.0,0.0,0.1578187495470047,0.0,0.41451725363731384,0.01986616477370262,0.0,0.0,0.48449692130088806,0.0,0.08300506323575974,0.0054086958989501,0.19898410141468048,0.0,0.3540365993976593,0.0194373968988657,0.0721130296587944,0.06405611336231232,0.13096949458122253,0.025078976526856422,0.26948991417884827,0.0,0.1324494332075119,0.09867749363183975,0.08083540201187134,0.3007005453109741,0.0016554880421608686,0.1957714557647705,0.023145906627178192,0.0,0.056970443576574326,0.05095796287059784,0.0,0.16955578327178955,0.0004183888668194413,0.0,0.045961473137140274,0.02872515842318535,0.5510819554328918,0.07492052018642426,0.01114168856292963,0.0,0.25655293464660645,0.03855755925178528,0.0,0.0,0.0,0.0,0.11635904014110565,0.029739145189523697,0.0467229038476944,0.0,0.0,0.15046115219593048,0.19532327353954315,0.0063833752647042274,0.10067253559827805,0.018646208569407463,0.14216896891593933,0.0,0.19709330797195435,0.055219605565071106,0.01228279247879982,0.0,0.17042741179466248,0.11007602512836456,0.025109078735113144,0.0036139762960374355,0.09222759306430817,0.4374137222766876,0.26507556438446045,0.03621470555663109,0.0007431092672049999,0.0431426540017128,0.10100138932466507,0.0032201786525547504,0.0,0.35634124279022217,0.0,0.0,0.04209904000163078,0.0,0.15440671145915985,0.0,0.3538205921649933,0.37624940276145935,0.03539677709341049,0.027875801548361778,0.03694229945540428,0.0,0.0,0.023932084441184998,0.06683731079101562,0.03857230395078659,0.1472746878862381,0.0,0.0,0.017448564991354942,0.013682099059224129,0.025355223566293716,0.006073353346437216,0.03446206450462341,0.009634767659008503,0.0,0.0,0.001365523785352707,0.453683078289032,0.0,0.0,0.0,0.0,0.0,0.06829015165567398,0.0,0.01485480647534132,0.02680688351392746,0.0,0.0,0.0,0.08103808015584946,0.0005295251030474901,0.0,0.0022249852772802114,0.049172986298799515,0.0,0.09714701771736145,0.019205620512366295,0.0,0.019666390493512154,0.22130335867404938,0.0,0.016542360186576843,0.08633645623922348,0.06526223570108414,0.0,0.0,0.01124546118080616,0.016609493643045425,0.0,0.002631234936416149,0.0,0.19052299857139587,0.010351099073886871,0.018687792122364044,0.0,0.1437768191099167,0.0823761597275734,0.0,0.05980518087744713,0.0,0.0,0.0,0.0,0.003995286766439676,0.0,0.0035435683093965054,0.17521341145038605,0.0,0.015063242986798286,0.06885284930467606,0.013816693797707558,0.0037424853071570396,0.0,0.20376841723918915,0.0,0.009998228400945663,0.014962038025259972,0.16113132238388062,0.0,0.0,0.0,0.0,0.043708041310310364,0.146917924284935,0.0,0.11688414216041565,0.0921238511800766,0.03623949736356735,0.20228376984596252,0.11532709747552872,0.0,0.057911910116672516,0.0,0.010865967720746994,0.00974353775382042,0.0,0.0,0.004322890192270279,0.0,0.0,0.0,0.03683800995349884,0.21097195148468018,0.0,0.143644779920578,0.05646635591983795,0.11994148790836334,0.2913605570793152,0.0,0.0,0.31385964155197144,0.0,0.0,0.0,0.0,0.059383608400821686,0.0,0.033296652138233185,0.0024948623031377792,0.12513220310211182,0.149562805891037,0.0,0.0,0.24316763877868652,0.0874001681804657,0.2258383333683014,0.14218159019947052,0.0,0.0,0.04263334721326828,0.012110619805753231,0.0,0.020973414182662964,0.0,0.3544909954071045,0.002842002548277378,0.017507443204522133,0.07326656579971313,0.0,0.0,0.0,0.0,0.30254319310188293,0.0,0.0,0.0,0.05001820623874664,0.0,0.0428989976644516,0.022103480994701385,0.0,0.09038493037223816,0.001189625822007656,0.0,0.09171472489833832,0.0028025973588228226,0.4413549304008484,0.06589047610759735,0.019589312374591827,0.14487068355083466,0.0,0.0,0.06787454336881638,0.04462876170873642,0.0,0.22305046021938324,0.31650078296661377,0.24462813138961792,0.0,0.0,0.0,0.002750006504356861,0.012781224213540554,0.022631794214248657,0.06413773447275162,0.0022484525106847286,0.23865260183811188,0.0,0.008802637457847595,0.44734811782836914,0.2614743411540985,0.02725202776491642,0.0,0.0,0.0,0.30494624376296997,0.0,0.42476630210876465,0.09705168753862381,0.025927359238266945,0.0035884156823158264,0.38118964433670044,0.07837416976690292,0.03823133558034897,0.0,0.0,0.0,0.5790640115737915,0.003326982958242297,0.029432812705636024,0.19286756217479706,0.10758259147405624,0.0028474414721131325,0.0,0.38536858558654785,0.02461482211947441,0.0,0.016789009794592857,0.027123963460326195,0.12072154134511948,0.0,0.004897499922662973,0.016896653920412064,0.004638529848307371,0.10546398162841797,0.440922349691391,0.0071641537360847,0.0,0.49047955870628357,0.041276633739471436,0.060943473130464554,0.006886598654091358,0.4720984399318695,0.0,0.04138636216521263,0.13531269133090973,0.00812607817351818,0.008196800947189331,0.06356117874383926,0.13485543429851532,0.07997775822877884,0.6761992573738098,0.13334351778030396,0.286941796541214,0.008988945744931698,0.07992159575223923,0.013205662369728088,0.6434640288352966,0.0,0.003358559450134635,0.08802392333745956,0.004214971326291561,0.0,0.7938790321350098,0.0,0.0,0.0,0.16107480227947235,1.1484535932540894,0.39758989214897156,0.11801084131002426,0.0,0.03487510606646538,0.46147051453590393,0.0,0.0,0.0,0.0,0.33486512303352356,0.5289795398712158,0.3874220848083496,0.0,0.0,0.26268020272254944,0.836611270904541,0.02296517603099346,0.017429949715733528,0.313886433839798,0.0,0.0,0.15288354456424713,0.0807470753788948,0.0,0.05784270167350769,0.18741218745708466,0.11146467924118042,0.05129338428378105,0.0,0.6170791983604431,0.6062928438186646,0.2366178333759308,0.10740449279546738,0.25658950209617615,0.17657367885112762,0.04514965042471886,0.007383226882666349,0.4415247142314911,0.7590649127960205,0.0,0.014602812007069588,0.0,0.3105282485485077,0.616969645023346,0.0,0.1618640273809433,0.1525653451681137,0.1388927698135376,0.04274468868970871,0.29769495129585266,0.13501852750778198,0.0,0.14265969395637512,0.14832644164562225,0.02738412655889988,0.3553997576236725,0.4821789264678955,0.0,0.21609614789485931,0.2432112693786621,0.0,0.010478896088898182,0.08656995743513107,0.49531289935112,0.043554823845624924,0.009201970882713795,0.005443796515464783,0.0,0.004852664656937122,0.020202260464429855,0.05740494653582573,0.0,0.013387629762291908,0.02447332628071308,0.1529630422592163,0.06225475296378136,0.000930824491661042,0.5190996527671814,0.04269310459494591,0.0,0.3537687063217163,0.021509366109967232,0.0,0.0,0.0,0.004847466945648193,0.04023757949471474,0.03877078369259834,0.4172421395778656,0.0029835663735866547,0.11043335497379303,0.0,0.0,0.03351666405797005,0.007603663485497236,0.0,0.0,0.4872070252895355,0.029344890266656876,0.008398914709687233,0.00223281211219728,0.07636895775794983,0.035632576793432236,0.12454960495233536,0.2254081815481186,0.0,0.0661156103014946,0.22887594997882843,0.0,0.0,0.007385425269603729,0.0,0.03396102413535118,0.06675418466329575,0.08392243832349777,0.01112435944378376,1.0505043268203735,0.06310298293828964,0.0,0.0038680359721183777,0.04260384663939476,4.584491398418322e-05,0.0,0.009002028964459896,0.05529293417930603,0.03649861365556717,0.021921105682849884,0.31978049874305725,0.6329163908958435,0.006315536797046661,0.03913787379860878,0.0,0.0,0.09365842491388321,0.43041273951530457,0.0,0.2337115854024887,0.1397315263748169,0.2435908168554306,0.017021536827087402,0.1666475385427475,0.01529174204915762,0.07694153487682343,0.0,0.05545322969555855,0.3656834065914154,0.0064361183904111385,0.0,0.031544029712677,0.3903891444206238,0.12578415870666504,0.1351502686738968,0.27651891112327576,0.6945382952690125,0.0,0.005843734834343195,0.08637471497058868,0.05190419778227806,0.33252817392349243,0.0,0.018382230773568153,0.04998285695910454,0.0002707477833610028,0.3616614043712616,0.2906755208969116,0.08870458602905273,0.20405292510986328,0.007553280796855688,0.670069694519043,0.0774533748626709,0.5318949818611145,0.029290083795785904,0.3924879729747772,0.26276424527168274,0.16984285414218903,0.021704886108636856,0.10519524663686752,0.06302261352539062,0.0,0.0,0.0,0.0158331748098135,0.09362750500440598,0.0,0.020597103983163834,0.004197483416646719,0.15238988399505615,0.1342049390077591,0.043799061328172684,0.0,0.0,0.003813305636867881,0.0,0.6936378479003906,0.0,0.0,0.07870399951934814,0.10361583530902863,0.0,0.002555561251938343,0.07382847368717194,0.04533527418971062,0.0,0.004108475521206856,0.08453526347875595,0.025111252442002296,0.08085054904222488,0.5831391215324402,0.003238282399252057,0.07238040119409561,0.04503963142633438,0.0,0.0030268339905887842,0.22606630623340607,0.08037219196557999,0.0,0.14306053519248962,0.3526217043399811,0.2220289260149002,0.0,0.12796151638031006,0.0,0.13903988897800446,0.1252993792295456,0.0,0.25602683424949646,0.25677892565727234,0.4652930796146393,0.0,0.030141634866595268,0.029896480962634087,0.10088828951120377,0.1251419335603714,0.0,0.0,0.5430286526679993,0.06583156436681747,0.0,0.22673232853412628,0.6634736061096191,0.0666990801692009,0.0,0.22607509791851044,0.035981178283691406,0.02914225310087204,0.0015631673159077764,0.0,0.0,0.47686082124710083,0.07648440450429916,0.014874311164021492,0.1079339012503624,0.12856243550777435,0.019346153363585472,0.0,0.3977298438549042,0.05029534548521042,0.0,0.046331342309713364,0.057229183614254,0.09109369665384293,0.0023006892297416925,0.004962521139532328,0.05659479647874832,0.014137392863631248,0.2518356144428253,0.20689181983470917,0.0009531141840852797,0.0,0.5486382842063904,0.03253569081425667,0.03662151098251343,0.018240438774228096,0.4050891101360321,0.0,0.11073914915323257,0.13659483194351196,0.040198858827352524,0.0016224401770159602,0.06449934840202332,0.13501472771167755,0.2030470371246338,0.3551698327064514,0.1300601065158844,0.21363337337970734,0.04021624103188515,0.2134590595960617,0.02387300319969654,0.4724852740764618,0.0,0.0,0.07673293352127075,0.0004010155680589378,0.0,0.6698065996170044,0.003763101063668728,0.0,0.03690635412931442,0.17828193306922913,0.978746771812439,0.3061106503009796,0.12221856415271759,0.0,0.11255080997943878,0.37020185589790344,0.0,0.0,0.010339116677641869,0.0,0.32879868149757385,0.3906337320804596,0.3264879286289215,0.0034686082508414984,0.0,0.14640069007873535,0.5910633206367493,0.04461095854640007,0.07104701548814774,0.192794069647789,0.0,0.01673036441206932,0.10661136358976364,0.06870640814304352,0.0,0.054452069103717804,0.2018660604953766,0.1873016357421875,0.025283092632889748,0.0,0.4883979260921478,0.5129581093788147,0.20900647342205048,0.08713081479072571,0.24652016162872314,0.09461364895105362,0.022115342319011688,0.012137121520936489,0.21058876812458038,0.6391241550445557,0.0,0.014278553426265717,0.03903265297412872,0.20658792555332184,0.5093562006950378,0.0,0.22835169732570648,0.18031848967075348,0.1577867716550827,0.04203832894563675,0.21231365203857422,0.04124265909194946,0.0,0.14199690520763397,0.08140148222446442,0.0234255138784647,0.2649364471435547,0.19663232564926147,0.0,0.16064561903476715,0.17137911915779114,0.0011466286377981305,0.013658758252859116,0.1381760835647583,0.2703668475151062,0.04980695992708206,0.00016759686695877463,0.058122407644987106,0.026766180992126465,0.006728863809257746,0.016782013699412346,0.10344187170267105,0.0,0.01637944206595421,0.04220815375447273,0.08066869527101517,0.04466455802321434,0.0018555772257968783,0.2848514914512634,0.017593657597899437,0.0,0.23364098370075226,0.029261251911520958,0.0,0.0016923400107771158,0.0,0.007130808662623167,0.028183357790112495,0.017440875992178917,0.16847793757915497,0.005157784558832645,0.10477729886770248,0.0,0.0,0.05213620513677597,0.012237568385899067,0.0,0.0,0.2669505774974823,0.10999812930822372,0.0,0.004343683831393719,0.021345771849155426,0.08121173828840256,0.10225457698106766,0.10278330743312836,0.0028345242608338594,0.09207996726036072,0.19243250787258148,0.0,0.022727183997631073,0.03790788725018501,0.0,0.01809019036591053,0.019793488085269928,0.044880498200654984,0.006700921803712845,0.6378975510597229,0.10480401664972305,0.0,0.0003031492233276367,0.07632148265838623,0.0,0.005951039958745241,0.002635757438838482,0.07127800583839417,0.02455119602382183,0.016925903037190437,0.2356327921152115,0.4911573529243469,0.00951111689209938,0.046162281185388565,0.0,0.0,0.13336914777755737,0.3008919954299927,0.006691435817629099,0.2216578871011734,0.12411925196647644,0.1351919323205948,0.07760593295097351,0.20502795279026031,0.022577619180083275,0.052179716527462006,0.0,0.07255925983190536,0.17490148544311523,0.0005085591110400856,0.0,0.019648253917694092,0.2826782464981079,0.15511491894721985,0.12445826083421707,0.2098042368888855,0.4921550154685974,0.0050852238200604916,0.024702658876776695,0.15817701816558838,0.0561000220477581,0.2825576961040497,0.001101776142604649,0.006732220761477947,0.10932628065347672,0.0,0.2051459699869156,0.17924213409423828,0.04361794516444206,0.1294422298669815,0.0,0.34775838255882263,0.12081648409366608,0.42953693866729736,0.11307375133037567,0.20158341526985168,0.12125978618860245,0.17792360484600067,0.029116585850715637,0.15565171837806702,0.07766008377075195,0.0,0.0,0.0,0.006162440869957209,0.06109609454870224,0.0,0.017520848661661148,0.04812455177307129,0.17370955646038055,0.1551348865032196,0.03690014034509659,0.0,0.0,0.006645143963396549,0.0,0.6529481410980225,0.0,0.0,0.050745639950037,0.0466182716190815,0.0,0.005217945668846369,0.06772246211767197,0.019718322902917862,0.0,0.00563732860609889,0.04714620113372803,0.03932121396064758,0.08902376890182495,0.5909174680709839,0.011955366469919682,0.06772889196872711,0.06738746166229248,0.0,0.0,0.1147235780954361,0.10201442986726761,0.0,0.2088431715965271,0.3337361812591553,0.20575276017189026,0.007400748319923878,0.07956402003765106,0.0,0.12265855818986893,0.08291209489107132,0.003247795393690467,0.1976161152124405,0.18620967864990234,0.37193426489830017,0.0,0.015304344706237316,0.1829608827829361,0.1594938486814499,0.06715597212314606,0.0,0.002831270219758153,0.31394028663635254,0.1651856005191803,0.0,0.21263852715492249,0.49488475918769836,0.06992581486701965,0.002108465414494276,0.27759119868278503
249,0.22094476222991943,0.14054520428180695,0.09013261646032333,0.0,0.0,0.0,0.6588271260261536,0.03160395100712776,0.0,0.020282255485653877,0.030668985098600388,4.8391182644991204e-05,0.0,0.378491073846817,0.0,0.1291886866092682,0.06406199187040329,0.0,0.0,0.0,0.0,0.04763749614357948,0.0003955448919441551,0.17513398826122284,0.01570470817387104,0.0,0.0,0.5239138603210449,0.009133611805737019,0.11950044333934784,0.1729031205177307,0.3255641460418701,0.0,0.2711847126483917,0.09746825695037842,0.07384435087442398,0.0,0.27858608961105347,0.0014014645712450147,0.04736912250518799,0.10500334948301315,0.19752764701843262,0.0965365543961525,0.14179392158985138,0.16406172513961792,0.3161715269088745,0.368338018655777,0.055773310363292694,0.0,0.057086799293756485,0.2257363200187683,0.0,0.10150031745433807,0.025044431909918785,0.04974522069096565,0.0,0.37102070450782776,0.9085069298744202,0.3089969754219055,0.10204744338989258,0.0,0.03075166791677475,0.1935710459947586,0.0,0.0,0.026142865419387817,0.0,0.0,0.2858754098415375,0.19732236862182617,0.13593867421150208,0.0,0.23975789546966553,0.08821187168359756,0.11395858973264694,0.03317858278751373,0.004298361949622631,0.07485201954841614,0.0,0.17212708294391632,0.0,0.1020430475473404,0.0,0.13918602466583252,0.003818890079855919,0.0,0.0660281553864479,0.35816606879234314,0.27159711718559265,0.47343194484710693,0.06052437797188759,0.0,0.023132864385843277,0.09661015123128891,0.0,0.017151296138763428,0.683111846446991,0.0,0.006811114493757486,0.0,0.0,0.381049245595932,0.0,0.2429874837398529,0.5291200876235962,0.4083310067653656,0.07440757006406784,0.0018404468428343534,0.04264454543590546,0.0,0.0,0.10005410760641098,0.09563950449228287,0.3020831346511841,0.158161923289299,0.0,0.041728902608156204,0.0,0.11698582023382187,0.03499315679073334,0.0,0.09543427079916,0.0,0.015206818468868732,0.0,0.24782127141952515,0.0,0.0501696951687336,0.0,0.04587603360414505,0.0,0.13304241001605988,0.08093365281820297,0.0,0.05981432646512985,0.2590380311012268,0.0,0.0,0.05880764499306679,0.017418095842003822,0.0,0.0,0.04267056658864021,0.0,0.2592597007751465,0.0,0.10746940970420837,0.0004739375435747206,0.0,0.0,0.06556162983179092,0.2338898479938507,0.13459709286689758,0.0,0.0,0.4282986521720886,0.008946042507886887,0.0,0.03916550800204277,0.06340761482715607,0.47576290369033813,0.34863853454589844,0.017108643427491188,0.0,0.17082755267620087,0.16946418583393097,0.0,0.30623140931129456,0.0,0.0,0.000395260751247406,0.004878504201769829,0.036664947867393494,0.04120807722210884,0.37681856751441956,0.11775359511375427,0.030656814575195312,0.2588388919830322,0.0,0.013618293218314648,0.0,0.0,0.2694055438041687,0.00976558867841959,0.0,0.31513792276382446,0.39880311489105225,0.0,0.20581138134002686,0.0,0.0,0.0,0.15206921100616455,0.00962871965020895,0.33797529339790344,0.11150622367858887,0.027154812589287758,0.23265770077705383,0.0,0.062419675290584564,0.16966550052165985,0.0,0.04936261847615242,0.08863583952188492,0.0,0.0,0.0,0.0,0.0,0.10591818392276764,0.05489668250083923,0.44872844219207764,0.07953664660453796,0.3567698001861572,0.0,0.0658046081662178,0.5147473812103271,0.0,0.06095756217837334,0.30114734172821045,0.0,0.09896978735923767,0.0,0.0,0.013136133551597595,0.0,0.05813196673989296,0.0,0.45586490631103516,0.0,0.045702382922172546,0.0,0.39402005076408386,0.10609857738018036,0.037652403116226196,0.19468587636947632,0.08198626339435577,0.0,0.0875866636633873,0.16983669996261597,0.07651930302381516,0.0,0.0,0.43078458309173584,0.0,0.01758643239736557,0.041931867599487305,0.0,0.0,0.0,0.0,0.23852965235710144,0.0,0.0,0.01029555220156908,0.2641388475894928,0.0,0.10598953813314438,0.06739082932472229,0.008337886072695255,0.1966341733932495,0.0,0.0,0.2588692903518677,0.2941206693649292,0.031080832704901695,0.2026253193616867,0.0,0.2693580687046051,0.003598752897232771,0.024133136495947838,0.08557991683483124,0.0,0.0,0.39627817273139954,0.785223662853241,0.2727339267730713,0.13424012064933777,0.0,0.0,0.0,0.011498001404106617,0.030290033668279648,0.006917781196534634,0.06586119532585144,0.5442156195640564,0.0,0.09026734530925751,0.23580262064933777,0.1912364363670349,0.045507654547691345,0.0011794420424848795,0.011645256541669369,0.0,0.20276668667793274,0.018214184790849686,0.6153550148010254,0.03174259141087532,2.8369440769893117e-05,0.048023808747529984,0.0,0.15798823535442352,0.5601649880409241,0.0,0.0,0.0,0.44443634152412415,0.071738101541996,0.0,0.0,0.19791114330291748,0.004780867602676153,0.005373915191739798,0.19369655847549438,0.0,0.10133176296949387,0.0,0.0,0.0,0.0,0.0,0.21889431774616241,0.08665861934423447,1.0037529468536377,0.0,0.0,0.0,0.8775172829627991,0.08808505535125732,0.033179059624671936,0.23348252475261688,0.2660458981990814,0.0,0.4841587245464325,0.09064127504825592,0.37376466393470764,0.36171144247055054,0.8002050518989563,0.0,0.00011120778071926907,0.0,0.4371699392795563,0.0415678434073925,0.2870276868343353,0.734644889831543,0.8025611042976379,0.011659681797027588,0.0,0.0,0.24627338349819183,0.3121108114719391,0.0,0.001709587057121098,0.005285365041345358,0.17951259016990662,0.010520152747631073,0.5436130166053772,0.4403592348098755,0.08089417964220047,0.0,0.0,0.09579356759786606,0.0,0.0,0.0,0.057793617248535156,0.0,0.0,0.039858072996139526,0.0010976168559864163,0.5871623754501343,0.0,0.2691119611263275,0.0,0.052575238049030304,0.27512994408607483,0.0,0.7442752718925476,0.0010737694101408124,0.08556698262691498,0.07485749572515488,0.2558077275753021,0.0008931741467677057,0.2282744199037552,0.22044320404529572,0.0,0.18033474683761597,0.021380385383963585,0.5279111862182617,0.43102094531059265,0.11688588559627533,0.0,0.0007903981604613364,0.565895140171051,0.001979650231078267,0.0,0.2020007222890854,0.12075895816087723,0.0,0.031473517417907715,0.0,0.0,0.0,0.7551568150520325,0.7360173463821411,0.1745629608631134,0.2089177519083023,0.011775485239923,0.0,0.0,0.0,0.2136659473180771,0.2002289891242981,0.16070504486560822,0.058981649577617645,0.0,0.0,0.0011603079037740827,0.20221161842346191,0.17340798676013947,0.0,0.05195354297757149,0.2498607635498047,0.018612997606396675,0.0,0.5502147674560547,0.0,0.2766103148460388,0.005514482501894236,0.0,0.0,0.006195764522999525,0.10075095295906067,0.0,0.05133194848895073,0.0,0.0,0.0,0.0,0.015823205932974815,0.0,0.08605700731277466,0.6626020669937134,0.0,0.6247814893722534,0.0,0.0,0.13287903368473053,0.04965979605913162,0.0,0.04936990886926651,0.795603334903717,0.19644179940223694,0.0,0.0,0.5115007758140564,0.03614059463143349,0.0,0.0,0.0,1.1151150465011597,0.16824783384799957,0.0,0.0,0.17917652428150177,0.007946056313812733,0.05175385624170303,0.5464858412742615,0.0,0.0,0.016031570732593536,0.0,0.029355475679039955,0.10630376636981964,0.0,0.33463194966316223,0.00014525196456816047,0.6424973011016846,0.001482496620155871,0.007303236518055201,0.0,0.0,0.9842861294746399,0.0,0.0,0.11881294846534729,0.034007467329502106,0.13513168692588806,0.6313749551773071,0.0,0.0,0.0,0.0001224440784426406,0.09469595551490784,0.06654366850852966,0.7098208069801331,0.0015895465621724725,0.9691662192344666,0.0035142898559570312,0.026256190612912178,0.21147044003009796,0.0,0.010310692712664604,0.0,0.0,0.0,0.0,0.0,0.012370101176202297,0.0,0.0,0.05693491920828819,0.06538969278335571,0.6699142456054688,0.04861350357532501,0.23495347797870636,0.4376850724220276,0.0,0.0935404971241951,0.6648993492126465,0.0,0.0,0.0,0.0,0.0,0.06644019484519958,0.006657052785158157,0.10924728214740753,0.14056678116321564,0.02715810388326645,0.0,0.0,0.8924106955528259,0.4951096773147583,0.05526234582066536,0.18273143470287323,0.045840732753276825,0.0,0.26493290066719055,0.03855220228433609,0.0,0.0,0.0,1.1857706308364868,0.0,0.060454607009887695,0.017494844272732735,0.0,0.0,0.0,0.0,0.02182810939848423,0.0,0.05795319378376007,0.0,0.8203878402709961,0.03498203307390213,0.036841608583927155,0.0036348828580230474,0.06927856057882309,0.48136112093925476,0.0,0.0,0.5532345771789551,0.24402554333209991,0.005826431792229414,0.4645098149776459,0.08375051617622375,0.24381133913993835,0.0514240525662899,0.0,0.07434640824794769,0.0,0.024106455966830254,1.687408685684204,0.5347533822059631,0.46931490302085876,0.02360270358622074,0.0,0.0009344708523713052,0.011653868481516838,0.0021249905694276094,0.543274998664856,0.0,0.0,0.30835050344467163,0.001334693282842636,0.0,0.7725444436073303,0.3331720530986786,0.016632547602057457,0.004139282740652561,0.0,0.0,0.5580418705940247,0.06895602494478226,0.605607271194458,0.0,0.09890732914209366,0.3308049738407135,0.0996442437171936,0.14064034819602966,0.2078057825565338,0.0,0.0,0.0,0.5270146131515503,0.05862861126661301,0.0,0.01762755587697029,0.03450314700603485,0.0021479364950209856,0.0,0.34153956174850464,0.0,0.10275464504957199,0.06932023167610168,0.0,0.0,0.0,0.0,0.08545361459255219,0.06021871045231819,0.46386101841926575,0.0,0.0,0.0,0.7238287925720215,0.0533437617123127,0.04220444709062576,0.17372062802314758,0.36450430750846863,0.0,0.37559249997138977,0.10912885516881943,0.26801297068595886,0.038083408027887344,0.46747347712516785,0.0,0.02841884270310402,0.010221626609563828,0.37487974762916565,0.06189480796456337,0.2678237855434418,0.4315623641014099,0.6403647065162659,0.13153387606143951,0.006883128546178341,0.0,0.10219977796077728,0.25806108117103577,0.0,0.09061426669359207,0.02587517350912094,0.0839400663971901,0.0,0.5535728335380554,0.785102128982544,0.2543439269065857,0.06258939206600189,0.0,0.06082283705472946,0.046753838658332825,0.0,0.0,0.12315303832292557,0.0,0.0,0.2452327311038971,0.08377246558666229,0.3197965919971466,0.0,0.2388811558485031,0.021305426955223083,0.10643520951271057,0.12880270183086395,0.0,0.2816835343837738,0.0,0.128302201628685,0.008926157839596272,0.1554490029811859,0.008917903527617455,0.18507377803325653,0.04553593322634697,0.0018378009553998709,0.11486698687076569,0.2609878480434418,0.3406056761741638,0.4334225356578827,0.07406846433877945,0.0009280788362957537,0.04766283929347992,0.23186485469341278,0.018686961382627487,0.03677986189723015,0.5192260146141052,0.002089728368446231,0.013136884197592735,0.015989763662219048,0.0,0.1751718819141388,0.0,0.29688191413879395,0.5598461627960205,0.3866175413131714,0.17738066613674164,0.013896666467189789,0.010578651912510395,0.0,0.0,0.10660958290100098,0.07384362071752548,0.2332865595817566,0.12203344702720642,0.0,0.012760165147483349,0.0,0.12644968926906586,0.07891540229320526,0.0034712592605501413,0.10032820701599121,0.09027275443077087,0.011278449557721615,0.0,0.27489009499549866,0.002633959986269474,0.17539499700069427,0.0,0.0047531453892588615,0.0,0.046649884432554245,0.0895940437912941,0.0,0.08783747255802155,0.09787529706954956,0.0,0.008348585106432438,0.07252030819654465,0.04295635223388672,0.0,0.0002769466955214739,0.376756876707077,0.0,0.35358020663261414,0.0,0.0017223232425749302,0.004388771019876003,0.0,0.0,0.043770741671323776,0.5153817534446716,0.22026686370372772,0.0,0.0,0.4849265217781067,0.011675909161567688,0.0,0.009992821142077446,0.031322140246629715,0.7435429096221924,0.34965941309928894,0.002850844757631421,0.0,0.1567162573337555,0.07492431998252869,0.013142842799425125,0.3898908197879791,0.0,0.0,0.008229956962168217,0.0,0.026761548593640327,0.14216913282871246,0.19313597679138184,0.12355294823646545,0.012358683161437511,0.40802934765815735,0.002538527362048626,0.010044746100902557,0.0,0.0,0.5149098634719849,0.005852010101079941,0.0,0.31577223539352417,0.2631191611289978,0.02476135455071926,0.45405277609825134,0.0030160031747072935,0.0,0.0,0.018181944265961647,0.09883683919906616,0.24679121375083923,0.3066389262676239,0.016707953065633774,0.48273012042045593,0.0,0.045884016901254654,0.09806576371192932,0.0,0.12341301143169403,0.001352536492049694,0.0,0.0028810473158955574,0.0,0.0,0.0,0.06671072542667389,0.008139713667333126,0.3072812259197235,0.06932304799556732,0.4888075888156891,0.0002451938926242292,0.10790030658245087,0.4703766107559204,0.005240525584667921,0.07560525834560394,0.32206201553344727,0.01834218017756939,0.024452991783618927,0.0,0.0,0.0,0.013334333896636963,0.034179460257291794,0.003471898380666971,0.4147363007068634,0.0,0.0071324752643704414,0.0,0.555091381072998,0.32020848989486694,0.11977019906044006,0.21319028735160828,0.10650429129600525,0.0007293430389836431,0.10832586139440536,0.08919992297887802,0.017326120287179947,0.0,0.0028922581113874912,0.6695123314857483,0.0,0.08425480872392654,0.0037594304885715246,0.0,0.0,0.0,0.0,0.2017669677734375,0.0,0.011910353787243366,0.0,0.4546644389629364,0.000842428533360362,0.057105377316474915,0.03652928024530411,0.04324417561292648,0.2599329352378845,0.0,0.0,0.35182884335517883,0.3577001392841339,0.024383192881941795,0.29920101165771484,0.0,0.2402854710817337,0.029868941754102707,0.014495166018605232,0.03922741115093231,0.0,0.006569196004420519,1.0776845216751099,0.6810728311538696,0.2701061964035034,0.08300673961639404,0.0,0.013553587719798088,0.0,0.029407130554318428,0.15870724618434906,0.0,0.06557789444923401,0.47886034846305847,0.002095070667564869,0.019270356744527817,0.4261782467365265,0.23421849310398102,0.08564476668834686,0.0,0.03390799090266228,0.0,0.23707430064678192,0.08495557308197021,0.4681873917579651,0.004952827002853155,0.028285609558224678,0.10531309992074966,-0.37564632296562195
250,0.0,0.03161059692502022,0.00622536102309823,0.0,0.0,0.0,0.35370221734046936,0.15201398730278015,0.0,0.04674272984266281,0.13705843687057495,0.05526185780763626,0.0,0.28101012110710144,0.11450622230768204,0.046580005437135696,0.031126148998737335,0.07864316552877426,0.02029356174170971,0.0,0.0,0.16359646618366241,0.0,0.47103723883628845,0.04791581630706787,0.0,0.0,0.43054038286209106,0.0,0.10521570593118668,0.0,0.2353605479001999,0.0,0.3083347678184509,0.009710920043289661,0.024553634226322174,0.05855833366513252,0.1599736511707306,0.1311933994293213,0.3689975142478943,0.0,0.027227312326431274,0.14509263634681702,0.05705585703253746,0.2758854925632477,0.0,0.22041413187980652,0.02051747776567936,0.0,0.046926721930503845,0.0,0.0,0.3113836348056793,0.0,0.0,0.15561655163764954,0.018771685659885406,0.6060494780540466,0.03776859492063522,0.0328306183218956,0.0,0.22764237225055695,0.06877189129590988,0.02965904027223587,0.0,0.0,0.0,0.2925293743610382,0.1021830216050148,0.07393296808004379,0.0,0.0,0.12525838613510132,0.3077864646911621,0.0,0.05004667490720749,0.04186837747693062,0.10920896381139755,0.0,0.14550884068012238,0.04674912989139557,0.0283183753490448,0.0,0.18740803003311157,0.27592733502388,0.017506083473563194,0.0,0.15246470272541046,0.5604473948478699,0.3819352984428406,0.028102494776248932,0.07852300256490707,0.03742114081978798,0.08397766947746277,0.00425479793921113,0.00887646246701479,0.3804180324077606,0.0,0.0,0.07738213986158371,0.006151220761239529,0.3194887936115265,0.0,0.39682257175445557,0.31385305523872375,0.015248752199113369,0.018224839121103287,0.10716562718153,0.0,0.0,0.13176913559436798,0.04529505595564842,0.02702391892671585,0.17666073143482208,0.002117709955200553,0.0,0.037974726408720016,0.05608776584267616,0.014166106469929218,0.0,0.14431487023830414,0.00791903492063284,0.0,0.0017754469299688935,0.11185307055711746,0.47884199023246765,0.0,0.0,0.0759754478931427,0.0,0.0,0.1730702817440033,0.0,0.0034784965682774782,0.0,0.0010813426924869418,0.0,0.0,0.05321827158331871,0.0,0.0,0.018352609127759933,0.0071005248464643955,0.0,0.10716076195240021,0.04520498961210251,0.0,0.011481154710054398,0.1774127185344696,0.0,0.0,0.12000587582588196,0.04139327257871628,0.0,0.0,0.07133152335882187,0.01250413991510868,0.0,0.0,0.0,0.28750327229499817,0.0,0.021259751170873642,0.0,0.09077479690313339,0.10870549082756042,0.0,0.017358237877488136,0.014477846212685108,0.0,0.0,0.0,0.024079976603388786,0.0,0.025210708379745483,0.3548561930656433,0.0,0.01372133195400238,0.1511603742837906,0.04073219746351242,0.009104824624955654,0.0,0.16035890579223633,0.0,0.017102153971791267,0.02199629880487919,0.2282022386789322,0.0,0.0,0.0,0.0003752158081624657,0.2343170940876007,0.1549796164035797,0.0,0.21491190791130066,0.2015073448419571,0.0433051735162735,0.22208860516548157,0.23069660365581512,0.0,0.10483404994010925,0.0,0.0,0.031140485778450966,0.0,0.0,0.001711166580207646,0.039862144738435745,0.05425170436501503,0.0011690817773342133,0.08858606964349747,0.2396193891763687,0.0,0.050390034914016724,0.14669643342494965,0.0833149328827858,0.23896969854831696,0.0,0.0,0.35907527804374695,0.0,0.0027861371636390686,0.0,0.0,0.052036382257938385,0.0,0.09230406582355499,0.04710059612989426,0.1340467631816864,0.3164439797401428,0.004678328055888414,0.0,0.3369561433792114,0.037305720150470734,0.2084953486919403,0.042411379516124725,0.0,0.0,0.015036193653941154,0.03847891837358475,0.00014680458116345108,0.013869578950107098,0.0021417737007141113,0.3123501241207123,0.04028411582112312,0.04794623702764511,0.06598750501871109,0.0,0.0,0.0,0.0,0.37562474608421326,0.0,0.0,0.0,0.014637519605457783,0.0,0.03301529213786125,0.029317932203412056,0.0,0.04525386542081833,0.006901920773088932,0.0,0.059391047805547714,0.0,0.6391079425811768,0.04560234025120735,0.0341622456908226,0.11533604562282562,0.0,0.0,0.06244610622525215,0.07921250909566879,0.0,0.0917990431189537,0.21868722140789032,0.21441993117332458,0.0,0.011599224992096424,0.0,0.07770887762308121,0.0,0.0,0.10066727548837662,0.0,0.2914300858974457,0.0,0.0,0.46560001373291016,0.2092493325471878,0.008825263939797878,0.0,0.0,0.07932811975479126,0.3108879625797272,0.0,0.4341419041156769,0.23120613396167755,0.071748286485672,0.0,0.01359045971184969,0.06842907518148422,0.012967283837497234,0.0,0.0,0.0,0.27339187264442444,0.13347871601581573,0.0,0.04216497391462326,0.2059255838394165,0.07142982631921768,0.0,0.33623993396759033,0.045446086674928665,0.01442609541118145,0.0028870534151792526,0.06494036316871643,0.023400966078042984,0.0,0.0007160819950513542,0.12235639989376068,0.0,0.3818981945514679,0.08162401616573334,0.0,0.0,0.3998706042766571,0.0029305501375347376,0.042115360498428345,0.003075650194659829,0.26704317331314087,0.0,0.2883268892765045,0.0002589946088846773,0.008165821433067322,0.06492599099874496,0.03526395559310913,0.029881412163376808,0.22347784042358398,0.03393346443772316,0.06279740482568741,0.18208734691143036,0.010179105214774609,0.24151937663555145,0.0,0.24904532730579376,0.0,0.0,0.028346916660666466,0.029407700523734093,0.0,0.5092979669570923,0.0,0.0,0.15015088021755219,0.0002261863846797496,0.575769305229187,0.05552315711975098,0.005887157749384642,0.0,0.23285433650016785,0.09257085621356964,0.04567568749189377,0.0,0.0,0.0,0.41690266132354736,0.11741648614406586,0.10853424668312073,0.0,0.0,0.10275048762559891,0.48404446244239807,0.0,0.11883912980556488,0.07380825281143188,0.006214309483766556,0.0,0.1819303035736084,0.07198487222194672,0.0,0.0,0.27160152792930603,0.16704079508781433,0.040256600826978683,0.0,0.16247114539146423,0.5311940312385559,0.17626839876174927,0.02109970711171627,0.23755131661891937,0.05475069582462311,0.0,0.008783196099102497,0.015023920685052872,0.30743035674095154,0.0,0.0,0.04731198400259018,0.13922865688800812,0.2096046656370163,0.0,0.2855217456817627,0.22231009602546692,0.0011938376119360328,0.009548623114824295,0.13182908296585083,0.0,0.0,0.1789725124835968,0.07690439373254776,0.0,0.16038250923156738,0.00031190449954010546,0.0,0.04568907618522644,0.0739215761423111,0.0,0.011702573858201504,0.14719165861606598,0.04617661237716675,0.006241334602236748,0.008690955117344856,0.08801243454217911,0.25527065992355347,0.0,0.0,0.08684554696083069,0.0,0.0,0.13178184628486633,0.0,0.04007420316338539,0.000641721417196095,0.02492900937795639,0.0,0.0,0.14865925908088684,0.0030413679778575897,0.0,0.0,0.0,0.0,0.019925247877836227,0.015870505943894386,0.002986953593790531,0.009519594721496105,0.23764832317829132,0.005111345089972019,0.0,0.0014322857605293393,0.008897701278328896,0.0,0.0,0.01089381892234087,0.03507944568991661,0.012861368246376514,0.0,0.0,0.0017559909028932452,0.007886558771133423,0.06268095970153809,0.0,0.08598712831735611,0.12352471798658371,0.0,0.0,0.061136987060308456,0.0,0.007282293401658535,0.020492829382419586,0.007796814199537039,0.0,0.08072422444820404,0.09445689618587494,0.0,0.0,0.18299929797649384,0.027347246184945107,0.02876567281782627,0.0,0.09175162762403488,0.0,0.026110593229532242,0.048503629863262177,0.16464252769947052,0.0,0.0,0.0,0.0,0.20111574232578278,0.25530195236206055,0.0,0.14515960216522217,0.016259904950857162,0.07362816482782364,0.055704694241285324,0.26955389976501465,0.0,0.04042985662817955,0.0,0.006281314883381128,0.04510199651122093,0.0,0.0,0.029178142547607422,0.1237763985991478,0.09986547380685806,0.0002521371643524617,0.12091970443725586,0.32551586627960205,0.0,0.0,0.22372913360595703,0.05508660152554512,0.1676347255706787,0.0,0.0,0.16392312943935394,0.0,0.02314501814544201,0.07144699990749359,0.0,0.11428382992744446,0.0,0.01438187900930643,0.04751647263765335,0.10912704467773438,0.2670091390609741,0.009262476116418839,0.0037018044386059046,0.139445960521698,0.011627181433141232,0.2773013114929199,0.023589083924889565,0.0,0.0,0.002551002660766244,0.018405983224511147,0.0,0.0,0.0,0.08504431694746017,0.11358300596475601,0.016217699274420738,0.09076856821775436,0.0,0.0,0.0,0.0,0.48401907086372375,0.0,0.0,0.0023380310740321875,0.0,0.0,0.008695918135344982,0.007594543043524027,0.0,0.022749854251742363,0.027145804837346077,0.03500255197286606,0.016240466386079788,0.0,0.5716292858123779,0.002176095964387059,0.08420208841562271,0.07017448544502258,0.0,0.0,0.05654827132821083,0.19191080331802368,0.0,0.1275525689125061,0.11963040381669998,0.11768019199371338,0.0,0.019038954749703407,0.0,0.062384121119976044,0.014463196508586407,0.0008846620912663639,0.18584492802619934,0.002169413259252906,0.17702285945415497,0.0,0.0,0.39399969577789307,0.21218609809875488,0.014484514482319355,0.0,0.0,0.23619689047336578,0.307256281375885,0.0,0.27758392691612244,0.3707291781902313,0.04442350193858147,0.0,0.0020107596646994352,0.02576775662600994,0.005567621905356646,0.0,0.0,0.0,0.293813019990921,0.19539280235767365,0.0,0.032386887818574905,0.2085913121700287,0.10511548072099686,0.0,0.34589138627052307,0.16173461079597473,0.012689942494034767,0.010780181735754013,0.1141633614897728,0.019391627982258797,0.0,0.0,0.1571037620306015,0.0,0.45629698038101196,0.05542121082544327,0.0,0.0,0.48411452770233154,0.0,0.03669305890798569,0.0015939280856400728,0.30509865283966064,0.0,0.27658310532569885,0.0009171827114187181,0.025047697126865387,0.022403554990887642,0.06339512020349503,0.137867733836174,0.3467395603656769,0.028518464416265488,0.06982875615358353,0.15746460855007172,0.019112544134259224,0.33312302827835083,0.0,0.2151344120502472,0.0,0.0,0.06187361106276512,0.0007961181690916419,0.0,0.5107069611549377,0.0,0.0,0.2362957000732422,0.003415126819163561,0.6258410811424255,0.04720250889658928,0.03755786642432213,0.0,0.25809842348098755,0.10367953777313232,0.06677263230085373,0.0,0.0,0.0,0.4861176311969757,0.14160142838954926,0.12401165813207626,0.0,0.0,0.065656878054142,0.3999883830547333,0.0,0.15136396884918213,0.08925347775220871,0.0503876768052578,0.0,0.10185840725898743,0.0509289875626564,0.0,0.0007383652264252305,0.23744191229343414,0.3053811490535736,0.03017495758831501,0.0,0.21900418400764465,0.5520774722099304,0.23952169716358185,0.025345606729388237,0.24434123933315277,0.03317149728536606,0.00947975367307663,0.014413564465939999,0.008675736375153065,0.36082473397254944,0.0,0.0,0.1272059828042984,0.09108725935220718,0.30788177251815796,0.0,0.2811264097690582,0.22982539236545563,0.004240680951625109,0.003843279555439949,0.09483636915683746,0.005031314678490162,0.0,0.2396114617586136,0.031586576253175735,0.0,0.17635726928710938,0.005063310265541077,0.0,0.05231054499745369,0.09179960191249847,0.0,0.0,0.2530256509780884,0.030002513900399208,0.0,0.0,0.18783055245876312,0.32594478130340576,0.0,0.0,0.1541244238615036,0.0,0.0,0.17205943167209625,0.0,0.0,0.0,0.013106350786983967,0.0,0.0,0.07357659935951233,0.001604645629413426,0.0,0.0,0.0,0.0,0.034643519669771194,0.01658480055630207,0.0,0.0011912981281057,0.09390590339899063,0.0,0.0,0.029997579753398895,0.003630186663940549,0.0,0.0,0.029448024928569794,0.04617980495095253,0.0006637730984948575,0.007365649100393057,0.0,0.08207175880670547,0.004626335576176643,0.022698160260915756,0.00029413183801807463,0.09773416817188263,0.13473671674728394,0.0,0.0,0.06965021789073944,0.0,0.003551735542714596,0.01313325110822916,0.010289730504155159,0.0,0.07311089336872101,0.2398350089788437,0.0,0.0029476399067789316,0.17320913076400757,0.01738869771361351,0.01782516948878765,0.0014453852782025933,0.05711297690868378,0.0,0.0057870568707585335,0.06405068933963776,0.18219193816184998,0.0,0.0,0.0,0.0,0.2929689288139343,0.1936606466770172,0.0,0.1973515748977661,0.09911025315523148,0.04784034192562103,0.10227099806070328,0.2888304591178894,0.0,0.03039705380797386,0.0,0.00017883519467432052,0.022699065506458282,0.0,0.0,0.010672944597899914,0.19967521727085114,0.15897415578365326,0.0,0.1647513508796692,0.24409717321395874,0.0,0.0,0.2925598621368408,0.02342572622001171,0.15490548312664032,0.0,0.0,0.25407296419143677,0.0,0.021247021853923798,0.02890644036233425,0.0,0.05876360088586807,0.0,0.059026751667261124,0.13096660375595093,0.15396748483181,0.3415278494358063,0.015778088942170143,0.009706011973321438,0.21698105335235596,0.03136017173528671,0.33257442712783813,0.007136974483728409,0.0,0.0,0.0015258131315931678,0.021510932594537735,0.0,0.0,0.0,0.13726487755775452,0.07791713625192642,0.07481692731380463,0.038273777812719345,0.0,0.0,0.0,0.0,0.5242994427680969,0.0,0.0,0.0015604605432599783,0.0,0.0,0.0022196939680725336,0.008691352792084217,0.0,0.005688369274139404,0.023640938103199005,0.005081457085907459,0.028458429500460625,0.0,0.7148450613021851,0.0,0.03342285007238388,0.03731030598282814,0.0,0.0,0.05074728652834892,0.207882821559906,0.0,0.13946878910064697,0.10919783264398575,0.10382500290870667,0.0,0.049092166125774384,0.0,0.11635684221982956,0.0,0.0,0.16927731037139893,0.004381493665277958,0.20601826906204224,0.0,0.0,0.45515528321266174,0.24199645221233368,0.010292940773069859,0.0,0.0,0.18490704894065857,0.32771047949790955,0.0,0.26832568645477295,0.32709285616874695,0.05542323365807533,0.0,-0.2801625430583954
251,0.014847127720713615,0.05549310892820358,0.04484972357749939,0.0,0.0,0.0,0.29979604482650757,0.15675362944602966,0.0,0.027844134718179703,0.1864253431558609,0.011458323337137699,0.0,0.28872010111808777,0.11386097222566605,0.04713281989097595,0.011698311194777489,0.1347702145576477,0.08777546882629395,0.0,0.0,0.1279701292514801,0.0,0.5604342222213745,0.047743137925863266,0.0,0.0,0.401605486869812,0.003180675208568573,0.11415580660104752,0.01733187772333622,0.21697548031806946,0.0,0.29460692405700684,0.027202334254980087,0.03034842014312744,0.07063046842813492,0.20655617117881775,0.12734243273735046,0.32949090003967285,0.005795372650027275,0.016762766987085342,0.18472182750701904,0.0377250574529171,0.2996150255203247,0.0,0.17776715755462646,0.04058545455336571,0.0,0.09721146523952484,0.0,0.0,0.30733293294906616,0.0010963998502120376,0.0,0.1928301751613617,0.04144620895385742,0.4790341258049011,0.03129182755947113,0.012386132963001728,0.0,0.18035051226615906,0.02449902892112732,0.0,0.0,0.0,0.0,0.3051126003265381,0.03770091384649277,0.059443581849336624,0.0,0.0,0.10706070810556412,0.1993013620376587,0.0,0.05002829432487488,0.10787375271320343,0.0786156877875328,0.0,0.07800614833831787,0.06961459666490555,0.043557967990636826,0.0,0.19359439611434937,0.35321614146232605,0.01978311315178871,0.001097528263926506,0.09364944696426392,0.5535780787467957,0.2878287136554718,0.03069443628191948,0.2177271544933319,0.03920089080929756,0.12630562484264374,0.004714308772236109,0.0030801412649452686,0.2428455352783203,0.0,0.0,0.015097513794898987,0.0697178840637207,0.17675864696502686,0.0,0.5372355580329895,0.19698292016983032,0.038985878229141235,0.008396434597671032,0.17671236395835876,0.0,0.0,0.11640559881925583,0.049882158637046814,0.028917985036969185,0.13745713233947754,0.0031287800520658493,0.0,0.028257951140403748,0.13464292883872986,0.012610726058483124,0.0,0.12242289632558823,0.012358486652374268,0.008635107427835464,0.003975376486778259,0.08222167193889618,0.4046458899974823,0.0,0.0,0.1363540142774582,0.0,0.0,0.11620558053255081,0.0,0.0,0.0,0.0009637321345508099,0.0,0.0,0.06425007432699203,0.0,0.0,0.025239840149879456,0.0,0.0,0.12327076494693756,0.05948583409190178,0.0,0.045010555535554886,0.1847454309463501,0.006569211371243,0.0,0.14800426363945007,0.028600649908185005,0.0,0.0,0.11197352409362793,0.01922685094177723,0.014821972697973251,0.0011029401794075966,0.0,0.22310175001621246,0.004534360021352768,0.03733030706644058,0.0,0.017161810770630836,0.07350648939609528,0.0009543001651763916,0.006583415903151035,0.02591811865568161,0.0,0.0,0.0,0.025690920650959015,0.0,0.023772891610860825,0.3049702048301697,0.0,0.004510003142058849,0.18780486285686493,0.03854566439986229,0.017509644851088524,0.0,0.17840202152729034,0.0,0.01562155969440937,0.014517026953399181,0.09511887282133102,0.0,0.0,0.0,0.0,0.1885886937379837,0.09733659774065018,0.0,0.08713335543870926,0.2543538212776184,0.06350947171449661,0.2707640528678894,0.2977134883403778,0.0,0.14907142519950867,0.0,0.0053191473707556725,0.011475820094347,0.0,0.0,0.008283615112304688,0.08155960589647293,0.12981021404266357,0.005323493387550116,0.03002859838306904,0.17080263793468475,0.0,0.05869360640645027,0.1731719672679901,0.07469864189624786,0.18358749151229858,0.0,0.0,0.28170737624168396,0.0,0.0,0.02375858649611473,0.0,0.0670635923743248,0.0,0.12784649431705475,0.12223110347986221,0.09166157245635986,0.32749953866004944,0.004227631259709597,0.0,0.32373756170272827,0.05742151290178299,0.15967079997062683,0.026286598294973373,0.0,0.0,0.014190485700964928,0.031125172972679138,0.0,0.012449480593204498,0.005756955593824387,0.323525995016098,0.0830875113606453,0.0709274560213089,0.08567024022340775,0.0,0.0,0.0,0.0,0.35637223720550537,0.0,0.0,3.8098543882369995e-05,0.012392891570925713,0.0,0.020606040954589844,0.03145328909158707,0.0,0.03960312157869339,0.032240670174360275,0.0024644332006573677,0.07274112850427628,0.013227860443294048,0.5982808470726013,0.035539887845516205,0.05246398597955704,0.11210731416940689,0.0,0.0,0.05919291079044342,0.0596957802772522,0.0,0.2487698644399643,0.0906534418463707,0.1895616352558136,0.0,0.03584323823451996,0.0,0.1338142305612564,0.0,0.002734212204813957,0.16871844232082367,0.010483735240995884,0.20648902654647827,0.0,0.005460018292069435,0.4373261332511902,0.13452719151973724,0.01343661267310381,0.0,0.0,0.08738178759813309,0.3739527463912964,0.0,0.35599350929260254,0.23308739066123962,0.12413041293621063,0.005940059199929237,0.0444430336356163,0.07585025578737259,0.0596744678914547,0.0,0.0,0.0,0.5032318830490112,0.1006401777267456,0.0,0.041910625994205475,0.05049874261021614,0.014015737920999527,0.0,0.4347849488258362,0.0,0.04230000823736191,0.028981806710362434,0.0,0.0026888754218816757,0.0,0.0,0.11833570152521133,0.0,0.18054699897766113,0.03541525453329086,0.0,0.0,0.4430232346057892,0.0,0.11466711014509201,0.0,0.2550187110900879,0.0,0.3017619252204895,0.020598165690898895,0.0604245699942112,0.1044049859046936,0.1542169749736786,0.004517966881394386,0.2475479245185852,0.06699080765247345,0.15954016149044037,0.14535650610923767,0.06855398416519165,0.20427200198173523,0.03400818258523941,0.3524695634841919,0.004712284542620182,0.0,0.042264584451913834,0.06008313596248627,0.0,0.2115153968334198,0.009097959846258163,0.01408938504755497,0.0,0.07226443290710449,0.7879100441932678,0.17311501502990723,0.02455783635377884,0.0,0.21640382707118988,0.18632987141609192,0.0,0.0,0.0045583173632621765,0.0,0.02810702472925186,0.09685593098402023,0.16328950226306915,0.008671414107084274,0.0,0.2536718547344208,0.19696557521820068,0.03294995799660683,0.07402412593364716,0.018536385148763657,0.024990910664200783,0.0,0.2490258514881134,0.026814129203557968,0.002575143240392208,0.0,0.22816096246242523,0.0,0.04670272767543793,0.01205832976847887,0.20468682050704956,0.37521523237228394,0.2634257674217224,0.05484597384929657,0.0,0.045658085495233536,0.022283894941210747,0.0,0.0,0.4911733865737915,0.0,0.007565263658761978,0.0,0.0,0.22011245787143707,0.0,0.15924489498138428,0.3463002145290375,0.11092934012413025,0.02291780337691307,0.02632175385951996,0.016154680401086807,0.0,0.014935711398720741,0.08543577045202255,0.051878422498703,0.19031016528606415,0.006918660365045071,0.0,0.05203720182180405,0.002430466003715992,0.027104774489998817,0.01247197575867176,0.0,0.028797192499041557,0.0,0.018052438274025917,0.0,0.2922423779964447,0.0,0.006531218066811562,0.0,0.007534862961620092,0.0,0.07826769351959229,0.008404596708714962,0.030537547543644905,0.004191500134766102,0.031223855912685394,0.0,0.0,0.2368088960647583,0.036749329417943954,0.0,0.0,0.010744890198111534,0.0,0.04473710060119629,0.0,0.030379576608538628,0.00666317343711853,0.20823118090629578,0.0,0.028696691617369652,0.012015383690595627,0.024520665407180786,0.0,0.0,0.10619356483221054,0.022859835997223854,0.0,0.026955358684062958,0.003726240945979953,0.04587069898843765,0.037090495228767395,0.08535883575677872,0.0,0.19361045956611633,0.12618553638458252,0.0,0.04140438884496689,0.0,0.0,0.0,0.0,0.02619062177836895,0.0,0.1241508424282074,0.0327555313706398,0.0,0.026614796370267868,0.02658422663807869,0.09685712307691574,0.0,0.0,0.0916207879781723,0.004956310614943504,0.006188729777932167,0.08826304972171783,0.32976505160331726,0.0,0.028089238330721855,0.0,0.0,0.008525921031832695,0.2431333363056183,0.0,0.14676183462142944,0.022064795717597008,0.13387852907180786,0.11392822116613388,0.06648281216621399,0.009942286647856236,0.04605909809470177,0.0,0.035323143005371094,0.03272716701030731,0.0,0.0,0.0,0.0,0.0,0.037554167211055756,0.07536044716835022,0.3084615170955658,0.0,0.179529070854187,0.011165432631969452,0.13020770251750946,0.410579115152359,0.0,0.0,0.18275567889213562,0.0,0.05520377680659294,0.0,0.0,0.047062184661626816,0.0,0.005127454176545143,0.0,0.21944841742515564,0.018332278355956078,0.0008703875355422497,0.0,0.19018763303756714,0.10682249069213867,0.18371890485286713,0.09265635907649994,0.016275009140372276,0.0011079779360443354,0.03815322741866112,0.02999594807624817,0.012215547263622284,0.009717436507344246,0.0,0.23036131262779236,0.003274358808994293,0.0,0.07301310449838638,0.0,0.0,0.0,0.0,0.30350252985954285,0.0,0.0,0.0028147022239863873,0.04166276007890701,0.0,0.03598805516958237,0.04286778345704079,0.006839023437350988,0.051818303763866425,0.0,0.0,0.12477481365203857,0.020941542461514473,0.23057445883750916,0.06408359110355377,0.005845719948410988,0.22141486406326294,0.0,0.0,0.08554073423147202,0.050323791801929474,0.0,0.24589897692203522,0.5095770359039307,0.2986169159412384,0.0025203016120940447,0.0,0.0,0.0,0.07623254507780075,0.021172819659113884,0.033401988446712494,0.03302504122257233,0.31032487750053406,0.0007510203868150711,0.0,0.32742953300476074,0.2838101089000702,0.018117755651474,0.0,0.0,0.0,0.20602302253246307,0.0,0.5100954174995422,0.1267443299293518,0.019214611500501633,0.0,0.04193481430411339,0.026588283479213715,0.03346288204193115,0.0,0.0,0.0,0.46423208713531494,0.12311436980962753,0.0,0.03266725316643715,0.05193016305565834,0.042471688240766525,0.0,0.4469129741191864,0.0,0.03668375685811043,0.0644029974937439,0.0,0.0026633646339178085,0.0,0.0,0.09946104884147644,0.010909805074334145,0.27240630984306335,0.03598230332136154,0.0011649236548691988,0.0,0.5493420362472534,0.0,0.04513780027627945,0.009628287516534328,0.3291190266609192,0.0,0.2968516945838928,0.0015817196108400822,0.10755027830600739,0.018055995926260948,0.13856886327266693,0.02024681307375431,0.2980004549026489,0.09833864122629166,0.2209860384464264,0.0954391360282898,0.10861608386039734,0.31707966327667236,0.026979487389326096,0.4305349588394165,0.0054471455514431,0.0,0.023384500294923782,0.02808878757059574,0.0,0.3468511700630188,4.501566581893712e-05,0.0,0.051013700664043427,0.05343777313828468,0.8531960248947144,0.14275836944580078,0.07529190927743912,0.0,0.2278909534215927,0.2087140679359436,0.0,0.0,0.0,0.0,0.10420326888561249,0.18092601001262665,0.18264977633953094,0.0018027594778686762,0.0,0.1755460500717163,0.30049005150794983,0.0023878461215645075,0.1367691457271576,0.03477872163057327,0.042074110358953476,0.0,0.16558828949928284,0.014618320390582085,0.0003406867617741227,0.0,0.2527121305465698,0.015444227494299412,0.01948590576648712,0.0,0.29031315445899963,0.3781176805496216,0.2637633681297302,0.0317695327103138,0.0010578647488728166,0.04250621050596237,0.041972268372774124,0.04787224531173706,0.0138311255723238,0.5345210433006287,0.0,0.0001436518650734797,0.07544277608394623,0.006576458923518658,0.21503321826457977,0.0,0.11838789284229279,0.3599647283554077,0.040007662028074265,0.018429264426231384,0.038391631096601486,0.009361405856907368,0.0,0.044156648218631744,0.053969405591487885,0.025282710790634155,0.19296005368232727,0.04060527682304382,0.0,0.06336119771003723,0.011860787868499756,0.013568743132054806,0.0,0.07437235862016678,0.04213741794228554,0.0,0.0,0.0094011090695858,0.2538934648036957,0.0,0.0,0.0012401127023622394,0.0,0.0,0.08775786310434341,0.007947790436446667,0.01856248453259468,0.004583050962537527,0.0884188562631607,0.0,0.0,0.1520097851753235,0.04512973129749298,0.0,0.0,0.0,0.0,0.04168522357940674,0.002189973136410117,0.008401509374380112,0.0001538008509669453,0.04703745245933533,0.0,0.010213141329586506,0.04527333378791809,0.029688125476241112,0.0,0.0,0.09593835473060608,0.05890575051307678,0.0,0.010750594548881054,0.00586286187171936,0.09736283123493195,0.021889977157115936,0.041849829256534576,0.0,0.19189894199371338,0.18235529959201813,0.0008228237857110798,0.0335940346121788,0.0,0.0,0.0,0.0,0.02238604426383972,0.0005203975015319884,0.17593947052955627,0.07506915181875229,0.0,0.01455217506736517,0.08766430616378784,0.023934204131364822,0.0,0.0,0.0838540643453598,0.00046847862540744245,0.0,0.17380142211914062,0.33081111311912537,0.0,0.014020917937159538,0.0,0.0,0.044817689806222916,0.18555305898189545,0.0008602234302088618,0.2194897085428238,0.0368310771882534,0.05511399358510971,0.08819588273763657,0.037829987704753876,0.0,0.048032935708761215,0.0,0.02942591905593872,0.03436564281582832,0.0,0.0,0.0,0.0,0.0,0.007995168678462505,0.17989669740200043,0.3344295620918274,0.0,0.09634682536125183,0.08572462946176529,0.07738164067268372,0.37101373076438904,0.0,0.0,0.2237992137670517,0.0,0.04501618817448616,0.0,0.0,0.037226997315883636,0.0,0.05744650214910507,0.0,0.2867732644081116,0.05088521167635918,0.02085353061556816,0.0,0.19505444169044495,0.08979915082454681,0.3309824466705322,0.07050354033708572,0.0,7.02199904480949e-05,0.022341743111610413,0.018205996602773666,0.0,0.0008075726800598204,0.006064978893846273,0.18454425036907196,0.0017705705249682069,0.0031930303666740656,0.015463768504559994,0.0,0.0,0.0,0.0,0.40300124883651733,0.0,0.0,0.0,0.03722991794347763,0.0,0.02779383584856987,0.03345862030982971,0.008681158535182476,0.03802316635847092,0.0,0.0,0.07743754982948303,0.005075572989881039,0.42846715450286865,0.021962845697999,0.004831959959119558,0.12088961154222488,0.0,0.0,0.08040445297956467,0.1088586375117302,0.0,0.2637593448162079,0.4186450242996216,0.2305140197277069,0.0,0.0,0.0,0.0,0.0360308438539505,0.007849682122468948,0.032015152275562286,0.082154281437397,0.32868894934654236,0.0,0.0036550103686749935,0.3590182065963745,0.3302323818206787,0.020609242841601372,0.0,4.6886008931323886e-05,0.018561063334345818,0.2260654866695404,0.0,0.4198461174964905,0.20859894156455994,0.0162435844540596,0.0,0.15196900069713593
252,0.08120213449001312,0.1303044557571411,0.05614428594708443,0.0,0.0,0.0,0.4657604694366455,0.08160395920276642,0.0,0.00893077626824379,0.05371366813778877,0.005408296827226877,0.0,0.31616899371147156,0.0,0.0762060359120369,0.023982413113117218,0.0,0.0,0.0,0.0,0.048933543264865875,0.0,0.33606788516044617,0.018604183569550514,0.0,0.0,0.4859839379787445,0.003901021322235465,0.09569519013166428,0.08327259123325348,0.28170046210289,0.0,0.28129372000694275,0.05252150446176529,0.07941029220819473,0.04895946756005287,0.2457580864429474,0.01459022518247366,0.12646321952342987,0.0290630254894495,0.1579252928495407,0.09229430556297302,0.10650097578763962,0.2649237811565399,0.10685159265995026,0.24489863216876984,0.015249825082719326,0.0,0.079450324177742,0.07814570516347885,0.0,0.17641587555408478,0.011969591490924358,0.02249750867486,0.00258762389421463,0.19156889617443085,0.6275901198387146,0.15899594128131866,0.06053537875413895,0.0,0.09595711529254913,0.09278234094381332,0.0,0.0,0.0016510207206010818,0.0,0.02643250860273838,0.14876008033752441,0.1176595464348793,0.021569736301898956,0.0,0.15344731509685516,0.09905482083559036,0.024313820526003838,0.04224366322159767,0.0022109299898147583,0.0960937961935997,0.0,0.12524724006652832,0.009819984436035156,0.0851726084947586,0.0,0.1525096446275711,0.04185156896710396,0.010015621781349182,0.05855005979537964,0.2139759510755539,0.3658679723739624,0.35693150758743286,0.04692491888999939,0.0,0.027036001905798912,0.07493535429239273,0.0017390616703778505,0.011998635716736317,0.4661988317966461,0.0,0.0,0.00020403116650413722,0.0,0.2859749495983124,0.0,0.2993674576282501,0.33247002959251404,0.14678405225276947,0.04184485971927643,0.01421617902815342,0.01534201204776764,0.0,0.0038635660894215107,0.06860636919736862,0.04346666485071182,0.17835476994514465,0.02248631976544857,0.0,0.03580044209957123,0.0,0.06682675331830978,0.005717145744711161,0.0,0.03592634201049805,0.013540834188461304,0.00432470440864563,0.0,0.3360396921634674,0.0,0.0,0.0,0.011448300443589687,0.0,0.12430936098098755,0.009467394091188908,0.005269590299576521,0.017151964828372,0.06783848255872726,0.0,0.0,0.08215072005987167,0.004887905903160572,0.0,0.0,0.017149480059742928,0.0,0.15547490119934082,0.0,0.019313856959342957,0.0,0.03935524821281433,0.00317838485352695,0.041736673563718796,0.19729216396808624,0.10070152580738068,0.0,0.0,0.23633182048797607,0.013459390960633755,0.0,0.02757866680622101,0.02972792647778988,0.2613396942615509,0.1305529922246933,0.02036074735224247,0.0,0.12192290276288986,0.09541302174329758,0.0023180998396128416,0.12332741171121597,0.0,0.0,0.0,0.0,0.03177539259195328,0.014760809950530529,0.12408708781003952,0.12142997235059738,0.003929405938833952,0.11349055916070938,0.03281562402844429,0.02858777716755867,0.0071045816875994205,0.0,0.2538747489452362,0.0,0.0,0.11947806924581528,0.23713140189647675,0.0,0.07387560606002808,0.0,0.0,0.01841636747121811,0.09041149914264679,0.0003650309517979622,0.19290977716445923,0.14959712326526642,0.035637300461530685,0.1977800875902176,0.012557456269860268,0.0073917158879339695,0.0898975282907486,0.0,0.02048194408416748,0.028229687362909317,0.0,0.0,0.0,0.0,0.0,0.040967874228954315,0.03307187184691429,0.31902021169662476,0.015229100361466408,0.21342897415161133,0.014648223295807838,0.04423965886235237,0.337442010641098,0.002534981817007065,0.02206924930214882,0.2408500760793686,0.0,0.02603243850171566,0.0,0.0,0.01418642420321703,0.0,0.03804829344153404,0.0015783228445798159,0.25969117879867554,0.0347227118909359,0.01027507334947586,0.0,0.33571165800094604,0.09664485603570938,0.09475000202655792,0.07593008130788803,0.015383817255496979,0.0,0.04559536650776863,0.051946382969617844,0.017387060448527336,0.0,0.0,0.3693423271179199,0.0,0.023310484364628792,0.06271734088659286,0.0,0.0,0.0,0.0,0.2725619375705719,0.0,0.0,0.004104651510715485,0.09570030868053436,0.0,0.06033584475517273,0.046977318823337555,0.001778542879037559,0.1484697461128235,0.0,0.0,0.17775216698646545,0.10696136951446533,0.19870944321155548,0.08497017621994019,0.0,0.16998045146465302,0.005583915859460831,0.0,0.07512134313583374,0.004493981134146452,0.0,0.35937753319740295,0.4346179962158203,0.21493013203144073,0.01654529944062233,0.0,0.0,0.0,0.0010078269988298416,0.031332727521657944,0.025586146861314774,0.04807702824473381,0.33628615736961365,0.0,0.0192159004509449,0.2949715852737427,0.1516961306333542,0.014058979228138924,0.0,0.0,0.0,0.25324681401252747,0.0,0.45099517703056335,0.06970153003931046,0.0026036840863525867,0.02218029461801052,0.01359045971184969,0.06842907518148422,0.012967283837497234,0.0,0.0,0.0,0.27339187264442444,0.13347871601581573,0.0,0.04216497391462326,0.2059255838394165,0.07142982631921768,0.0,0.33623993396759033,0.045446086674928665,0.01442609541118145,0.0028870534151792526,0.06494036316871643,0.023400966078042984,0.0,0.0007160819950513542,0.12235639989376068,0.0,0.3818981945514679,0.08162401616573334,0.0,0.0,0.3998706042766571,0.0029305501375347376,0.042115360498428345,0.003075650194659829,0.26704317331314087,0.0,0.2883268892765045,0.0002589946088846773,0.008165821433067322,0.06492599099874496,0.03526395559310913,0.029881412163376808,0.22347784042358398,0.03393346443772316,0.06279740482568741,0.18208734691143036,0.010179105214774609,0.24151937663555145,0.0,0.24904532730579376,0.0,0.0,0.028346916660666466,0.029407700523734093,0.0,0.5092979669570923,0.0,0.0,0.15015088021755219,0.0002261863846797496,0.575769305229187,0.05552315711975098,0.005887157749384642,0.0,0.23285433650016785,0.09257085621356964,0.04567568749189377,0.0,0.0,0.0,0.41690266132354736,0.11741648614406586,0.10853424668312073,0.0,0.0,0.10275048762559891,0.48404446244239807,0.0,0.11883912980556488,0.07380825281143188,0.006214309483766556,0.0,0.1819303035736084,0.07198487222194672,0.0,0.0,0.27160152792930603,0.16704079508781433,0.040256600826978683,0.0,0.16247114539146423,0.5311940312385559,0.17626839876174927,0.02109970711171627,0.23755131661891937,0.05475069582462311,0.0,0.008783196099102497,0.015023920685052872,0.30743035674095154,0.0,0.0,0.04731198400259018,0.13922865688800812,0.2096046656370163,0.0,0.2855217456817627,0.22231009602546692,0.0011938376119360328,0.009548623114824295,0.13182908296585083,0.0,0.0,0.1789725124835968,0.07690439373254776,0.0,0.16038250923156738,0.00031190449954010546,0.0,0.04568907618522644,0.0739215761423111,0.0,0.011702573858201504,0.14719165861606598,0.04617661237716675,0.006241334602236748,0.008690955117344856,0.08801243454217911,0.25527065992355347,0.0,0.0,0.08684554696083069,0.0,0.0,0.13178184628486633,0.0,0.04007420316338539,0.000641721417196095,0.02492900937795639,0.0,0.0,0.14865925908088684,0.0030413679778575897,0.0,0.0,0.0,0.0,0.019925247877836227,0.015870505943894386,0.002986953593790531,0.009519594721496105,0.23764832317829132,0.005111345089972019,0.0,0.0014322857605293393,0.008897701278328896,0.0,0.0,0.01089381892234087,0.03507944568991661,0.012861368246376514,0.0,0.0,0.0017559909028932452,0.007886558771133423,0.06268095970153809,0.0,0.08598712831735611,0.12352471798658371,0.0,0.0,0.061136987060308456,0.0,0.007282293401658535,0.020492829382419586,0.007796814199537039,0.0,0.08072422444820404,0.09445689618587494,0.0,0.0,0.18299929797649384,0.027347246184945107,0.02876567281782627,0.0,0.09175162762403488,0.0,0.026110593229532242,0.048503629863262177,0.16464252769947052,0.0,0.0,0.0,0.0,0.20111574232578278,0.25530195236206055,0.0,0.14515960216522217,0.016259904950857162,0.07362816482782364,0.055704694241285324,0.26955389976501465,0.0,0.04042985662817955,0.0,0.006281314883381128,0.04510199651122093,0.0,0.0,0.029178142547607422,0.1237763985991478,0.09986547380685806,0.0002521371643524617,0.12091970443725586,0.32551586627960205,0.0,0.0,0.22372913360595703,0.05508660152554512,0.1676347255706787,0.0,0.0,0.16392312943935394,0.0,0.02314501814544201,0.07144699990749359,0.0,0.11428382992744446,0.0,0.01438187900930643,0.04751647263765335,0.10912704467773438,0.2670091390609741,0.009262476116418839,0.0037018044386059046,0.139445960521698,0.011627181433141232,0.2773013114929199,0.023589083924889565,0.0,0.0,0.002551002660766244,0.018405983224511147,0.0,0.0,0.0,0.08504431694746017,0.11358300596475601,0.016217699274420738,0.09076856821775436,0.0,0.0,0.0,0.0,0.48401907086372375,0.0,0.0,0.0023380310740321875,0.0,0.0,0.008695918135344982,0.007594543043524027,0.0,0.022749854251742363,0.027145804837346077,0.03500255197286606,0.016240466386079788,0.0,0.5716292858123779,0.002176095964387059,0.08420208841562271,0.07017448544502258,0.0,0.0,0.05654827132821083,0.19191080331802368,0.0,0.1275525689125061,0.11963040381669998,0.11768019199371338,0.0,0.019038954749703407,0.0,0.062384121119976044,0.014463196508586407,0.0008846620912663639,0.18584492802619934,0.002169413259252906,0.17702285945415497,0.0,0.0,0.39399969577789307,0.21218609809875488,0.014484514482319355,0.0,0.0,0.23619689047336578,0.307256281375885,0.0,0.27758392691612244,0.3707291781902313,0.04442350193858147,0.0,0.05798940733075142,0.07520418614149094,0.006102066021412611,0.0,0.0,0.0,0.40029141306877136,0.13200759887695312,0.0,0.043808359652757645,0.08016431331634521,0.059975698590278625,0.0,0.3726257383823395,0.012096557766199112,0.03713645040988922,0.03552299365401268,0.0023394424933940172,0.0,0.0,0.0,0.10207473486661911,0.0024769771844148636,0.3375742435455322,0.03822338581085205,0.0,0.0,0.538030207157135,0.005773529876023531,0.03268866240978241,0.048396993428468704,0.35435742139816284,0.0,0.2835884690284729,0.000751918472815305,0.07021185010671616,0.008318502455949783,0.12577851116657257,0.014748957939445972,0.21431539952754974,0.0626874566078186,0.2108186036348343,0.10388913750648499,0.0795997902750969,0.3078056573867798,0.022298144176602364,0.3497225344181061,0.0,0.0,0.025811320170760155,0.07348904013633728,0.0,0.3914090692996979,0.0,0.0016162373358383775,0.06577102839946747,0.05402760952711105,0.7335948944091797,0.1251811981201172,0.0802682489156723,0.0,0.20825184881687164,0.14868135750293732,0.01207142323255539,0.0,0.000781996815931052,0.0,0.17278678715229034,0.20072293281555176,0.17115534842014313,0.003688485361635685,0.0,0.11415369063615799,0.32270756363868713,0.0019797857385128736,0.16578857600688934,0.028636349365115166,0.038082022219896317,0.0,0.14440293610095978,0.01986154168844223,0.005808648653328419,5.936043180554407e-06,0.23646847903728485,0.029361017048358917,0.011706139892339706,0.03226429596543312,0.281980961561203,0.384828120470047,0.24637559056282043,0.020342165604233742,0.03205676004290581,0.027434591203927994,0.05637357756495476,0.03480622544884682,0.04097805544734001,0.4723740816116333,0.0,0.0004779619921464473,0.09061691164970398,0.012246002443134785,0.2225399613380432,0.0,0.1646873503923416,0.3365479111671448,0.016006628051400185,0.03272693231701851,0.03176499530673027,0.018770013004541397,0.0,0.06811348348855972,0.054384294897317886,0.01023403462022543,0.19256743788719177,0.02792729251086712,0.0,0.037002794444561005,0.01465247105807066,0.029873596504330635,0.003343008691444993,0.09792852401733398,0.05917378142476082,0.01782933995127678,0.0022780068684369326,0.036472924053668976,0.224653959274292,0.0053161755204200745,9.392781794304028e-05,0.015248977579176426,0.0,0.0,0.10592439025640488,0.0,0.011311494745314121,0.007953311316668987,0.10351774096488953,0.0,0.0,0.10962369292974472,0.053075917065143585,0.0,0.0009936444694176316,0.0008439855882897973,0.0,0.051187664270401,0.0,0.023188617080450058,0.0,0.005999679211527109,0.0010756991105154157,0.008438779972493649,0.05856504663825035,0.046212270855903625,0.0,0.0,0.11637771129608154,0.06118718907237053,0.0,0.012066751718521118,0.024462847039103508,0.08751638978719711,0.08929317444562912,0.016692878678441048,0.0,0.1635778546333313,0.16008038818836212,0.0021791798062622547,0.04621899127960205,0.0,0.0,0.005639019887894392,0.011327908374369144,0.025724465027451515,0.0016305387252941728,0.1787530928850174,0.08087462931871414,0.0,0.03340674936771393,0.0789676234126091,0.016640597954392433,0.018484942615032196,0.0007776772254146636,0.14116644859313965,0.001047828933224082,0.0012706232955679297,0.17657092213630676,0.2604118585586548,0.0,0.004474882502108812,0.0,0.0,0.076363205909729,0.16904421150684357,0.0013053499860689044,0.2036101520061493,0.04597415775060654,0.026235660538077354,0.10097966343164444,0.03656110167503357,0.0,0.05558742955327034,0.0,0.02409394644200802,0.027341583743691444,0.0,0.0,0.0,0.008552630431950092,0.0035179045516997576,0.0,0.14464394748210907,0.3422621786594391,0.010612274520099163,0.077429860830307,0.10525524616241455,0.04248599708080292,0.27643802762031555,0.0,0.0062654693610966206,0.1988065540790558,0.0,0.04758739471435547,0.0,0.0,0.025897439569234848,0.0,0.041146546602249146,0.010913499630987644,0.2783435881137848,0.05267764627933502,0.02064662240445614,0.011576682329177856,0.22474060952663422,0.06601855158805847,0.30665451288223267,0.0636696144938469,0.0,0.000850557058583945,0.0193032193928957,0.021640149876475334,0.001667320728302002,0.0,5.819275975227356e-05,0.18745039403438568,0.006214591674506664,0.00906422920525074,0.02165653370320797,0.0,0.0,0.0,0.0,0.452624648809433,0.0,0.0,0.0,0.033968668431043625,0.0,0.03188951686024666,0.019403202459216118,0.0004062168300151825,0.08086035400629044,0.007116330321878195,0.0,0.08390285074710846,0.016253972426056862,0.3988357186317444,0.029469668865203857,0.0,0.0952807292342186,0.0,0.0,0.07833123207092285,0.13274092972278595,0.0,0.3013896942138672,0.33701372146606445,0.16386957466602325,0.0009858314879238605,0.0,0.002219600137323141,0.005294307135045528,0.023136761039495468,0.005510719958692789,0.04402906447649002,0.06370580941438675,0.30795127153396606,0.0,0.00044646073365584016,0.32933083176612854,0.2685014307498932,0.025794455781579018,0.0,0.0022193873301148415,0.03694691136479378,0.26184171438217163,0.0,0.34391841292381287,0.19505950808525085,0.01110906433314085,0.0022654973436146975,-0.3177490532398224
253,0.47120118141174316,0.07365681231021881,0.08961840718984604,0.0,0.0,0.0,0.831439733505249,0.008989649824798107,0.0,0.3964564800262451,0.0,0.0,0.0,0.4491686224937439,0.0,0.035337917506694794,0.04135981202125549,0.0,0.0,0.030930783599615097,0.0,0.010850334540009499,0.00281246704980731,0.048748284578323364,0.3225034177303314,0.0,0.0,0.5782067775726318,0.030639294534921646,0.012696266174316406,0.04378615692257881,0.5698590874671936,0.0,0.04029327630996704,0.11112887412309647,0.019081149250268936,0.0,0.22143319249153137,0.15412075817584991,0.06412317603826523,0.8953627347946167,0.22429847717285156,0.07351426035165787,0.0558491088449955,0.12124142050743103,0.11431688070297241,0.9510701298713684,0.0073657771572470665,0.0,0.14447513222694397,0.20022685825824738,0.0,0.5380289554595947,0.0,0.05348934605717659,0.0,0.3303150236606598,1.5779811143875122,0.42006242275238037,0.3389747738838196,0.0,0.0354682132601738,0.687696099281311,0.0,0.0,0.012775138020515442,0.0,0.03599477559328079,0.6962698698043823,0.3429916501045227,0.1331912726163864,0.0,0.5181646347045898,0.7858050465583801,0.0997137650847435,0.015420721843838692,0.2720581591129303,0.005516425706446171,0.0,0.08015940338373184,0.029736122116446495,0.0070083229802548885,0.02618277631700039,0.2742452025413513,0.0,0.015338887460529804,0.0,0.855745255947113,0.46281611919403076,0.3507367670536041,0.23611758649349213,0.0,0.03639582544565201,0.05847577750682831,0.011816181242465973,0.45876699686050415,0.9551774859428406,0.0,0.017864685505628586,0.00942707248032093,0.05246752128005028,0.5647271871566772,0.0,0.0,0.29727745056152344,0.29384541511535645,0.0754421129822731,0.1383531391620636,0.2500268518924713,0.0,0.0,0.09312436729669571,0.12506461143493652,0.4154202938079834,0.8557095527648926,0.0,0.15065021812915802,0.09240666776895523,0.1043626070022583,0.06516764312982559,0.0049246856942772865,0.5821627974510193,0.1594606190919876,0.00954743567854166,0.0,0.0019887578673660755,0.0,0.14643283188343048,0.0,0.0,0.011659961193799973,0.05352454632520676,0.25589683651924133,0.07275116443634033,0.1661113053560257,0.9795106053352356,0.0,0.0,0.4439154267311096,0.019385740160942078,0.0,0.0,0.0,0.0,0.035615019500255585,0.0,0.6650882959365845,0.0,0.0,0.0,0.0,0.07029123604297638,0.03461203724145889,0.0,0.0,0.8074477910995483,0.05531316623091698,0.0,0.004171664826571941,0.11453033983707428,0.22237679362297058,0.21927522122859955,0.20362801849842072,0.0,0.17180611193180084,0.2816776633262634,0.0,0.07285532355308533,0.0,0.0,0.027748726308345795,0.04435982555150986,0.031317878514528275,0.0400439016520977,1.3046811819076538,0.06390640884637833,0.0032191453501582146,0.22113937139511108,0.0,0.0,0.0,0.0,0.000924614374525845,0.03437243402004242,0.0,0.6312083601951599,0.9205843806266785,0.03839324414730072,0.16492651402950287,0.0,0.0,0.020845243707299232,0.30038172006607056,0.0010525385150685906,0.4309075176715851,0.09667374193668365,0.04156895726919174,0.040495652705430984,0.003465913934633136,0.05730389058589935,0.11298055201768875,0.0,0.04232950881123543,0.4458417296409607,0.0,0.0004476701724343002,0.0,0.2847159504890442,0.012307008728384972,0.024130472913384438,0.30788326263427734,0.8429533839225769,0.034904416650533676,0.11292809993028641,0.0,0.04054613038897514,0.6424926519393921,0.0,0.09689566493034363,0.11684473603963852,0.0,0.5013769865036011,0.06535843014717102,0.09035176038742065,0.06923404335975647,0.0,0.7744443416595459,0.0,0.8765925765037537,0.0,0.2490541636943817,0.3002563416957855,0.36030951142311096,0.11810871213674545,0.12204162776470184,0.1400010734796524,0.01887228526175022,0.0,0.012851299718022346,0.034340161830186844,0.12124844640493393,0.0,0.00038849361590109766,0.00527151208370924,0.0,0.0,0.0,0.0,0.0,0.0,0.0,0.572746992111206,0.0,0.0,0.020577093586325645,0.3704500198364258,0.017336905002593994,0.07829698920249939,0.18085885047912598,0.1754123717546463,0.08140101283788681,0.0,0.017251519486308098,0.2519451081752777,0.21423423290252686,0.32654333114624023,0.03583073616027832,0.0,0.11825892329216003,0.0,0.0873618796467781,0.505525529384613,0.01123120915144682,0.0,0.2748259902000427,0.8034087419509888,0.35167384147644043,0.13681234419345856,0.0,0.0,0.0017627410124987364,0.09196058660745621,0.0,0.13757538795471191,0.31278204917907715,0.6665862798690796,0.0,0.1625789999961853,0.04116997495293617,0.20434951782226562,0.10882603377103806,0.0,0.028392797335982323,0.38127994537353516,0.0210882481187582,0.00020723071065731347,0.4534177780151367,0.4482746720314026,0.014791440218687057,0.013002105988562107,0.01359045971184969,0.06842907518148422,0.012967283837497234,0.0,0.0,0.0,0.27339187264442444,0.13347871601581573,0.0,0.04216497391462326,0.2059255838394165,0.07142982631921768,0.0,0.33623993396759033,0.045446086674928665,0.01442609541118145,0.0028870534151792526,0.06494036316871643,0.023400966078042984,0.0,0.0007160819950513542,0.12235639989376068,0.0,0.3818981945514679,0.08162401616573334,0.0,0.0,0.3998706042766571,0.0029305501375347376,0.042115360498428345,0.003075650194659829,0.26704317331314087,0.0,0.2883268892765045,0.0002589946088846773,0.008165821433067322,0.06492599099874496,0.03526395559310913,0.029881412163376808,0.22347784042358398,0.03393346443772316,0.06279740482568741,0.18208734691143036,0.010179105214774609,0.24151937663555145,0.0,0.24904532730579376,0.0,0.0,0.028346916660666466,0.029407700523734093,0.0,0.5092979669570923,0.0,0.0,0.15015088021755219,0.0002261863846797496,0.575769305229187,0.05552315711975098,0.005887157749384642,0.0,0.23285433650016785,0.09257085621356964,0.04567568749189377,0.0,0.0,0.0,0.41690266132354736,0.11741648614406586,0.10853424668312073,0.0,0.0,0.10275048762559891,0.48404446244239807,0.0,0.11883912980556488,0.07380825281143188,0.006214309483766556,0.0,0.1819303035736084,0.07198487222194672,0.0,0.0,0.27160152792930603,0.16704079508781433,0.040256600826978683,0.0,0.16247114539146423,0.5311940312385559,0.17626839876174927,0.02109970711171627,0.23755131661891937,0.05475069582462311,0.0,0.008783196099102497,0.015023920685052872,0.30743035674095154,0.0,0.0,0.04731198400259018,0.13922865688800812,0.2096046656370163,0.0,0.2855217456817627,0.22231009602546692,0.0011938376119360328,0.009548623114824295,0.13182908296585083,0.0,0.0,0.1789725124835968,0.07690439373254776,0.0,0.16038250923156738,0.00031190449954010546,0.0,0.04568907618522644,0.0739215761423111,0.0,0.011702573858201504,0.14719165861606598,0.04617661237716675,0.006241334602236748,0.008690955117344856,0.08801243454217911,0.25527065992355347,0.0,0.0,0.08684554696083069,0.0,0.0,0.13178184628486633,0.0,0.04007420316338539,0.000641721417196095,0.02492900937795639,0.0,0.0,0.14865925908088684,0.0030413679778575897,0.0,0.0,0.0,0.0,0.019925247877836227,0.015870505943894386,0.002986953593790531,0.009519594721496105,0.23764832317829132,0.005111345089972019,0.0,0.0014322857605293393,0.008897701278328896,0.0,0.0,0.01089381892234087,0.03507944568991661,0.012861368246376514,0.0,0.0,0.0017559909028932452,0.007886558771133423,0.06268095970153809,0.0,0.08598712831735611,0.12352471798658371,0.0,0.0,0.061136987060308456,0.0,0.007282293401658535,0.020492829382419586,0.007796814199537039,0.0,0.08072422444820404,0.09445689618587494,0.0,0.0,0.18299929797649384,0.027347246184945107,0.02876567281782627,0.0,0.09175162762403488,0.0,0.026110593229532242,0.048503629863262177,0.16464252769947052,0.0,0.0,0.0,0.0,0.20111574232578278,0.25530195236206055,0.0,0.14515960216522217,0.016259904950857162,0.07362816482782364,0.055704694241285324,0.26955389976501465,0.0,0.04042985662817955,0.0,0.006281314883381128,0.04510199651122093,0.0,0.0,0.029178142547607422,0.1237763985991478,0.09986547380685806,0.0002521371643524617,0.12091970443725586,0.32551586627960205,0.0,0.0,0.22372913360595703,0.05508660152554512,0.1676347255706787,0.0,0.0,0.16392312943935394,0.0,0.02314501814544201,0.07144699990749359,0.0,0.11428382992744446,0.0,0.01438187900930643,0.04751647263765335,0.10912704467773438,0.2670091390609741,0.009262476116418839,0.0037018044386059046,0.139445960521698,0.011627181433141232,0.2773013114929199,0.023589083924889565,0.0,0.0,0.002551002660766244,0.018405983224511147,0.0,0.0,0.0,0.08504431694746017,0.11358300596475601,0.016217699274420738,0.09076856821775436,0.0,0.0,0.0,0.0,0.48401907086372375,0.0,0.0,0.0023380310740321875,0.0,0.0,0.008695918135344982,0.007594543043524027,0.0,0.022749854251742363,0.027145804837346077,0.03500255197286606,0.016240466386079788,0.0,0.5716292858123779,0.002176095964387059,0.08420208841562271,0.07017448544502258,0.0,0.0,0.05654827132821083,0.19191080331802368,0.0,0.1275525689125061,0.11963040381669998,0.11768019199371338,0.0,0.019038954749703407,0.0,0.062384121119976044,0.014463196508586407,0.0008846620912663639,0.18584492802619934,0.002169413259252906,0.17702285945415497,0.0,0.0,0.39399969577789307,0.21218609809875488,0.014484514482319355,0.0,0.0,0.23619689047336578,0.307256281375885,0.0,0.27758392691612244,0.3707291781902313,0.04442350193858147,0.0,0.25641632080078125,0.07322793453931808,0.0520491786301136,0.0,0.0,0.0,0.6480324864387512,0.08542641997337341,0.0007706696051172912,0.2938575744628906,0.012025225907564163,0.024868806824088097,0.0015010788338258862,0.47399452328681946,0.014041787944734097,0.02019110880792141,0.0639456957578659,0.0,0.0,0.01670202426612377,0.0,0.08365266770124435,0.008170224726200104,0.1534913182258606,0.2009517103433609,0.0,0.0,0.6353157758712769,0.03170417994260788,0.010340327396988869,0.025250274688005447,0.5142273902893066,0.0,0.14849799871444702,0.05999109148979187,0.043597061187028885,0.0,0.1646176427602768,0.12852522730827332,0.15537290275096893,0.5551632642745972,0.29927968978881836,0.062276534736156464,0.13477402925491333,0.2479720115661621,0.06965994834899902,0.7105705142021179,0.0013924617087468505,0.0,0.08388467878103256,0.13065366446971893,0.0,0.5435634851455688,0.0,0.0303523950278759,0.00132382579613477,0.21649298071861267,1.2950598001480103,0.30984529852867126,0.22976893186569214,0.0,0.18343760073184967,0.520178496837616,0.008653026074171066,0.0008050642791204154,0.02335449680685997,0.0,0.11122872680425644,0.5546503663063049,0.27993693947792053,0.07890479266643524,0.0,0.353710800409317,0.6180310249328613,0.04302385821938515,0.12735770642757416,0.19969961047172546,0.006921013817191124,0.0,0.1260288953781128,0.027517084032297134,0.0,0.013490074314177036,0.30704057216644287,9.250798029825091e-05,0.015935257077217102,0.0,0.6562336683273315,0.4477568566799164,0.2673543095588684,0.15393932163715363,0.027662528678774834,0.02947995625436306,0.03639425337314606,0.034153010696172714,0.26302269101142883,0.7906391024589539,0.0,0.02523774281144142,0.1194765567779541,0.02780315838754177,0.4434656500816345,0.0,0.0,0.3164999783039093,0.14756694436073303,0.06571689248085022,0.08016444742679596,0.14356020092964172,0.0,0.023452816531062126,0.05777448043227196,0.06565341353416443,0.36097291111946106,0.4743318557739258,0.0,0.11963937431573868,0.06453841924667358,0.05089303106069565,0.03769474849104881,0.10133381187915802,0.3524720072746277,0.10118845105171204,0.006107859779149294,0.01295002643018961,0.06012943014502525,0.0,0.11179986596107483,0.0012205059174448252,0.0,0.003808744717389345,0.10702459514141083,0.12461357563734055,0.034077372401952744,0.09841699153184891,0.5789065957069397,0.0,0.0,0.35486772656440735,0.05761807784438133,0.0007769073126837611,0.0,0.0,0.0,0.02643176168203354,0.0,0.37567269802093506,0.0,0.0,0.0,0.0,0.057478610426187515,0.026134824380278587,0.0,0.0,0.4658336639404297,0.08708014339208603,0.0,0.009103737771511078,0.05847848579287529,0.1621476411819458,0.10605774819850922,0.11616344004869461,0.012654254212975502,0.23404373228549957,0.2645546793937683,0.0,0.036122895777225494,0.00025759873096831143,0.0,0.01797747239470482,0.025806274265050888,0.019853482022881508,0.006226640660315752,0.8349130749702454,0.050300512462854385,0.0005570987123064697,0.13089919090270996,0.026505684480071068,0.0,0.0,0.015878167003393173,0.0028812014497816563,0.014160960912704468,0.0,0.4798312485218048,0.6707834601402283,0.019631948322057724,0.08921387046575546,0.0,0.0,0.06183202192187309,0.26862695813179016,0.0,0.3473343849182129,0.056811559945344925,0.024118570610880852,0.03306838497519493,0.02933710440993309,0.012045093812048435,0.06922527402639389,0.0,0.06799755990505219,0.2508604824542999,1.4089636351855006e-05,0.00284651480615139,0.0,0.17339259386062622,0.0079154372215271,0.012060042470693588,0.3154875338077545,0.6498982310295105,0.016809388995170593,0.057267796248197556,0.060629017651081085,0.03477337583899498,0.4904331564903259,0.01752707175910473,0.05004696920514107,0.16915270686149597,0.0,0.3242763876914978,0.041147056967020035,0.05270567163825035,0.041668981313705444,0.0,0.44603779911994934,0.002815272891893983,0.6371495127677917,0.005440323613584042,0.158461794257164,0.16235311329364777,0.24467681348323822,0.098762147128582,0.2727796733379364,0.10718295723199844,0.0,0.0,0.008627139963209629,0.029114319011569023,0.0595875047147274,0.0,0.0024688278790563345,0.04444427415728569,0.0012322268448770046,0.0,0.0,0.0,0.0,0.0,0.0,0.6072001457214355,0.0,0.0,0.006966757122427225,0.2185160517692566,0.011597947217524052,0.05687076225876808,0.12497816979885101,0.09472054988145828,0.04900086298584938,0.0032537865918129683,0.01818269118666649,0.16565768420696259,0.09170298278331757,0.4642011225223541,0.033568866550922394,0.0,0.1113249659538269,0.0,0.043333154171705246,0.3269815742969513,0.09364869445562363,0.001807896769605577,0.3151698112487793,0.5895159244537354,0.2658987045288086,0.04671354219317436,0.0,0.0046648080460727215,0.004142018500715494,0.08530211448669434,0.0,0.1196804791688919,0.252023309469223,0.5107675194740295,0.004153968300670385,0.08317159116268158,0.1774309277534485,0.2893601357936859,0.06918375194072723,0.0,0.026758655905723572,0.26930105686187744,0.13592933118343353,0.006091403774917126,0.3899252116680145,0.3650738596916199,0.02466883882880211,0.011929287575185299,-0.7038307785987854
254,0.08120213449001312,0.1303044557571411,0.05614428594708443,0.0,0.0,0.0,0.4657604694366455,0.08160395920276642,0.0,0.00893077626824379,0.05371366813778877,0.005408296827226877,0.0,0.31616899371147156,0.0,0.0762060359120369,0.023982413113117218,0.0,0.0,0.0,0.0,0.048933543264865875,0.0,0.33606788516044617,0.018604183569550514,0.0,0.0,0.4859839379787445,0.003901021322235465,0.09569519013166428,0.08327259123325348,0.28170046210289,0.0,0.28129372000694275,0.05252150446176529,0.07941029220819473,0.04895946756005287,0.2457580864429474,0.01459022518247366,0.12646321952342987,0.0290630254894495,0.1579252928495407,0.09229430556297302,0.10650097578763962,0.2649237811565399,0.10685159265995026,0.24489863216876984,0.015249825082719326,0.0,0.079450324177742,0.07814570516347885,0.0,0.17641587555408478,0.011969591490924358,0.02249750867486,0.00258762389421463,0.19156889617443085,0.6275901198387146,0.15899594128131866,0.06053537875413895,0.0,0.09595711529254913,0.09278234094381332,0.0,0.0,0.0016510207206010818,0.0,0.02643250860273838,0.14876008033752441,0.1176595464348793,0.021569736301898956,0.0,0.15344731509685516,0.09905482083559036,0.024313820526003838,0.04224366322159767,0.0022109299898147583,0.0960937961935997,0.0,0.12524724006652832,0.009819984436035156,0.0851726084947586,0.0,0.1525096446275711,0.04185156896710396,0.010015621781349182,0.05855005979537964,0.2139759510755539,0.3658679723739624,0.35693150758743286,0.04692491888999939,0.0,0.027036001905798912,0.07493535429239273,0.0017390616703778505,0.011998635716736317,0.4661988317966461,0.0,0.0,0.00020403116650413722,0.0,0.2859749495983124,0.0,0.2993674576282501,0.33247002959251404,0.14678405225276947,0.04184485971927643,0.01421617902815342,0.01534201204776764,0.0,0.0038635660894215107,0.06860636919736862,0.04346666485071182,0.17835476994514465,0.02248631976544857,0.0,0.03580044209957123,0.0,0.06682675331830978,0.005717145744711161,0.0,0.03592634201049805,0.013540834188461304,0.00432470440864563,0.0,0.3360396921634674,0.0,0.0,0.0,0.011448300443589687,0.0,0.12430936098098755,0.009467394091188908,0.005269590299576521,0.017151964828372,0.06783848255872726,0.0,0.0,0.08215072005987167,0.004887905903160572,0.0,0.0,0.017149480059742928,0.0,0.15547490119934082,0.0,0.019313856959342957,0.0,0.03935524821281433,0.00317838485352695,0.041736673563718796,0.19729216396808624,0.10070152580738068,0.0,0.0,0.23633182048797607,0.013459390960633755,0.0,0.02757866680622101,0.02972792647778988,0.2613396942615509,0.1305529922246933,0.02036074735224247,0.0,0.12192290276288986,0.09541302174329758,0.0023180998396128416,0.12332741171121597,0.0,0.0,0.0,0.0,0.03177539259195328,0.014760809950530529,0.12408708781003952,0.12142997235059738,0.003929405938833952,0.11349055916070938,0.03281562402844429,0.02858777716755867,0.0071045816875994205,0.0,0.2538747489452362,0.0,0.0,0.11947806924581528,0.23713140189647675,0.0,0.07387560606002808,0.0,0.0,0.01841636747121811,0.09041149914264679,0.0003650309517979622,0.19290977716445923,0.14959712326526642,0.035637300461530685,0.1977800875902176,0.012557456269860268,0.0073917158879339695,0.0898975282907486,0.0,0.02048194408416748,0.028229687362909317,0.0,0.0,0.0,0.0,0.0,0.040967874228954315,0.03307187184691429,0.31902021169662476,0.015229100361466408,0.21342897415161133,0.014648223295807838,0.04423965886235237,0.337442010641098,0.002534981817007065,0.02206924930214882,0.2408500760793686,0.0,0.02603243850171566,0.0,0.0,0.01418642420321703,0.0,0.03804829344153404,0.0015783228445798159,0.25969117879867554,0.0347227118909359,0.01027507334947586,0.0,0.33571165800094604,0.09664485603570938,0.09475000202655792,0.07593008130788803,0.015383817255496979,0.0,0.04559536650776863,0.051946382969617844,0.017387060448527336,0.0,0.0,0.3693423271179199,0.0,0.023310484364628792,0.06271734088659286,0.0,0.0,0.0,0.0,0.2725619375705719,0.0,0.0,0.004104651510715485,0.09570030868053436,0.0,0.06033584475517273,0.046977318823337555,0.001778542879037559,0.1484697461128235,0.0,0.0,0.17775216698646545,0.10696136951446533,0.19870944321155548,0.08497017621994019,0.0,0.16998045146465302,0.005583915859460831,0.0,0.07512134313583374,0.004493981134146452,0.0,0.35937753319740295,0.4346179962158203,0.21493013203144073,0.01654529944062233,0.0,0.0,0.0,0.0010078269988298416,0.031332727521657944,0.025586146861314774,0.04807702824473381,0.33628615736961365,0.0,0.0192159004509449,0.2949715852737427,0.1516961306333542,0.014058979228138924,0.0,0.0,0.0,0.25324681401252747,0.0,0.45099517703056335,0.06970153003931046,0.0026036840863525867,0.02218029461801052,0.38118964433670044,0.07837416976690292,0.03823133558034897,0.0,0.0,0.0,0.5790640115737915,0.003326982958242297,0.029432812705636024,0.19286756217479706,0.10758259147405624,0.0028474414721131325,0.0,0.38536858558654785,0.02461482211947441,0.0,0.016789009794592857,0.027123963460326195,0.12072154134511948,0.0,0.004897499922662973,0.016896653920412064,0.004638529848307371,0.10546398162841797,0.440922349691391,0.0071641537360847,0.0,0.49047955870628357,0.041276633739471436,0.060943473130464554,0.006886598654091358,0.4720984399318695,0.0,0.04138636216521263,0.13531269133090973,0.00812607817351818,0.008196800947189331,0.06356117874383926,0.13485543429851532,0.07997775822877884,0.6761992573738098,0.13334351778030396,0.286941796541214,0.008988945744931698,0.07992159575223923,0.013205662369728088,0.6434640288352966,0.0,0.003358559450134635,0.08802392333745956,0.004214971326291561,0.0,0.7938790321350098,0.0,0.0,0.0,0.16107480227947235,1.1484535932540894,0.39758989214897156,0.11801084131002426,0.0,0.03487510606646538,0.46147051453590393,0.0,0.0,0.0,0.0,0.33486512303352356,0.5289795398712158,0.3874220848083496,0.0,0.0,0.26268020272254944,0.836611270904541,0.02296517603099346,0.017429949715733528,0.313886433839798,0.0,0.0,0.15288354456424713,0.0807470753788948,0.0,0.05784270167350769,0.18741218745708466,0.11146467924118042,0.05129338428378105,0.0,0.6170791983604431,0.6062928438186646,0.2366178333759308,0.10740449279546738,0.25658950209617615,0.17657367885112762,0.04514965042471886,0.007383226882666349,0.4415247142314911,0.7590649127960205,0.0,0.014602812007069588,0.0,0.3105282485485077,0.616969645023346,0.0,0.1618640273809433,0.1525653451681137,0.1388927698135376,0.04274468868970871,0.29769495129585266,0.13501852750778198,0.0,0.14265969395637512,0.14832644164562225,0.02738412655889988,0.3553997576236725,0.4821789264678955,0.0,0.21609614789485931,0.2432112693786621,0.0,0.010478896088898182,0.08656995743513107,0.49531289935112,0.043554823845624924,0.009201970882713795,0.005443796515464783,0.0,0.004852664656937122,0.020202260464429855,0.05740494653582573,0.0,0.013387629762291908,0.02447332628071308,0.1529630422592163,0.06225475296378136,0.000930824491661042,0.5190996527671814,0.04269310459494591,0.0,0.3537687063217163,0.021509366109967232,0.0,0.0,0.0,0.004847466945648193,0.04023757949471474,0.03877078369259834,0.4172421395778656,0.0029835663735866547,0.11043335497379303,0.0,0.0,0.03351666405797005,0.007603663485497236,0.0,0.0,0.4872070252895355,0.029344890266656876,0.008398914709687233,0.00223281211219728,0.07636895775794983,0.035632576793432236,0.12454960495233536,0.2254081815481186,0.0,0.0661156103014946,0.22887594997882843,0.0,0.0,0.007385425269603729,0.0,0.03396102413535118,0.06675418466329575,0.08392243832349777,0.01112435944378376,1.0505043268203735,0.06310298293828964,0.0,0.0038680359721183777,0.04260384663939476,4.584491398418322e-05,0.0,0.009002028964459896,0.05529293417930603,0.03649861365556717,0.021921105682849884,0.31978049874305725,0.6329163908958435,0.006315536797046661,0.03913787379860878,0.0,0.0,0.09365842491388321,0.43041273951530457,0.0,0.2337115854024887,0.1397315263748169,0.2435908168554306,0.017021536827087402,0.1666475385427475,0.01529174204915762,0.07694153487682343,0.0,0.05545322969555855,0.3656834065914154,0.0064361183904111385,0.0,0.031544029712677,0.3903891444206238,0.12578415870666504,0.1351502686738968,0.27651891112327576,0.6945382952690125,0.0,0.005843734834343195,0.08637471497058868,0.05190419778227806,0.33252817392349243,0.0,0.018382230773568153,0.04998285695910454,0.0002707477833610028,0.3616614043712616,0.2906755208969116,0.08870458602905273,0.20405292510986328,0.007553280796855688,0.670069694519043,0.0774533748626709,0.5318949818611145,0.029290083795785904,0.3924879729747772,0.26276424527168274,0.16984285414218903,0.021704886108636856,0.10519524663686752,0.06302261352539062,0.0,0.0,0.0,0.0158331748098135,0.09362750500440598,0.0,0.020597103983163834,0.004197483416646719,0.15238988399505615,0.1342049390077591,0.043799061328172684,0.0,0.0,0.003813305636867881,0.0,0.6936378479003906,0.0,0.0,0.07870399951934814,0.10361583530902863,0.0,0.002555561251938343,0.07382847368717194,0.04533527418971062,0.0,0.004108475521206856,0.08453526347875595,0.025111252442002296,0.08085054904222488,0.5831391215324402,0.003238282399252057,0.07238040119409561,0.04503963142633438,0.0,0.0030268339905887842,0.22606630623340607,0.08037219196557999,0.0,0.14306053519248962,0.3526217043399811,0.2220289260149002,0.0,0.12796151638031006,0.0,0.13903988897800446,0.1252993792295456,0.0,0.25602683424949646,0.25677892565727234,0.4652930796146393,0.0,0.030141634866595268,0.029896480962634087,0.10088828951120377,0.1251419335603714,0.0,0.0,0.5430286526679993,0.06583156436681747,0.0,0.22673232853412628,0.6634736061096191,0.0666990801692009,0.0,0.2906072437763214,0.07823496311903,0.01012028194963932,0.0,0.0,0.0,0.5650805234909058,0.05745944380760193,0.014160294085741043,0.14042015373706818,0.050245508551597595,0.012217819690704346,0.0,0.41761940717697144,0.005138802342116833,0.0,0.06097133457660675,0.0,0.030587686225771904,0.002835966181010008,0.0,0.051435086876153946,0.03669195622205734,0.16423077881336212,0.12647248804569244,0.0,0.0005644175689667463,0.5757186412811279,0.03663886711001396,0.03786856308579445,0.04645499959588051,0.4410626292228699,0.0,0.12029887735843658,0.13398553431034088,0.04828460514545441,0.0,0.11796052008867264,0.07766358554363251,0.1792593151330948,0.4079081416130066,0.20215067267417908,0.14964742958545685,0.07325567305088043,0.20248694717884064,0.06632053107023239,0.5363253355026245,0.0,0.005887848325073719,0.06281327456235886,0.051849935203790665,0.0,0.5614485740661621,0.011302607133984566,0.0021746745333075523,0.0,0.24420668184757233,1.0592466592788696,0.35052934288978577,0.18385156989097595,0.0,0.10009977966547012,0.40295282006263733,0.005652482155710459,0.0,0.04171520099043846,0.0,0.12825605273246765,0.4532889425754547,0.3734661936759949,0.007373733911663294,0.0,0.1759236454963684,0.49532538652420044,0.07484893500804901,0.058281999081373215,0.13446520268917084,0.0,0.008867581374943256,0.11920133233070374,0.03989856690168381,0.0,0.04596763849258423,0.18749751150608063,0.05669645220041275,0.011983879841864109,0.004806334152817726,0.5664493441581726,0.39289534091949463,0.29686763882637024,0.07521256059408188,0.09061646461486816,0.07551277428865433,0.059870827943086624,0.035123310983181,0.2051232010126114,0.7374029755592346,0.0,0.021135864779353142,0.03817959129810333,0.0996844619512558,0.5615449547767639,0.0,0.16526739299297333,0.24790720641613007,0.1739129275083542,0.044986795634031296,0.12403225898742676,0.07407523691654205,0.0,0.033590368926525116,0.09453937411308289,0.035135503858327866,0.31506970524787903,0.26666754484176636,0.0,0.15057075023651123,0.10136567801237106,0.018771125003695488,0.015146909281611443,0.07612138241529465,0.27151647210121155,0.06998620927333832,0.006352275609970093,0.005692632868885994,0.01008850522339344,0.02515077218413353,0.06746377050876617,0.035870183259248734,0.0,0.014398327097296715,0.05130898207426071,0.11589495837688446,0.04346189275383949,0.016681235283613205,0.3963567614555359,0.011525728739798069,0.0006376877427101135,0.21666762232780457,0.04700632765889168,0.0,0.0017487156437709928,0.0,0.012083335779607296,0.043528519570827484,0.0018688362324610353,0.22022771835327148,0.0,0.012525014579296112,0.0,0.0,0.0718531459569931,0.03937891125679016,0.0,0.0,0.344673216342926,0.0770425945520401,0.0,4.26745718868915e-05,0.05467335879802704,0.1129922866821289,0.13357025384902954,0.07426313310861588,0.006408271379768848,0.12153086066246033,0.19908198714256287,0.0,0.04031851887702942,0.0,0.0,0.02685653232038021,0.025479231029748917,0.053568772971630096,0.010086219757795334,0.74931401014328,0.06907904893159866,0.0,0.017999088391661644,0.03440732881426811,0.0,0.01117437332868576,0.006142207887023687,0.09194471687078476,0.02984289824962616,0.008640049025416374,0.3449436128139496,0.5724334716796875,0.007717454340308905,0.07509363442659378,0.0,0.0,0.07070579379796982,0.2737063765525818,0.02222912199795246,0.2670634388923645,0.08574653416872025,0.08270900696516037,0.07856953144073486,0.06254824995994568,0.03150244057178497,0.06747963279485703,0.0,0.0811116099357605,0.18400761485099792,0.000526201562024653,0.004930535797029734,0.005057759117335081,0.1372646689414978,0.07206935435533524,0.14629235863685608,0.21571849286556244,0.6001160144805908,0.00563125079497695,0.05804877728223801,0.06362202018499374,0.0539274588227272,0.3803727924823761,0.011544039472937584,0.014736553654074669,0.10770688951015472,0.0030388387385755777,0.2395203560590744,0.049984678626060486,0.03986363112926483,0.08163299411535263,0.0010600619716569781,0.27987009286880493,0.04252012073993683,0.5482163429260254,0.004844149108976126,0.19444632530212402,0.09877686202526093,0.2118067443370819,0.034720469266176224,0.14486323297023773,0.09507305175065994,0.010000823065638542,0.0020720327738672495,0.0038501208182424307,0.025983480736613274,0.08662606030702591,0.0,0.0204776544123888,0.08484621345996857,0.064027801156044,0.12479173392057419,0.024627095088362694,0.0,0.0,0.022522760555148125,0.0,0.5806564688682556,0.0,0.0,0.03871232643723488,0.09178215265274048,0.0,0.027313387021422386,0.07181094586849213,0.023392047733068466,0.02702600322663784,0.0,0.008174645714461803,0.06657668203115463,0.12063851207494736,0.4259578287601471,0.017098573967814445,0.009472019039094448,0.10094401240348816,0.0,0.0007149316370487213,0.1317909061908722,0.06712459772825241,3.569377076928504e-05,0.27629828453063965,0.4815651774406433,0.20649971067905426,0.03883158415555954,0.0034876063000410795,0.0016717032995074987,0.03582535311579704,0.07108677923679352,0.005105137825012207,0.1054321825504303,0.24721461534500122,0.4450516998767853,0.0012927826028317213,0.016267403960227966,0.10558973997831345,0.16637343168258667,0.0729430690407753,0.0,0.016139622777700424,0.17487873136997223,0.14886486530303955,0.009178617969155312,0.27791813015937805,0.36600199341773987,0.04594726115465164,0.009237337857484818,0.36684343218803406
255,0.0025873344857245684,0.13585908710956573,0.4188261032104492,0.0,0.013337739743292332,0.0,0.6130809783935547,0.015800639986991882,0.0,0.006505417171865702,0.08898595720529556,0.0,0.00015295048069674522,0.30958256125450134,0.0,0.21095700562000275,0.05286915972828865,0.0,0.0,0.0,0.0,0.14503537118434906,0.06614942103624344,0.6432040333747864,0.0,0.0,0.0,0.8561299443244934,0.09372619539499283,0.10233940184116364,0.25723132491111755,0.34724411368370056,0.0,0.41224727034568787,0.17688502371311188,0.3581065237522125,0.2100290060043335,0.7566576600074768,0.0,0.0006816925597377121,0.013075802475214005,0.41245779395103455,0.03843193128705025,0.26906919479370117,0.5695322751998901,0.9940401911735535,0.17291243374347687,0.0,0.0,0.1745021641254425,0.37659838795661926,0.0,0.0,0.010444670915603638,0.17522010207176208,0.0,0.7042160034179688,0.7724694609642029,0.13528621196746826,0.0627419576048851,0.0,0.02960403822362423,0.03661889582872391,0.0,0.0,0.1707005798816681,0.0,0.0,0.15659789741039276,0.07956720143556595,0.661893904209137,0.0,0.4053252339363098,0.00433012330904603,0.19719982147216797,0.088860884308815,0.0,0.6119802594184875,0.0,0.154743030667305,0.03643806651234627,0.3121055066585541,0.0,0.16333860158920288,0.0,0.0,0.17165769636631012,0.17891784012317657,0.4083419442176819,0.586459219455719,0.1003975197672844,0.0,0.007281877100467682,0.4532729387283325,0.003973290324211121,0.0,0.4737531244754791,0.08482812345027924,0.0,7.079293482092908e-06,0.0,0.11804653704166412,0.0,0.3648677170276642,0.8138812184333801,0.43301859498023987,0.24352224171161652,0.0,0.0,0.0,0.0,0.23855270445346832,0.2959643006324768,0.3037886917591095,0.23611398041248322,0.0,0.0,0.0,0.31595245003700256,0.13520389795303345,0.0,0.08833401650190353,0.1410306990146637,0.017636412754654884,0.0,0.4511290192604065,0.0,0.3015214502811432,0.0,0.0,0.0,0.022263551130890846,0.21841123700141907,0.0,0.08934114873409271,0.020806368440389633,0.0,0.0,0.023486163467168808,0.025607548654079437,0.0,0.04637288302183151,0.6431799530982971,0.0,0.5764697790145874,0.0,0.0,0.02110847271978855,0.0,0.0,0.04865337163209915,0.863132894039154,0.285574346780777,0.0,0.0,0.509784996509552,0.0009865412721410394,0.0,0.0035560044925659895,0.0,1.2009449005126953,0.30265936255455017,0.0,0.0,0.23499737679958344,0.04889153689146042,0.0,0.7649177312850952,0.0,0.0,0.0,0.0,0.024952275678515434,0.1094878539443016,0.08693233132362366,0.1737070232629776,0.030324647203087807,0.8394080400466919,0.0,0.03877520561218262,0.0,0.0,0.8962275385856628,0.013357308693230152,0.0,0.23367884755134583,0.28008121252059937,0.09680304676294327,0.8239158391952515,0.0,0.0,0.0,0.0,0.10398153215646744,0.2060699462890625,0.5573480129241943,0.011149889789521694,0.8204668164253235,0.0,0.12019021064043045,0.2124636322259903,0.0,0.020742515102028847,0.012630989775061607,0.0,0.0,0.0,0.0,0.0,0.0020231653470546007,0.0008421839447692037,0.3281800150871277,0.1096607968211174,0.7776158452033997,0.0,0.31718358397483826,0.6373356580734253,0.0,0.08381611108779907,0.5517266392707825,0.0,0.029018227010965347,0.0,0.0,0.0,0.03063669241964817,0.02573554217815399,0.0,0.4344276189804077,0.0030014992225915194,0.011209092102944851,0.0,0.892559289932251,0.44275838136672974,0.034284669905900955,0.3003927767276764,0.28880107402801514,0.00024700205540284514,0.28658926486968994,0.061447568237781525,0.0,0.0,0.0,1.099347710609436,0.0,0.001245227176696062,0.03902974724769592,0.0,0.0,0.0,0.0,0.013753063976764679,0.0,0.03464912250638008,0.0,0.8918401002883911,0.08138201385736465,0.08713257312774658,0.02270696870982647,0.07310900837182999,0.544219434261322,0.0,0.0,0.6484411954879761,0.3360390365123749,0.0,0.621476948261261,0.0024727615527808666,0.4337714910507202,0.044861968606710434,0.0,0.11540990322828293,0.0,0.020326660946011543,1.4763914346694946,0.9861167073249817,0.5236881971359253,0.20327894389629364,0.0,0.009984523057937622,0.0,0.00389877799898386,0.4789929986000061,0.0,0.027494143694639206,0.5249226689338684,0.0,0.0,0.584367036819458,0.31529656052589417,0.02047247439622879,0.0,0.0,0.0,0.3155219256877899,0.18434230983257294,0.7010661959648132,0.0,0.0021418051328510046,0.25001099705696106,0.19583147764205933,0.1679881066083908,0.06608352810144424,0.0,0.0,0.0,0.5136561393737793,0.10942292213439941,0.0,0.021956445649266243,0.1356654167175293,0.0,0.0,0.34977492690086365,0.0,0.05381631851196289,0.04458675533533096,0.0,0.0,0.0,0.0,0.08485563099384308,0.0,0.24984969198703766,0.025035832077264786,0.0,0.0,0.4585268795490265,4.8040667024906725e-05,0.11346324533224106,0.08725404739379883,0.3037387728691101,0.0,0.29535943269729614,0.1347828358411789,0.024163836613297462,0.04931982234120369,0.1752166599035263,0.02895415760576725,0.11272820085287094,0.10191122442483902,0.11145810037851334,0.1474645435810089,0.05318759009242058,0.15440025925636292,0.159063458442688,0.19212675094604492,0.014545287005603313,0.0,0.06359324604272842,0.1374610811471939,0.0,0.24977156519889832,0.024121755734086037,0.024002758786082268,0.0006960695027373731,0.316399484872818,0.7342823147773743,0.28684836626052856,0.04996828734874725,0.0,0.062490902841091156,0.17960131168365479,0.0,0.0,0.009247420355677605,6.391243368852884e-05,0.0831761583685875,0.2202446311712265,0.215547114610672,0.054830677807331085,0.0,0.15049989521503448,0.14869330823421478,0.06784181296825409,0.04091694951057434,0.00484122708439827,0.02617727406322956,0.0,0.16192233562469482,0.02745189517736435,0.016390692442655563,0.0,0.15816299617290497,0.11884800344705582,0.010702984407544136,0.06790798157453537,0.3175521492958069,0.3794527053833008,0.3444646894931793,0.0661163330078125,0.0709710419178009,0.046725139021873474,0.04250650852918625,0.0,0.034481413662433624,0.5683425068855286,0.0,0.0004412514972500503,0.0,0.01773158833384514,0.41502395272254944,0.0,0.343743234872818,0.3018072247505188,0.31298893690109253,0.06979164481163025,0.06045413762331009,0.027597537264227867,0.0,0.03560146689414978,0.0811249390244484,0.03132741525769234,0.2503454387187958,0.10090357810258865,0.0,0.08119259029626846,0.043222825974226,0.06492634117603302,0.028231225907802582,0.0,0.07823850959539413,0.0,0.02166161499917507,0.0,0.2391599863767624,0.0,0.014115666970610619,0.031232813373208046,0.056937236338853836,0.0,0.19108431041240692,0.03691112622618675,0.004156370181590319,0.004226158373057842,0.16463477909564972,0.0,0.0,0.10131416469812393,0.0,0.0,0.0,0.01470328401774168,0.0,0.14106485247612,0.0,0.0944879949092865,0.0256611630320549,0.10309308767318726,0.0,0.041750259697437286,0.11108571290969849,0.07220233976840973,0.0,0.0,0.37621021270751953,0.02618911862373352,0.0,0.051864754408597946,0.04612522944808006,0.2239481657743454,0.22461068630218506,0.025309525430202484,0.0,0.053841277956962585,0.116849385201931,0.004338685888797045,0.09722121804952621,0.0,0.0,0.0,0.0,0.020971225574612617,0.03618583828210831,0.3105771541595459,0.08425424247980118,0.04027177765965462,0.08480583131313324,0.017865074798464775,0.056289684027433395,0.0013573847245424986,0.0,0.15599747002124786,0.0,0.0,0.1861094981431961,0.30587735772132874,0.0,0.09886854887008667,0.0,0.0,0.057756587862968445,0.1779099702835083,0.007284694351255894,0.22502455115318298,0.13794508576393127,0.06425800174474716,0.17904889583587646,0.1108141541481018,0.0799105316400528,0.079033263027668,0.0,0.06926246732473373,0.07762641459703445,0.0,0.0,0.0,0.007140768226236105,0.036744147539138794,0.17019625008106232,0.04900335893034935,0.3489031493663788,0.00891771912574768,0.19605019688606262,0.05112652853131294,0.05522565543651581,0.36934489011764526,0.0,0.052040643990039825,0.21677803993225098,0.008752405643463135,0.0748344138264656,0.0005077902460470796,0.0007362460601143539,0.02411177009344101,0.0,0.03060240112245083,0.05951180309057236,0.3536507189273834,0.04964257404208183,0.028809206560254097,0.007713879458606243,0.3315185010433197,0.07232052087783813,0.0215611569583416,0.10092532634735107,0.10192570090293884,0.0,0.029418019577860832,0.09004739671945572,0.09065502882003784,0.0026386675890535116,0.0,0.26015573740005493,0.011717962101101875,0.04651918262243271,0.08905250579118729,0.0,0.0,0.0,0.0,0.3143148124217987,0.0,0.0,0.04445341229438782,0.09756544977426529,0.0,0.07002165913581848,0.09256625175476074,0.008960896171629429,0.0900493860244751,0.0,0.0,0.13215526938438416,0.1987939327955246,0.17459125816822052,0.07664231210947037,0.018919315189123154,0.1413787305355072,0.0,0.0005642016767524183,0.050249405205249786,0.004513292107731104,0.0,0.37195467948913574,0.49701058864593506,0.21290268003940582,0.08423614501953125,0.0,0.0008097352110780776,0.0,0.011516581289470196,0.01512960996478796,0.0767209380865097,0.05649842694401741,0.42081019282341003,0.0,0.06900463998317719,0.2506704330444336,0.13701286911964417,0.024546945467591286,0.0,0.015414522960782051,0.0,0.25544416904449463,0.0013623973354697227,0.46463093161582947,0.11863178759813309,0.04149715229868889,0.031182078644633293,0.08871833235025406,0.13153713941574097,0.16767796874046326,0.0,0.0,0.0,0.5608420372009277,0.041011836379766464,0.0,0.03227626532316208,0.03287622705101967,0.0008040635148063302,0.0,0.37246790528297424,0.0,0.09361682087182999,0.08126960694789886,0.0,0.0,0.0,0.0,0.09351075440645218,0.0774158462882042,0.4018537104129791,0.0,0.0,0.0,0.7378643751144409,0.05240459740161896,0.04820505529642105,0.16681095957756042,0.3959607779979706,0.0,0.3718070685863495,0.10084597766399384,0.2624621093273163,0.027993585914373398,0.4546697437763214,0.0,0.026987625285983086,0.01779327169060707,0.3750629425048828,0.05424167588353157,0.24466614425182343,0.4219900369644165,0.6626006960868835,0.17230503261089325,0.009219282306730747,0.0,0.08860070258378983,0.2734552025794983,0.0,0.1020025685429573,0.020060932263731956,0.07801005989313126,0.0,0.5742123126983643,0.8433082103729248,0.2767244577407837,0.061423514038324356,0.0,0.05748078599572182,0.0733136534690857,0.0,0.0,0.15297667682170868,0.0,0.0,0.27998086810112,0.13666954636573792,0.34644368290901184,0.0,0.25268441438674927,0.031246250495314598,0.14367733895778656,0.09933199733495712,0.0,0.2567373812198639,0.0,0.12705166637897491,0.013321521691977978,0.1456911265850067,0.009918137453496456,0.17100726068019867,0.0566493384540081,0.0011005299165844917,0.10639223456382751,0.3194517493247986,0.31499165296554565,0.44218701124191284,0.07046094536781311,0.0,0.05041143670678139,0.22562213242053986,0.024766379967331886,0.05738290399312973,0.5928279161453247,0.00036059378180652857,0.009959103539586067,0.006129348650574684,0.0,0.21626365184783936,0.0,0.2752783000469208,0.5671128034591675,0.42937901616096497,0.1808438003063202,0.009586918167769909,0.005337163340300322,0.0,0.0,0.10190606862306595,0.07994185388088226,0.2668646574020386,0.1892344355583191,0.0,0.01753198355436325,0.0,0.1515360325574875,0.0840931162238121,0.008855096995830536,0.10567730665206909,0.07939861714839935,0.009847470559179783,0.0,0.23215346038341522,0.0010433181887492537,0.1771460622549057,0.0,0.005752393044531345,0.0,0.036315709352493286,0.13225647807121277,0.0,0.08408243954181671,0.10223426669836044,0.0,0.012687735259532928,0.06908165663480759,0.05248075723648071,0.0,0.002236800966784358,0.3794234097003937,0.0,0.3501451015472412,0.0,0.0,0.0,0.0,0.0,0.04063890501856804,0.5052180290222168,0.2229900360107422,0.0014808790292590857,0.0,0.47080838680267334,0.002621250692754984,0.0,0.02085198275744915,0.032457832247018814,0.7285031080245972,0.3684333860874176,0.003058755537495017,0.0,0.16428272426128387,0.0881655290722847,0.008963559754192829,0.40806466341018677,0.0,0.0,0.004145963583141565,0.000304431130643934,0.019039427861571312,0.14019642770290375,0.2608736455440521,0.09886783361434937,0.010516398586332798,0.4168646037578583,0.00019421310571487993,0.005523170344531536,0.0,0.0,0.4902127981185913,0.003723511705175042,0.0031375123653560877,0.3503611385822296,0.31764963269233704,0.02522563748061657,0.5042869448661804,0.0016014936845749617,0.0,0.0,0.017251184210181236,0.09127234667539597,0.26508402824401855,0.28876638412475586,0.012891012243926525,0.4503288269042969,0.0,0.06000611558556557,0.08715197443962097,0.0,0.13325034081935883,0.006625508889555931,0.0,0.0031352764926850796,0.0,0.0,0.0,0.09488575160503387,0.015627913177013397,0.3721292018890381,0.04799480736255646,0.4997180104255676,0.0028109182603657246,0.11853133141994476,0.522192120552063,0.003753552446141839,0.07943186908960342,0.30833157896995544,0.011233141645789146,0.05371005833148956,0.0,0.0008579406421631575,0.0,6.860102439532056e-05,0.049063682556152344,0.007167750969529152,0.49302542209625244,0.0,0.006930994335561991,0.0,0.5588051676750183,0.30361637473106384,0.1052907183766365,0.24717293679714203,0.14926722645759583,0.0,0.1114140972495079,0.08486437797546387,0.03130863606929779,0.0,0.0018029760103672743,0.6354925632476807,0.0,0.07844340056180954,0.0035788423847407103,0.0,0.0,0.0,0.0,0.1949089616537094,0.0,0.0,0.0,0.45629748702049255,0.0008124521118588746,0.04397323355078697,0.03504946827888489,0.0521179661154747,0.24378354847431183,0.0,0.0,0.3443675637245178,0.3818613886833191,0.00919982511550188,0.2737104892730713,0.006364915985614061,0.2462826520204544,0.020334552973508835,0.025892263278365135,0.03456217050552368,0.0,0.006041314452886581,1.044352650642395,0.7489857077598572,0.2905137836933136,0.10866827517747879,0.0,0.01146814413368702,0.0,0.02869059331715107,0.15652966499328613,0.0,0.09552623331546783,0.5092011094093323,0.003774242242798209,0.013200315646827221,0.38853132724761963,0.22320742905139923,0.08887144923210144,0.0,0.04751710966229439,0.0,0.1938069760799408,0.10315754264593124,0.46640652418136597,0.0008872634498402476,0.02544751577079296,0.08282751590013504,-1.311269760131836
